0 1
0 2
0 5
0 7
0 9
0 10
0 11
0 12
0 13
0 18
0 20
0 21
0 22
0 23
0 29
0 30
0 35
0 37
0 38
0 42
0 43
0 44
0 46
0 47
0 49
0 50
0 53
0 55
0 56
0 59
0 60
0 61
0 64
0 66
0 67
0 71
0 75
0 77
0 78
0 81
0 83
0 84
0 87
0 94
0 97
0 98
0 99
1 2
1 4
1 6
1 7
1 9
1 10
1 11
1 12
1 13
1 15
1 16
1 18
1 20
1 21
1 22
1 23
1 24
1 26
1 27
1 28
1 29
1 33
1 38
1 39
1 40
1 41
1 43
1 49
1 50
1 51
1 54
1 55
1 56
1 57
1 58
1 60
1 62
1 64
1 68
1 69
1 70
1 71
1 73
1 75
1 78
1 80
1 83
1 84
1 89
1 90
1 91
1 92
1 93
1 95
1 97
1 98
1 99
2 4
2 10
2 11
2 14
2 21
2 22
2 23
2 24
2 26
2 28
2 29
2 30
2 34
2 35
2 38
2 41
2 45
2 46
2 47
2 49
2 50
2 52
2 53
2 55
2 56
2 57
2 61
2 67
2 70
2 72
2 73
2 75
2 76
2 77
2 79
2 80
2 81
2 83
2 86
2 87
2 88
2 90
2 92
2 95
2 99
3 5
3 7
3 8
3 9
3 10
3 11
3 14
3 19
3 20
3 24
3 25
3 28
3 29
3 31
3 33
3 34
3 35
3 37
3 38
3 39
3 42
3 44
3 45
3 46
3 47
3 48
3 49
3 50
3 54
3 56
3 57
3 65
3 69
3 70
3 71
3 72
3 73
3 75
3 76
3 77
3 79
3 80
3 81
3 83
3 85
3 86
3 87
3 92
3 93
4 5
4 8
4 10
4 12
4 14
4 15
4 17
4 18
4 19
4 20
4 21
4 24
4 25
4 28
4 31
4 33
4 34
4 37
4 38
4 39
4 40
4 42
4 44
4 45
4 46
4 47
4 50
4 52
4 53
4 55
4 56
4 57
4 58
4 61
4 62
4 63
4 65
4 70
4 71
4 72
4 76
4 77
4 81
4 83
4 84
4 86
4 89
4 90
4 92
5 7
5 8
5 9
5 10
5 11
5 12
5 13
5 15
5 16
5 17
5 20
5 22
5 24
5 26
5 27
5 28
5 30
5 31
5 35
5 36
5 40
5 41
5 44
5 46
5 48
5 49
5 50
5 51
5 55
5 57
5 58
5 59
5 60
5 64
5 65
5 68
5 69
5 70
5 73
5 74
5 78
5 79
5 80
5 82
5 83
5 86
5 88
5 89
5 92
5 93
5 94
5 95
5 99
6 8
6 11
6 14
6 19
6 20
6 21
6 23
6 24
6 25
6 26
6 28
6 32
6 33
6 35
6 37
6 41
6 42
6 44
6 45
6 51
6 52
6 53
6 54
6 55
6 57
6 60
6 63
6 64
6 70
6 73
6 74
6 75
6 77
6 78
6 80
6 82
6 85
6 86
6 87
6 89
6 90
6 91
6 92
6 93
6 94
6 95
6 96
6 97
7 11
7 12
7 19
7 20
7 21
7 22
7 23
7 25
7 26
7 27
7 29
7 30
7 34
7 36
7 37
7 40
7 43
7 45
7 48
7 49
7 53
7 55
7 59
7 64
7 65
7 66
7 67
7 69
7 70
7 78
7 80
7 81
7 84
7 85
7 86
7 87
7 88
7 89
7 90
7 92
7 93
7 96
7 98
7 99
8 13
8 14
8 15
8 16
8 20
8 21
8 24
8 28
8 29
8 30
8 32
8 34
8 35
8 39
8 42
8 43
8 46
8 52
8 53
8 54
8 56
8 58
8 59
8 60
8 61
8 63
8 69
8 70
8 71
8 73
8 76
8 77
8 78
8 79
8 82
8 84
8 85
8 88
8 90
8 91
8 93
8 94
8 97
8 98
9 10
9 18
9 20
9 22
9 23
9 24
9 25
9 29
9 30
9 33
9 34
9 36
9 40
9 42
9 46
9 47
9 48
9 49
9 51
9 53
9 58
9 59
9 63
9 65
9 66
9 67
9 68
9 69
9 75
9 76
9 79
9 82
9 85
9 86
9 87
9 88
9 89
9 90
9 92
9 93
9 96
9 98
9 99
10 11
10 14
10 16
10 17
10 21
10 27
10 29
10 30
10 31
10 32
10 33
10 35
10 38
10 39
10 40
10 43
10 48
10 49
10 50
10 58
10 60
10 62
10 65
10 66
10 70
10 72
10 75
10 76
10 78
10 79
10 87
10 88
10 91
10 92
10 93
10 95
10 96
10 97
11 13
11 15
11 16
11 17
11 18
11 20
11 23
11 25
11 28
11 30
11 31
11 32
11 34
11 36
11 37
11 39
11 41
11 43
11 44
11 46
11 47
11 48
11 49
11 53
11 55
11 56
11 57
11 58
11 60
11 64
11 65
11 67
11 68
11 69
11 74
11 75
11 77
11 80
11 81
11 82
11 84
11 87
11 91
11 93
11 94
11 96
12 13
12 17
12 18
12 20
12 22
12 25
12 29
12 30
12 34
12 35
12 36
12 40
12 42
12 43
12 44
12 46
12 47
12 48
12 51
12 52
12 53
12 61
12 62
12 63
12 64
12 65
12 66
12 67
12 68
12 72
12 74
12 75
12 77
12 82
12 83
12 86
12 91
12 92
12 93
12 94
12 96
12 97
13 16
13 17
13 18
13 19
13 22
13 26
13 29
13 31
13 32
13 33
13 34
13 35
13 38
13 42
13 47
13 50
13 51
13 52
13 54
13 55
13 57
13 60
13 61
13 62
13 64
13 72
13 74
13 75
13 76
13 77
13 78
13 80
13 82
13 83
13 84
13 86
13 89
13 90
13 93
13 95
13 96
13 97
13 98
14 15
14 18
14 19
14 22
14 23
14 24
14 28
14 29
14 30
14 31
14 33
14 36
14 40
14 41
14 42
14 46
14 48
14 49
14 51
14 52
14 54
14 58
14 61
14 64
14 66
14 67
14 68
14 69
14 72
14 75
14 76
14 78
14 79
14 80
14 82
14 85
14 86
14 88
14 89
14 91
14 92
14 99
15 16
15 17
15 18
15 19
15 23
15 24
15 26
15 27
15 29
15 30
15 34
15 36
15 39
15 41
15 43
15 45
15 48
15 52
15 53
15 55
15 59
15 62
15 68
15 70
15 71
15 75
15 78
15 80
15 84
15 92
15 93
15 95
15 96
15 97
15 98
16 17
16 21
16 22
16 26
16 30
16 32
16 33
16 35
16 39
16 40
16 41
16 42
16 44
16 45
16 46
16 47
16 48
16 49
16 51
16 53
16 55
16 56
16 58
16 59
16 62
16 63
16 64
16 67
16 68
16 70
16 75
16 76
16 80
16 83
16 91
16 92
16 96
16 99
17 18
17 21
17 22
17 27
17 32
17 33
17 35
17 36
17 40
17 42
17 43
17 45
17 46
17 47
17 48
17 49
17 50
17 52
17 53
17 54
17 55
17 57
17 59
17 60
17 61
17 62
17 64
17 68
17 69
17 70
17 71
17 76
17 77
17 78
17 79
17 81
17 86
17 87
17 88
17 90
17 92
17 96
18 21
18 22
18 24
18 25
18 26
18 27
18 32
18 33
18 34
18 35
18 37
18 39
18 40
18 43
18 44
18 50
18 51
18 53
18 54
18 56
18 58
18 59
18 61
18 63
18 64
18 65
18 67
18 72
18 74
18 75
18 78
18 79
18 84
18 85
18 88
18 93
18 98
19 20
19 22
19 23
19 24
19 25
19 27
19 29
19 31
19 33
19 35
19 36
19 37
19 39
19 41
19 42
19 44
19 45
19 47
19 48
19 49
19 55
19 59
19 60
19 61
19 62
19 63
19 67
19 68
19 71
19 73
19 74
19 75
19 79
19 80
19 82
19 84
19 87
19 88
19 90
19 95
19 96
19 99
20 21
20 23
20 26
20 29
20 31
20 32
20 33
20 35
20 36
20 40
20 41
20 42
20 45
20 46
20 47
20 49
20 51
20 54
20 55
20 57
20 59
20 60
20 61
20 62
20 64
20 65
20 68
20 71
20 72
20 75
20 77
20 78
20 81
20 82
20 83
20 84
20 86
20 91
20 92
20 93
20 94
20 95
20 97
20 98
20 99
21 22
21 26
21 27
21 28
21 29
21 30
21 31
21 33
21 35
21 36
21 37
21 38
21 40
21 43
21 44
21 46
21 49
21 51
21 53
21 54
21 56
21 57
21 61
21 64
21 65
21 67
21 68
21 70
21 71
21 72
21 77
21 79
21 80
21 81
21 82
21 85
21 87
21 92
21 94
21 96
21 97
21 98
22 24
22 26
22 28
22 35
22 36
22 38
22 39
22 41
22 42
22 43
22 45
22 47
22 48
22 49
22 53
22 54
22 55
22 56
22 60
22 62
22 63
22 64
22 68
22 69
22 70
22 71
22 74
22 75
22 79
22 80
22 81
22 84
22 85
22 86
22 87
22 89
22 91
22 93
22 94
22 95
22 98
23 25
23 26
23 27
23 28
23 29
23 30
23 31
23 32
23 33
23 34
23 35
23 37
23 39
23 42
23 43
23 44
23 47
23 48
23 51
23 52
23 54
23 59
23 60
23 61
23 62
23 64
23 65
23 66
23 67
23 69
23 70
23 71
23 72
23 73
23 74
23 75
23 77
23 79
23 80
23 81
23 82
23 83
23 89
23 91
23 93
23 94
23 95
23 96
23 98
24 25
24 26
24 27
24 28
24 32
24 33
24 34
24 38
24 39
24 41
24 42
24 43
24 44
24 45
24 49
24 50
24 51
24 52
24 53
24 54
24 55
24 60
24 61
24 62
24 63
24 64
24 65
24 67
24 68
24 69
24 70
24 71
24 72
24 73
24 75
24 76
24 78
24 79
24 81
24 84
24 85
24 87
24 88
24 89
24 90
24 91
24 92
24 96
24 98
25 27
25 29
25 30
25 31
25 33
25 43
25 47
25 50
25 51
25 55
25 56
25 58
25 61
25 63
25 65
25 66
25 67
25 68
25 69
25 70
25 78
25 80
25 81
25 82
25 85
25 86
25 87
25 89
25 90
25 94
25 96
25 99
26 27
26 29
26 31
26 32
26 33
26 35
26 42
26 45
26 46
26 47
26 48
26 50
26 51
26 52
26 54
26 55
26 58
26 59
26 60
26 61
26 66
26 68
26 69
26 72
26 73
26 74
26 78
26 80
26 83
26 85
26 86
26 87
26 89
26 90
26 91
26 93
26 94
26 95
26 99
27 28
27 32
27 33
27 36
27 37
27 38
27 39
27 40
27 46
27 48
27 49
27 50
27 51
27 54
27 57
27 58
27 59
27 61
27 64
27 65
27 66
27 69
27 70
27 71
27 72
27 75
27 77
27 78
27 82
27 86
27 87
27 88
27 91
27 92
27 97
27 98
27 99
28 29
28 30
28 32
28 34
28 35
28 36
28 42
28 44
28 48
28 49
28 50
28 51
28 52
28 56
28 57
28 58
28 65
28 67
28 71
28 74
28 75
28 76
28 77
28 79
28 82
28 89
28 90
28 91
28 93
28 97
28 98
29 33
29 35
29 36
29 37
29 38
29 39
29 41
29 43
29 44
29 45
29 48
29 50
29 51
29 56
29 59
29 62
29 63
29 67
29 72
29 77
29 78
29 79
29 80
29 81
29 82
29 84
29 85
29 87
29 91
29 92
29 99
30 31
30 32
30 33
30 36
30 37
30 40
30 45
30 46
30 48
30 49
30 51
30 52
30 56
30 58
30 60
30 63
30 66
30 68
30 70
30 74
30 75
30 77
30 79
30 83
30 84
30 85
30 86
30 88
30 91
30 93
30 97
30 98
31 35
31 36
31 37
31 40
31 41
31 42
31 44
31 45
31 47
31 52
31 53
31 54
31 55
31 56
31 57
31 58
31 59
31 60
31 63
31 66
31 67
31 68
31 69
31 73
31 74
31 75
31 80
31 81
31 82
31 83
31 85
31 86
31 87
31 90
31 91
31 92
31 93
31 95
31 97
31 98
32 35
32 40
32 41
32 43
32 45
32 47
32 50
32 53
32 54
32 56
32 57
32 58
32 62
32 63
32 66
32 68
32 69
32 71
32 72
32 74
32 75
32 76
32 80
32 81
32 82
32 84
32 85
32 86
32 87
32 90
32 91
32 92
32 95
32 96
32 97
32 98
33 34
33 38
33 41
33 44
33 46
33 48
33 51
33 52
33 53
33 55
33 57
33 58
33 62
33 64
33 66
33 67
33 68
33 70
33 72
33 73
33 76
33 79
33 80
33 84
33 85
33 86
33 88
33 90
33 91
33 92
33 93
33 95
33 96
33 97
34 35
34 37
34 38
34 42
34 45
34 46
34 48
34 51
34 52
34 54
34 55
34 63
34 65
34 68
34 69
34 70
34 79
34 80
34 82
34 85
34 86
34 88
34 90
34 91
34 92
34 94
34 99
35 36
35 37
35 39
35 40
35 43
35 48
35 49
35 52
35 53
35 54
35 57
35 58
35 63
35 65
35 66
35 67
35 68
35 69
35 73
35 76
35 77
35 82
35 91
35 92
35 94
35 96
35 98
35 99
36 38
36 41
36 42
36 44
36 45
36 48
36 49
36 51
36 52
36 53
36 57
36 59
36 62
36 64
36 65
36 66
36 67
36 72
36 73
36 75
36 77
36 78
36 79
36 80
36 81
36 84
36 85
36 87
36 89
36 92
36 95
36 98
37 38
37 41
37 43
37 44
37 45
37 48
37 51
37 58
37 59
37 61
37 63
37 64
37 65
37 66
37 67
37 71
37 73
37 75
37 79
37 81
37 82
37 83
37 84
37 85
37 86
37 87
37 88
37 92
37 94
37 96
38 40
38 42
38 44
38 46
38 48
38 49
38 56
38 58
38 64
38 66
38 70
38 71
38 72
38 75
38 76
38 78
38 80
38 82
38 83
38 85
38 87
38 90
38 91
38 93
38 95
38 96
38 98
38 99
39 43
39 45
39 46
39 48
39 49
39 50
39 58
39 60
39 62
39 63
39 64
39 65
39 66
39 67
39 68
39 69
39 72
39 73
39 75
39 76
39 77
39 78
39 81
39 82
39 84
39 86
39 87
39 89
39 93
39 94
39 95
39 97
39 99
40 43
40 44
40 47
40 50
40 51
40 54
40 55
40 56
40 60
40 64
40 65
40 66
40 67
40 68
40 70
40 72
40 74
40 75
40 78
40 80
40 83
40 85
40 87
40 88
40 89
40 91
40 92
40 96
40 97
41 47
41 48
41 53
41 55
41 56
41 60
41 61
41 63
41 64
41 66
41 69
41 70
41 71
41 72
41 73
41 74
41 76
41 79
41 82
41 86
41 87
41 91
41 92
41 96
41 98
41 99
42 45
42 47
42 51
42 52
42 54
42 56
42 59
42 61
42 63
42 64
42 70
42 72
42 77
42 80
42 83
42 87
42 88
42 89
42 90
42 91
42 94
42 95
42 96
42 98
42 99
43 46
43 48
43 50
43 53
43 54
43 55
43 57
43 58
43 61
43 63
43 64
43 65
43 66
43 67
43 68
43 69
43 70
43 72
43 75
43 76
43 77
43 78
43 80
43 83
43 84
43 85
43 87
43 90
43 95
43 99
44 45
44 46
44 47
44 48
44 51
44 52
44 54
44 55
44 56
44 57
44 58
44 59
44 60
44 63
44 64
44 65
44 68
44 69
44 71
44 72
44 73
44 78
44 79
44 81
44 83
44 84
44 85
44 88
44 89
44 94
44 95
44 96
44 97
44 98
44 99
45 49
45 50
45 52
45 53
45 54
45 56
45 57
45 58
45 59
45 60
45 62
45 64
45 65
45 66
45 67
45 68
45 71
45 74
45 78
45 80
45 81
45 82
45 85
45 87
45 89
45 90
45 92
45 94
45 98
46 47
46 48
46 51
46 52
46 53
46 55
46 59
46 61
46 62
46 64
46 66
46 70
46 72
46 73
46 75
46 77
46 79
46 80
46 81
46 82
46 85
46 89
46 90
46 92
46 95
46 96
46 98
46 99
47 48
47 51
47 52
47 54
47 57
47 60
47 62
47 64
47 65
47 70
47 72
47 76
47 78
47 79
47 82
47 83
47 84
47 85
47 90
47 93
47 94
47 95
47 96
47 98
48 49
48 51
48 53
48 56
48 57
48 58
48 61
48 62
48 63
48 64
48 70
48 71
48 73
48 80
48 89
48 92
48 94
48 97
48 98
48 99
49 50
49 54
49 55
49 57
49 61
49 63
49 65
49 66
49 67
49 69
49 71
49 72
49 73
49 74
49 81
49 82
49 83
49 84
49 87
49 92
49 94
49 96
49 99
50 51
50 55
50 56
50 57
50 58
50 59
50 61
50 62
50 63
50 65
50 66
50 69
50 71
50 73
50 74
50 75
50 76
50 77
50 78
50 80
50 84
50 85
50 87
50 94
50 96
50 97
50 99
51 52
51 53
51 55
51 57
51 58
51 61
51 63
51 65
51 71
51 73
51 77
51 78
51 80
51 86
51 87
51 90
51 91
51 93
51 94
51 96
51 99
52 53
52 55
52 56
52 57
52 58
52 61
52 62
52 66
52 67
52 69
52 70
52 71
52 72
52 76
52 77
52 83
52 84
52 85
52 86
52 91
52 93
52 94
52 97
53 57
53 58
53 59
53 60
53 63
53 67
53 68
53 69
53 74
53 75
53 77
53 78
53 79
53 80
53 81
53 83
53 84
53 87
53 91
53 94
53 95
53 99
54 55
54 56
54 57
54 59
54 60
54 64
54 67
54 69
54 70
54 72
54 75
54 76
54 78
54 79
54 80
54 82
54 83
54 84
54 87
54 88
54 90
54 91
54 92
54 93
54 95
54 97
54 98
55 56
55 60
55 61
55 63
55 64
55 70
55 71
55 73
55 75
55 76
55 77
55 79
55 80
55 81
55 88
55 89
55 90
55 91
55 92
55 93
55 95
55 97
56 57
56 58
56 60
56 61
56 63
56 64
56 65
56 67
56 70
56 71
56 75
56 79
56 81
56 83
56 85
56 86
56 93
56 94
56 95
57 58
57 59
57 60
57 61
57 63
57 64
57 66
57 67
57 70
57 71
57 72
57 73
57 74
57 75
57 77
57 79
57 80
57 82
57 83
57 85
57 88
57 89
57 90
57 92
57 93
57 96
57 97
58 59
58 61
58 63
58 64
58 65
58 66
58 67
58 68
58 69
58 70
58 74
58 75
58 78
58 80
58 81
58 84
58 88
58 91
58 92
58 94
58 96
58 97
59 60
59 61
59 62
59 64
59 66
59 68
59 69
59 70
59 71
59 72
59 79
59 80
59 83
59 86
59 87
59 89
59 92
59 93
59 94
59 95
59 99
60 61
60 62
60 63
60 64
60 65
60 66
60 67
60 70
60 72
60 73
60 74
60 75
60 76
60 78
60 81
60 82
60 85
60 87
60 88
60 89
60 91
60 92
60 97
60 99
61 62
61 64
61 65
61 66
61 67
61 68
61 71
61 74
61 78
61 81
61 84
61 85
61 87
61 88
61 92
61 94
61 95
61 96
62 65
62 68
62 74
62 75
62 77
62 78
62 81
62 82
62 86
62 90
62 91
62 95
62 96
62 97
63 64
63 65
63 68
63 69
63 70
63 71
63 72
63 73
63 74
63 77
63 81
63 82
63 83
63 84
63 87
63 89
63 94
63 95
63 97
63 98
63 99
64 65
64 66
64 67
64 68
64 71
64 72
64 73
64 74
64 76
64 78
64 82
64 83
64 84
64 85
64 89
64 90
64 91
64 92
64 97
64 98
65 67
65 70
65 72
65 76
65 80
65 83
65 86
65 88
65 90
65 93
65 96
65 97
66 67
66 68
66 70
66 71
66 72
66 73
66 74
66 79
66 81
66 82
66 83
66 84
66 87
66 91
66 92
66 94
66 95
66 96
67 71
67 72
67 73
67 76
67 80
67 82
67 87
67 92
67 94
67 96
68 69
68 70
68 71
68 72
68 74
68 75
68 76
68 77
68 81
68 84
68 85
68 88
68 89
68 90
68 91
68 95
68 96
68 99
69 70
69 72
69 73
69 74
69 76
69 77
69 79
69 84
69 86
69 87
69 91
69 92
69 93
69 98
69 99
70 72
70 74
70 82
70 84
70 85
70 87
70 88
70 89
70 91
70 93
70 97
70 99
71 73
71 77
71 81
71 82
71 83
71 84
71 85
71 86
71 88
71 91
71 92
71 95
71 96
71 98
72 76
72 77
72 79
72 82
72 83
72 84
72 85
72 90
72 92
72 93
72 95
72 97
73 74
73 78
73 79
73 80
73 81
73 86
73 87
73 93
73 98
73 99
74 79
74 80
74 81
74 82
74 87
74 88
74 89
74 90
74 94
74 95
74 97
74 98
75 76
75 77
75 79
75 80
75 81
75 82
75 87
75 89
75 93
75 94
75 98
76 77
76 78
76 82
76 84
76 86
76 89
76 90
76 91
76 92
76 93
76 94
76 96
76 97
76 99
77 78
77 80
77 81
77 82
77 83
77 86
77 88
77 89
77 90
77 91
77 92
77 93
77 97
77 98
77 99
78 79
78 82
78 85
78 86
78 91
78 93
78 95
78 96
78 97
79 81
79 83
79 84
79 88
79 89
79 90
79 92
79 97
79 99
80 81
80 82
80 84
80 86
80 91
80 94
80 95
80 96
80 99
81 89
81 92
81 93
81 94
81 96
81 98
82 84
82 86
82 87
82 88
82 92
82 93
82 94
82 95
82 97
82 98
83 84
83 85
83 86
83 87
83 89
83 90
83 94
83 95
83 96
83 97
84 86
84 87
84 89
84 90
84 92
84 94
84 95
84 96
84 97
84 98
84 99
85 88
85 90
85 91
85 92
85 94
85 96
85 97
85 98
85 99
86 87
86 89
86 92
86 94
86 96
86 98
86 99
87 88
87 89
87 92
87 94
87 95
88 90
88 91
88 92
88 94
88 95
89 92
89 93
89 96
89 98
89 99
90 91
90 95
90 98
90 99
91 92
91 93
91 95
91 97
91 99
92 98
93 94
93 97
93 99
94 96
95 96
95 97
95 98
95 99
96 99
97 98
97 99
98 99
