0 3
0 6
0 7
0 8
0 11
0 17
0 18
0 19
0 22
0 27
0 28
0 31
0 32
0 34
0 36
0 38
0 40
0 41
0 45
0 47
0 48
0 51
0 53
0 56
0 58
0 62
0 63
0 65
0 66
0 70
0 72
0 74
0 75
0 77
0 79
0 80
0 91
0 93
0 95
0 96
1 2
1 3
1 6
1 7
1 9
1 10
1 13
1 14
1 15
1 16
1 23
1 26
1 27
1 30
1 31
1 35
1 38
1 40
1 44
1 53
1 54
1 55
1 58
1 59
1 63
1 64
1 69
1 73
1 76
1 78
1 80
1 81
1 82
1 83
1 85
1 87
1 89
1 95
1 96
1 98
1 99
2 3
2 8
2 9
2 11
2 15
2 16
2 26
2 27
2 33
2 40
2 41
2 44
2 45
2 47
2 52
2 55
2 56
2 58
2 59
2 65
2 66
2 69
2 71
2 79
2 81
2 82
2 83
2 84
2 88
2 90
2 94
2 96
2 98
3 5
3 9
3 10
3 13
3 14
3 15
3 16
3 22
3 23
3 24
3 25
3 29
3 30
3 32
3 37
3 38
3 45
3 46
3 47
3 48
3 49
3 51
3 54
3 56
3 59
3 61
3 63
3 64
3 66
3 68
3 69
3 71
3 73
3 75
3 77
3 79
3 83
3 89
3 90
3 91
3 93
3 98
4 7
4 9
4 12
4 13
4 14
4 15
4 19
4 22
4 25
4 28
4 29
4 30
4 32
4 33
4 39
4 41
4 42
4 45
4 49
4 55
4 57
4 64
4 65
4 75
4 77
4 79
4 80
4 85
4 89
4 94
4 96
4 97
4 99
5 10
5 16
5 21
5 24
5 26
5 29
5 30
5 31
5 32
5 33
5 35
5 37
5 38
5 39
5 41
5 42
5 44
5 46
5 47
5 49
5 50
5 55
5 56
5 58
5 63
5 66
5 68
5 69
5 70
5 73
5 76
5 80
5 83
5 86
5 87
5 89
5 95
5 96
5 98
5 99
6 7
6 9
6 21
6 22
6 25
6 28
6 31
6 32
6 33
6 36
6 38
6 40
6 43
6 49
6 56
6 63
6 65
6 74
6 75
6 76
6 79
6 84
6 87
6 93
6 94
6 95
6 99
7 9
7 13
7 16
7 17
7 18
7 19
7 21
7 24
7 30
7 32
7 34
7 44
7 46
7 47
7 50
7 51
7 52
7 53
7 55
7 56
7 57
7 58
7 59
7 60
7 61
7 62
7 65
7 66
7 67
7 69
7 71
7 73
7 75
7 76
7 77
7 80
7 83
7 87
7 88
7 92
7 94
7 96
7 97
7 98
8 10
8 11
8 14
8 16
8 19
8 20
8 23
8 27
8 30
8 31
8 36
8 38
8 40
8 43
8 47
8 50
8 51
8 53
8 56
8 59
8 60
8 64
8 66
8 67
8 69
8 70
8 72
8 73
8 74
8 76
8 77
8 83
8 86
8 90
8 93
8 97
8 98
9 10
9 12
9 14
9 15
9 16
9 17
9 18
9 19
9 21
9 25
9 26
9 27
9 30
9 36
9 40
9 42
9 47
9 48
9 50
9 52
9 53
9 57
9 62
9 64
9 68
9 70
9 74
9 83
9 84
9 88
9 94
9 97
9 98
9 99
10 14
10 15
10 16
10 19
10 22
10 24
10 25
10 26
10 28
10 29
10 32
10 33
10 39
10 42
10 43
10 46
10 47
10 50
10 55
10 58
10 60
10 62
10 64
10 67
10 71
10 73
10 74
10 76
10 77
10 79
10 81
10 86
10 89
10 90
10 91
10 92
10 93
10 95
10 96
10 97
10 99
11 12
11 14
11 15
11 17
11 27
11 28
11 31
11 32
11 33
11 34
11 37
11 41
11 47
11 48
11 50
11 52
11 58
11 59
11 60
11 63
11 68
11 69
11 70
11 71
11 72
11 73
11 74
11 77
11 79
11 81
11 82
11 83
11 84
11 87
11 92
11 95
11 96
11 97
11 98
12 15
12 20
12 21
12 27
12 30
12 36
12 37
12 38
12 40
12 42
12 43
12 44
12 46
12 48
12 51
12 53
12 56
12 57
12 59
12 60
12 62
12 64
12 67
12 70
12 71
12 72
12 76
12 77
12 78
12 79
12 80
12 82
12 97
12 98
13 15
13 19
13 21
13 22
13 25
13 31
13 32
13 36
13 37
13 44
13 46
13 50
13 52
13 54
13 56
13 58
13 59
13 63
13 65
13 67
13 68
13 72
13 74
13 76
13 79
13 80
13 84
13 85
13 87
13 88
13 90
13 93
13 95
13 97
13 98
13 99
14 16
14 17
14 19
14 20
14 22
14 23
14 26
14 27
14 28
14 29
14 35
14 37
14 39
14 42
14 44
14 48
14 52
14 54
14 55
14 58
14 62
14 63
14 66
14 67
14 68
14 73
14 75
14 76
14 89
14 93
14 94
14 95
15 16
15 17
15 23
15 24
15 26
15 27
15 31
15 33
15 35
15 40
15 41
15 44
15 47
15 48
15 50
15 51
15 54
15 55
15 56
15 58
15 59
15 60
15 62
15 65
15 66
15 68
15 75
15 80
15 81
15 84
15 86
15 87
15 89
15 90
15 91
15 97
16 21
16 22
16 23
16 24
16 26
16 30
16 35
16 36
16 38
16 44
16 46
16 48
16 51
16 53
16 54
16 55
16 56
16 58
16 61
16 62
16 64
16 65
16 68
16 72
16 73
16 74
16 75
16 76
16 77
16 80
16 82
16 84
16 86
16 90
16 91
16 93
16 94
16 96
16 97
17 18
17 19
17 23
17 26
17 31
17 33
17 35
17 41
17 43
17 47
17 48
17 49
17 51
17 52
17 54
17 57
17 58
17 59
17 62
17 64
17 65
17 66
17 67
17 68
17 69
17 70
17 71
17 73
17 74
17 77
17 83
17 85
17 87
17 89
17 98
18 21
18 23
18 29
18 30
18 31
18 33
18 36
18 38
18 45
18 48
18 49
18 50
18 51
18 57
18 62
18 69
18 70
18 72
18 74
18 75
18 77
18 78
18 83
18 87
18 88
18 89
18 93
18 94
18 96
18 98
19 20
19 23
19 28
19 30
19 35
19 36
19 38
19 39
19 43
19 44
19 48
19 50
19 51
19 63
19 64
19 66
19 71
19 78
19 79
19 80
19 86
19 87
19 92
19 96
19 98
19 99
20 24
20 25
20 27
20 29
20 31
20 33
20 35
20 41
20 46
20 49
20 50
20 53
20 56
20 57
20 58
20 61
20 68
20 70
20 74
20 77
20 78
20 79
20 81
20 82
20 84
20 86
20 87
20 89
20 91
20 93
20 98
21 22
21 27
21 30
21 34
21 36
21 38
21 50
21 55
21 58
21 62
21 64
21 66
21 69
21 72
21 75
21 77
21 78
21 79
21 82
21 85
21 87
21 89
21 94
21 95
21 96
21 97
21 98
22 24
22 29
22 33
22 42
22 43
22 44
22 45
22 48
22 49
22 54
22 56
22 63
22 65
22 66
22 68
22 70
22 73
22 76
22 83
22 84
22 85
22 87
22 92
22 96
22 97
23 25
23 28
23 32
23 35
23 39
23 41
23 42
23 43
23 44
23 48
23 49
23 54
23 55
23 56
23 57
23 58
23 61
23 62
23 63
23 65
23 74
23 75
23 79
23 81
23 82
23 83
23 85
23 87
23 92
23 93
23 94
23 95
23 96
23 99
24 26
24 28
24 30
24 31
24 35
24 37
24 39
24 41
24 42
24 44
24 47
24 48
24 50
24 52
24 54
24 55
24 57
24 61
24 62
24 66
24 68
24 69
24 72
24 74
24 76
24 77
24 78
24 79
24 82
24 84
24 85
24 87
24 89
24 92
24 93
24 95
24 96
24 98
24 99
25 28
25 29
25 32
25 35
25 36
25 37
25 38
25 39
25 42
25 45
25 46
25 50
25 58
25 59
25 61
25 65
25 67
25 69
25 74
25 75
25 78
25 79
25 85
25 86
25 87
25 88
25 90
25 91
25 92
25 95
26 29
26 30
26 34
26 35
26 36
26 39
26 42
26 43
26 45
26 46
26 47
26 51
26 52
26 54
26 55
26 56
26 59
26 62
26 63
26 64
26 68
26 71
26 75
26 76
26 77
26 81
26 86
26 92
26 94
26 95
27 28
27 33
27 36
27 37
27 38
27 41
27 46
27 48
27 52
27 53
27 55
27 56
27 63
27 64
27 68
27 70
27 71
27 73
27 75
27 76
27 77
27 78
27 82
27 83
27 84
27 87
27 89
27 91
27 92
27 95
28 29
28 31
28 33
28 42
28 43
28 44
28 45
28 50
28 51
28 59
28 61
28 65
28 69
28 70
28 74
28 77
28 81
28 88
28 89
28 94
28 96
28 97
29 30
29 33
29 34
29 37
29 38
29 41
29 42
29 43
29 45
29 46
29 47
29 48
29 51
29 53
29 55
29 59
29 63
29 65
29 66
29 69
29 71
29 74
29 75
29 77
29 78
29 80
29 81
29 88
29 90
29 92
29 93
29 96
29 97
30 37
30 39
30 40
30 44
30 45
30 51
30 52
30 55
30 59
30 61
30 65
30 66
30 69
30 70
30 77
30 79
30 82
30 83
30 85
30 90
30 92
30 96
30 98
31 33
31 34
31 36
31 39
31 40
31 41
31 42
31 51
31 52
31 53
31 61
31 63
31 70
31 74
31 75
31 77
31 80
31 82
31 88
31 89
31 92
31 94
31 96
32 33
32 34
32 37
32 41
32 42
32 44
32 45
32 46
32 48
32 49
32 51
32 54
32 55
32 56
32 58
32 60
32 63
32 68
32 79
32 80
32 81
32 84
32 87
32 89
32 90
32 94
32 95
32 97
32 98
33 34
33 35
33 36
33 38
33 40
33 41
33 43
33 44
33 45
33 54
33 55
33 57
33 60
33 61
33 63
33 64
33 68
33 71
33 74
33 78
33 80
33 82
33 83
33 84
33 85
33 86
33 87
33 88
33 91
33 93
33 96
33 97
34 35
34 36
34 37
34 39
34 40
34 43
34 48
34 51
34 55
34 56
34 60
34 65
34 66
34 67
34 68
34 69
34 71
34 74
34 75
34 77
34 78
34 79
34 88
34 92
34 93
34 97
34 98
34 99
35 38
35 40
35 41
35 43
35 45
35 46
35 51
35 56
35 57
35 59
35 61
35 65
35 66
35 69
35 71
35 73
35 76
35 82
35 83
35 84
35 86
35 88
35 90
35 95
35 96
35 97
35 98
35 99
36 38
36 39
36 43
36 46
36 48
36 50
36 52
36 56
36 59
36 61
36 62
36 65
36 67
36 70
36 71
36 74
36 78
36 82
36 85
36 89
36 91
36 93
36 97
37 38
37 41
37 42
37 45
37 47
37 49
37 52
37 53
37 54
37 63
37 65
37 68
37 71
37 73
37 75
37 76
37 77
37 80
37 85
37 88
37 90
37 91
37 94
37 97
37 98
38 40
38 42
38 43
38 44
38 49
38 50
38 51
38 54
38 56
38 57
38 58
38 61
38 63
38 64
38 68
38 69
38 71
38 72
38 76
38 77
38 78
38 79
38 81
38 82
38 83
38 84
38 85
38 86
38 89
38 97
39 40
39 43
39 44
39 47
39 50
39 55
39 61
39 64
39 67
39 70
39 72
39 73
39 74
39 76
39 81
39 83
39 84
39 88
39 93
40 41
40 44
40 45
40 47
40 50
40 59
40 64
40 65
40 67
40 68
40 72
40 73
40 75
40 80
40 81
40 86
40 91
40 92
40 93
40 94
40 97
40 99
41 43
41 49
41 52
41 54
41 55
41 57
41 59
41 60
41 61
41 66
41 67
41 68
41 70
41 71
41 75
41 78
41 80
41 88
41 90
41 92
41 96
42 46
42 47
42 49
42 52
42 54
42 55
42 57
42 62
42 63
42 69
42 72
42 73
42 74
42 77
42 80
42 81
42 82
42 84
42 85
42 87
42 88
42 89
42 93
42 95
43 44
43 49
43 50
43 53
43 54
43 58
43 63
43 65
43 72
43 73
43 74
43 75
43 76
43 79
43 81
43 85
43 86
43 87
43 88
43 92
43 93
43 94
43 96
44 51
44 52
44 54
44 58
44 61
44 62
44 68
44 70
44 80
44 82
44 85
44 91
44 93
44 98
44 99
45 49
45 53
45 55
45 57
45 61
45 62
45 63
45 64
45 66
45 67
45 70
45 71
45 72
45 73
45 77
45 78
45 80
45 81
45 85
45 87
45 88
45 89
45 90
45 92
45 93
45 94
45 96
46 49
46 54
46 65
46 69
46 72
46 73
46 74
46 80
46 82
46 83
46 85
46 88
46 90
46 93
46 96
46 97
46 99
47 48
47 49
47 50
47 53
47 54
47 65
47 67
47 68
47 72
47 82
47 83
47 87
47 91
47 92
47 93
47 96
47 97
47 98
47 99
48 52
48 56
48 57
48 58
48 59
48 65
48 68
48 80
48 84
48 87
48 88
48 91
48 95
48 98
49 52
49 53
49 60
49 63
49 69
49 70
49 74
49 75
49 76
49 77
49 80
49 83
49 84
49 90
49 91
49 92
49 95
49 96
49 97
50 54
50 56
50 57
50 62
50 63
50 65
50 69
50 70
50 74
50 79
50 83
50 84
50 86
50 87
50 88
50 89
50 90
50 91
50 92
50 93
50 95
50 96
50 97
50 98
50 99
51 55
51 60
51 65
51 66
51 67
51 68
51 69
51 70
51 71
51 73
51 77
51 78
51 79
51 80
51 81
51 82
51 83
51 84
51 86
51 90
51 91
51 92
51 94
51 97
52 54
52 56
52 57
52 61
52 62
52 64
52 66
52 74
52 76
52 77
52 78
52 84
52 86
52 88
52 89
52 99
53 56
53 59
53 61
53 63
53 67
53 70
53 72
53 76
53 79
53 80
53 81
53 85
53 88
53 91
53 97
53 98
54 55
54 56
54 59
54 60
54 61
54 62
54 64
54 67
54 68
54 70
54 71
54 72
54 73
54 77
54 78
54 79
54 80
54 87
54 88
54 90
54 91
54 93
54 94
54 98
55 60
55 63
55 64
55 65
55 66
55 72
55 77
55 78
55 80
55 86
55 88
55 89
55 93
55 94
55 96
55 98
55 99
56 57
56 58
56 60
56 61
56 64
56 67
56 68
56 69
56 70
56 71
56 75
56 76
56 77
56 80
56 82
56 88
56 90
56 91
56 95
56 99
57 58
57 60
57 65
57 66
57 69
57 70
57 72
57 74
57 79
57 81
57 82
57 85
57 86
57 87
57 91
57 92
57 93
57 95
57 99
58 63
58 68
58 72
58 74
58 75
58 83
58 84
58 86
58 90
58 92
58 93
59 61
59 62
59 64
59 66
59 67
59 68
59 77
59 79
59 80
59 82
59 83
59 84
59 86
59 87
59 89
59 91
59 92
59 94
59 95
59 96
59 98
60 61
60 62
60 63
60 66
60 71
60 72
60 76
60 87
60 92
60 94
60 96
61 62
61 63
61 69
61 71
61 74
61 75
61 76
61 77
61 79
61 82
61 83
61 84
61 87
61 89
61 93
61 94
61 98
62 63
62 66
62 69
62 72
62 73
62 76
62 82
62 85
62 87
62 89
62 90
62 97
62 99
63 65
63 67
63 69
63 70
63 74
63 75
63 78
63 83
63 85
63 88
63 89
63 90
63 91
63 97
64 65
64 66
64 67
64 71
64 73
64 74
64 78
64 80
64 81
64 82
64 83
64 92
64 96
65 72
65 73
65 79
65 81
65 86
65 89
65 94
65 96
65 99
66 68
66 70
66 71
66 77
66 80
66 82
66 83
66 84
66 90
66 91
66 92
66 96
66 98
67 70
67 73
67 74
67 76
67 80
67 85
67 88
67 91
67 92
67 93
68 70
68 71
68 74
68 77
68 78
68 81
68 82
68 83
68 84
68 86
68 88
68 89
68 91
68 94
68 98
69 71
69 78
69 93
69 94
69 95
69 96
69 99
70 71
70 72
70 75
70 80
70 81
70 86
70 87
70 90
70 92
70 94
70 95
70 97
70 99
71 74
71 75
71 77
71 78
71 79
71 81
71 84
71 86
71 90
71 98
72 73
72 74
72 75
72 78
72 82
72 83
72 84
72 88
72 94
72 95
73 80
73 81
73 84
73 86
73 87
73 91
73 92
73 94
73 95
73 98
74 76
74 84
74 85
74 88
74 89
74 92
74 96
74 97
75 78
75 79
75 87
75 88
75 89
75 90
75 92
75 95
76 78
76 84
76 88
76 90
76 94
77 81
77 85
77 86
77 87
77 89
77 91
77 93
77 96
77 97
77 98
77 99
78 81
78 83
78 85
78 86
78 87
78 92
79 81
79 83
79 85
79 86
79 87
79 88
79 94
79 97
79 99
80 81
80 87
80 90
80 93
80 98
80 99
81 82
81 85
81 86
81 87
81 88
81 89
81 93
81 94
81 97
82 84
82 85
82 86
82 87
82 89
82 90
82 93
82 99
83 84
83 86
83 87
83 88
83 89
83 91
83 93
83 95
83 96
84 85
84 86
84 88
84 89
84 93
84 96
84 98
84 99
85 86
85 87
85 88
85 90
85 93
85 96
85 98
85 99
86 89
86 93
86 94
87 88
87 89
87 90
87 97
87 99
88 89
88 90
88 95
88 97
89 91
89 94
89 96
89 97
90 92
90 93
90 94
90 96
91 93
91 99
92 93
92 95
93 95
93 96
93 98
94 96
94 99
95 96
95 99
96 97
