0 1
0 2
0 4
0 6
0 9
0 10
0 13
0 14
0 18
0 20
0 22
0 24
0 25
0 26
0 27
0 34
0 35
0 39
0 40
0 42
0 46
0 47
0 48
0 49
0 52
0 53
0 58
0 61
0 62
0 64
0 65
0 66
0 72
0 73
0 75
0 82
0 83
0 86
0 94
0 95
1 3
1 8
1 10
1 23
1 24
1 28
1 29
1 30
1 33
1 34
1 36
1 37
1 40
1 51
1 53
1 61
1 62
1 67
1 69
1 71
1 72
1 76
1 78
1 80
1 82
1 90
1 93
1 94
1 96
2 7
2 10
2 14
2 20
2 21
2 22
2 25
2 27
2 31
2 34
2 35
2 36
2 37
2 40
2 41
2 42
2 46
2 47
2 48
2 49
2 50
2 55
2 57
2 60
2 62
2 64
2 65
2 67
2 68
2 72
2 74
2 75
2 77
2 84
2 87
2 89
2 90
2 92
2 93
2 97
2 98
3 5
3 8
3 9
3 11
3 13
3 14
3 17
3 18
3 19
3 21
3 23
3 25
3 26
3 27
3 28
3 29
3 32
3 34
3 35
3 38
3 41
3 45
3 46
3 51
3 60
3 62
3 63
3 64
3 71
3 74
3 79
3 80
3 82
3 83
3 86
3 88
3 90
3 92
3 94
3 97
3 98
4 9
4 14
4 16
4 17
4 22
4 25
4 26
4 27
4 28
4 29
4 32
4 34
4 35
4 38
4 41
4 44
4 47
4 48
4 49
4 50
4 52
4 56
4 58
4 60
4 61
4 63
4 68
4 69
4 71
4 72
4 76
4 77
4 79
4 88
4 95
4 97
4 99
5 11
5 14
5 15
5 19
5 21
5 23
5 25
5 31
5 33
5 34
5 38
5 39
5 40
5 41
5 42
5 45
5 51
5 53
5 59
5 60
5 61
5 62
5 64
5 67
5 68
5 72
5 73
5 75
5 78
5 80
5 82
5 83
5 86
5 87
5 88
5 90
5 92
5 94
5 96
5 97
6 11
6 15
6 16
6 17
6 19
6 22
6 23
6 28
6 30
6 31
6 32
6 33
6 34
6 35
6 39
6 40
6 41
6 44
6 45
6 46
6 49
6 53
6 55
6 56
6 57
6 58
6 59
6 60
6 61
6 62
6 64
6 65
6 67
6 68
6 69
6 70
6 73
6 80
6 82
6 83
6 85
6 88
6 90
6 93
6 96
6 97
7 8
7 14
7 21
7 22
7 25
7 31
7 35
7 36
7 39
7 41
7 42
7 44
7 45
7 46
7 47
7 49
7 56
7 59
7 61
7 64
7 67
7 73
7 74
7 80
7 81
7 89
7 90
7 91
7 92
7 95
8 9
8 10
8 11
8 12
8 13
8 14
8 15
8 19
8 22
8 31
8 34
8 36
8 43
8 47
8 48
8 49
8 50
8 53
8 55
8 56
8 57
8 58
8 59
8 60
8 62
8 64
8 65
8 67
8 69
8 75
8 76
8 77
8 78
8 79
8 81
8 85
8 88
8 89
8 90
8 92
8 96
9 15
9 20
9 22
9 25
9 26
9 27
9 28
9 29
9 30
9 31
9 32
9 35
9 39
9 40
9 42
9 43
9 44
9 47
9 48
9 52
9 54
9 57
9 59
9 60
9 61
9 64
9 68
9 69
9 71
9 72
9 74
9 75
9 82
9 85
9 86
9 91
9 92
9 93
9 97
10 13
10 14
10 15
10 17
10 19
10 20
10 23
10 25
10 26
10 28
10 31
10 32
10 34
10 36
10 37
10 40
10 42
10 45
10 46
10 49
10 52
10 56
10 58
10 60
10 73
10 79
10 81
10 82
10 83
10 85
10 94
10 95
10 96
10 98
11 15
11 16
11 18
11 21
11 26
11 27
11 30
11 31
11 35
11 36
11 38
11 39
11 43
11 44
11 52
11 57
11 58
11 65
11 66
11 67
11 70
11 73
11 77
11 78
11 79
11 82
11 83
11 85
11 87
11 88
11 89
11 94
11 95
11 98
11 99
12 13
12 14
12 16
12 17
12 20
12 22
12 25
12 27
12 30
12 32
12 33
12 35
12 36
12 40
12 44
12 45
12 46
12 50
12 52
12 55
12 56
12 57
12 59
12 60
12 61
12 63
12 64
12 65
12 66
12 78
12 79
12 80
12 81
12 82
12 84
12 86
12 88
12 89
12 91
12 96
12 97
12 99
13 17
13 18
13 21
13 23
13 25
13 28
13 29
13 31
13 33
13 36
13 37
13 39
13 40
13 42
13 46
13 49
13 51
13 52
13 55
13 56
13 63
13 64
13 65
13 67
13 70
13 71
13 72
13 74
13 75
13 76
13 77
13 80
13 82
13 84
13 86
13 87
13 88
13 91
13 93
13 95
13 97
13 98
13 99
14 15
14 17
14 27
14 33
14 36
14 37
14 41
14 46
14 48
14 50
14 51
14 54
14 58
14 60
14 61
14 67
14 69
14 73
14 74
14 76
14 79
14 80
14 82
14 84
14 86
14 91
14 93
14 94
14 95
14 96
15 21
15 22
15 23
15 24
15 28
15 29
15 31
15 33
15 34
15 36
15 37
15 38
15 39
15 40
15 41
15 42
15 43
15 44
15 47
15 49
15 50
15 51
15 64
15 65
15 66
15 68
15 69
15 70
15 71
15 72
15 77
15 79
15 80
15 83
15 85
15 87
15 89
15 91
15 93
15 96
15 97
15 98
15 99
16 19
16 21
16 24
16 25
16 28
16 33
16 34
16 45
16 49
16 50
16 55
16 59
16 69
16 71
16 75
16 79
16 81
16 82
16 83
16 87
16 88
16 92
16 93
16 97
17 21
17 22
17 24
17 25
17 28
17 36
17 37
17 39
17 41
17 45
17 48
17 50
17 53
17 55
17 57
17 63
17 64
17 65
17 66
17 68
17 69
17 70
17 74
17 75
17 77
17 80
17 82
17 84
17 85
17 89
17 90
17 91
17 96
17 97
17 98
18 19
18 21
18 26
18 31
18 33
18 34
18 37
18 39
18 40
18 41
18 43
18 48
18 51
18 55
18 57
18 59
18 62
18 63
18 64
18 65
18 71
18 74
18 75
18 83
18 90
18 91
18 92
18 97
18 98
19 22
19 23
19 26
19 27
19 28
19 29
19 33
19 35
19 39
19 41
19 44
19 50
19 51
19 56
19 59
19 61
19 62
19 68
19 69
19 70
19 71
19 72
19 74
19 80
19 81
19 83
19 84
19 85
19 88
19 90
19 92
19 95
19 96
19 97
19 98
20 21
20 22
20 23
20 26
20 27
20 33
20 35
20 36
20 39
20 40
20 42
20 43
20 47
20 49
20 51
20 53
20 54
20 55
20 56
20 59
20 60
20 64
20 65
20 66
20 70
20 72
20 76
20 78
20 79
20 82
20 83
20 86
20 87
21 22
21 26
21 30
21 31
21 33
21 37
21 44
21 46
21 47
21 49
21 50
21 51
21 54
21 64
21 65
21 66
21 67
21 68
21 69
21 72
21 74
21 76
21 77
21 78
21 81
21 83
21 86
21 87
21 91
22 25
22 26
22 27
22 30
22 32
22 33
22 40
22 41
22 42
22 44
22 45
22 46
22 47
22 49
22 53
22 55
22 56
22 59
22 63
22 64
22 65
22 68
22 70
22 74
22 75
22 77
22 80
22 84
22 86
22 89
22 90
22 91
22 92
22 94
22 96
23 25
23 28
23 31
23 34
23 37
23 42
23 43
23 48
23 50
23 54
23 61
23 63
23 64
23 70
23 74
23 77
23 78
23 80
23 85
23 88
23 91
23 92
23 95
23 98
23 99
24 25
24 29
24 30
24 36
24 37
24 38
24 43
24 44
24 45
24 47
24 49
24 52
24 56
24 59
24 61
24 63
24 67
24 68
24 69
24 74
24 77
24 78
24 79
24 84
24 85
24 89
24 90
24 92
24 95
24 96
24 97
25 26
25 27
25 29
25 34
25 36
25 37
25 38
25 39
25 41
25 50
25 51
25 52
25 59
25 61
25 63
25 64
25 68
25 71
25 75
25 80
25 82
25 83
25 87
25 88
25 90
25 91
25 92
25 93
25 95
26 28
26 29
26 30
26 31
26 32
26 33
26 38
26 43
26 46
26 49
26 51
26 52
26 53
26 57
26 65
26 67
26 71
26 74
26 76
26 80
26 83
26 85
26 87
26 89
26 90
26 91
26 93
26 96
26 97
26 99
27 29
27 31
27 32
27 37
27 38
27 39
27 40
27 41
27 43
27 47
27 53
27 54
27 55
27 56
27 57
27 59
27 63
27 64
27 65
27 66
27 70
27 72
27 73
27 75
27 79
27 80
27 83
27 84
27 86
27 90
27 91
27 95
27 97
27 98
28 29
28 32
28 33
28 34
28 35
28 37
28 39
28 40
28 42
28 43
28 44
28 45
28 48
28 50
28 51
28 57
28 59
28 60
28 63
28 64
28 68
28 71
28 73
28 79
28 80
28 81
28 85
28 86
28 89
28 90
28 91
28 95
28 99
29 30
29 33
29 36
29 38
29 40
29 41
29 44
29 49
29 51
29 52
29 59
29 60
29 62
29 63
29 64
29 65
29 68
29 73
29 74
29 76
29 80
29 84
29 87
29 90
29 92
29 93
29 96
29 97
29 99
30 37
30 40
30 42
30 48
30 50
30 51
30 52
30 54
30 56
30 57
30 59
30 63
30 65
30 67
30 72
30 73
30 76
30 81
30 82
30 85
30 86
30 87
30 91
30 99
31 33
31 35
31 39
31 42
31 43
31 45
31 47
31 48
31 50
31 52
31 57
31 59
31 60
31 61
31 63
31 66
31 67
31 70
31 80
31 82
31 83
31 92
31 94
31 96
31 97
32 36
32 37
32 41
32 42
32 43
32 48
32 51
32 53
32 54
32 56
32 59
32 60
32 61
32 63
32 64
32 65
32 66
32 71
32 72
32 78
32 82
32 84
32 85
32 88
32 91
32 92
32 99
33 34
33 35
33 36
33 40
33 41
33 49
33 53
33 60
33 62
33 63
33 64
33 68
33 72
33 73
33 74
33 75
33 76
33 79
33 80
33 82
33 87
33 88
33 93
33 95
33 96
34 35
34 39
34 40
34 46
34 49
34 52
34 55
34 56
34 60
34 61
34 62
34 65
34 67
34 69
34 73
34 77
34 79
34 81
34 82
34 85
34 87
34 90
34 91
34 94
34 97
35 37
35 41
35 42
35 43
35 45
35 46
35 50
35 51
35 53
35 57
35 61
35 62
35 64
35 65
35 66
35 67
35 68
35 69
35 70
35 76
35 78
35 82
35 88
35 89
35 95
35 97
35 98
35 99
36 41
36 51
36 53
36 58
36 60
36 61
36 67
36 68
36 69
36 70
36 71
36 76
36 79
36 82
36 86
36 88
36 89
36 92
36 93
36 94
36 96
36 97
36 98
36 99
37 39
37 41
37 43
37 46
37 48
37 50
37 54
37 60
37 63
37 65
37 66
37 69
37 72
37 76
37 80
37 82
37 83
37 85
37 86
37 88
37 90
37 91
37 93
37 94
37 96
37 98
38 39
38 43
38 44
38 46
38 47
38 51
38 54
38 55
38 60
38 62
38 65
38 66
38 67
38 68
38 70
38 71
38 73
38 84
38 85
38 88
38 92
38 99
39 45
39 46
39 47
39 48
39 49
39 55
39 57
39 61
39 64
39 68
39 69
39 70
39 71
39 75
39 87
39 88
39 89
39 90
39 91
39 92
39 94
40 41
40 44
40 45
40 46
40 47
40 48
40 49
40 50
40 54
40 55
40 57
40 58
40 61
40 62
40 64
40 71
40 74
40 75
40 77
40 79
40 83
40 85
40 87
40 88
40 89
40 91
40 92
40 94
40 98
41 44
41 46
41 49
41 56
41 60
41 61
41 62
41 65
41 68
41 72
41 75
41 79
41 84
41 87
41 88
41 89
41 94
41 95
41 97
41 98
41 99
42 44
42 45
42 46
42 51
42 55
42 56
42 57
42 60
42 66
42 67
42 68
42 70
42 71
42 74
42 80
42 84
42 86
42 87
42 89
42 94
42 95
42 96
43 47
43 48
43 49
43 51
43 54
43 55
43 59
43 60
43 61
43 63
43 65
43 66
43 75
43 76
43 80
43 81
43 82
43 86
43 89
43 90
43 91
43 92
43 93
43 94
43 96
44 46
44 49
44 50
44 51
44 52
44 53
44 54
44 56
44 57
44 58
44 62
44 64
44 67
44 68
44 69
44 70
44 71
44 75
44 76
44 82
44 84
44 85
44 87
44 88
44 94
44 95
44 99
45 49
45 54
45 57
45 61
45 65
45 68
45 69
45 80
45 81
45 86
45 90
45 91
45 92
45 95
45 99
46 47
46 48
46 49
46 50
46 52
46 53
46 65
46 66
46 67
46 69
46 70
46 72
46 73
46 81
46 82
46 83
46 84
46 90
46 92
46 95
46 96
47 48
47 49
47 52
47 54
47 55
47 56
47 60
47 61
47 62
47 65
47 68
47 70
47 73
47 75
47 77
47 78
47 82
47 83
47 86
47 89
47 96
47 97
48 50
48 51
48 57
48 61
48 65
48 66
48 73
48 76
48 77
48 78
48 79
48 80
48 86
48 87
48 89
48 92
48 97
48 99
49 51
49 52
49 53
49 58
49 60
49 61
49 64
49 67
49 71
49 72
49 74
49 77
49 78
49 81
49 82
49 92
49 96
49 98
50 51
50 54
50 55
50 57
50 61
50 65
50 66
50 68
50 71
50 78
50 85
50 86
50 88
50 91
50 94
50 97
50 99
51 59
51 70
51 71
51 72
51 73
51 74
51 76
51 78
51 81
51 83
51 84
51 87
51 89
51 90
51 91
51 97
52 53
52 55
52 57
52 58
52 59
52 61
52 62
52 63
52 68
52 69
52 70
52 75
52 79
52 81
52 86
52 89
52 90
52 96
52 98
52 99
53 59
53 60
53 64
53 66
53 68
53 75
53 80
53 81
53 87
53 90
53 92
53 95
53 97
53 98
53 99
54 57
54 58
54 59
54 61
54 62
54 63
54 67
54 70
54 71
54 72
54 79
54 82
54 85
54 86
54 88
54 89
54 90
54 91
54 93
54 94
54 96
54 97
54 98
54 99
55 59
55 60
55 62
55 63
55 64
55 67
55 68
55 71
55 72
55 76
55 77
55 80
55 89
55 98
56 58
56 60
56 62
56 64
56 67
56 68
56 70
56 73
56 74
56 76
56 77
56 78
56 79
56 80
56 81
56 82
56 83
56 84
56 89
56 96
56 97
56 98
56 99
57 59
57 60
57 62
57 63
57 64
57 65
57 66
57 70
57 72
57 75
57 80
57 83
57 85
57 86
57 88
57 90
57 91
57 93
58 60
58 62
58 65
58 66
58 67
58 68
58 70
58 73
58 74
58 75
58 76
58 78
58 81
58 82
58 87
58 94
58 98
59 61
59 62
59 68
59 71
59 73
59 75
59 77
59 78
59 79
59 82
59 86
59 87
59 92
59 96
59 97
60 61
60 62
60 66
60 73
60 82
60 84
60 86
60 88
60 91
60 94
60 97
61 64
61 66
61 68
61 71
61 78
61 82
61 85
61 86
61 88
61 90
61 91
61 93
61 96
61 98
61 99
62 64
62 68
62 69
62 81
62 87
62 88
62 93
62 95
62 98
62 99
63 64
63 69
63 71
63 73
63 74
63 75
63 76
63 82
63 89
63 92
63 95
63 98
63 99
64 66
64 73
64 79
64 84
64 85
64 88
64 95
64 96
64 98
64 99
65 66
65 67
65 69
65 72
65 73
65 74
65 75
65 76
65 78
65 80
65 88
65 90
65 91
65 92
65 95
66 68
66 69
66 70
66 71
66 73
66 75
66 77
66 78
66 80
66 86
66 87
66 91
66 94
66 95
66 96
66 98
66 99
67 69
67 72
67 76
67 80
67 83
67 90
67 93
67 97
68 71
68 73
68 74
68 76
68 81
68 82
68 83
68 84
68 85
68 86
68 88
69 70
69 72
69 73
69 77
69 79
69 80
69 82
69 84
69 85
69 87
69 88
69 90
69 93
69 97
69 98
69 99
70 71
70 75
70 78
70 79
70 80
70 84
70 86
70 88
70 91
70 92
70 94
70 95
70 97
70 98
71 73
71 77
71 78
71 86
71 87
71 90
72 75
72 80
72 81
72 83
72 89
72 90
72 93
72 94
72 95
72 96
73 74
73 83
73 86
73 89
73 90
73 92
73 94
73 96
73 97
73 98
73 99
74 77
74 82
74 87
74 89
74 90
74 91
74 92
74 95
74 97
74 98
74 99
75 78
75 79
75 81
75 82
75 83
75 85
75 88
75 90
75 91
75 93
75 94
75 95
75 96
75 98
76 79
76 81
76 82
76 83
76 84
76 85
76 86
76 89
76 90
76 94
76 96
76 98
76 99
77 80
77 85
77 87
77 88
77 89
77 95
78 79
78 81
78 84
78 85
78 86
78 87
78 90
78 92
78 93
78 95
78 97
78 99
79 80
79 82
79 83
79 84
79 88
79 89
79 90
79 92
79 93
80 83
80 88
80 89
80 91
80 94
80 95
80 96
81 82
81 84
81 86
81 88
81 89
81 91
81 94
81 97
81 99
82 88
82 90
82 92
82 95
82 97
82 99
83 86
83 88
83 91
83 94
83 95
83 97
84 85
84 92
84 94
84 96
85 88
85 91
85 93
85 96
87 89
87 93
87 98
87 99
88 91
88 92
88 93
88 94
88 96
89 92
89 93
89 95
89 96
89 97
89 99
90 91
90 92
90 95
90 99
91 95
91 96
91 97
91 98
92 94
92 96
93 94
93 96
93 99
94 95
94 96
94 98
95 96
96 97
96 99
98 99
