0 10
0 14
0 18
0 20
0 22
0 25
0 26
0 29
0 32
0 36
0 37
0 44
0 46
0 47
0 48
0 49
0 51
0 54
0 60
0 64
0 72
0 78
0 86
0 87
0 88
0 89
0 91
0 92
0 94
0 95
0 97
0 99
1 5
1 6
1 9
1 10
1 13
1 21
1 24
1 25
1 31
1 32
1 35
1 36
1 39
1 40
1 42
1 45
1 50
1 51
1 55
1 58
1 63
1 66
1 67
1 70
1 76
1 79
1 80
1 84
1 86
1 89
1 90
1 91
1 95
1 96
1 99
2 4
2 13
2 16
2 19
2 20
2 21
2 22
2 27
2 30
2 32
2 37
2 38
2 43
2 47
2 48
2 52
2 53
2 54
2 55
2 81
2 82
2 84
2 85
2 88
2 89
2 95
2 99
3 7
3 8
3 9
3 10
3 11
3 12
3 19
3 21
3 22
3 34
3 38
3 41
3 45
3 53
3 57
3 60
3 70
3 71
3 74
3 77
3 79
3 80
3 88
3 90
3 94
3 95
3 97
3 99
4 9
4 10
4 16
4 18
4 19
4 20
4 21
4 23
4 26
4 29
4 30
4 31
4 34
4 35
4 40
4 42
4 47
4 52
4 58
4 61
4 62
4 71
4 79
4 81
4 83
4 86
4 91
4 93
4 94
5 9
5 20
5 27
5 30
5 32
5 37
5 38
5 41
5 42
5 43
5 46
5 48
5 54
5 57
5 58
5 59
5 63
5 65
5 69
5 72
5 74
5 77
5 87
5 90
5 94
5 95
6 17
6 19
6 22
6 27
6 29
6 31
6 34
6 35
6 36
6 41
6 43
6 44
6 48
6 53
6 54
6 55
6 58
6 61
6 64
6 75
6 77
6 80
6 83
6 98
6 99
7 16
7 17
7 18
7 19
7 32
7 35
7 36
7 50
7 55
7 56
7 59
7 62
7 64
7 70
7 74
7 81
7 83
7 85
7 86
7 94
7 97
8 9
8 10
8 16
8 19
8 21
8 23
8 27
8 30
8 31
8 32
8 33
8 38
8 39
8 48
8 50
8 54
8 61
8 64
8 65
8 67
8 68
8 69
8 70
8 74
8 82
8 84
8 86
8 90
8 92
8 99
9 14
9 16
9 17
9 19
9 26
9 27
9 34
9 35
9 40
9 43
9 45
9 48
9 49
9 52
9 53
9 56
9 57
9 61
9 63
9 65
9 69
9 70
9 74
9 76
9 81
9 87
9 89
9 92
9 93
9 94
9 97
9 98
9 99
10 11
10 12
10 13
10 17
10 21
10 29
10 30
10 32
10 35
10 37
10 38
10 46
10 47
10 54
10 55
10 56
10 57
10 58
10 59
10 62
10 72
10 76
10 78
10 79
10 80
10 83
10 85
10 87
10 88
10 93
10 94
10 96
10 98
11 15
11 16
11 17
11 19
11 25
11 26
11 28
11 29
11 32
11 34
11 39
11 40
11 44
11 47
11 54
11 55
11 58
11 61
11 63
11 65
11 71
11 72
11 75
11 76
11 78
11 83
11 89
11 92
11 96
11 98
12 13
12 14
12 15
12 16
12 17
12 19
12 20
12 21
12 23
12 24
12 26
12 32
12 33
12 35
12 36
12 41
12 46
12 48
12 49
12 52
12 53
12 55
12 57
12 61
12 63
12 64
12 68
12 69
12 70
12 79
12 83
12 86
12 89
12 91
12 92
12 94
12 97
12 99
13 14
13 16
13 19
13 23
13 24
13 26
13 27
13 29
13 33
13 35
13 43
13 46
13 55
13 60
13 71
13 86
13 90
13 94
13 95
13 97
14 17
14 18
14 21
14 23
14 24
14 25
14 28
14 32
14 40
14 45
14 54
14 55
14 59
14 60
14 63
14 67
14 68
14 74
14 77
14 83
14 89
14 95
14 99
15 16
15 17
15 18
15 20
15 21
15 26
15 31
15 32
15 34
15 36
15 37
15 39
15 43
15 45
15 49
15 51
15 52
15 53
15 55
15 57
15 59
15 64
15 66
15 70
15 72
15 76
15 78
15 79
15 81
15 83
15 86
15 88
15 91
15 92
15 93
15 97
15 98
16 17
16 24
16 31
16 33
16 42
16 43
16 49
16 53
16 54
16 70
16 71
16 80
16 81
16 82
16 83
16 84
16 87
16 91
16 93
16 97
16 99
17 18
17 24
17 25
17 28
17 30
17 31
17 37
17 39
17 45
17 46
17 47
17 52
17 53
17 54
17 57
17 60
17 62
17 63
17 64
17 66
17 67
17 69
17 71
17 73
17 82
17 83
17 89
17 93
17 98
18 23
18 25
18 30
18 39
18 40
18 43
18 45
18 46
18 56
18 58
18 60
18 62
18 63
18 65
18 67
18 68
18 70
18 71
18 74
18 77
18 84
18 85
18 87
18 96
18 98
19 26
19 30
19 33
19 37
19 38
19 41
19 44
19 45
19 51
19 52
19 53
19 68
19 72
19 80
19 82
19 85
19 86
19 93
19 95
20 25
20 27
20 28
20 31
20 32
20 33
20 37
20 44
20 45
20 46
20 48
20 54
20 56
20 58
20 59
20 61
20 64
20 72
20 73
20 74
20 75
20 85
20 86
20 87
20 89
20 90
20 92
20 95
20 97
21 27
21 28
21 30
21 31
21 32
21 36
21 40
21 42
21 43
21 45
21 46
21 51
21 52
21 54
21 63
21 64
21 65
21 75
21 77
21 78
21 81
21 82
21 86
21 91
21 95
21 97
21 99
22 24
22 30
22 31
22 33
22 36
22 37
22 40
22 45
22 46
22 48
22 53
22 57
22 59
22 63
22 64
22 66
22 67
22 72
22 79
22 82
22 85
22 89
22 91
22 96
22 97
22 98
23 25
23 29
23 31
23 34
23 36
23 45
23 46
23 55
23 60
23 62
23 72
23 76
23 78
23 82
23 84
23 85
23 91
23 92
23 98
24 28
24 30
24 33
24 34
24 36
24 38
24 39
24 44
24 49
24 50
24 56
24 58
24 62
24 75
24 76
24 77
24 79
24 84
24 85
24 86
24 94
24 95
24 97
24 98
24 99
25 26
25 27
25 33
25 44
25 47
25 51
25 56
25 58
25 59
25 60
25 61
25 65
25 69
25 77
25 78
25 81
25 82
25 86
25 87
25 88
25 89
25 90
25 93
25 96
25 98
26 28
26 31
26 33
26 36
26 37
26 42
26 47
26 50
26 52
26 54
26 59
26 62
26 64
26 65
26 66
26 70
26 82
26 92
26 95
27 30
27 32
27 33
27 37
27 39
27 46
27 48
27 49
27 52
27 55
27 60
27 61
27 63
27 67
27 69
27 71
27 73
27 75
27 78
27 79
27 81
27 84
27 90
28 30
28 37
28 41
28 42
28 44
28 48
28 50
28 63
28 64
28 65
28 66
28 68
28 69
28 70
28 73
28 75
28 76
28 77
28 79
28 85
28 86
28 93
28 96
28 98
29 32
29 33
29 36
29 37
29 51
29 54
29 56
29 57
29 59
29 63
29 64
29 67
29 69
29 71
29 72
29 73
29 74
29 77
29 80
29 84
29 85
29 90
29 93
29 95
30 33
30 35
30 36
30 38
30 42
30 43
30 47
30 48
30 50
30 51
30 62
30 67
30 73
30 74
30 80
30 82
30 83
30 84
30 85
30 90
30 93
30 95
30 99
31 38
31 39
31 40
31 41
31 43
31 47
31 53
31 56
31 60
31 64
31 65
31 68
31 70
31 73
31 74
31 79
31 81
31 84
31 86
31 87
31 97
31 99
32 34
32 35
32 37
32 40
32 43
32 44
32 46
32 53
32 56
32 57
32 60
32 64
32 66
32 67
32 69
32 74
32 77
32 85
32 87
32 89
32 91
32 96
33 34
33 35
33 39
33 45
33 49
33 50
33 51
33 53
33 54
33 55
33 56
33 58
33 60
33 63
33 66
33 70
33 72
33 73
33 82
33 83
33 88
33 89
33 90
33 99
34 37
34 39
34 48
34 51
34 56
34 57
34 61
34 66
34 70
34 79
34 80
34 81
34 82
34 90
34 92
34 93
34 98
35 37
35 38
35 41
35 44
35 49
35 63
35 64
35 67
35 71
35 72
35 75
35 76
35 79
35 84
35 86
35 89
36 38
36 43
36 45
36 46
36 52
36 56
36 57
36 58
36 62
36 63
36 65
36 69
36 74
36 76
36 77
36 79
36 81
36 94
36 95
36 97
37 38
37 42
37 43
37 47
37 48
37 51
37 55
37 56
37 58
37 61
37 62
37 69
37 72
37 76
37 79
37 80
37 84
37 85
37 90
37 97
38 50
38 52
38 53
38 62
38 68
38 73
38 74
38 76
38 77
38 82
38 90
38 91
38 92
38 96
39 41
39 42
39 46
39 50
39 53
39 55
39 56
39 64
39 72
39 73
39 75
39 77
39 83
39 84
39 87
39 89
39 98
39 99
40 48
40 54
40 63
40 70
40 74
40 78
40 81
40 85
40 87
40 88
40 91
40 93
40 98
41 43
41 47
41 49
41 53
41 54
41 57
41 59
41 66
41 67
41 68
41 69
41 73
41 76
41 80
41 85
41 88
41 90
41 91
41 93
41 96
41 98
42 45
42 48
42 52
42 53
42 54
42 57
42 58
42 62
42 65
42 67
42 68
42 76
42 77
42 81
42 82
42 84
42 87
42 90
42 96
43 45
43 46
43 47
43 55
43 60
43 61
43 62
43 65
43 73
43 77
43 79
43 81
43 86
43 90
44 47
44 50
44 53
44 54
44 58
44 67
44 72
44 79
44 81
44 92
44 97
44 98
45 46
45 47
45 51
45 53
45 55
45 59
45 60
45 63
45 64
45 71
45 77
45 79
45 82
45 85
45 95
45 99
46 48
46 49
46 53
46 55
46 56
46 57
46 58
46 59
46 61
46 63
46 71
46 72
46 73
46 78
46 85
46 87
46 89
46 90
46 94
46 99
47 50
47 51
47 53
47 56
47 57
47 63
47 66
47 69
47 74
47 75
47 76
47 77
47 84
47 87
47 88
47 89
47 96
47 97
48 52
48 56
48 59
48 62
48 63
48 65
48 67
48 70
48 74
48 79
48 83
48 86
48 90
48 91
48 92
48 93
48 95
48 96
49 51
49 55
49 68
49 71
49 73
49 77
49 78
49 81
49 85
49 87
49 89
49 90
49 93
49 98
50 54
50 56
50 59
50 63
50 64
50 66
50 67
50 69
50 71
50 72
50 76
50 79
50 81
50 82
50 85
50 86
50 87
50 88
50 95
50 96
51 54
51 58
51 63
51 68
51 69
51 73
51 82
51 83
51 84
51 86
51 89
51 92
51 97
52 53
52 54
52 55
52 56
52 58
52 59
52 61
52 67
52 68
52 70
52 74
52 75
52 77
52 87
52 90
52 93
53 55
53 61
53 62
53 63
53 64
53 70
53 72
53 74
53 80
53 82
53 83
53 91
53 95
53 99
54 63
54 64
54 75
54 77
54 82
54 83
54 86
54 91
54 92
54 95
54 96
55 56
55 59
55 60
55 66
55 67
55 76
55 79
55 80
55 83
55 88
55 89
56 59
56 61
56 64
56 65
56 66
56 72
56 74
56 75
56 76
56 77
56 79
56 80
56 82
56 85
56 86
56 87
56 95
56 96
56 97
56 99
57 58
57 64
57 67
57 68
57 77
57 78
57 80
57 83
57 85
57 91
57 94
57 95
57 98
58 59
58 61
58 62
58 63
58 65
58 72
58 73
58 76
58 78
58 79
58 80
58 87
58 89
58 96
59 64
59 66
59 68
59 80
59 85
59 86
59 89
59 92
59 96
59 97
59 98
60 65
60 68
60 73
60 79
60 83
60 84
60 86
60 93
60 95
60 96
60 99
61 63
61 66
61 69
61 75
61 76
61 78
61 79
61 81
61 86
61 87
61 92
61 94
62 64
62 72
62 74
62 75
62 77
62 79
62 81
62 83
62 87
62 89
62 91
62 94
62 99
63 70
63 77
63 81
63 84
63 85
63 88
63 92
63 95
63 97
64 66
64 67
64 72
64 73
64 74
64 80
64 87
64 89
64 90
64 93
65 73
65 75
65 77
65 81
65 82
65 86
65 87
65 93
65 95
65 97
66 70
66 74
66 75
66 89
66 90
66 91
66 94
66 97
67 70
67 74
67 91
68 69
68 72
68 77
68 80
68 81
68 82
68 88
68 89
68 91
68 93
68 95
68 97
69 71
69 77
69 82
69 86
69 88
69 89
69 91
69 92
69 95
69 97
69 99
70 71
70 73
70 74
70 76
70 83
70 84
70 91
70 92
70 97
70 99
71 72
71 74
71 75
71 76
71 79
71 82
71 89
71 93
71 94
71 95
71 96
71 97
72 75
72 76
72 79
72 80
72 82
72 84
72 88
72 89
72 93
72 95
73 75
73 80
74 77
74 83
74 85
74 92
74 96
74 97
74 98
75 77
75 83
75 90
75 92
75 93
76 81
76 87
76 89
77 84
77 86
77 89
77 91
77 98
77 99
78 81
78 84
78 91
78 97
78 98
78 99
79 84
79 85
79 92
79 96
79 97
80 82
80 83
80 85
80 89
80 92
80 94
80 95
80 96
80 98
81 82
81 86
81 90
81 92
81 97
82 88
82 92
82 96
82 98
82 99
83 86
83 88
83 90
83 91
83 93
84 87
84 94
84 95
84 98
84 99
85 94
85 97
86 89
86 92
86 93
86 96
87 89
87 96
87 99
88 91
88 92
88 93
88 94
89 90
89 91
90 97
90 98
91 93
91 98
92 95
92 99
93 94
93 95
94 95
94 97
95 97
95 99
96 97
96 99
97 98
98 99
