0 2
0 7
0 10
0 12
0 15
0 18
0 21
0 22
0 24
0 27
0 29
0 33
0 34
0 35
0 37
0 38
0 40
0 44
0 46
0 52
0 56
0 62
0 64
0 68
0 71
0 72
0 75
0 76
0 77
0 79
0 84
0 85
0 86
0 89
0 90
0 93
0 96
0 99
1 5
1 8
1 9
1 10
1 12
1 18
1 20
1 23
1 25
1 29
1 34
1 36
1 38
1 39
1 41
1 45
1 47
1 51
1 55
1 62
1 64
1 66
1 67
1 71
1 81
1 82
1 83
1 85
1 86
1 87
1 89
1 90
1 96
1 97
1 99
2 7
2 10
2 12
2 16
2 18
2 19
2 20
2 21
2 22
2 24
2 25
2 26
2 29
2 31
2 33
2 40
2 41
2 43
2 51
2 53
2 60
2 61
2 65
2 67
2 70
2 71
2 73
2 81
2 83
2 84
2 86
2 92
2 93
2 96
2 97
2 99
3 4
3 7
3 9
3 11
3 14
3 15
3 17
3 19
3 26
3 27
3 31
3 33
3 36
3 40
3 41
3 44
3 46
3 50
3 59
3 62
3 66
3 70
3 71
3 72
3 73
3 74
3 75
3 76
3 79
3 86
3 87
3 90
3 91
3 92
3 93
3 96
3 99
4 5
4 6
4 10
4 12
4 13
4 14
4 17
4 19
4 31
4 32
4 33
4 42
4 43
4 44
4 49
4 52
4 53
4 54
4 56
4 57
4 58
4 60
4 61
4 62
4 64
4 65
4 66
4 67
4 70
4 71
4 83
4 85
4 88
4 91
4 92
4 93
4 95
5 6
5 10
5 11
5 15
5 16
5 17
5 21
5 22
5 23
5 24
5 25
5 27
5 29
5 31
5 32
5 33
5 34
5 40
5 47
5 51
5 52
5 54
5 55
5 57
5 58
5 59
5 62
5 63
5 65
5 74
5 76
5 81
5 85
5 88
5 89
5 94
5 95
5 96
5 99
6 8
6 11
6 18
6 20
6 21
6 26
6 29
6 30
6 32
6 33
6 35
6 38
6 41
6 45
6 48
6 50
6 55
6 57
6 60
6 65
6 66
6 67
6 68
6 72
6 73
6 74
6 76
6 77
6 81
6 86
6 87
6 98
7 8
7 14
7 18
7 24
7 25
7 29
7 30
7 31
7 33
7 34
7 38
7 39
7 40
7 41
7 43
7 44
7 46
7 50
7 52
7 55
7 56
7 58
7 60
7 61
7 63
7 64
7 66
7 67
7 73
7 74
7 76
7 79
7 82
7 86
7 88
7 89
7 90
7 91
7 93
7 96
7 99
8 11
8 13
8 16
8 20
8 27
8 30
8 31
8 33
8 35
8 38
8 39
8 42
8 43
8 48
8 49
8 50
8 54
8 56
8 57
8 58
8 59
8 66
8 70
8 73
8 76
8 79
8 80
8 83
8 89
8 92
8 95
8 97
8 99
9 12
9 15
9 17
9 20
9 25
9 26
9 27
9 35
9 36
9 40
9 49
9 50
9 51
9 53
9 55
9 59
9 66
9 67
9 71
9 72
9 73
9 77
9 79
9 80
9 81
9 84
9 85
9 88
9 89
9 90
9 93
9 95
9 96
9 97
10 14
10 17
10 20
10 23
10 25
10 28
10 29
10 31
10 32
10 33
10 35
10 36
10 44
10 49
10 51
10 52
10 57
10 60
10 61
10 63
10 64
10 69
10 72
10 73
10 74
10 76
10 80
10 85
10 92
10 93
11 14
11 17
11 19
11 21
11 22
11 26
11 27
11 29
11 30
11 32
11 34
11 35
11 39
11 42
11 43
11 45
11 46
11 48
11 55
11 58
11 60
11 67
11 71
11 73
11 75
11 80
11 83
11 84
11 85
11 86
11 88
11 89
11 90
11 94
11 98
11 99
12 13
12 14
12 15
12 17
12 18
12 19
12 22
12 23
12 25
12 27
12 30
12 31
12 36
12 38
12 39
12 41
12 46
12 47
12 50
12 51
12 52
12 55
12 56
12 59
12 63
12 64
12 77
12 78
12 81
12 82
12 85
12 86
12 88
12 90
12 91
12 92
12 95
13 15
13 22
13 24
13 25
13 26
13 32
13 37
13 46
13 48
13 49
13 51
13 53
13 55
13 58
13 64
13 69
13 73
13 77
13 79
13 81
13 82
13 84
13 86
13 87
13 90
13 91
13 92
13 94
13 99
14 17
14 18
14 20
14 21
14 22
14 23
14 27
14 30
14 34
14 36
14 37
14 39
14 40
14 43
14 46
14 56
14 58
14 60
14 64
14 66
14 67
14 71
14 73
14 75
14 77
14 80
14 83
14 84
14 86
14 87
14 93
14 98
14 99
15 17
15 18
15 19
15 22
15 23
15 24
15 25
15 30
15 31
15 32
15 36
15 38
15 39
15 41
15 43
15 47
15 48
15 56
15 57
15 58
15 61
15 64
15 65
15 67
15 71
15 78
15 79
15 82
15 85
15 87
15 88
15 93
15 96
15 99
16 18
16 19
16 22
16 24
16 26
16 27
16 30
16 33
16 40
16 41
16 44
16 45
16 46
16 48
16 50
16 59
16 63
16 64
16 70
16 72
16 73
16 84
16 85
16 86
16 92
16 93
16 94
16 95
16 96
16 97
16 98
17 20
17 22
17 23
17 24
17 27
17 29
17 35
17 37
17 44
17 47
17 51
17 53
17 54
17 56
17 57
17 59
17 61
17 63
17 64
17 70
17 71
17 72
17 75
17 82
17 84
17 87
17 89
17 90
17 94
17 95
17 96
17 97
17 98
17 99
18 19
18 20
18 23
18 25
18 27
18 31
18 37
18 38
18 39
18 40
18 41
18 43
18 44
18 47
18 48
18 49
18 50
18 51
18 52
18 53
18 55
18 56
18 57
18 59
18 61
18 65
18 67
18 68
18 69
18 70
18 71
18 76
18 79
18 81
18 85
18 86
18 93
18 94
18 95
19 22
19 25
19 28
19 33
19 40
19 44
19 48
19 51
19 53
19 55
19 57
19 58
19 62
19 63
19 66
19 69
19 70
19 71
19 72
19 73
19 77
19 79
19 81
19 82
19 85
19 88
19 90
19 93
19 94
19 95
19 96
19 97
19 98
20 21
20 22
20 25
20 28
20 30
20 31
20 35
20 36
20 38
20 41
20 42
20 44
20 45
20 47
20 48
20 51
20 53
20 58
20 60
20 61
20 63
20 64
20 66
20 67
20 68
20 69
20 71
20 72
20 73
20 74
20 84
20 85
20 92
20 93
20 94
21 23
21 24
21 27
21 28
21 29
21 30
21 33
21 36
21 38
21 41
21 44
21 51
21 52
21 56
21 63
21 64
21 65
21 67
21 69
21 70
21 79
21 80
21 83
21 84
21 94
21 97
21 98
22 23
22 26
22 29
22 30
22 37
22 38
22 39
22 40
22 43
22 44
22 45
22 49
22 51
22 52
22 53
22 56
22 57
22 58
22 66
22 68
22 69
22 72
22 74
22 78
22 82
22 86
22 88
22 91
22 92
22 97
22 98
22 99
23 25
23 28
23 29
23 30
23 31
23 32
23 35
23 36
23 37
23 45
23 46
23 52
23 53
23 54
23 55
23 67
23 68
23 71
23 74
23 76
23 81
23 85
23 86
23 87
23 92
23 93
23 94
23 95
23 96
23 97
24 25
24 26
24 28
24 29
24 33
24 42
24 43
24 44
24 50
24 52
24 53
24 54
24 60
24 61
24 62
24 63
24 65
24 66
24 68
24 71
24 74
24 80
24 81
24 83
24 85
24 88
24 92
24 93
25 27
25 28
25 29
25 30
25 32
25 33
25 34
25 36
25 41
25 43
25 44
25 45
25 47
25 52
25 54
25 57
25 59
25 66
25 67
25 70
25 73
25 75
25 76
25 79
25 81
25 85
25 89
25 90
25 91
25 93
25 95
25 96
26 27
26 31
26 34
26 35
26 36
26 37
26 40
26 41
26 44
26 46
26 47
26 48
26 49
26 52
26 56
26 57
26 60
26 63
26 65
26 68
26 74
26 79
26 81
26 84
26 94
26 97
26 99
27 29
27 32
27 33
27 35
27 38
27 40
27 41
27 44
27 50
27 52
27 53
27 56
27 59
27 65
27 69
27 74
27 75
27 76
27 79
27 81
27 85
27 87
27 90
27 92
27 93
27 97
28 29
28 31
28 32
28 34
28 39
28 41
28 43
28 44
28 46
28 49
28 50
28 52
28 53
28 56
28 57
28 58
28 59
28 63
28 67
28 76
28 78
28 81
28 82
28 83
28 89
28 92
28 95
28 96
29 30
29 35
29 36
29 37
29 45
29 47
29 49
29 51
29 53
29 57
29 59
29 65
29 66
29 67
29 68
29 71
29 76
29 77
29 78
29 80
29 84
29 90
29 93
29 94
29 98
30 34
30 36
30 37
30 38
30 40
30 44
30 46
30 48
30 55
30 57
30 58
30 63
30 64
30 65
30 66
30 67
30 72
30 73
30 74
30 76
30 78
30 79
30 82
30 87
30 90
30 92
30 93
30 94
30 95
30 96
30 97
30 99
31 32
31 37
31 40
31 42
31 44
31 46
31 49
31 50
31 53
31 57
31 63
31 64
31 68
31 69
31 70
31 72
31 76
31 77
31 78
31 80
31 82
31 83
31 87
31 91
31 93
31 94
31 95
31 97
32 33
32 34
32 36
32 37
32 42
32 46
32 47
32 49
32 50
32 52
32 54
32 56
32 61
32 63
32 64
32 65
32 66
32 67
32 68
32 72
32 74
32 75
32 76
32 79
32 80
32 87
32 91
32 92
33 34
33 36
33 38
33 39
33 41
33 42
33 45
33 49
33 50
33 52
33 55
33 56
33 61
33 63
33 64
33 65
33 66
33 74
33 76
33 77
33 78
33 79
33 81
33 86
33 89
33 90
33 91
33 92
33 93
33 94
34 35
34 36
34 39
34 40
34 48
34 51
34 52
34 53
34 54
34 55
34 56
34 57
34 58
34 62
34 68
34 69
34 70
34 71
34 72
34 73
34 74
34 77
34 80
34 81
34 87
34 92
34 97
34 99
35 36
35 49
35 51
35 53
35 58
35 60
35 64
35 65
35 70
35 72
35 74
35 76
35 83
35 84
35 85
35 87
35 91
35 94
35 97
35 98
36 40
36 44
36 45
36 50
36 52
36 56
36 57
36 60
36 68
36 69
36 70
36 72
36 77
36 78
36 79
36 81
36 83
36 84
36 86
36 87
36 88
36 89
36 91
36 92
36 93
37 40
37 42
37 43
37 46
37 47
37 48
37 49
37 53
37 54
37 58
37 60
37 61
37 63
37 64
37 66
37 67
37 68
37 71
37 73
37 77
37 78
37 79
37 80
37 81
37 83
37 84
37 85
37 93
37 94
37 97
38 39
38 48
38 50
38 51
38 52
38 53
38 57
38 61
38 65
38 66
38 67
38 68
38 73
38 77
38 79
38 81
38 83
38 86
38 90
38 93
38 94
38 98
39 41
39 42
39 44
39 45
39 46
39 48
39 52
39 56
39 59
39 61
39 63
39 66
39 67
39 70
39 71
39 75
39 76
39 78
39 84
39 85
39 86
39 95
39 98
40 42
40 45
40 48
40 49
40 51
40 52
40 53
40 54
40 56
40 57
40 58
40 59
40 62
40 63
40 64
40 65
40 66
40 72
40 73
40 74
40 80
40 81
40 82
40 92
40 95
40 96
41 44
41 46
41 47
41 49
41 51
41 54
41 55
41 57
41 58
41 59
41 61
41 62
41 66
41 67
41 70
41 72
41 73
41 75
41 76
41 77
41 83
41 84
41 85
41 89
41 91
41 92
41 94
41 95
41 96
41 97
42 43
42 46
42 48
42 49
42 52
42 53
42 59
42 62
42 63
42 64
42 65
42 66
42 67
42 72
42 73
42 74
42 75
42 78
42 79
42 81
42 84
42 88
42 89
42 90
42 92
42 93
42 94
42 95
42 97
43 44
43 45
43 46
43 47
43 51
43 52
43 53
43 56
43 57
43 58
43 61
43 63
43 68
43 69
43 71
43 72
43 73
43 75
43 76
43 78
43 84
43 86
43 87
43 88
43 91
43 93
43 94
43 95
43 97
44 45
44 46
44 48
44 50
44 51
44 52
44 53
44 56
44 60
44 61
44 65
44 70
44 71
44 75
44 82
44 83
44 84
44 87
44 88
44 89
44 92
44 96
44 98
45 48
45 49
45 50
45 52
45 54
45 57
45 59
45 66
45 70
45 74
45 75
45 76
45 78
45 81
45 82
45 85
45 86
45 87
45 89
45 90
45 91
45 92
45 94
45 96
45 97
45 99
46 47
46 49
46 51
46 54
46 57
46 64
46 67
46 70
46 72
46 77
46 79
46 81
46 83
46 85
46 86
46 87
46 89
46 90
46 91
46 92
46 93
46 95
47 52
47 54
47 56
47 59
47 61
47 65
47 66
47 68
47 71
47 73
47 75
47 77
47 78
47 82
47 86
47 88
47 89
47 90
47 92
47 94
48 49
48 51
48 53
48 54
48 58
48 62
48 66
48 70
48 77
48 80
48 86
48 87
48 88
48 91
48 92
48 93
48 94
48 95
48 97
48 99
49 50
49 52
49 54
49 59
49 62
49 63
49 69
49 71
49 72
49 74
49 75
49 77
49 79
49 80
49 82
49 83
49 84
49 87
49 92
49 96
49 97
49 98
50 54
50 55
50 56
50 60
50 61
50 63
50 64
50 67
50 68
50 69
50 70
50 75
50 82
50 83
50 89
50 92
50 94
50 98
51 53
51 57
51 58
51 60
51 62
51 63
51 65
51 66
51 67
51 68
51 70
51 71
51 74
51 77
51 78
51 79
51 80
51 82
51 83
51 85
51 87
51 88
51 90
51 91
51 92
51 95
51 96
52 53
52 54
52 57
52 65
52 66
52 67
52 68
52 69
52 74
52 76
52 84
52 86
52 92
52 94
52 98
53 54
53 55
53 60
53 61
53 64
53 73
53 74
53 76
53 79
53 84
53 86
53 87
53 88
53 89
53 92
53 97
54 56
54 58
54 59
54 64
54 69
54 72
54 74
54 79
54 82
54 87
54 90
54 92
54 95
54 96
55 56
55 58
55 63
55 64
55 65
55 67
55 68
55 73
55 75
55 76
55 77
55 78
55 79
55 81
55 82
55 83
55 87
55 88
55 95
55 96
55 99
56 57
56 58
56 62
56 66
56 72
56 73
56 77
56 78
56 83
56 89
56 90
56 94
56 95
56 96
56 97
56 99
57 59
57 62
57 63
57 64
57 65
57 67
57 70
57 72
57 76
57 79
57 80
57 81
57 82
57 85
57 89
57 91
57 95
57 98
58 60
58 70
58 71
58 72
58 73
58 75
58 81
58 85
58 87
58 92
58 93
58 98
59 65
59 68
59 69
59 70
59 72
59 73
59 75
59 76
59 84
59 85
59 90
59 91
59 92
59 95
59 96
59 99
60 61
60 62
60 65
60 71
60 73
60 76
60 78
60 79
60 80
60 81
60 84
60 85
60 86
60 87
60 89
60 90
60 91
60 94
60 96
60 97
60 98
60 99
61 63
61 66
61 67
61 69
61 71
61 74
61 75
61 76
61 80
61 81
61 82
61 86
61 87
61 88
61 91
61 99
62 67
62 68
62 70
62 72
62 73
62 79
62 81
62 83
62 84
62 88
62 90
62 91
62 99
63 64
63 71
63 72
63 75
63 76
63 82
63 84
63 95
63 96
63 97
64 67
64 70
64 74
64 77
64 80
64 83
64 85
64 86
64 87
64 89
64 95
64 98
65 70
65 71
65 75
65 79
65 82
65 89
65 90
65 91
65 92
65 94
65 97
65 98
66 67
66 68
66 70
66 74
66 76
66 77
66 78
66 81
66 82
66 83
66 85
66 89
66 91
66 93
66 97
66 98
67 72
67 73
67 74
67 75
67 77
67 78
67 84
67 86
67 88
67 90
67 91
67 96
67 98
67 99
68 73
68 78
68 81
68 82
68 83
68 86
68 87
68 93
68 97
68 99
69 70
69 74
69 77
69 79
69 82
69 84
69 87
69 88
69 93
69 95
70 71
70 72
70 73
70 77
70 79
70 80
70 82
70 85
70 87
70 90
70 93
70 95
70 96
70 98
71 72
71 75
71 76
71 77
71 80
71 82
71 83
71 84
71 92
71 94
71 96
71 99
72 77
72 78
72 87
72 88
72 90
72 92
72 96
73 84
73 87
73 88
73 90
73 92
73 96
73 98
73 99
74 75
74 76
74 77
74 85
74 86
74 88
74 89
74 90
74 95
74 99
75 78
75 83
75 86
75 91
75 92
75 93
75 96
75 98
76 82
76 89
76 95
77 83
77 84
77 87
77 92
77 93
77 95
77 98
77 99
78 79
78 81
78 84
78 88
78 90
78 91
78 93
78 96
78 97
78 98
79 80
79 81
79 83
79 85
79 86
79 91
79 92
79 93
79 95
79 99
80 84
80 85
80 91
80 92
80 93
80 94
80 97
80 99
81 82
81 86
81 87
81 88
81 90
81 92
82 83
82 93
82 94
82 97
82 98
83 86
83 89
83 90
83 95
83 98
83 99
84 85
84 87
84 88
84 91
84 92
84 93
84 96
84 97
85 86
85 91
85 97
86 91
86 93
86 94
86 99
87 94
87 97
87 98
88 92
88 94
88 97
88 98
89 90
89 91
89 92
89 98
90 91
90 92
90 93
90 95
90 97
90 99
91 94
91 95
91 96
91 97
92 93
92 95
92 97
92 98
92 99
93 96
93 97
93 99
94 96
94 97
94 98
94 99
95 96
95 97
95 98
97 98
98 99
