0 1
0 2
0 5
0 7
0 8
0 10
0 11
0 12
0 13
0 14
0 17
0 18
0 22
0 23
0 26
0 27
0 29
0 31
0 33
0 35
0 41
0 44
0 46
0 50
0 52
0 53
0 55
0 59
0 60
0 61
0 64
0 65
0 66
0 67
0 70
0 71
0 73
0 75
0 77
0 79
0 81
0 82
0 83
0 84
0 85
0 86
0 87
0 89
0 91
0 92
0 93
0 94
0 95
0 96
1 3
1 6
1 7
1 10
1 13
1 16
1 19
1 20
1 21
1 22
1 26
1 27
1 28
1 31
1 33
1 34
1 36
1 40
1 42
1 44
1 48
1 49
1 50
1 53
1 54
1 58
1 59
1 61
1 62
1 63
1 64
1 66
1 67
1 70
1 72
1 74
1 75
1 76
1 77
1 80
1 82
1 83
1 91
1 93
1 95
2 3
2 4
2 5
2 7
2 8
2 11
2 13
2 14
2 15
2 16
2 17
2 18
2 19
2 20
2 22
2 25
2 27
2 28
2 31
2 32
2 35
2 39
2 43
2 46
2 48
2 50
2 52
2 53
2 54
2 55
2 59
2 60
2 61
2 63
2 65
2 66
2 67
2 68
2 70
2 73
2 75
2 76
2 77
2 78
2 80
2 81
2 84
2 86
2 91
2 92
2 93
2 94
2 95
2 97
3 4
3 5
3 8
3 9
3 11
3 12
3 14
3 15
3 17
3 22
3 26
3 29
3 31
3 36
3 37
3 38
3 40
3 41
3 45
3 46
3 47
3 48
3 49
3 50
3 51
3 53
3 54
3 55
3 60
3 61
3 62
3 64
3 68
3 69
3 70
3 73
3 74
3 76
3 78
3 79
3 80
3 81
3 82
3 83
3 87
3 89
3 93
3 94
3 95
4 6
4 10
4 11
4 12
4 13
4 14
4 15
4 17
4 18
4 19
4 22
4 23
4 24
4 25
4 27
4 28
4 29
4 32
4 35
4 36
4 38
4 39
4 40
4 41
4 43
4 44
4 48
4 49
4 50
4 51
4 52
4 53
4 56
4 58
4 62
4 67
4 70
4 73
4 77
4 78
4 81
4 82
4 83
4 85
4 89
4 90
4 91
4 93
4 95
4 96
4 97
5 7
5 8
5 10
5 11
5 12
5 13
5 14
5 15
5 17
5 19
5 21
5 23
5 27
5 31
5 33
5 38
5 39
5 40
5 41
5 43
5 44
5 45
5 47
5 48
5 49
5 50
5 53
5 54
5 55
5 57
5 59
5 60
5 62
5 63
5 67
5 68
5 71
5 72
5 75
5 77
5 80
5 81
5 82
5 83
5 84
5 85
5 86
5 87
5 91
5 92
5 93
5 94
5 96
5 98
6 9
6 17
6 18
6 19
6 20
6 21
6 25
6 26
6 28
6 29
6 30
6 31
6 34
6 36
6 37
6 39
6 40
6 42
6 43
6 49
6 50
6 51
6 52
6 56
6 59
6 61
6 62
6 65
6 66
6 67
6 69
6 72
6 76
6 77
6 78
6 82
6 83
6 84
6 89
6 90
6 93
6 94
6 99
7 9
7 10
7 11
7 12
7 13
7 14
7 16
7 17
7 18
7 19
7 21
7 23
7 24
7 25
7 26
7 28
7 30
7 32
7 33
7 34
7 35
7 37
7 38
7 40
7 41
7 42
7 43
7 44
7 51
7 54
7 55
7 56
7 58
7 60
7 61
7 73
7 76
7 78
7 80
7 82
7 83
7 84
7 87
7 89
7 91
7 94
7 96
8 9
8 10
8 11
8 14
8 16
8 18
8 19
8 20
8 23
8 24
8 28
8 29
8 30
8 33
8 34
8 35
8 38
8 41
8 44
8 45
8 49
8 53
8 55
8 57
8 62
8 63
8 65
8 66
8 68
8 70
8 73
8 74
8 78
8 79
8 82
8 83
8 85
8 88
8 89
8 90
8 95
8 96
8 97
8 98
8 99
9 10
9 12
9 14
9 15
9 16
9 17
9 23
9 24
9 26
9 27
9 29
9 32
9 35
9 37
9 39
9 40
9 43
9 44
9 47
9 48
9 49
9 51
9 55
9 56
9 58
9 62
9 63
9 65
9 66
9 67
9 69
9 71
9 73
9 75
9 76
9 80
9 85
9 87
9 88
9 91
9 92
9 97
9 99
10 12
10 14
10 15
10 21
10 23
10 25
10 26
10 27
10 28
10 31
10 33
10 34
10 35
10 36
10 37
10 39
10 41
10 44
10 45
10 47
10 49
10 50
10 51
10 56
10 57
10 59
10 60
10 61
10 65
10 68
10 69
10 70
10 73
10 76
10 78
10 80
10 81
10 84
10 86
10 88
10 90
10 93
10 96
10 98
11 12
11 14
11 18
11 20
11 21
11 22
11 25
11 26
11 27
11 32
11 33
11 36
11 38
11 39
11 42
11 48
11 49
11 50
11 51
11 52
11 55
11 56
11 57
11 63
11 64
11 66
11 67
11 69
11 70
11 73
11 76
11 77
11 78
11 80
11 83
11 84
11 86
11 87
11 88
11 89
11 90
11 91
11 92
11 93
11 94
11 96
11 97
12 13
12 15
12 16
12 18
12 20
12 21
12 22
12 23
12 24
12 26
12 27
12 28
12 33
12 37
12 39
12 40
12 43
12 44
12 46
12 47
12 49
12 53
12 56
12 57
12 60
12 61
12 62
12 63
12 64
12 67
12 73
12 75
12 76
12 79
12 81
12 82
12 84
12 87
12 88
12 93
12 95
12 96
12 97
12 99
13 15
13 17
13 22
13 24
13 25
13 27
13 29
13 35
13 36
13 37
13 42
13 43
13 44
13 45
13 46
13 49
13 50
13 52
13 53
13 54
13 55
13 56
13 57
13 58
13 60
13 65
13 68
13 69
13 70
13 72
13 74
13 75
13 76
13 79
13 81
13 84
13 87
13 88
13 91
13 92
13 93
13 94
13 95
13 96
13 97
13 98
13 99
14 16
14 18
14 23
14 24
14 26
14 32
14 34
14 37
14 41
14 43
14 44
14 45
14 46
14 47
14 48
14 50
14 51
14 52
14 53
14 55
14 57
14 60
14 62
14 65
14 68
14 69
14 70
14 71
14 74
14 76
14 79
14 80
14 81
14 82
14 86
14 87
14 91
14 92
14 94
14 96
14 97
14 98
14 99
15 18
15 19
15 20
15 21
15 22
15 23
15 24
15 25
15 27
15 28
15 29
15 31
15 32
15 33
15 36
15 38
15 40
15 42
15 43
15 44
15 46
15 50
15 60
15 62
15 65
15 69
15 73
15 74
15 76
15 78
15 79
15 80
15 81
15 82
15 83
15 86
15 87
15 88
15 89
15 91
15 92
15 94
15 95
15 97
15 98
15 99
16 17
16 18
16 19
16 20
16 21
16 22
16 24
16 26
16 28
16 29
16 31
16 32
16 33
16 34
16 36
16 38
16 41
16 42
16 45
16 47
16 48
16 49
16 51
16 55
16 56
16 57
16 58
16 59
16 61
16 72
16 73
16 79
16 80
16 81
16 85
16 86
16 87
16 90
16 93
16 96
16 97
16 98
16 99
17 19
17 22
17 23
17 24
17 25
17 28
17 30
17 32
17 33
17 34
17 36
17 39
17 41
17 42
17 43
17 45
17 46
17 50
17 52
17 55
17 58
17 61
17 62
17 63
17 66
17 69
17 70
17 72
17 73
17 74
17 75
17 82
17 84
17 89
17 91
17 95
17 97
17 99
18 20
18 22
18 23
18 24
18 26
18 29
18 30
18 34
18 39
18 40
18 41
18 43
18 44
18 45
18 46
18 47
18 48
18 49
18 50
18 51
18 52
18 54
18 56
18 57
18 59
18 62
18 63
18 64
18 65
18 66
18 68
18 69
18 72
18 73
18 74
18 75
18 77
18 78
18 87
18 89
18 91
18 94
18 95
18 96
18 98
18 99
19 20
19 25
19 26
19 29
19 31
19 32
19 33
19 36
19 38
19 39
19 40
19 42
19 43
19 45
19 47
19 53
19 56
19 57
19 61
19 62
19 64
19 66
19 69
19 70
19 71
19 72
19 73
19 76
19 78
19 80
19 87
19 91
19 92
19 93
19 96
19 99
20 25
20 27
20 30
20 32
20 33
20 35
20 36
20 39
20 40
20 42
20 43
20 45
20 47
20 49
20 52
20 53
20 58
20 59
20 60
20 68
20 69
20 70
20 71
20 72
20 75
20 79
20 80
20 81
20 84
20 88
20 90
20 92
20 93
20 95
20 97
20 99
21 23
21 26
21 30
21 33
21 34
21 35
21 36
21 39
21 40
21 41
21 42
21 43
21 44
21 45
21 50
21 52
21 53
21 56
21 58
21 59
21 60
21 61
21 63
21 64
21 65
21 66
21 67
21 68
21 69
21 70
21 71
21 72
21 74
21 75
21 79
21 82
21 83
21 84
21 87
21 90
21 91
21 93
21 97
21 99
22 26
22 27
22 28
22 29
22 30
22 32
22 35
22 36
22 38
22 39
22 41
22 43
22 45
22 46
22 48
22 51
22 54
22 55
22 56
22 57
22 59
22 66
22 70
22 71
22 73
22 74
22 75
22 78
22 80
22 83
22 84
22 87
22 88
22 89
22 90
22 91
22 94
22 97
22 98
23 24
23 26
23 29
23 30
23 32
23 33
23 34
23 37
23 38
23 39
23 46
23 49
23 50
23 51
23 52
23 57
23 58
23 59
23 60
23 62
23 63
23 64
23 65
23 67
23 68
23 69
23 73
23 74
23 75
23 76
23 77
23 79
23 82
23 83
23 84
23 85
23 88
23 90
23 93
23 94
23 95
24 26
24 30
24 32
24 33
24 34
24 37
24 39
24 40
24 41
24 42
24 43
24 44
24 45
24 46
24 47
24 48
24 54
24 58
24 59
24 63
24 66
24 67
24 68
24 69
24 71
24 74
24 75
24 77
24 80
24 82
24 85
24 87
24 88
24 91
24 92
24 93
24 94
24 95
24 96
24 97
24 98
25 27
25 28
25 29
25 30
25 36
25 39
25 40
25 44
25 47
25 48
25 49
25 50
25 51
25 55
25 56
25 60
25 61
25 63
25 67
25 68
25 69
25 72
25 73
25 74
25 78
25 79
25 82
25 83
25 84
25 85
25 86
25 88
25 91
25 95
25 97
25 99
26 27
26 28
26 29
26 33
26 35
26 36
26 41
26 42
26 43
26 44
26 47
26 48
26 49
26 50
26 57
26 58
26 61
26 63
26 64
26 66
26 70
26 71
26 72
26 73
26 77
26 79
26 81
26 82
26 84
26 86
26 87
26 89
26 90
26 91
26 95
26 96
26 98
26 99
27 28
27 29
27 31
27 34
27 35
27 36
27 40
27 42
27 43
27 44
27 47
27 49
27 50
27 52
27 53
27 57
27 58
27 61
27 63
27 67
27 68
27 71
27 73
27 75
27 77
27 83
27 87
27 93
27 96
27 98
28 29
28 31
28 32
28 33
28 34
28 38
28 40
28 41
28 43
28 44
28 45
28 48
28 49
28 52
28 54
28 55
28 57
28 59
28 62
28 63
28 64
28 69
28 72
28 73
28 75
28 76
28 78
28 79
28 81
28 83
28 84
28 86
28 87
28 93
28 94
28 95
28 99
29 32
29 33
29 34
29 35
29 39
29 41
29 43
29 45
29 48
29 51
29 53
29 55
29 56
29 57
29 58
29 61
29 64
29 66
29 71
29 72
29 73
29 74
29 75
29 80
29 81
29 88
29 90
29 91
29 92
29 96
29 98
29 99
30 31
30 35
30 36
30 39
30 41
30 42
30 45
30 47
30 48
30 49
30 50
30 52
30 53
30 54
30 57
30 59
30 60
30 61
30 62
30 63
30 69
30 71
30 77
30 78
30 83
30 86
30 89
30 91
30 92
30 93
30 95
30 97
30 99
31 32
31 36
31 37
31 38
31 39
31 42
31 43
31 46
31 47
31 48
31 51
31 56
31 58
31 60
31 63
31 64
31 65
31 67
31 71
31 72
31 75
31 80
31 81
31 82
31 83
31 84
31 85
31 86
31 87
31 90
31 91
31 93
31 95
31 98
31 99
32 33
32 35
32 36
32 37
32 39
32 40
32 41
32 43
32 44
32 45
32 46
32 48
32 57
32 61
32 63
32 64
32 65
32 68
32 69
32 70
32 72
32 74
32 81
32 82
32 83
32 85
32 86
32 89
32 91
32 92
32 93
32 95
32 96
33 34
33 37
33 38
33 39
33 41
33 42
33 45
33 47
33 48
33 49
33 51
33 55
33 56
33 58
33 59
33 60
33 61
33 66
33 67
33 69
33 70
33 72
33 73
33 78
33 82
33 85
33 86
33 87
33 88
33 89
33 90
33 93
33 95
33 97
33 98
34 35
34 36
34 40
34 44
34 45
34 46
34 47
34 48
34 52
34 54
34 55
34 56
34 58
34 61
34 66
34 67
34 68
34 71
34 72
34 74
34 75
34 78
34 79
34 81
34 83
34 85
34 87
34 93
34 94
34 96
34 97
34 98
35 36
35 37
35 39
35 42
35 43
35 45
35 46
35 47
35 49
35 51
35 54
35 55
35 56
35 58
35 59
35 60
35 61
35 62
35 63
35 65
35 67
35 71
35 74
35 75
35 78
35 80
35 81
35 82
35 83
35 85
35 87
35 91
35 93
35 95
35 98
35 99
36 37
36 38
36 39
36 43
36 45
36 47
36 48
36 50
36 52
36 53
36 57
36 58
36 61
36 62
36 63
36 66
36 68
36 71
36 74
36 75
36 77
36 78
36 80
36 81
36 83
36 85
36 88
36 89
36 94
36 99
37 39
37 42
37 44
37 50
37 52
37 53
37 56
37 58
37 61
37 62
37 63
37 64
37 66
37 68
37 71
37 72
37 74
37 77
37 78
37 82
37 84
37 88
37 89
37 90
37 91
37 92
37 95
37 97
37 98
37 99
38 40
38 41
38 42
38 43
38 44
38 45
38 46
38 47
38 49
38 53
38 54
38 56
38 58
38 59
38 61
38 66
38 68
38 69
38 70
38 72
38 75
38 77
38 78
38 81
38 82
38 83
38 86
38 87
38 89
38 94
38 95
38 97
38 99
39 43
39 46
39 47
39 48
39 50
39 51
39 53
39 54
39 55
39 57
39 58
39 60
39 62
39 63
39 72
39 73
39 76
39 78
39 81
39 82
39 84
39 85
39 86
39 90
39 91
39 94
39 98
40 41
40 43
40 44
40 48
40 49
40 52
40 60
40 62
40 63
40 64
40 67
40 69
40 70
40 71
40 77
40 78
40 81
40 82
40 83
40 86
40 87
40 89
40 90
40 94
40 97
40 98
40 99
41 43
41 44
41 45
41 49
41 50
41 53
41 54
41 57
41 58
41 60
41 61
41 63
41 66
41 67
41 69
41 74
41 80
41 83
41 84
41 87
41 88
41 89
41 90
41 94
41 96
42 43
42 49
42 50
42 52
42 53
42 58
42 59
42 61
42 62
42 64
42 66
42 69
42 70
42 72
42 74
42 75
42 78
42 79
42 80
42 82
42 84
42 87
42 88
42 89
42 92
42 93
42 95
42 97
42 99
43 46
43 47
43 50
43 52
43 53
43 54
43 56
43 58
43 59
43 63
43 64
43 65
43 69
43 75
43 76
43 77
43 78
43 79
43 83
43 85
43 87
43 88
43 95
43 97
44 45
44 47
44 51
44 52
44 54
44 60
44 64
44 65
44 67
44 71
44 72
44 73
44 75
44 80
44 81
44 82
44 83
44 85
44 86
44 87
44 88
44 90
44 94
44 98
45 47
45 49
45 50
45 54
45 55
45 60
45 61
45 62
45 63
45 69
45 72
45 73
45 74
45 78
45 82
45 85
45 86
45 87
45 89
45 92
45 94
45 95
45 97
46 49
46 50
46 52
46 55
46 58
46 61
46 63
46 66
46 67
46 68
46 69
46 73
46 74
46 79
46 80
46 82
46 83
46 85
46 86
46 88
46 93
46 94
46 96
47 48
47 49
47 50
47 51
47 52
47 53
47 54
47 56
47 58
47 59
47 61
47 62
47 63
47 64
47 65
47 69
47 70
47 74
47 75
47 79
47 83
47 84
47 85
47 95
47 97
47 98
47 99
48 54
48 55
48 62
48 64
48 66
48 69
48 70
48 71
48 72
48 74
48 78
48 79
48 80
48 81
48 82
48 83
48 84
48 86
48 87
48 88
48 89
48 90
48 92
48 94
48 95
48 98
48 99
49 50
49 53
49 54
49 56
49 57
49 58
49 59
49 60
49 61
49 65
49 66
49 67
49 69
49 71
49 73
49 75
49 77
49 78
49 81
49 83
49 89
49 92
49 93
49 98
50 53
50 54
50 55
50 56
50 57
50 62
50 65
50 66
50 68
50 69
50 70
50 71
50 72
50 74
50 75
50 76
50 77
50 78
50 80
50 82
50 83
50 84
50 86
50 87
50 91
50 94
50 95
50 96
50 98
50 99
51 53
51 54
51 55
51 56
51 58
51 59
51 60
51 65
51 66
51 71
51 72
51 80
51 81
51 82
51 83
51 85
51 87
51 88
51 89
51 92
51 94
51 97
51 98
51 99
52 53
52 54
52 55
52 56
52 58
52 60
52 66
52 68
52 71
52 74
52 75
52 76
52 79
52 80
52 82
52 87
52 89
52 91
52 94
52 99
53 55
53 60
53 61
53 62
53 63
53 64
53 65
53 66
53 69
53 70
53 72
53 73
53 80
53 81
53 82
53 85
53 87
53 88
53 89
53 91
53 93
53 94
53 97
53 98
54 55
54 58
54 60
54 62
54 65
54 69
54 71
54 73
54 75
54 76
54 78
54 79
54 81
54 82
54 85
54 87
54 88
54 90
54 93
54 98
54 99
55 57
55 58
55 59
55 61
55 62
55 63
55 73
55 74
55 75
55 78
55 80
55 82
55 83
55 84
55 92
55 94
55 95
55 96
55 99
56 60
56 61
56 62
56 64
56 65
56 66
56 69
56 72
56 73
56 76
56 78
56 79
56 80
56 81
56 82
56 83
56 86
56 88
56 89
56 90
56 95
56 97
56 98
56 99
57 58
57 59
57 63
57 65
57 67
57 69
57 74
57 77
57 80
57 83
57 84
57 85
57 88
57 89
57 90
57 95
57 96
58 59
58 60
58 62
58 64
58 67
58 69
58 70
58 72
58 73
58 74
58 78
58 79
58 80
58 85
58 86
58 87
58 90
58 91
58 94
58 95
58 96
59 64
59 65
59 66
59 69
59 70
59 72
59 75
59 76
59 77
59 78
59 79
59 80
59 82
59 84
59 85
59 86
59 87
59 92
59 95
59 96
59 97
59 99
60 61
60 62
60 65
60 66
60 67
60 68
60 69
60 70
60 71
60 81
60 84
60 85
60 87
60 91
60 92
60 93
60 96
60 99
61 62
61 63
61 64
61 66
61 69
61 70
61 73
61 77
61 79
61 81
61 83
61 84
61 85
61 89
61 91
61 93
61 96
61 97
62 63
62 64
62 65
62 66
62 67
62 68
62 69
62 70
62 71
62 73
62 76
62 77
62 82
62 83
62 85
62 86
62 88
62 90
62 91
62 92
62 93
62 94
62 98
63 65
63 66
63 69
63 72
63 74
63 75
63 78
63 79
63 87
63 88
63 89
63 93
63 96
64 67
64 69
64 70
64 74
64 75
64 76
64 77
64 78
64 79
64 81
64 82
64 83
64 84
64 85
64 86
64 89
64 90
64 91
64 95
64 97
64 98
64 99
65 67
65 72
65 73
65 75
65 77
65 78
65 80
65 81
65 88
65 89
65 93
65 94
65 95
65 97
65 98
65 99
66 67
66 68
66 70
66 71
66 74
66 75
66 77
66 79
66 82
66 83
66 84
66 85
66 87
66 93
66 97
66 99
67 68
67 70
67 71
67 72
67 74
67 80
67 81
67 82
67 84
67 88
67 90
67 91
67 95
67 99
68 70
68 71
68 73
68 75
68 77
68 78
68 79
68 80
68 81
68 83
68 84
68 85
68 87
68 89
68 90
68 92
68 95
68 97
68 98
69 70
69 71
69 73
69 79
69 84
69 85
69 88
69 91
69 92
69 95
69 97
69 99
70 72
70 74
70 75
70 76
70 77
70 78
70 79
70 83
70 84
70 86
70 89
70 91
70 92
70 93
70 95
70 97
70 99
71 72
71 74
71 75
71 79
71 80
71 84
71 86
71 89
71 90
71 92
71 94
71 95
71 97
71 98
71 99
72 74
72 78
72 80
72 81
72 82
72 83
72 85
72 87
72 91
72 92
72 97
72 99
73 74
73 75
73 76
73 78
73 79
73 80
73 81
73 85
73 86
73 89
73 90
73 94
73 95
74 75
74 76
74 77
74 79
74 81
74 82
74 83
74 85
74 88
74 90
74 91
74 92
74 93
74 95
74 96
74 97
74 99
75 76
75 77
75 79
75 81
75 82
75 84
75 87
75 88
75 89
75 92
75 94
75 98
75 99
76 79
76 83
76 84
76 85
76 88
76 93
76 95
76 96
76 97
76 98
76 99
77 80
77 81
77 84
77 86
77 87
77 92
77 93
77 94
77 96
77 97
77 98
78 80
78 83
78 85
78 87
78 88
78 92
78 93
78 94
78 97
78 98
79 80
79 81
79 82
79 83
79 85
79 86
79 87
79 88
79 89
79 90
79 94
79 96
79 97
79 98
79 99
80 84
80 85
80 86
80 87
80 88
80 89
80 90
80 95
80 96
81 82
81 83
81 85
81 86
81 87
81 90
81 91
81 94
82 84
82 85
82 86
82 88
82 89
82 91
82 92
82 94
82 95
82 96
82 98
83 90
83 98
83 99
84 85
84 86
84 88
84 90
84 93
84 95
84 98
85 87
85 90
85 91
85 92
85 93
85 96
85 97
85 98
85 99
86 87
86 88
86 90
86 91
86 92
86 95
86 96
86 99
87 90
87 91
87 92
87 93
87 96
88 89
88 90
88 91
88 92
88 94
88 96
88 97
88 98
88 99
89 91
89 92
89 93
89 95
89 96
89 98
90 91
90 92
90 96
90 97
90 99
91 92
91 93
91 96
91 98
92 93
92 94
92 96
92 97
92 99
93 95
93 96
93 97
93 98
94 95
95 96
95 97
95 99
96 97
96 98
96 99
