0 1
0 2
0 3
0 5
0 7
0 8
0 9
0 13
0 14
0 15
0 16
0 17
0 20
0 21
0 22
0 23
0 25
0 28
0 29
0 30
0 31
0 32
0 34
0 36
0 37
0 38
0 39
0 41
0 42
0 53
0 56
0 57
0 61
0 65
0 68
0 70
0 73
0 78
0 80
0 81
0 82
0 83
0 85
0 86
0 87
0 89
0 93
0 94
0 96
0 97
0 99
1 2
1 4
1 6
1 9
1 12
1 15
1 16
1 20
1 21
1 22
1 23
1 25
1 26
1 27
1 31
1 33
1 35
1 36
1 39
1 43
1 46
1 51
1 54
1 56
1 57
1 58
1 59
1 62
1 64
1 69
1 77
1 83
1 84
1 86
1 91
1 92
1 94
1 96
1 98
1 99
2 9
2 10
2 13
2 15
2 18
2 19
2 21
2 24
2 25
2 27
2 29
2 32
2 33
2 39
2 42
2 44
2 46
2 51
2 52
2 58
2 60
2 61
2 62
2 63
2 65
2 66
2 73
2 77
2 78
2 79
2 81
2 84
2 85
2 87
2 88
2 89
2 97
2 98
3 7
3 12
3 13
3 19
3 21
3 22
3 25
3 26
3 29
3 30
3 32
3 33
3 34
3 35
3 36
3 38
3 42
3 45
3 48
3 52
3 55
3 56
3 60
3 61
3 66
3 68
3 70
3 71
3 73
3 74
3 76
3 77
3 78
3 79
3 80
3 87
3 88
3 91
3 93
3 94
3 95
3 96
3 98
3 99
4 8
4 10
4 13
4 14
4 16
4 17
4 20
4 24
4 26
4 27
4 30
4 36
4 37
4 39
4 40
4 44
4 49
4 50
4 55
4 56
4 60
4 61
4 62
4 63
4 66
4 67
4 70
4 71
4 72
4 73
4 74
4 75
4 80
4 82
4 84
4 85
4 92
4 93
4 96
4 99
5 6
5 7
5 9
5 10
5 11
5 16
5 20
5 22
5 25
5 27
5 29
5 32
5 36
5 41
5 42
5 43
5 46
5 47
5 48
5 49
5 54
5 57
5 58
5 59
5 60
5 61
5 62
5 64
5 66
5 67
5 70
5 73
5 74
5 75
5 81
5 83
5 87
5 88
5 90
5 91
5 92
5 94
5 98
6 12
6 13
6 20
6 22
6 25
6 27
6 28
6 30
6 34
6 35
6 36
6 39
6 41
6 42
6 43
6 44
6 46
6 47
6 48
6 50
6 51
6 57
6 60
6 64
6 65
6 66
6 71
6 72
6 76
6 78
6 79
6 84
6 86
6 89
6 90
6 91
6 93
6 94
6 95
6 97
6 99
7 11
7 18
7 21
7 22
7 23
7 24
7 29
7 30
7 33
7 35
7 36
7 37
7 39
7 45
7 46
7 49
7 50
7 52
7 55
7 64
7 67
7 68
7 70
7 71
7 72
7 78
7 80
7 81
7 83
7 84
7 85
7 86
7 87
7 88
7 89
7 90
7 93
7 96
8 12
8 13
8 14
8 18
8 19
8 21
8 23
8 24
8 28
8 29
8 30
8 37
8 41
8 44
8 47
8 50
8 53
8 55
8 56
8 64
8 72
8 78
8 80
8 85
8 86
8 87
8 88
8 89
8 90
8 95
8 99
9 10
9 11
9 16
9 20
9 28
9 35
9 37
9 40
9 41
9 42
9 44
9 46
9 47
9 50
9 54
9 55
9 58
9 59
9 61
9 63
9 64
9 67
9 68
9 71
9 72
9 75
9 76
9 77
9 79
9 81
9 82
9 84
9 85
9 88
9 90
9 91
9 92
9 93
9 94
9 95
9 97
10 12
10 15
10 20
10 21
10 25
10 26
10 28
10 30
10 32
10 38
10 42
10 48
10 49
10 52
10 53
10 56
10 63
10 65
10 70
10 78
10 81
10 82
10 86
10 87
10 91
11 13
11 14
11 17
11 23
11 24
11 27
11 29
11 30
11 32
11 34
11 36
11 48
11 50
11 51
11 55
11 56
11 62
11 64
11 65
11 69
11 75
11 79
11 80
11 81
11 82
11 83
11 88
11 94
11 97
11 98
12 13
12 14
12 17
12 18
12 20
12 22
12 28
12 30
12 34
12 41
12 43
12 45
12 51
12 52
12 53
12 55
12 57
12 60
12 64
12 70
12 74
12 77
12 80
12 81
12 82
12 87
12 89
12 93
12 94
12 95
12 96
13 15
13 16
13 19
13 22
13 23
13 29
13 30
13 31
13 33
13 39
13 40
13 42
13 47
13 49
13 50
13 53
13 54
13 55
13 58
13 59
13 61
13 62
13 65
13 67
13 68
13 70
13 75
13 79
13 85
13 87
13 89
13 90
13 94
14 15
14 17
14 18
14 23
14 24
14 26
14 28
14 32
14 35
14 37
14 39
14 40
14 44
14 53
14 55
14 57
14 62
14 63
14 64
14 69
14 71
14 72
14 74
14 75
14 78
14 79
14 80
14 81
14 84
14 85
14 86
14 87
14 88
14 89
14 92
14 94
14 95
14 96
15 20
15 21
15 22
15 24
15 25
15 26
15 27
15 29
15 34
15 36
15 37
15 41
15 43
15 44
15 47
15 52
15 56
15 58
15 65
15 68
15 69
15 82
15 86
15 88
15 90
15 94
15 95
15 99
16 18
16 24
16 27
16 29
16 30
16 32
16 37
16 40
16 49
16 52
16 54
16 56
16 60
16 63
16 64
16 66
16 70
16 73
16 74
16 75
16 77
16 80
16 81
16 82
16 86
16 89
16 91
17 18
17 20
17 22
17 23
17 25
17 27
17 29
17 30
17 33
17 35
17 36
17 37
17 39
17 40
17 41
17 42
17 43
17 44
17 45
17 46
17 49
17 51
17 54
17 59
17 61
17 68
17 71
17 73
17 75
17 76
17 77
17 80
17 81
17 82
17 85
17 88
17 95
18 19
18 23
18 27
18 29
18 30
18 33
18 34
18 36
18 38
18 39
18 40
18 43
18 44
18 45
18 46
18 48
18 49
18 50
18 51
18 53
18 54
18 57
18 60
18 61
18 65
18 67
18 68
18 73
18 74
18 77
18 80
18 84
18 85
18 94
18 97
18 99
19 21
19 23
19 29
19 32
19 37
19 42
19 45
19 48
19 50
19 52
19 53
19 54
19 55
19 56
19 57
19 58
19 61
19 62
19 65
19 69
19 72
19 74
19 76
19 77
19 78
19 79
19 80
19 83
19 89
19 90
19 92
19 95
19 98
20 21
20 22
20 23
20 24
20 25
20 30
20 31
20 38
20 41
20 49
20 52
20 56
20 57
20 65
20 66
20 69
20 71
20 72
20 78
20 81
20 82
20 83
20 84
20 87
20 91
20 93
20 94
20 95
20 96
20 98
21 22
21 23
21 28
21 30
21 31
21 35
21 36
21 41
21 43
21 45
21 46
21 52
21 53
21 54
21 56
21 58
21 65
21 70
21 71
21 73
21 75
21 77
21 83
21 85
21 95
21 98
21 99
22 26
22 28
22 30
22 31
22 32
22 36
22 42
22 43
22 48
22 49
22 51
22 55
22 56
22 57
22 58
22 59
22 66
22 68
22 69
22 70
22 71
22 72
22 76
22 77
22 79
22 81
22 83
22 84
22 88
22 89
22 90
22 92
22 95
22 96
22 99
23 30
23 35
23 37
23 38
23 39
23 48
23 54
23 56
23 59
23 61
23 65
23 68
23 69
23 70
23 71
23 72
23 75
23 76
23 80
23 81
23 84
23 87
23 88
23 89
23 90
23 91
23 94
23 98
23 99
24 28
24 32
24 34
24 36
24 37
24 38
24 39
24 40
24 42
24 44
24 45
24 46
24 47
24 48
24 50
24 54
24 58
24 59
24 61
24 62
24 66
24 67
24 71
24 73
24 76
24 80
24 84
24 85
24 86
24 88
24 90
24 91
24 94
24 98
24 99
25 27
25 32
25 33
25 34
25 35
25 38
25 43
25 44
25 46
25 48
25 50
25 55
25 56
25 57
25 58
25 62
25 67
25 68
25 70
25 71
25 72
25 73
25 76
25 77
25 79
25 83
25 85
25 89
25 91
25 92
25 93
25 95
25 98
25 99
26 27
26 29
26 31
26 34
26 36
26 37
26 45
26 46
26 47
26 51
26 52
26 53
26 54
26 56
26 58
26 62
26 65
26 68
26 71
26 73
26 77
26 78
26 79
26 80
26 82
26 83
26 84
26 86
26 87
26 88
26 92
26 93
26 94
26 97
26 98
27 28
27 29
27 30
27 33
27 34
27 35
27 36
27 40
27 46
27 49
27 50
27 53
27 55
27 56
27 57
27 60
27 61
27 63
27 66
27 67
27 68
27 70
27 72
27 73
27 76
27 78
27 79
27 81
27 85
27 87
27 89
27 96
27 97
28 31
28 35
28 39
28 41
28 42
28 47
28 49
28 50
28 51
28 52
28 56
28 58
28 60
28 61
28 66
28 71
28 72
28 74
28 76
28 77
28 87
28 88
28 89
28 93
28 96
28 99
29 33
29 34
29 35
29 36
29 38
29 41
29 44
29 46
29 50
29 52
29 53
29 61
29 62
29 66
29 67
29 69
29 70
29 71
29 72
29 76
29 82
29 83
29 85
29 88
29 94
29 95
29 97
29 99
30 33
30 34
30 35
30 36
30 40
30 42
30 47
30 48
30 50
30 52
30 56
30 58
30 60
30 61
30 66
30 69
30 75
30 78
30 80
30 81
30 82
30 83
30 88
30 93
30 94
30 95
30 97
31 32
31 33
31 37
31 40
31 41
31 43
31 44
31 47
31 48
31 49
31 53
31 54
31 61
31 64
31 69
31 70
31 71
31 72
31 74
31 75
31 81
31 86
31 89
31 91
31 92
31 93
31 97
31 98
32 34
32 36
32 40
32 42
32 43
32 47
32 51
32 53
32 57
32 59
32 62
32 64
32 67
32 70
32 71
32 72
32 74
32 77
32 78
32 81
32 82
32 86
32 87
32 94
32 95
32 96
32 98
33 35
33 39
33 42
33 43
33 44
33 48
33 50
33 55
33 56
33 57
33 62
33 63
33 66
33 67
33 69
33 72
33 78
33 79
33 81
33 83
33 86
33 88
33 89
33 90
33 92
33 93
33 95
33 96
33 98
34 36
34 38
34 41
34 43
34 44
34 47
34 50
34 53
34 57
34 59
34 62
34 67
34 68
34 70
34 71
34 75
34 76
34 78
34 84
34 85
34 86
34 87
34 89
34 94
34 95
34 97
34 99
35 36
35 37
35 40
35 41
35 46
35 47
35 49
35 52
35 53
35 55
35 58
35 59
35 61
35 64
35 65
35 66
35 68
35 69
35 70
35 73
35 77
35 81
35 84
35 86
35 93
35 97
35 98
36 37
36 40
36 41
36 42
36 46
36 48
36 49
36 50
36 51
36 55
36 56
36 58
36 59
36 65
36 66
36 69
36 77
36 79
36 81
36 84
36 86
36 87
36 89
36 92
36 99
37 38
37 40
37 41
37 43
37 49
37 53
37 54
37 55
37 56
37 60
37 61
37 63
37 64
37 65
37 66
37 67
37 68
37 69
37 80
37 81
37 82
37 85
37 87
37 88
37 89
37 90
37 93
37 94
37 97
38 43
38 45
38 46
38 48
38 49
38 51
38 53
38 57
38 61
38 63
38 68
38 73
38 74
38 76
38 78
38 85
38 86
38 87
38 89
38 90
38 92
38 93
38 94
38 95
38 97
38 99
39 40
39 41
39 45
39 48
39 49
39 52
39 55
39 59
39 60
39 62
39 63
39 64
39 65
39 67
39 68
39 70
39 75
39 76
39 82
39 85
39 88
39 89
39 95
40 42
40 43
40 46
40 52
40 53
40 54
40 55
40 56
40 58
40 59
40 60
40 64
40 66
40 67
40 69
40 72
40 74
40 77
40 78
40 79
40 86
40 91
40 94
40 96
41 42
41 46
41 47
41 48
41 50
41 52
41 58
41 59
41 61
41 66
41 67
41 70
41 73
41 74
41 75
41 76
41 77
41 78
41 83
41 84
41 85
41 86
41 88
41 89
41 90
41 92
41 94
41 95
41 96
41 97
41 98
41 99
42 45
42 46
42 48
42 52
42 53
42 54
42 55
42 56
42 57
42 58
42 59
42 62
42 63
42 64
42 68
42 71
42 75
42 77
42 80
42 81
42 83
42 86
42 88
42 91
42 92
42 95
42 96
42 97
42 99
43 44
43 47
43 49
43 53
43 54
43 58
43 60
43 62
43 63
43 64
43 65
43 67
43 72
43 73
43 74
43 75
43 76
43 80
43 84
43 85
43 86
43 88
43 89
43 90
43 91
43 92
43 93
43 95
43 96
43 97
44 49
44 50
44 51
44 55
44 62
44 66
44 68
44 69
44 70
44 77
44 80
44 84
44 88
44 94
44 95
45 46
45 48
45 52
45 55
45 57
45 58
45 59
45 60
45 62
45 65
45 68
45 69
45 70
45 71
45 73
45 76
45 77
45 83
45 84
45 90
45 91
45 95
46 47
46 52
46 55
46 57
46 58
46 59
46 61
46 64
46 74
46 76
46 77
46 78
46 83
46 84
46 86
46 89
47 48
47 49
47 51
47 53
47 55
47 60
47 61
47 62
47 64
47 70
47 72
47 74
47 81
47 82
47 83
47 86
47 95
47 96
47 98
47 99
48 51
48 54
48 56
48 57
48 60
48 62
48 67
48 69
48 71
48 76
48 79
48 83
48 86
48 89
48 90
48 91
48 95
48 96
48 97
48 99
49 50
49 51
49 54
49 55
49 61
49 66
49 68
49 74
49 77
49 78
49 86
49 89
49 90
49 93
49 95
49 97
49 98
50 52
50 55
50 59
50 61
50 62
50 63
50 64
50 65
50 66
50 68
50 69
50 72
50 73
50 76
50 83
50 86
50 91
50 94
50 97
51 52
51 54
51 57
51 60
51 67
51 68
51 69
51 70
51 71
51 72
51 74
51 78
51 88
51 89
51 90
51 92
51 96
51 98
51 99
52 54
52 57
52 60
52 63
52 66
52 67
52 68
52 70
52 73
52 74
52 75
52 80
52 82
52 85
52 90
52 92
52 94
52 97
52 99
53 54
53 56
53 58
53 70
53 73
53 75
53 80
53 82
53 84
53 85
53 86
53 88
53 90
53 91
53 94
53 96
53 97
54 58
54 64
54 65
54 70
54 73
54 75
54 78
54 79
54 82
54 83
54 86
54 87
54 88
54 89
54 93
54 95
54 96
54 97
54 99
55 60
55 63
55 67
55 69
55 70
55 76
55 80
55 81
55 90
55 92
55 93
55 96
55 99
56 57
56 60
56 64
56 65
56 67
56 69
56 70
56 76
56 81
56 82
56 84
56 85
56 87
56 95
56 99
57 59
57 61
57 63
57 65
57 66
57 67
57 68
57 69
57 71
57 73
57 78
57 79
57 80
57 82
57 89
57 95
57 97
57 98
58 60
58 61
58 63
58 66
58 67
58 70
58 71
58 83
58 84
58 85
58 87
58 88
58 89
58 94
58 95
58 96
58 97
59 65
59 67
59 68
59 72
59 74
59 75
59 76
59 81
59 90
59 93
59 94
59 99
60 63
60 64
60 75
60 76
60 81
60 88
60 89
60 92
60 93
60 95
60 96
61 64
61 65
61 68
61 69
61 73
61 76
61 78
61 81
61 82
61 83
61 87
61 96
61 99
62 63
62 64
62 71
62 72
62 76
62 79
62 80
62 84
62 88
62 89
62 90
62 94
62 98
62 99
63 68
63 75
63 77
63 79
63 80
63 81
63 86
63 87
63 88
63 91
63 93
63 96
63 99
64 69
64 73
64 80
64 81
64 82
64 84
64 88
64 91
65 67
65 70
65 72
65 73
65 74
65 75
65 76
65 82
65 86
65 87
65 88
65 89
65 91
65 94
65 95
65 98
66 69
66 70
66 72
66 75
66 78
66 84
66 86
66 88
66 91
66 92
66 93
66 97
67 71
67 72
67 73
67 76
67 78
67 82
67 83
67 84
67 86
67 91
67 93
67 97
67 98
68 69
68 70
68 75
68 76
68 80
68 88
68 90
68 91
68 93
68 96
68 98
69 73
69 78
69 79
69 80
69 83
69 84
69 88
69 95
69 96
69 97
70 71
70 72
70 74
70 76
70 77
70 80
70 82
70 87
70 88
70 91
70 95
70 96
71 73
71 75
71 78
71 79
71 81
71 82
71 84
71 86
71 88
71 89
71 91
71 98
71 99
72 76
72 77
72 79
72 80
72 81
72 83
72 84
72 87
72 88
72 89
72 91
72 92
72 93
72 94
72 95
72 99
73 75
73 77
73 79
73 81
73 83
73 85
73 86
73 87
73 93
73 95
73 96
74 76
74 82
74 86
74 88
74 91
74 92
74 93
74 95
74 96
74 98
75 77
75 80
75 84
75 85
75 86
75 89
75 93
75 94
75 95
75 96
75 98
75 99
76 77
76 79
76 82
76 84
76 87
76 93
76 94
76 95
77 79
77 81
77 82
77 84
77 85
77 86
77 88
77 89
77 90
77 93
77 99
78 82
78 84
78 87
78 89
78 92
78 94
78 95
79 80
79 82
79 84
79 85
79 89
79 92
79 93
80 82
80 85
80 87
80 88
80 93
80 97
80 98
80 99
81 90
81 92
81 97
82 83
82 85
82 86
82 87
82 94
82 95
82 96
82 97
83 84
83 85
83 86
83 87
83 88
83 89
83 95
84 86
84 87
84 91
84 93
84 97
84 99
85 86
85 88
85 91
86 87
86 91
86 92
86 94
87 89
87 91
87 94
87 97
87 98
88 93
88 94
88 99
89 91
89 93
89 94
89 95
89 97
89 98
90 91
90 92
90 94
90 97
90 99
91 95
91 96
91 97
91 98
91 99
92 96
92 97
92 98
93 94
93 98
93 99
94 96
94 97
94 99
95 96
95 98
96 97
96 98
98 99
