0 4
0 5
0 6
0 8
0 9
0 10
0 11
0 13
0 14
0 16
0 19
0 20
0 25
0 26
0 27
0 28
0 30
0 32
0 33
0 34
0 35
0 37
0 40
0 41
0 44
0 46
0 47
0 51
0 52
0 53
0 55
0 56
0 57
0 58
0 59
0 60
0 61
0 65
0 66
0 69
0 70
0 71
0 72
0 74
0 75
0 76
0 77
0 79
0 80
0 84
0 86
0 88
0 90
0 91
0 92
0 93
0 94
0 95
0 96
1 4
1 6
1 8
1 10
1 11
1 12
1 18
1 19
1 21
1 22
1 25
1 31
1 33
1 35
1 38
1 39
1 40
1 41
1 44
1 47
1 48
1 50
1 52
1 55
1 57
1 63
1 64
1 65
1 66
1 67
1 72
1 73
1 79
1 82
1 83
1 89
1 90
1 91
1 92
1 93
1 96
1 97
2 3
2 7
2 8
2 13
2 18
2 19
2 20
2 23
2 24
2 26
2 29
2 30
2 32
2 38
2 40
2 45
2 48
2 49
2 50
2 52
2 54
2 56
2 57
2 58
2 62
2 63
2 64
2 65
2 67
2 69
2 74
2 76
2 77
2 79
2 80
2 81
2 83
2 85
2 86
2 87
2 88
2 89
2 91
2 95
2 97
3 6
3 8
3 9
3 10
3 11
3 13
3 14
3 16
3 17
3 19
3 20
3 21
3 24
3 26
3 28
3 29
3 30
3 34
3 36
3 37
3 38
3 40
3 42
3 44
3 47
3 48
3 49
3 51
3 52
3 54
3 55
3 56
3 58
3 59
3 62
3 65
3 66
3 68
3 72
3 73
3 75
3 76
3 77
3 79
3 81
3 83
3 88
3 90
3 91
3 93
3 94
3 95
3 97
3 98
3 99
4 8
4 9
4 12
4 13
4 14
4 15
4 20
4 21
4 22
4 23
4 24
4 25
4 39
4 41
4 42
4 43
4 45
4 46
4 47
4 49
4 51
4 52
4 54
4 55
4 56
4 57
4 58
4 59
4 60
4 61
4 65
4 68
4 70
4 71
4 73
4 74
4 81
4 82
4 83
4 85
4 86
4 90
4 93
4 97
5 6
5 7
5 9
5 10
5 13
5 14
5 21
5 22
5 24
5 25
5 26
5 29
5 32
5 33
5 34
5 35
5 36
5 37
5 40
5 44
5 47
5 48
5 49
5 50
5 51
5 54
5 55
5 57
5 59
5 63
5 65
5 66
5 72
5 74
5 76
5 77
5 79
5 80
5 83
5 84
5 85
5 90
5 95
5 96
6 8
6 12
6 13
6 14
6 15
6 17
6 18
6 19
6 20
6 22
6 23
6 25
6 26
6 27
6 30
6 32
6 36
6 39
6 42
6 43
6 46
6 48
6 49
6 51
6 52
6 53
6 55
6 58
6 60
6 66
6 67
6 69
6 73
6 74
6 76
6 77
6 78
6 79
6 80
6 86
6 87
6 89
6 90
6 92
6 95
7 8
7 10
7 13
7 16
7 17
7 18
7 23
7 24
7 26
7 29
7 30
7 31
7 32
7 35
7 37
7 39
7 41
7 42
7 43
7 44
7 45
7 47
7 49
7 50
7 51
7 53
7 55
7 57
7 61
7 62
7 63
7 64
7 67
7 68
7 69
7 71
7 72
7 73
7 76
7 77
7 79
7 80
7 81
7 83
7 84
7 87
7 88
7 91
7 93
7 94
7 95
7 98
8 9
8 10
8 14
8 15
8 17
8 18
8 19
8 21
8 22
8 24
8 25
8 27
8 29
8 30
8 31
8 37
8 39
8 42
8 43
8 44
8 46
8 49
8 51
8 52
8 54
8 56
8 58
8 60
8 62
8 63
8 65
8 66
8 69
8 70
8 74
8 75
8 76
8 77
8 78
8 81
8 84
8 85
8 91
8 93
8 97
8 98
9 10
9 11
9 16
9 21
9 22
9 23
9 24
9 25
9 26
9 28
9 29
9 30
9 32
9 34
9 36
9 37
9 39
9 40
9 44
9 52
9 53
9 54
9 56
9 58
9 60
9 61
9 65
9 66
9 68
9 69
9 70
9 71
9 74
9 75
9 80
9 81
9 82
9 83
9 84
9 85
9 87
9 88
9 91
10 13
10 14
10 17
10 21
10 22
10 24
10 25
10 26
10 27
10 28
10 32
10 33
10 35
10 36
10 37
10 44
10 45
10 46
10 48
10 49
10 51
10 52
10 55
10 59
10 60
10 65
10 66
10 68
10 69
10 71
10 72
10 74
10 77
10 81
10 82
10 85
10 86
10 88
10 90
10 92
10 95
10 99
11 12
11 13
11 21
11 23
11 24
11 26
11 27
11 32
11 35
11 36
11 37
11 39
11 40
11 42
11 44
11 45
11 48
11 49
11 51
11 52
11 54
11 56
11 58
11 59
11 60
11 66
11 67
11 68
11 69
11 70
11 72
11 76
11 78
11 80
11 81
11 82
11 83
11 84
11 87
11 89
11 91
11 92
11 93
11 96
11 99
12 16
12 17
12 20
12 22
12 23
12 25
12 26
12 27
12 31
12 33
12 39
12 47
12 49
12 51
12 54
12 56
12 57
12 58
12 59
12 64
12 67
12 68
12 75
12 76
12 77
12 78
12 79
12 80
12 82
12 83
12 85
12 86
12 87
12 90
12 91
12 94
12 96
12 97
13 15
13 16
13 17
13 20
13 23
13 24
13 25
13 26
13 27
13 28
13 29
13 30
13 31
13 33
13 34
13 38
13 39
13 42
13 43
13 45
13 46
13 47
13 48
13 49
13 50
13 55
13 56
13 57
13 59
13 60
13 62
13 65
13 67
13 68
13 70
13 72
13 74
13 77
13 78
13 79
13 83
13 85
13 86
13 88
13 92
13 96
13 97
13 98
14 16
14 17
14 18
14 20
14 21
14 22
14 23
14 25
14 26
14 28
14 29
14 37
14 38
14 39
14 40
14 41
14 45
14 46
14 47
14 48
14 50
14 51
14 54
14 60
14 61
14 63
14 64
14 65
14 68
14 69
14 71
14 74
14 75
14 77
14 78
14 79
14 84
14 86
14 88
14 89
14 93
14 95
14 96
14 98
14 99
15 18
15 19
15 21
15 22
15 23
15 25
15 28
15 29
15 30
15 31
15 32
15 34
15 37
15 38
15 39
15 40
15 43
15 47
15 51
15 56
15 57
15 58
15 60
15 61
15 63
15 65
15 66
15 67
15 68
15 69
15 70
15 72
15 75
15 77
15 81
15 82
15 83
15 84
15 88
15 89
15 92
15 93
15 99
16 19
16 26
16 27
16 32
16 37
16 39
16 40
16 42
16 43
16 46
16 47
16 49
16 51
16 52
16 53
16 54
16 56
16 57
16 58
16 59
16 60
16 64
16 68
16 69
16 70
16 71
16 73
16 75
16 76
16 77
16 81
16 82
16 86
16 88
16 90
16 93
16 94
16 95
16 96
16 97
17 18
17 20
17 22
17 25
17 27
17 28
17 29
17 33
17 34
17 36
17 42
17 44
17 47
17 48
17 50
17 51
17 54
17 55
17 62
17 67
17 68
17 70
17 71
17 72
17 75
17 76
17 77
17 78
17 81
17 83
17 84
17 85
17 87
17 88
17 91
17 93
17 97
17 98
18 20
18 21
18 23
18 24
18 26
18 28
18 29
18 32
18 33
18 34
18 35
18 36
18 39
18 44
18 45
18 46
18 51
18 53
18 55
18 56
18 57
18 59
18 60
18 61
18 65
18 67
18 68
18 69
18 70
18 80
18 81
18 82
18 84
18 85
18 86
18 88
18 90
18 91
18 92
18 93
18 96
18 97
18 98
19 21
19 23
19 24
19 25
19 28
19 33
19 35
19 36
19 43
19 44
19 45
19 47
19 48
19 51
19 53
19 56
19 57
19 64
19 66
19 67
19 68
19 70
19 71
19 74
19 75
19 77
19 79
19 80
19 82
19 83
19 84
19 85
19 87
19 88
19 90
19 91
19 92
19 94
19 98
19 99
20 21
20 22
20 23
20 24
20 25
20 28
20 31
20 33
20 35
20 39
20 42
20 43
20 46
20 47
20 48
20 49
20 50
20 51
20 52
20 54
20 55
20 57
20 58
20 59
20 63
20 65
20 66
20 75
20 78
20 79
20 80
20 81
20 84
20 87
20 91
20 92
20 93
20 95
20 96
20 97
20 98
20 99
21 22
21 26
21 30
21 33
21 36
21 39
21 42
21 44
21 45
21 46
21 47
21 49
21 51
21 55
21 56
21 57
21 58
21 62
21 63
21 64
21 66
21 68
21 70
21 72
21 74
21 75
21 76
21 78
21 83
21 84
21 85
21 86
21 90
21 97
22 23
22 24
22 25
22 26
22 29
22 30
22 32
22 34
22 35
22 37
22 38
22 39
22 45
22 48
22 51
22 54
22 55
22 60
22 61
22 62
22 63
22 64
22 69
22 70
22 72
22 74
22 75
22 76
22 78
22 79
22 81
22 82
22 84
22 85
22 86
22 87
22 88
22 89
22 90
22 94
22 95
22 96
22 97
22 98
23 26
23 27
23 28
23 31
23 35
23 36
23 38
23 39
23 40
23 41
23 43
23 44
23 45
23 50
23 54
23 56
23 59
23 61
23 62
23 64
23 66
23 67
23 68
23 70
23 73
23 75
23 77
23 79
23 82
23 84
23 86
23 88
23 92
23 95
23 96
23 99
24 25
24 26
24 28
24 29
24 30
24 33
24 43
24 45
24 47
24 51
24 53
24 54
24 55
24 59
24 61
24 63
24 64
24 65
24 66
24 67
24 72
24 75
24 77
24 78
24 80
24 81
24 84
24 86
24 87
24 88
24 91
24 95
24 96
25 26
25 29
25 30
25 32
25 34
25 35
25 36
25 39
25 41
25 43
25 44
25 46
25 48
25 49
25 51
25 53
25 54
25 55
25 60
25 61
25 62
25 67
25 74
25 75
25 76
25 77
25 80
25 81
25 83
25 86
25 88
25 89
25 90
25 91
25 93
25 95
25 99
26 30
26 32
26 34
26 39
26 41
26 42
26 43
26 44
26 45
26 47
26 48
26 49
26 51
26 52
26 53
26 54
26 55
26 56
26 59
26 66
26 68
26 69
26 71
26 72
26 74
26 75
26 77
26 78
26 80
26 82
26 83
26 86
26 88
26 89
26 91
26 92
26 93
26 96
26 97
26 98
26 99
27 28
27 30
27 34
27 38
27 39
27 41
27 42
27 43
27 51
27 52
27 53
27 54
27 55
27 57
27 63
27 64
27 65
27 66
27 67
27 70
27 74
27 75
27 77
27 79
27 80
27 81
27 84
27 85
27 86
27 87
27 90
27 91
27 92
27 93
27 95
27 96
27 97
27 98
27 99
28 29
28 30
28 31
28 32
28 33
28 38
28 39
28 43
28 46
28 48
28 49
28 50
28 54
28 56
28 57
28 58
28 59
28 60
28 61
28 64
28 65
28 69
28 70
28 71
28 73
28 74
28 75
28 79
28 80
28 81
28 82
28 87
28 89
28 91
28 95
28 99
29 30
29 32
29 34
29 35
29 36
29 37
29 40
29 44
29 45
29 54
29 57
29 60
29 61
29 62
29 63
29 65
29 66
29 67
29 68
29 69
29 71
29 81
29 83
29 88
29 89
29 91
29 94
29 95
29 97
29 98
30 31
30 34
30 36
30 39
30 42
30 45
30 49
30 51
30 54
30 58
30 59
30 60
30 61
30 63
30 64
30 65
30 67
30 68
30 70
30 71
30 72
30 74
30 77
30 78
30 79
30 81
30 84
30 85
30 90
30 94
30 97
31 37
31 39
31 41
31 43
31 44
31 45
31 46
31 48
31 50
31 51
31 53
31 54
31 55
31 57
31 58
31 60
31 61
31 62
31 64
31 67
31 69
31 71
31 74
31 75
31 76
31 78
31 79
31 81
31 83
31 84
31 86
31 87
31 93
31 95
31 97
31 98
31 99
32 36
32 37
32 38
32 39
32 40
32 41
32 43
32 45
32 46
32 52
32 53
32 59
32 60
32 61
32 62
32 63
32 65
32 66
32 68
32 69
32 70
32 74
32 75
32 77
32 78
32 79
32 80
32 85
32 86
32 88
32 89
32 90
32 92
32 96
32 97
33 35
33 37
33 38
33 40
33 42
33 43
33 44
33 47
33 49
33 51
33 52
33 53
33 54
33 56
33 57
33 64
33 65
33 66
33 69
33 70
33 71
33 72
33 73
33 74
33 75
33 77
33 79
33 80
33 81
33 82
33 83
33 84
33 86
33 87
33 88
33 90
33 92
33 93
33 96
33 97
33 99
34 35
34 36
34 39
34 40
34 46
34 47
34 48
34 51
34 52
34 54
34 55
34 57
34 58
34 61
34 63
34 67
34 70
34 75
34 78
34 79
34 82
34 84
34 85
34 92
34 93
34 95
35 39
35 43
35 45
35 46
35 47
35 48
35 50
35 52
35 54
35 55
35 57
35 60
35 61
35 62
35 64
35 69
35 70
35 72
35 77
35 81
35 83
35 88
35 94
35 98
36 38
36 39
36 44
36 45
36 49
36 56
36 57
36 60
36 61
36 62
36 64
36 66
36 67
36 71
36 73
36 75
36 78
36 79
36 80
36 81
36 82
36 83
36 84
36 85
36 86
36 91
36 94
36 95
36 96
36 98
37 38
37 39
37 42
37 43
37 44
37 46
37 48
37 49
37 52
37 54
37 58
37 59
37 60
37 61
37 62
37 63
37 64
37 65
37 67
37 68
37 69
37 70
37 72
37 74
37 76
37 77
37 78
37 79
37 80
37 83
37 84
37 85
37 86
37 87
37 91
37 92
37 94
37 96
37 97
37 98
38 39
38 40
38 43
38 47
38 48
38 49
38 50
38 53
38 55
38 56
38 59
38 61
38 62
38 63
38 64
38 70
38 71
38 72
38 73
38 74
38 75
38 83
38 84
38 85
38 86
38 87
38 90
38 91
38 94
38 97
38 98
38 99
39 42
39 43
39 46
39 48
39 50
39 51
39 52
39 57
39 59
39 60
39 61
39 64
39 65
39 69
39 70
39 76
39 77
39 78
39 80
39 81
39 82
39 83
39 86
39 89
39 91
39 92
39 93
39 94
39 97
39 99
40 42
40 44
40 45
40 46
40 49
40 52
40 53
40 54
40 63
40 64
40 67
40 68
40 71
40 72
40 73
40 77
40 79
40 80
40 81
40 82
40 84
40 86
40 89
40 91
40 92
40 93
40 94
41 45
41 49
41 51
41 53
41 55
41 56
41 57
41 59
41 60
41 61
41 64
41 66
41 67
41 68
41 71
41 75
41 76
41 79
41 84
41 86
41 87
41 89
41 91
41 93
41 94
41 96
41 98
41 99
42 44
42 48
42 49
42 50
42 51
42 53
42 54
42 55
42 56
42 57
42 58
42 62
42 63
42 69
42 70
42 71
42 74
42 76
42 77
42 79
42 82
42 83
42 87
42 88
42 89
42 96
42 97
42 98
42 99
43 44
43 46
43 48
43 49
43 50
43 57
43 59
43 63
43 64
43 65
43 70
43 74
43 76
43 83
43 87
43 90
43 92
43 94
43 95
43 96
43 97
43 99
44 45
44 46
44 47
44 51
44 53
44 55
44 56
44 59
44 60
44 63
44 64
44 65
44 66
44 67
44 68
44 71
44 72
44 74
44 75
44 76
44 78
44 79
44 81
44 82
44 84
44 87
44 88
44 91
44 93
44 95
44 96
44 98
44 99
45 46
45 47
45 52
45 53
45 54
45 56
45 58
45 59
45 60
45 61
45 63
45 67
45 69
45 71
45 76
45 78
45 79
45 81
45 85
45 86
45 89
45 94
45 96
45 99
46 47
46 48
46 52
46 54
46 56
46 57
46 59
46 60
46 61
46 63
46 64
46 66
46 68
46 72
46 73
46 74
46 76
46 79
46 82
46 86
46 89
46 91
46 92
46 93
46 95
46 96
46 98
47 49
47 50
47 51
47 59
47 60
47 64
47 65
47 66
47 68
47 69
47 70
47 72
47 74
47 76
47 77
47 78
47 79
47 81
47 83
47 84
47 85
47 86
47 88
47 89
47 93
47 96
47 98
47 99
48 51
48 52
48 56
48 58
48 60
48 61
48 62
48 65
48 69
48 70
48 71
48 72
48 74
48 75
48 77
48 78
48 79
48 81
48 83
48 84
48 85
48 87
48 89
48 90
48 94
48 96
48 97
48 98
49 50
49 53
49 54
49 55
49 57
49 58
49 59
49 61
49 65
49 66
49 82
49 83
49 91
49 92
49 94
49 99
50 52
50 53
50 54
50 55
50 56
50 57
50 59
50 60
50 61
50 62
50 63
50 65
50 66
50 67
50 69
50 70
50 71
50 73
50 75
50 77
50 79
50 83
50 86
50 88
50 89
50 90
50 91
50 92
50 93
50 95
50 96
50 98
51 53
51 54
51 55
51 57
51 70
51 75
51 76
51 77
51 81
51 83
51 86
51 92
51 98
52 53
52 54
52 55
52 56
52 57
52 59
52 60
52 61
52 62
52 64
52 65
52 67
52 69
52 70
52 72
52 73
52 75
52 78
52 79
52 81
52 83
52 85
52 87
52 88
52 92
52 93
52 94
53 54
53 57
53 58
53 59
53 60
53 64
53 65
53 66
53 67
53 68
53 69
53 70
53 72
53 76
53 79
53 84
53 85
53 89
53 92
53 95
53 97
53 98
53 99
54 56
54 57
54 58
54 59
54 63
54 65
54 67
54 68
54 69
54 70
54 71
54 73
54 76
54 78
54 80
54 81
54 82
54 83
54 84
54 89
54 90
54 94
54 95
54 97
55 57
55 58
55 59
55 62
55 63
55 65
55 66
55 67
55 68
55 69
55 71
55 75
55 76
55 78
55 79
55 80
55 82
55 83
55 85
55 86
55 90
55 91
55 94
55 95
55 97
56 57
56 58
56 59
56 60
56 62
56 66
56 71
56 72
56 73
56 74
56 75
56 76
56 78
56 83
56 84
56 85
56 87
56 88
56 92
56 95
56 97
56 98
56 99
57 58
57 59
57 60
57 66
57 68
57 77
57 78
57 79
57 81
57 82
57 92
57 93
57 96
57 97
57 98
57 99
58 60
58 66
58 68
58 69
58 73
58 75
58 76
58 78
58 83
58 84
58 85
58 86
58 87
58 88
58 91
58 94
58 95
58 96
58 97
58 98
58 99
59 60
59 61
59 63
59 64
59 66
59 69
59 71
59 72
59 73
59 79
59 84
59 85
59 87
59 88
59 89
59 90
59 91
59 95
59 96
59 99
60 62
60 63
60 65
60 69
60 70
60 74
60 76
60 80
60 82
60 84
60 85
60 86
60 87
60 89
60 90
60 91
60 92
60 93
60 94
60 96
61 63
61 65
61 66
61 67
61 68
61 72
61 74
61 75
61 77
61 78
61 80
61 83
61 85
61 89
61 90
61 91
61 93
61 99
62 66
62 67
62 69
62 70
62 71
62 73
62 74
62 76
62 78
62 80
62 81
62 82
62 83
62 85
62 87
62 89
62 91
62 92
62 95
62 97
62 98
62 99
63 67
63 68
63 69
63 78
63 80
63 81
63 85
63 86
63 87
63 88
63 89
63 90
63 91
63 92
63 93
63 95
63 97
64 65
64 67
64 70
64 72
64 76
64 77
64 78
64 79
64 82
64 84
64 85
64 86
64 87
64 90
64 96
65 67
65 68
65 69
65 70
65 71
65 73
65 74
65 75
65 76
65 77
65 80
65 81
65 82
65 85
65 86
65 87
65 89
65 90
65 91
65 92
65 96
66 68
66 71
66 73
66 76
66 77
66 78
66 79
66 83
66 85
66 91
66 93
66 94
66 96
66 98
67 69
67 71
67 72
67 73
67 74
67 75
67 77
67 78
67 81
67 84
67 85
67 87
67 89
67 94
67 95
67 98
67 99
68 71
68 74
68 75
68 76
68 77
68 78
68 79
68 81
68 83
68 85
68 86
68 87
68 88
68 89
68 90
68 92
68 95
68 99
69 71
69 72
69 73
69 74
69 75
69 77
69 78
69 83
69 84
69 87
69 88
69 91
69 92
69 93
69 94
69 95
69 96
69 98
70 71
70 75
70 78
70 79
70 82
70 84
70 87
70 90
70 92
70 94
70 96
70 97
70 98
71 72
71 74
71 76
71 77
71 78
71 79
71 86
71 87
71 88
71 89
71 91
71 92
71 94
71 95
71 96
71 98
72 73
72 77
72 78
72 81
72 86
72 89
72 93
72 95
72 97
73 74
73 75
73 77
73 80
73 83
73 85
73 91
73 92
73 93
73 95
74 76
74 78
74 79
74 80
74 81
74 82
74 84
74 87
74 89
74 91
74 92
74 99
75 77
75 78
75 83
75 84
75 85
75 87
75 92
75 95
75 96
75 97
76 77
76 78
76 82
76 83
76 84
76 86
76 88
76 89
76 90
76 92
76 94
76 95
76 99
77 79
77 82
77 83
77 84
77 87
77 89
77 90
77 92
77 95
77 97
77 98
77 99
78 80
78 81
78 84
78 85
78 86
78 87
78 89
78 92
78 93
78 96
78 97
78 99
79 84
79 88
79 89
79 92
79 93
79 95
79 96
79 97
79 99
80 81
80 82
80 83
80 89
80 91
80 92
80 94
80 95
80 96
80 97
80 98
80 99
81 85
81 86
81 87
81 89
81 91
81 97
81 98
82 86
82 91
82 92
82 93
82 94
82 97
83 85
83 88
83 89
83 90
83 91
83 92
83 93
84 86
84 92
84 93
84 96
85 90
85 93
85 96
85 97
85 98
85 99
86 87
86 88
86 89
86 91
86 94
86 97
86 99
87 89
87 90
87 92
87 93
87 94
87 95
87 96
87 97
87 99
88 89
88 90
88 91
88 94
88 95
88 96
88 97
88 98
89 91
89 93
89 95
89 96
89 97
90 92
90 94
90 95
90 97
90 98
90 99
91 92
91 93
91 94
91 96
91 98
92 93
92 95
92 99
93 95
93 96
93 98
93 99
95 97
96 97
96 98
97 98
97 99
