0 8
0 11
0 14
0 19
0 21
0 27
0 28
0 33
0 36
0 45
0 48
0 56
0 65
0 80
0 81
0 82
0 83
0 90
0 93
0 95
0 98
1 5
1 10
1 17
1 20
1 23
1 24
1 36
1 37
1 41
1 52
1 55
1 57
1 59
1 61
1 64
1 70
1 74
1 76
1 84
1 95
1 99
2 4
2 15
2 18
2 20
2 23
2 28
2 34
2 37
2 40
2 46
2 52
2 56
2 58
2 78
2 81
2 87
2 91
2 93
2 97
3 5
3 6
3 14
3 15
3 17
3 25
3 26
3 32
3 41
3 54
3 62
3 64
3 65
3 74
3 76
3 77
3 78
3 83
3 88
3 92
3 93
4 9
4 12
4 15
4 17
4 33
4 34
4 35
4 37
4 42
4 51
4 60
4 61
4 71
4 72
4 75
4 86
4 93
4 94
5 9
5 11
5 14
5 16
5 25
5 34
5 36
5 39
5 46
5 52
5 66
5 67
5 70
5 76
5 80
5 89
5 90
6 11
6 15
6 21
6 22
6 36
6 38
6 39
6 46
6 62
6 70
6 75
6 80
6 85
6 87
6 91
6 92
6 95
7 10
7 11
7 14
7 15
7 23
7 28
7 31
7 34
7 38
7 40
7 44
7 46
7 62
7 71
7 74
7 77
7 89
7 91
8 44
8 50
8 52
8 56
8 62
8 66
8 74
8 80
8 84
8 86
8 89
8 96
9 11
9 15
9 16
9 17
9 34
9 38
9 42
9 46
9 49
9 50
9 57
9 67
9 68
9 75
9 78
9 86
9 88
9 92
9 93
9 95
10 11
10 21
10 43
10 47
10 52
10 53
10 76
10 81
10 82
10 84
10 85
10 87
10 89
10 93
10 98
11 24
11 29
11 31
11 44
11 55
11 57
11 64
11 70
11 73
11 82
11 88
11 90
11 92
11 93
11 94
12 17
12 18
12 26
12 33
12 38
12 45
12 49
12 55
12 56
12 60
12 77
12 84
12 88
12 92
12 98
13 14
13 23
13 25
13 27
13 33
13 48
13 57
13 68
13 73
13 77
13 78
13 83
13 86
13 89
13 91
14 15
14 39
14 41
14 46
14 47
14 70
14 74
14 75
14 77
14 78
14 95
14 97
15 20
15 22
15 29
15 41
15 47
15 49
15 50
15 51
15 54
15 66
15 77
15 78
15 85
15 92
15 97
15 98
16 21
16 23
16 26
16 33
16 38
16 57
16 62
16 71
16 75
16 80
16 81
16 89
16 90
16 92
16 99
17 20
17 23
17 24
17 26
17 32
17 43
17 46
17 47
17 48
17 53
17 56
17 59
17 75
17 77
17 82
17 83
17 87
17 89
17 91
17 92
17 98
18 25
18 27
18 28
18 30
18 38
18 48
18 50
18 59
18 64
18 69
18 72
18 76
18 84
18 99
19 22
19 34
19 39
19 40
19 41
19 48
19 49
19 52
19 58
19 65
19 71
19 81
19 82
20 32
20 34
20 36
20 42
20 48
20 53
20 54
20 56
20 58
20 59
20 61
20 72
20 81
20 87
20 88
20 91
20 92
21 26
21 35
21 36
21 39
21 42
21 43
21 70
21 72
21 79
21 96
21 97
22 26
22 28
22 31
22 34
22 36
22 38
22 40
22 54
22 55
22 60
22 67
22 72
22 78
22 79
22 80
22 88
22 90
22 93
22 95
22 99
23 31
23 57
23 60
23 67
23 77
23 79
23 83
23 88
23 91
23 97
24 31
24 33
24 35
24 41
24 43
24 48
24 52
24 55
24 56
24 59
24 65
24 75
24 76
24 81
24 83
24 84
24 92
24 94
25 28
25 29
25 32
25 33
25 34
25 37
25 39
25 50
25 54
25 56
25 57
25 59
25 63
25 66
25 72
25 75
25 77
25 83
25 84
25 85
25 91
25 94
25 96
26 29
26 35
26 39
26 42
26 53
26 54
26 65
26 66
26 68
26 72
26 83
26 87
26 99
27 34
27 35
27 36
27 71
27 76
27 83
27 84
27 85
27 93
27 96
28 37
28 40
28 53
28 68
28 73
28 75
28 80
28 87
28 89
28 94
29 38
29 40
29 41
29 43
29 56
29 65
29 73
29 75
30 40
30 58
30 61
30 65
30 67
30 72
30 75
30 78
30 80
30 85
30 90
30 91
30 95
30 97
31 33
31 35
31 36
31 42
31 52
31 53
31 55
31 61
31 64
31 68
31 69
31 70
31 71
31 74
31 88
31 95
32 35
32 44
32 48
32 49
32 52
32 56
32 71
32 73
32 81
32 82
32 84
32 86
32 88
32 90
32 91
32 96
33 38
33 42
33 43
33 50
33 55
33 56
33 64
33 66
33 71
33 72
33 77
33 79
33 85
33 93
33 99
34 46
34 51
34 52
34 53
34 63
34 65
34 73
34 78
34 85
34 86
34 93
34 94
34 95
35 46
35 57
35 62
35 65
35 80
35 90
35 93
35 96
35 99
36 40
36 44
36 45
36 49
36 50
36 58
36 67
36 69
36 79
36 85
36 87
37 44
37 50
37 51
37 54
37 57
37 64
37 75
37 82
37 83
37 86
37 97
38 39
38 41
38 42
38 44
38 47
38 51
38 56
38 62
38 64
38 67
38 68
38 69
38 85
38 89
38 94
38 98
38 99
39 44
39 45
39 48
39 56
39 57
39 59
39 61
39 62
39 72
39 86
39 89
40 59
40 60
40 62
40 63
40 65
40 70
40 74
40 78
40 89
40 93
40 94
40 96
40 97
41 43
41 49
41 53
41 54
41 63
41 67
41 83
41 89
41 92
41 99
42 48
42 49
42 64
42 73
42 77
42 80
42 87
42 91
42 95
42 98
43 46
43 53
43 67
43 68
43 71
43 72
43 75
43 86
43 88
43 92
44 45
44 54
44 56
44 58
44 65
44 66
44 70
44 75
44 79
44 87
44 97
44 98
45 47
45 52
45 53
45 60
45 61
45 66
45 70
45 71
45 73
45 81
45 84
45 88
45 98
46 54
46 55
46 58
46 76
46 80
46 90
46 91
47 56
47 59
47 62
47 65
47 69
47 79
47 80
47 88
47 89
47 92
47 96
48 54
48 56
48 57
48 59
48 68
48 74
48 77
48 78
48 85
48 91
48 93
48 97
49 55
49 62
49 67
49 70
49 78
49 86
49 87
49 89
49 92
49 95
50 60
50 61
50 69
50 70
50 72
50 73
50 74
50 78
50 84
50 85
50 87
50 92
50 93
51 58
51 63
51 65
51 66
51 76
51 79
51 85
51 88
51 97
51 98
52 54
52 55
52 59
52 62
52 69
52 71
52 73
52 78
52 81
52 83
53 59
53 61
53 62
53 64
53 75
53 82
53 84
53 89
53 94
54 56
54 67
54 75
54 85
55 57
55 69
55 72
55 78
55 79
55 87
56 60
56 66
56 71
56 75
56 79
56 82
56 85
56 89
57 61
57 63
57 65
57 68
57 69
57 75
57 81
57 83
57 88
57 98
58 67
58 80
58 82
58 91
58 94
58 95
59 65
59 77
59 81
59 90
59 96
60 63
60 67
60 71
60 77
60 81
60 82
60 83
60 86
60 99
61 63
61 66
61 70
61 71
61 72
61 80
61 82
61 95
61 97
62 64
62 67
62 76
62 79
62 82
62 87
62 96
63 66
63 67
63 74
63 82
63 86
63 88
63 90
63 92
63 98
64 66
64 68
64 70
64 81
64 84
64 88
64 92
65 70
65 73
65 75
65 76
65 78
65 84
65 87
65 94
65 97
66 72
66 74
66 81
66 82
66 84
66 95
67 69
67 70
67 72
67 73
67 82
67 91
67 92
67 93
67 95
67 97
68 86
68 87
69 72
69 76
69 77
69 82
69 88
70 73
71 72
71 73
71 84
71 88
71 89
71 91
71 94
71 99
72 75
72 81
72 87
72 89
72 99
73 78
73 94
73 96
73 98
74 77
75 79
75 84
75 86
76 80
76 89
77 78
77 82
77 91
78 87
78 88
78 90
78 92
78 93
78 99
79 80
79 84
79 85
79 86
79 90
79 95
79 96
80 86
80 93
80 96
80 97
81 86
81 90
81 92
81 94
81 95
82 85
82 94
83 96
83 99
84 89
85 87
85 90
85 91
85 98
86 87
86 89
86 91
86 98
86 99
87 89
87 95
87 98
89 96
90 92
90 96
91 94
91 97
91 99
92 98
93 96
94 96
95 98
95 99
96 98
