0 2
0 8
0 12
0 13
0 14
0 18
0 19
0 20
0 21
0 24
0 26
0 28
0 30
0 32
0 39
0 43
0 49
0 55
0 61
0 63
0 67
0 69
0 71
0 72
0 80
0 86
0 90
0 93
0 94
0 95
1 9
1 10
1 13
1 15
1 16
1 17
1 18
1 20
1 21
1 25
1 29
1 30
1 32
1 40
1 43
1 50
1 51
1 58
1 61
1 67
1 69
1 76
1 78
1 80
1 86
1 87
1 90
1 94
1 99
2 10
2 11
2 13
2 14
2 17
2 22
2 23
2 26
2 40
2 56
2 60
2 62
2 63
2 64
2 78
2 80
2 85
2 89
2 91
2 92
2 96
2 97
3 6
3 9
3 11
3 13
3 15
3 16
3 17
3 19
3 22
3 28
3 29
3 32
3 33
3 38
3 40
3 45
3 50
3 55
3 57
3 62
3 66
3 69
3 70
3 71
3 74
3 79
3 80
3 81
3 85
3 86
3 89
3 91
3 93
3 94
3 96
3 97
4 5
4 9
4 10
4 20
4 28
4 38
4 39
4 40
4 41
4 42
4 43
4 46
4 50
4 51
4 55
4 57
4 58
4 64
4 66
4 67
4 71
4 79
4 80
4 82
4 84
5 6
5 7
5 10
5 14
5 20
5 38
5 41
5 42
5 43
5 50
5 54
5 55
5 60
5 61
5 65
5 67
5 69
5 73
5 74
5 76
5 78
5 80
5 83
5 92
5 93
5 94
5 95
6 7
6 8
6 10
6 12
6 14
6 16
6 19
6 21
6 30
6 33
6 36
6 41
6 43
6 48
6 53
6 54
6 55
6 59
6 62
6 66
6 67
6 68
6 80
6 82
6 87
6 89
6 92
6 97
6 98
6 99
7 8
7 11
7 13
7 17
7 19
7 24
7 25
7 31
7 33
7 34
7 41
7 42
7 47
7 50
7 51
7 58
7 61
7 62
7 63
7 64
7 74
7 77
7 85
7 86
7 88
7 94
7 95
8 11
8 12
8 18
8 24
8 26
8 27
8 29
8 33
8 34
8 35
8 41
8 44
8 46
8 56
8 57
8 60
8 62
8 63
8 72
8 73
8 75
8 83
8 84
8 86
8 92
9 14
9 15
9 17
9 23
9 25
9 28
9 35
9 40
9 41
9 42
9 48
9 50
9 52
9 53
9 64
9 69
9 70
9 71
9 74
9 83
9 87
9 92
9 96
9 99
10 11
10 12
10 16
10 18
10 23
10 24
10 27
10 31
10 33
10 36
10 41
10 44
10 53
10 56
10 57
10 58
10 59
10 63
10 72
10 76
10 77
10 85
10 88
10 89
10 92
10 93
10 94
11 16
11 24
11 26
11 28
11 29
11 32
11 34
11 36
11 39
11 43
11 47
11 52
11 53
11 54
11 57
11 63
11 64
11 66
11 68
11 69
11 70
11 71
11 72
11 80
11 93
11 94
11 96
11 97
12 19
12 22
12 24
12 34
12 40
12 49
12 51
12 52
12 53
12 54
12 55
12 63
12 66
12 68
12 74
12 76
12 77
12 78
12 79
12 80
12 82
12 85
12 98
13 14
13 15
13 20
13 21
13 22
13 31
13 32
13 48
13 54
13 60
13 62
13 67
13 75
13 82
13 87
13 91
13 93
13 95
14 15
14 22
14 23
14 27
14 29
14 30
14 34
14 35
14 37
14 38
14 39
14 42
14 47
14 54
14 55
14 58
14 61
14 64
14 66
14 69
14 70
14 76
14 79
14 90
14 91
14 97
14 98
14 99
15 16
15 20
15 24
15 29
15 31
15 39
15 44
15 45
15 46
15 48
15 53
15 54
15 58
15 68
15 72
15 73
15 75
15 84
15 85
15 88
15 89
15 91
15 92
15 96
16 17
16 20
16 21
16 22
16 26
16 27
16 29
16 30
16 34
16 36
16 37
16 40
16 41
16 48
16 49
16 56
16 58
16 59
16 64
16 65
16 67
16 68
16 69
16 70
16 73
16 81
16 85
16 88
16 89
16 96
16 97
16 98
17 23
17 32
17 38
17 39
17 57
17 60
17 61
17 64
17 66
17 68
17 69
17 73
17 76
17 77
17 78
17 80
17 83
17 84
17 86
17 90
17 92
17 96
17 99
18 21
18 22
18 27
18 33
18 34
18 38
18 42
18 43
18 45
18 48
18 55
18 56
18 60
18 62
18 64
18 65
18 71
18 75
18 78
18 79
18 81
18 82
18 87
18 88
18 89
18 91
18 99
19 33
19 41
19 42
19 43
19 44
19 46
19 48
19 49
19 50
19 61
19 69
19 73
19 86
19 88
19 89
19 90
19 92
19 93
20 22
20 24
20 30
20 41
20 46
20 49
20 50
20 51
20 56
20 57
20 58
20 64
20 67
20 71
20 72
20 73
20 74
20 76
20 78
20 79
20 80
20 87
20 90
20 92
20 95
20 96
20 98
21 29
21 31
21 35
21 38
21 39
21 44
21 45
21 48
21 55
21 59
21 61
21 62
21 66
21 67
21 68
21 74
21 75
21 81
21 87
21 89
21 96
22 24
22 42
22 44
22 45
22 47
22 56
22 58
22 59
22 61
22 62
22 63
22 64
22 67
22 68
22 69
22 71
22 72
22 74
22 79
22 83
22 86
22 97
22 99
23 24
23 26
23 32
23 35
23 38
23 46
23 49
23 57
23 58
23 61
23 62
23 65
23 68
23 73
23 75
23 76
23 86
23 87
23 90
23 92
23 95
23 96
24 27
24 28
24 29
24 31
24 33
24 45
24 46
24 48
24 59
24 66
24 67
24 70
24 73
24 77
24 82
24 83
24 88
24 95
24 97
25 26
25 27
25 28
25 36
25 46
25 47
25 49
25 51
25 52
25 53
25 54
25 57
25 58
25 59
25 60
25 61
25 68
25 74
25 78
25 79
25 80
25 81
25 87
25 94
26 36
26 38
26 39
26 44
26 45
26 48
26 49
26 54
26 56
26 65
26 70
26 81
26 82
26 91
26 92
26 96
27 30
27 34
27 35
27 39
27 44
27 46
27 49
27 50
27 52
27 54
27 61
27 71
27 72
27 74
27 75
27 88
27 91
27 92
27 97
27 99
28 29
28 30
28 32
28 33
28 36
28 38
28 44
28 48
28 51
28 53
28 57
28 58
28 63
28 68
28 71
28 74
28 77
28 80
28 85
28 88
28 90
28 91
28 98
29 34
29 40
29 41
29 42
29 48
29 53
29 54
29 55
29 57
29 59
29 62
29 63
29 70
29 73
29 74
29 80
29 83
29 88
29 93
30 33
30 39
30 40
30 42
30 49
30 50
30 52
30 53
30 55
30 57
30 58
30 59
30 61
30 65
30 71
30 72
30 73
30 74
30 75
30 80
30 93
30 97
30 98
30 99
31 33
31 35
31 36
31 42
31 50
31 51
31 54
31 55
31 57
31 60
31 61
31 63
31 64
31 68
31 69
31 70
31 71
31 76
31 81
31 83
31 87
31 89
31 91
31 95
31 98
32 33
32 37
32 39
32 43
32 44
32 45
32 46
32 54
32 55
32 62
32 64
32 68
32 70
32 71
32 79
32 81
32 82
32 93
32 96
32 97
32 98
33 34
33 35
33 36
33 38
33 40
33 44
33 49
33 50
33 52
33 56
33 58
33 73
33 78
33 80
33 83
33 86
33 89
33 90
33 91
34 39
34 40
34 41
34 44
34 46
34 50
34 53
34 55
34 56
34 57
34 61
34 63
34 64
34 69
34 75
34 81
34 82
34 83
34 84
34 86
34 89
34 93
34 94
34 96
34 99
35 36
35 39
35 40
35 53
35 54
35 55
35 59
35 61
35 62
35 63
35 64
35 74
35 80
35 81
35 86
35 89
35 90
35 93
35 95
36 38
36 40
36 45
36 46
36 52
36 59
36 61
36 62
36 64
36 65
36 67
36 70
36 72
36 75
36 89
36 93
36 95
37 42
37 51
37 54
37 55
37 58
37 62
37 65
37 69
37 73
37 74
37 77
37 82
37 83
37 85
37 94
37 96
38 41
38 45
38 48
38 54
38 55
38 57
38 64
38 65
38 66
38 71
38 77
38 79
38 80
38 86
38 87
38 92
38 95
39 41
39 57
39 59
39 66
39 69
39 74
39 79
39 85
39 98
39 99
40 43
40 45
40 49
40 51
40 55
40 59
40 61
40 70
40 72
40 77
40 81
40 85
40 86
40 87
40 90
40 95
40 98
40 99
41 44
41 55
41 57
41 58
41 61
41 63
41 64
41 68
41 70
41 74
41 75
41 78
41 79
41 80
41 82
41 91
41 94
42 43
42 46
42 47
42 48
42 50
42 52
42 53
42 58
42 61
42 62
42 63
42 68
42 71
42 74
42 87
42 89
42 90
42 93
42 95
43 46
43 52
43 54
43 55
43 59
43 61
43 64
43 66
43 70
43 75
43 77
43 80
43 92
43 94
43 95
43 96
43 97
43 98
44 47
44 58
44 59
44 60
44 62
44 63
44 69
44 73
44 79
44 84
44 85
44 87
44 90
44 91
44 92
45 50
45 55
45 57
45 58
45 59
45 61
45 63
45 64
45 70
45 71
45 78
45 79
45 83
45 85
45 88
45 95
46 47
46 48
46 50
46 52
46 53
46 54
46 56
46 57
46 63
46 67
46 71
46 72
46 73
46 85
46 86
46 99
47 48
47 49
47 52
47 53
47 54
47 56
47 60
47 61
47 66
47 67
47 68
47 69
47 70
47 71
47 73
47 76
47 79
47 81
47 82
47 84
47 87
47 88
47 94
47 96
47 97
48 49
48 50
48 53
48 54
48 55
48 56
48 58
48 61
48 63
48 64
48 67
48 68
48 70
48 73
48 75
48 76
48 80
48 82
48 93
48 95
48 96
49 54
49 55
49 68
49 70
49 71
49 74
49 75
49 76
49 79
49 82
49 84
49 85
49 86
49 89
49 91
49 92
49 94
49 98
49 99
50 51
50 53
50 55
50 58
50 60
50 63
50 68
50 70
50 71
50 72
50 73
50 78
50 83
50 86
50 92
50 93
50 96
51 55
51 57
51 58
51 59
51 67
51 69
51 72
51 82
51 83
51 85
51 87
51 88
51 89
51 90
51 91
51 92
51 93
51 95
51 99
52 54
52 55
52 61
52 63
52 64
52 80
52 85
52 86
52 89
53 54
53 57
53 62
53 64
53 65
53 71
53 72
53 73
53 75
53 77
53 79
53 83
53 87
53 90
53 94
53 99
54 56
54 59
54 60
54 62
54 69
54 70
54 72
54 74
54 77
54 80
54 81
54 82
54 84
54 91
54 95
54 98
55 58
55 59
55 60
55 64
55 66
55 70
55 77
55 78
55 82
55 84
55 85
55 87
55 88
55 89
55 90
55 94
55 96
56 58
56 59
56 60
56 64
56 65
56 73
56 84
56 85
56 86
56 91
56 92
56 94
56 98
57 58
57 62
57 63
57 64
57 71
57 73
57 76
57 84
57 94
57 95
57 98
58 59
58 60
58 63
58 68
58 69
58 71
58 73
58 74
58 75
58 80
58 81
58 84
58 94
59 61
59 65
59 68
59 69
59 76
59 78
59 80
59 83
59 85
59 86
59 87
59 88
59 90
60 63
60 64
60 67
60 81
60 88
60 90
60 91
61 64
61 67
61 70
61 75
61 76
61 77
61 80
61 83
61 86
61 87
61 93
62 64
62 70
62 71
62 73
62 74
62 79
62 84
62 87
62 90
62 94
62 97
62 99
63 69
63 73
63 74
63 77
63 82
63 83
63 86
63 92
63 93
63 94
63 97
64 68
64 69
64 73
64 76
64 80
64 81
64 83
64 84
64 88
64 91
64 92
64 94
64 95
65 66
65 68
65 69
65 74
65 75
65 76
65 80
65 83
65 87
65 94
65 95
66 74
66 78
66 81
66 87
66 88
66 93
66 95
66 99
67 68
67 70
67 73
67 76
67 80
67 84
67 85
67 86
67 87
67 91
67 92
67 93
67 95
67 97
67 98
68 70
68 71
68 77
68 78
68 79
68 81
68 85
68 92
68 94
68 95
69 70
69 76
69 80
69 82
69 85
69 94
69 96
70 71
70 73
70 74
70 76
70 77
70 78
70 85
70 90
70 92
70 93
70 95
70 97
70 98
71 73
71 80
71 81
71 85
71 93
71 94
72 81
72 84
72 90
72 96
72 98
73 76
73 77
73 78
73 80
73 81
73 86
73 88
73 89
73 90
73 92
73 93
74 75
74 79
74 80
74 82
74 83
74 88
74 89
74 93
74 96
74 97
75 76
75 80
75 82
75 83
75 84
75 85
75 86
75 87
75 88
75 96
75 97
76 77
76 83
76 84
76 86
76 87
76 89
76 91
76 93
76 95
76 96
77 84
77 87
77 94
77 98
77 99
78 79
78 81
78 84
78 85
78 86
78 99
79 81
79 83
79 90
79 93
80 81
80 82
80 92
80 93
80 94
80 96
81 83
81 84
81 85
81 87
81 91
81 92
81 94
81 96
82 83
82 84
82 86
82 87
82 88
82 90
82 91
82 93
82 95
82 98
83 84
83 86
83 88
84 88
84 90
84 96
84 99
85 98
85 99
86 88
86 90
86 94
86 95
87 93
87 94
87 96
88 93
88 96
88 97
88 99
89 90
89 92
89 93
89 94
90 91
90 94
91 95
91 96
91 97
92 98
93 97
94 98
95 96
96 97
97 99
