0 9
0 12
0 13
0 14
0 15
0 21
0 22
0 25
0 27
0 30
0 34
0 35
0 37
0 38
0 39
0 40
0 42
0 46
0 49
0 52
0 56
0 60
0 61
0 64
0 67
0 72
0 75
0 79
0 82
0 85
0 88
0 89
0 90
0 91
0 93
0 96
0 99
1 5
1 7
1 17
1 19
1 23
1 24
1 25
1 26
1 28
1 32
1 34
1 35
1 41
1 43
1 47
1 49
1 53
1 54
1 57
1 58
1 59
1 63
1 64
1 66
1 70
1 71
1 73
1 74
1 82
1 85
1 87
1 89
1 91
1 94
1 95
1 97
2 5
2 7
2 14
2 35
2 37
2 40
2 42
2 45
2 47
2 49
2 53
2 58
2 61
2 64
2 67
2 69
2 72
2 75
2 78
2 84
2 90
2 93
2 95
3 4
3 9
3 10
3 12
3 20
3 21
3 23
3 25
3 26
3 32
3 35
3 45
3 48
3 52
3 53
3 59
3 66
3 68
3 76
3 87
3 88
3 91
3 94
3 96
3 97
3 98
4 6
4 8
4 10
4 11
4 14
4 15
4 24
4 26
4 34
4 38
4 43
4 50
4 52
4 61
4 62
4 65
4 70
4 71
4 72
4 75
4 77
4 83
4 85
4 87
4 92
4 94
4 97
5 7
5 9
5 11
5 19
5 21
5 23
5 24
5 26
5 33
5 37
5 39
5 40
5 43
5 44
5 45
5 46
5 53
5 59
5 73
5 76
5 83
5 84
5 85
5 86
5 88
5 90
5 91
5 98
6 9
6 12
6 13
6 14
6 17
6 20
6 21
6 24
6 27
6 28
6 33
6 39
6 42
6 45
6 55
6 61
6 64
6 67
6 71
6 75
6 76
6 78
6 79
6 82
6 84
6 92
6 97
7 10
7 17
7 32
7 34
7 35
7 48
7 52
7 54
7 56
7 61
7 65
7 68
7 71
7 75
7 76
7 78
7 80
7 82
7 83
7 84
7 85
7 86
7 89
7 93
7 98
7 99
8 11
8 13
8 19
8 24
8 26
8 31
8 35
8 38
8 42
8 44
8 49
8 53
8 54
8 64
8 67
8 71
8 78
8 83
8 85
9 13
9 14
9 16
9 18
9 22
9 24
9 25
9 27
9 42
9 43
9 44
9 47
9 48
9 51
9 61
9 65
9 72
9 74
9 77
9 81
9 82
9 84
9 85
9 88
9 91
9 97
9 99
10 12
10 14
10 16
10 17
10 20
10 25
10 27
10 32
10 35
10 38
10 39
10 43
10 47
10 49
10 58
10 59
10 60
10 61
10 63
10 70
10 74
10 79
10 80
10 87
10 93
10 96
10 99
11 12
11 15
11 16
11 18
11 24
11 27
11 30
11 31
11 33
11 37
11 38
11 40
11 43
11 44
11 56
11 59
11 60
11 65
11 70
11 71
11 73
11 78
11 79
11 82
11 84
11 86
11 93
11 94
11 99
12 17
12 18
12 19
12 21
12 24
12 30
12 34
12 35
12 38
12 41
12 47
12 53
12 60
12 63
12 67
12 73
12 78
12 82
12 88
12 89
12 91
12 94
12 98
12 99
13 18
13 19
13 21
13 22
13 24
13 27
13 34
13 40
13 51
13 56
13 60
13 63
13 68
13 73
13 74
13 75
13 83
13 84
13 87
13 92
13 93
13 98
14 15
14 16
14 17
14 21
14 22
14 24
14 29
14 30
14 34
14 38
14 39
14 41
14 42
14 49
14 63
14 64
14 67
14 73
14 74
14 75
14 77
14 80
14 83
14 91
14 95
15 20
15 24
15 27
15 28
15 35
15 38
15 44
15 46
15 49
15 55
15 57
15 60
15 65
15 66
15 67
15 70
15 74
15 79
15 98
16 18
16 20
16 21
16 22
16 24
16 34
16 37
16 46
16 49
16 52
16 53
16 54
16 56
16 59
16 60
16 67
16 71
16 72
16 73
16 74
16 87
16 88
16 94
16 96
16 97
16 98
17 18
17 19
17 20
17 26
17 27
17 28
17 29
17 35
17 45
17 47
17 48
17 50
17 53
17 54
17 55
17 57
17 59
17 61
17 69
17 72
17 74
17 77
17 83
17 85
17 90
17 91
17 98
18 19
18 33
18 35
18 36
18 39
18 40
18 47
18 49
18 50
18 51
18 53
18 58
18 66
18 68
18 69
18 70
18 74
18 75
18 78
18 83
18 87
18 88
18 90
18 91
18 94
18 95
18 96
19 24
19 25
19 26
19 29
19 31
19 33
19 34
19 40
19 41
19 42
19 43
19 45
19 46
19 47
19 51
19 52
19 55
19 56
19 67
19 68
19 71
19 72
19 75
19 78
19 80
19 81
19 84
19 85
19 86
19 87
19 88
19 89
19 94
19 96
19 98
20 22
20 24
20 25
20 28
20 29
20 30
20 31
20 35
20 36
20 49
20 52
20 53
20 54
20 61
20 62
20 64
20 67
20 70
20 72
20 77
20 80
20 81
20 83
20 92
20 95
20 96
21 27
21 29
21 31
21 32
21 33
21 34
21 35
21 36
21 39
21 40
21 46
21 52
21 53
21 57
21 67
21 71
21 75
21 79
21 87
21 89
21 90
21 92
21 94
22 24
22 33
22 38
22 41
22 43
22 45
22 47
22 48
22 52
22 53
22 56
22 58
22 59
22 62
22 64
22 67
22 73
22 80
22 82
22 83
22 89
22 90
22 94
23 24
23 25
23 36
23 43
23 47
23 52
23 53
23 67
23 68
23 72
23 81
23 85
23 87
23 94
24 25
24 26
24 28
24 32
24 33
24 36
24 41
24 45
24 49
24 50
24 53
24 58
24 60
24 62
24 65
24 68
24 71
24 80
24 84
24 86
24 88
24 91
24 96
25 28
25 31
25 32
25 33
25 35
25 37
25 38
25 39
25 42
25 44
25 47
25 48
25 59
25 60
25 62
25 64
25 71
25 74
25 76
25 77
25 78
25 80
25 82
25 84
25 86
25 87
25 89
25 98
26 28
26 29
26 30
26 34
26 35
26 44
26 48
26 52
26 55
26 61
26 64
26 65
26 66
26 67
26 72
26 77
26 84
26 92
26 97
26 99
27 28
27 29
27 30
27 45
27 51
27 53
27 65
27 74
27 75
27 76
27 81
27 87
27 92
28 29
28 35
28 39
28 40
28 46
28 54
28 55
28 59
28 60
28 62
28 64
28 65
28 66
28 67
28 70
28 74
28 80
28 82
28 89
28 90
28 91
28 96
28 98
29 31
29 32
29 34
29 36
29 41
29 54
29 55
29 57
29 60
29 63
29 65
29 67
29 68
29 71
29 72
29 77
29 79
29 84
29 90
30 31
30 35
30 36
30 39
30 43
30 45
30 46
30 47
30 49
30 50
30 52
30 56
30 58
30 67
30 69
30 70
30 72
30 73
30 74
30 76
30 79
30 81
30 82
30 83
30 94
30 96
30 98
31 33
31 37
31 46
31 51
31 54
31 59
31 60
31 67
31 70
31 72
31 74
31 86
31 87
31 88
31 92
31 93
31 99
32 33
32 38
32 48
32 50
32 51
32 52
32 53
32 55
32 57
32 62
32 69
32 73
32 75
32 79
32 82
32 86
32 88
32 91
33 34
33 37
33 39
33 40
33 42
33 52
33 57
33 58
33 60
33 61
33 68
33 73
33 77
33 78
33 89
33 98
33 99
34 38
34 41
34 48
34 53
34 55
34 56
34 58
34 62
34 66
34 71
34 72
34 73
34 75
34 78
34 80
34 81
34 82
34 84
34 90
34 92
34 93
34 94
34 99
35 36
35 40
35 42
35 44
35 57
35 66
35 70
35 75
35 77
35 81
35 84
35 89
35 93
35 94
36 38
36 41
36 43
36 46
36 55
36 58
36 62
36 69
36 73
36 82
36 84
36 85
36 87
36 93
36 96
36 97
37 38
37 42
37 44
37 45
37 46
37 53
37 58
37 59
37 65
37 66
37 67
37 80
37 82
37 83
37 84
37 97
38 41
38 42
38 43
38 45
38 47
38 49
38 54
38 55
38 56
38 61
38 69
38 74
38 77
38 80
38 81
38 83
38 84
38 92
38 94
38 99
39 47
39 53
39 57
39 58
39 62
39 66
39 67
39 76
39 80
39 82
39 83
39 87
39 88
39 89
39 91
39 93
39 98
40 42
40 44
40 45
40 46
40 48
40 52
40 53
40 54
40 58
40 65
40 68
40 75
40 81
40 83
40 87
40 90
41 45
41 48
41 49
41 50
41 51
41 53
41 55
41 61
41 63
41 67
41 68
41 69
41 70
41 72
41 78
41 86
41 89
41 96
42 44
42 48
42 54
42 55
42 56
42 66
42 69
42 70
42 72
42 74
42 78
42 81
42 82
42 83
42 85
42 86
42 94
42 96
42 97
43 46
43 49
43 50
43 51
43 61
43 63
43 70
43 74
43 87
43 96
43 97
44 45
44 46
44 52
44 56
44 62
44 66
44 67
44 70
44 73
44 76
44 77
44 81
44 84
44 90
44 91
44 95
44 99
45 49
45 50
45 51
45 57
45 58
45 59
45 60
45 63
45 65
45 68
45 70
45 74
45 80
45 87
45 89
45 90
46 47
46 61
46 63
46 76
46 82
46 83
46 86
46 87
46 91
46 93
46 96
46 99
47 61
47 62
47 65
47 70
47 74
47 80
47 85
47 94
48 50
48 54
48 58
48 63
48 64
48 68
48 69
48 74
48 75
48 77
48 81
48 82
48 86
48 87
48 93
48 95
49 51
49 54
49 66
49 68
49 70
49 71
49 74
49 76
49 81
49 84
49 87
49 90
49 91
49 94
50 54
50 55
50 58
50 60
50 61
50 63
50 64
50 67
50 68
50 74
50 75
50 77
50 83
50 85
50 86
50 88
50 90
50 92
50 94
50 95
50 96
51 54
51 55
51 61
51 65
51 71
51 78
51 80
51 87
51 89
51 90
51 94
51 95
51 96
52 54
52 55
52 56
52 61
52 65
52 67
52 68
52 75
52 77
52 79
52 88
52 91
52 94
52 95
52 97
53 55
53 56
53 58
53 59
53 67
53 68
53 69
53 72
53 74
53 76
53 78
53 81
53 84
53 85
53 88
53 92
53 93
53 96
53 99
54 57
54 58
54 59
54 61
54 62
54 66
54 73
54 74
54 79
54 80
54 82
54 87
54 91
54 92
54 94
54 99
55 61
55 64
55 65
55 66
55 67
55 69
55 74
55 76
55 81
55 82
55 85
55 88
55 89
55 93
55 94
55 95
56 60
56 69
56 71
56 72
56 79
56 80
56 83
56 86
56 87
56 93
56 97
57 61
57 62
57 65
57 71
57 73
57 74
57 79
57 80
57 88
57 90
57 97
57 99
58 63
58 68
58 74
58 75
58 77
58 81
58 89
58 91
58 97
58 99
59 67
59 71
59 72
59 73
59 75
59 79
59 86
59 88
59 93
59 94
59 95
59 97
59 98
60 62
60 68
60 70
60 78
60 80
60 81
60 91
60 92
60 95
61 62
61 68
61 73
61 74
61 77
61 78
61 82
61 83
61 88
62 65
62 66
62 72
62 73
62 80
62 81
62 82
62 87
62 90
62 92
62 93
62 98
63 66
63 67
63 75
63 77
63 82
63 84
63 88
63 90
63 91
63 94
63 95
63 96
63 97
64 65
64 66
64 68
64 70
64 74
64 78
64 87
64 90
64 92
64 98
65 67
65 69
65 74
65 75
65 77
65 79
65 83
65 84
65 92
65 94
65 99
66 68
66 69
66 70
66 74
66 80
66 81
66 83
66 95
66 97
66 98
67 68
67 69
67 72
67 74
67 76
67 78
67 80
67 85
67 86
67 87
67 88
67 91
67 93
67 95
68 71
68 74
68 75
68 76
68 85
68 86
68 89
68 90
68 91
68 92
68 94
68 95
68 97
69 77
69 83
69 88
69 90
69 92
69 94
70 73
70 78
70 88
70 92
70 93
70 96
70 98
71 73
71 76
71 80
71 81
71 91
71 94
71 99
72 77
72 85
72 95
73 77
73 81
73 86
73 87
73 88
73 90
73 95
73 96
73 98
74 77
74 80
74 81
74 83
74 85
74 86
74 88
74 90
74 91
74 92
74 93
74 97
75 78
75 81
75 83
75 85
75 86
75 90
75 92
75 93
75 98
75 99
76 77
76 82
76 87
76 91
76 96
76 97
76 99
77 78
77 79
77 83
77 85
77 88
77 89
77 94
77 95
78 82
78 84
78 85
78 86
78 89
78 95
79 80
79 83
79 84
79 88
79 91
79 92
79 93
79 94
79 95
80 82
80 83
80 87
80 95
80 97
80 99
81 85
81 86
81 87
81 89
81 92
81 96
81 97
82 84
82 87
82 88
82 89
82 92
82 93
82 98
83 86
83 89
84 88
84 92
84 94
85 99
86 96
87 89
87 94
87 96
87 99
88 91
88 92
88 95
88 97
90 92
90 93
90 96
91 93
91 95
92 93
92 97
92 98
92 99
93 97
93 98
94 95
94 96
94 98
94 99
