0 5
0 6
0 10
0 13
0 16
0 17
0 18
0 19
0 21
0 25
0 27
0 34
0 36
0 39
0 41
0 45
0 46
0 47
0 51
0 53
0 55
0 58
0 59
0 60
0 62
0 63
0 66
0 67
0 68
0 71
0 72
0 77
0 80
0 83
0 84
0 85
0 86
0 87
0 90
0 97
1 2
1 5
1 7
1 8
1 10
1 14
1 15
1 18
1 21
1 23
1 29
1 33
1 40
1 45
1 47
1 49
1 54
1 64
1 67
1 70
1 72
1 75
1 76
1 77
1 80
1 84
1 85
1 90
1 92
1 95
2 4
2 7
2 9
2 15
2 17
2 18
2 25
2 26
2 30
2 31
2 34
2 39
2 40
2 41
2 44
2 53
2 56
2 61
2 66
2 67
2 70
2 78
2 81
2 93
2 95
2 96
3 4
3 5
3 6
3 9
3 11
3 13
3 17
3 18
3 19
3 21
3 22
3 24
3 27
3 29
3 30
3 36
3 37
3 46
3 56
3 60
3 61
3 62
3 73
3 74
3 77
3 79
3 81
3 82
3 84
3 89
3 90
3 91
3 92
3 93
3 94
3 95
3 96
3 97
4 17
4 18
4 19
4 22
4 23
4 25
4 26
4 28
4 29
4 31
4 35
4 37
4 44
4 46
4 47
4 49
4 51
4 65
4 69
4 70
4 71
4 75
4 76
4 77
4 81
4 84
4 91
4 95
4 99
5 8
5 9
5 12
5 17
5 25
5 30
5 31
5 41
5 44
5 46
5 47
5 50
5 51
5 52
5 59
5 60
5 70
5 74
5 75
5 78
5 83
5 86
5 90
5 91
5 92
5 97
6 7
6 8
6 10
6 14
6 15
6 17
6 21
6 24
6 30
6 32
6 36
6 37
6 39
6 44
6 45
6 48
6 50
6 54
6 57
6 59
6 60
6 62
6 72
6 74
6 79
6 80
6 81
6 83
6 84
6 86
6 90
6 92
6 93
6 98
7 8
7 9
7 13
7 17
7 32
7 35
7 40
7 46
7 52
7 54
7 55
7 58
7 60
7 61
7 64
7 65
7 66
7 74
7 78
7 80
7 84
7 88
7 91
7 93
8 9
8 13
8 14
8 18
8 19
8 20
8 22
8 23
8 24
8 27
8 30
8 31
8 38
8 45
8 48
8 50
8 51
8 52
8 55
8 56
8 59
8 62
8 63
8 69
8 76
8 77
8 78
8 83
8 84
8 85
8 93
8 96
8 97
9 13
9 15
9 16
9 20
9 28
9 29
9 30
9 33
9 34
9 36
9 38
9 39
9 41
9 46
9 50
9 53
9 61
9 63
9 69
9 70
9 80
9 81
9 82
9 87
9 88
9 89
9 98
10 11
10 12
10 14
10 18
10 19
10 20
10 24
10 25
10 27
10 29
10 32
10 33
10 35
10 40
10 45
10 46
10 49
10 50
10 58
10 63
10 65
10 66
10 70
10 76
10 80
10 83
10 95
10 98
11 13
11 18
11 19
11 23
11 24
11 28
11 35
11 37
11 39
11 40
11 42
11 45
11 51
11 53
11 56
11 57
11 59
11 60
11 63
11 64
11 68
11 70
11 74
11 77
11 80
11 85
11 96
11 99
12 14
12 22
12 29
12 32
12 33
12 42
12 43
12 44
12 48
12 50
12 53
12 54
12 56
12 57
12 60
12 62
12 63
12 64
12 67
12 69
12 70
12 77
12 80
12 81
12 90
12 93
12 94
12 96
12 97
13 16
13 17
13 28
13 30
13 39
13 40
13 41
13 42
13 53
13 56
13 58
13 67
13 69
13 75
13 78
13 82
13 83
13 88
13 89
13 91
13 94
13 96
13 98
14 15
14 20
14 22
14 23
14 24
14 25
14 28
14 30
14 32
14 33
14 34
14 40
14 43
14 44
14 45
14 47
14 48
14 54
14 55
14 60
14 66
14 67
14 68
14 72
14 78
14 82
14 84
14 86
14 93
14 96
14 99
15 19
15 20
15 24
15 29
15 32
15 42
15 43
15 45
15 48
15 49
15 50
15 52
15 53
15 54
15 57
15 58
15 59
15 61
15 63
15 66
15 69
15 70
15 77
15 79
15 81
15 82
15 87
15 92
15 94
15 95
15 96
15 97
15 99
16 19
16 20
16 21
16 24
16 27
16 31
16 34
16 36
16 45
16 46
16 47
16 48
16 50
16 51
16 58
16 61
16 62
16 66
16 67
16 72
16 73
16 77
16 79
16 83
16 86
16 87
16 91
16 92
16 93
16 96
16 98
17 18
17 22
17 23
17 24
17 26
17 27
17 31
17 33
17 34
17 37
17 38
17 39
17 40
17 45
17 48
17 49
17 50
17 52
17 54
17 55
17 60
17 63
17 66
17 68
17 72
17 74
17 78
17 85
17 90
17 91
18 19
18 24
18 27
18 32
18 33
18 34
18 35
18 37
18 41
18 46
18 47
18 48
18 49
18 51
18 54
18 55
18 57
18 59
18 63
18 64
18 66
18 71
18 75
18 80
18 81
18 82
18 84
18 86
18 87
18 88
18 94
18 96
18 97
19 24
19 26
19 28
19 30
19 33
19 37
19 41
19 42
19 44
19 51
19 57
19 59
19 61
19 62
19 64
19 65
19 70
19 78
19 80
19 84
19 85
19 87
19 89
19 92
19 94
19 97
20 21
20 23
20 26
20 28
20 34
20 37
20 42
20 50
20 52
20 56
20 59
20 65
20 66
20 69
20 71
20 72
20 76
20 77
20 79
20 80
20 86
20 87
20 88
20 89
20 90
20 91
20 99
21 31
21 34
21 39
21 44
21 56
21 58
21 59
21 64
21 67
21 71
21 73
21 78
21 79
21 81
21 86
21 87
21 88
21 92
21 99
22 23
22 34
22 35
22 36
22 37
22 41
22 43
22 44
22 49
22 53
22 56
22 58
22 59
22 62
22 63
22 64
22 65
22 66
22 71
22 73
22 74
22 75
22 78
22 85
22 94
22 97
23 24
23 26
23 30
23 33
23 38
23 39
23 42
23 44
23 46
23 51
23 52
23 53
23 56
23 60
23 62
23 64
23 71
23 89
23 92
23 95
23 99
24 26
24 27
24 32
24 33
24 35
24 36
24 37
24 38
24 44
24 50
24 56
24 57
24 59
24 60
24 63
24 71
24 74
24 76
24 77
24 79
24 80
24 82
24 88
24 91
24 97
25 28
25 40
25 50
25 56
25 59
25 61
25 64
25 66
25 67
25 71
25 77
25 78
25 81
25 83
25 85
25 89
25 94
25 95
25 99
26 28
26 30
26 32
26 35
26 37
26 39
26 40
26 43
26 46
26 47
26 48
26 52
26 55
26 56
26 58
26 64
26 65
26 71
26 80
26 81
26 86
26 96
26 99
27 28
27 30
27 32
27 33
27 37
27 38
27 47
27 49
27 50
27 53
27 54
27 59
27 60
27 61
27 64
27 67
27 68
27 69
27 73
27 75
27 77
27 83
27 87
27 88
27 95
28 33
28 37
28 38
28 41
28 44
28 47
28 50
28 53
28 64
28 70
28 72
28 73
28 77
28 78
28 82
28 85
28 87
28 92
28 94
29 31
29 35
29 36
29 44
29 45
29 46
29 48
29 50
29 56
29 57
29 59
29 60
29 61
29 70
29 75
29 77
29 81
29 82
29 93
29 98
30 31
30 32
30 33
30 39
30 49
30 51
30 57
30 59
30 62
30 63
30 66
30 70
30 77
30 78
30 80
30 81
30 84
30 89
30 92
30 93
30 98
31 40
31 43
31 47
31 50
31 57
31 58
31 59
31 61
31 63
31 65
31 68
31 72
31 76
31 79
31 83
31 84
31 86
31 87
31 89
31 92
31 95
32 34
32 36
32 37
32 40
32 43
32 47
32 53
32 54
32 56
32 60
32 62
32 65
32 66
32 67
32 76
32 78
32 83
32 90
32 95
32 99
33 35
33 38
33 40
33 41
33 42
33 44
33 48
33 50
33 55
33 56
33 57
33 59
33 64
33 68
33 69
33 72
33 74
33 80
33 82
33 83
33 86
33 87
33 88
33 92
33 96
34 43
34 47
34 48
34 50
34 51
34 53
34 54
34 56
34 58
34 59
34 60
34 63
34 69
34 72
34 75
34 79
34 82
34 84
34 86
34 88
34 91
34 92
34 96
34 97
35 40
35 42
35 43
35 46
35 47
35 49
35 51
35 60
35 64
35 65
35 70
35 74
35 75
35 76
35 79
35 80
35 85
35 93
35 97
36 42
36 45
36 47
36 49
36 56
36 60
36 61
36 64
36 66
36 70
36 73
36 76
36 80
36 83
36 91
36 93
36 95
36 98
37 41
37 42
37 44
37 45
37 46
37 49
37 51
37 52
37 53
37 56
37 63
37 73
37 74
37 75
37 77
37 88
37 95
37 97
37 99
38 43
38 45
38 46
38 48
38 51
38 55
38 60
38 61
38 63
38 67
38 73
38 76
38 81
38 85
38 87
38 97
38 98
38 99
39 47
39 48
39 49
39 53
39 57
39 59
39 65
39 67
39 71
39 86
39 91
39 95
39 96
39 99
40 42
40 44
40 45
40 49
40 53
40 63
40 70
40 72
40 73
40 96
41 43
41 44
41 50
41 51
41 52
41 54
41 56
41 62
41 63
41 67
41 69
41 70
41 73
41 76
41 83
41 85
41 86
41 87
41 88
41 90
41 93
41 98
42 43
42 44
42 46
42 56
42 78
42 86
42 88
42 89
42 92
43 45
43 48
43 49
43 51
43 55
43 56
43 57
43 62
43 69
43 71
43 74
43 75
43 82
43 84
43 85
43 86
43 87
43 91
43 94
43 95
43 96
43 97
43 98
44 46
44 47
44 50
44 53
44 56
44 57
44 63
44 64
44 72
44 74
44 77
44 79
44 80
44 81
44 84
44 90
44 91
44 93
44 95
44 99
45 51
45 56
45 65
45 68
45 70
45 73
45 80
45 85
45 90
45 96
45 99
46 48
46 49
46 50
46 53
46 57
46 62
46 64
46 68
46 69
46 70
46 75
46 78
46 80
46 81
46 83
46 84
46 85
46 88
46 92
46 94
46 96
46 97
47 50
47 52
47 56
47 57
47 61
47 67
47 72
47 76
47 78
47 80
47 84
47 85
47 93
47 97
48 53
48 54
48 55
48 56
48 69
48 77
48 86
48 92
48 97
49 51
49 52
49 53
49 65
49 67
49 69
49 71
49 72
49 74
49 76
49 78
49 88
49 89
49 90
49 91
49 95
49 97
50 52
50 54
50 58
50 66
50 68
50 69
50 70
50 74
50 75
50 81
50 90
50 91
50 93
50 96
51 53
51 54
51 56
51 57
51 62
51 65
51 69
51 72
51 74
51 77
51 81
51 89
51 92
51 95
51 96
51 98
52 54
52 55
52 64
52 68
52 70
52 71
52 72
52 78
52 79
52 80
52 81
52 86
52 97
52 98
53 54
53 57
53 62
53 65
53 76
53 80
53 87
53 91
53 92
53 93
53 99
54 55
54 57
54 59
54 61
54 64
54 65
54 67
54 68
54 69
54 71
54 74
54 75
54 76
54 79
54 82
54 92
54 93
54 99
55 59
55 64
55 68
55 71
55 72
55 82
55 83
55 85
55 86
55 88
55 94
55 99
56 60
56 61
56 71
56 72
56 74
56 76
56 77
56 78
56 84
56 91
56 92
56 95
56 97
57 63
57 64
57 67
57 68
57 72
57 74
57 80
57 81
57 82
57 84
57 85
57 89
57 95
57 96
57 97
58 59
58 65
58 68
58 79
58 80
58 84
58 85
58 87
58 89
58 94
58 96
59 63
59 69
59 72
59 73
59 80
59 81
59 84
59 94
59 96
59 97
60 62
60 65
60 71
60 73
60 76
60 78
60 79
60 80
60 81
60 83
60 89
60 91
60 92
60 94
61 63
61 68
61 70
61 77
61 78
61 81
61 83
61 86
61 88
61 92
61 93
61 99
62 63
62 65
62 67
62 68
62 70
62 72
62 74
62 81
62 82
62 83
62 86
62 91
62 92
62 93
62 96
62 97
62 98
63 67
63 70
63 80
63 85
63 90
63 93
63 96
63 98
63 99
64 65
64 67
64 70
64 71
64 72
64 74
64 78
64 83
64 84
64 85
64 86
64 88
64 91
64 96
65 67
65 68
65 73
65 76
65 78
65 85
65 88
65 92
65 93
65 98
66 68
66 70
66 71
66 72
66 78
66 83
66 87
66 91
66 94
67 70
67 71
67 73
67 80
67 85
67 87
67 88
67 92
67 93
68 69
68 71
68 72
68 75
68 84
68 91
68 92
68 96
68 97
68 99
69 71
69 73
69 77
69 81
69 95
69 99
70 81
70 83
70 90
70 91
71 72
71 79
71 87
71 88
71 89
71 92
71 93
71 96
71 98
72 74
72 78
72 82
72 83
72 86
72 89
72 91
72 92
73 77
73 79
73 84
73 88
73 91
73 97
73 98
74 77
74 83
74 93
74 96
74 97
75 76
75 79
75 82
75 84
75 85
75 87
75 90
75 91
75 98
76 78
76 79
76 83
76 84
76 97
76 99
77 80
77 83
77 86
77 87
77 89
77 96
77 99
78 80
78 88
78 92
78 93
78 95
78 96
79 82
79 83
79 85
79 92
79 94
79 95
79 98
80 84
80 85
80 86
80 90
80 92
80 96
80 98
80 99
81 82
81 87
81 89
81 91
81 92
81 96
81 98
82 85
82 88
82 89
82 90
82 99
83 87
83 88
83 89
83 91
83 97
83 99
84 86
84 90
84 94
84 95
85 86
85 87
85 93
85 94
85 96
85 97
85 98
86 89
86 91
86 94
86 95
86 96
87 88
87 90
87 93
87 94
87 99
88 97
89 90
89 92
89 94
90 91
90 92
90 99
91 95
91 97
91 98
92 96
92 99
93 94
93 96
94 96
94 97
95 96
95 98
95 99
96 98
96 99
