0 17
0 19
0 21
0 22
0 24
0 29
0 33
0 34
0 35
0 38
0 43
0 45
0 47
0 49
0 56
0 69
0 74
0 82
0 84
0 88
0 89
0 91
0 93
0 98
1 4
1 5
1 7
1 8
1 13
1 17
1 23
1 27
1 30
1 31
1 32
1 33
1 37
1 38
1 39
1 40
1 43
1 48
1 51
1 57
1 58
1 64
1 65
1 68
1 70
1 72
1 75
1 77
1 79
1 82
1 87
1 94
2 3
2 9
2 11
2 15
2 16
2 18
2 22
2 25
2 31
2 35
2 43
2 48
2 51
2 52
2 55
2 60
2 61
2 63
2 65
2 72
2 81
2 84
2 89
2 90
2 92
2 95
2 97
2 99
3 4
3 6
3 11
3 13
3 15
3 16
3 17
3 20
3 21
3 23
3 24
3 35
3 36
3 38
3 39
3 40
3 46
3 47
3 57
3 61
3 63
3 64
3 65
3 67
3 68
3 75
3 81
3 82
3 83
3 96
3 99
4 11
4 12
4 13
4 15
4 17
4 22
4 26
4 30
4 31
4 34
4 37
4 40
4 43
4 49
4 59
4 61
4 62
4 65
4 67
4 68
4 74
4 81
4 83
4 86
4 88
4 92
4 97
5 7
5 8
5 9
5 15
5 16
5 20
5 22
5 27
5 30
5 31
5 34
5 35
5 37
5 38
5 39
5 40
5 44
5 48
5 49
5 54
5 60
5 63
5 64
5 71
5 73
5 74
5 76
5 78
5 81
5 90
5 95
5 98
6 7
6 11
6 18
6 25
6 27
6 32
6 35
6 37
6 44
6 55
6 56
6 59
6 60
6 61
6 64
6 66
6 67
6 69
6 72
6 73
6 76
6 79
6 81
6 82
6 86
6 90
6 94
6 99
7 14
7 25
7 27
7 30
7 31
7 32
7 35
7 36
7 38
7 39
7 41
7 43
7 44
7 50
7 57
7 59
7 60
7 63
7 64
7 65
7 70
7 73
7 79
7 85
7 86
7 91
7 94
7 98
8 9
8 11
8 12
8 16
8 18
8 19
8 20
8 23
8 26
8 28
8 35
8 39
8 41
8 43
8 46
8 53
8 57
8 59
8 61
8 64
8 65
8 66
8 75
8 81
8 87
8 91
8 94
9 16
9 18
9 25
9 27
9 42
9 43
9 46
9 50
9 51
9 54
9 60
9 69
9 70
9 71
9 79
9 80
9 84
9 89
9 95
10 14
10 17
10 18
10 19
10 22
10 23
10 30
10 31
10 32
10 33
10 34
10 37
10 39
10 43
10 47
10 54
10 55
10 58
10 59
10 62
10 64
10 67
10 70
10 71
10 72
10 78
10 83
10 84
10 86
10 88
10 92
10 97
11 16
11 20
11 27
11 35
11 37
11 38
11 40
11 42
11 47
11 49
11 56
11 62
11 65
11 66
11 69
11 70
11 71
11 72
11 73
11 75
11 81
11 82
11 85
11 86
11 88
11 90
12 16
12 17
12 28
12 29
12 30
12 31
12 33
12 40
12 42
12 43
12 48
12 61
12 65
12 67
12 68
12 70
12 72
12 83
12 90
12 95
12 99
13 14
13 21
13 23
13 25
13 26
13 33
13 36
13 39
13 41
13 48
13 52
13 53
13 65
13 70
13 72
13 73
13 74
13 77
13 80
13 82
13 87
13 96
13 97
14 19
14 20
14 24
14 35
14 36
14 38
14 39
14 42
14 46
14 49
14 50
14 51
14 53
14 54
14 56
14 61
14 62
14 63
14 66
14 68
14 73
14 74
14 76
14 77
14 84
14 85
14 86
14 94
14 95
14 96
15 16
15 20
15 22
15 25
15 26
15 29
15 30
15 31
15 34
15 43
15 44
15 45
15 49
15 52
15 53
15 58
15 60
15 61
15 64
15 65
15 70
15 71
15 73
15 74
15 75
15 80
15 86
15 92
15 93
15 99
16 18
16 19
16 20
16 21
16 24
16 25
16 27
16 29
16 32
16 34
16 38
16 46
16 47
16 49
16 50
16 54
16 55
16 57
16 60
16 65
16 68
16 69
16 71
16 74
16 75
16 77
16 78
16 81
16 83
16 85
16 89
16 90
16 91
16 93
16 95
17 21
17 26
17 27
17 32
17 35
17 39
17 40
17 42
17 45
17 51
17 53
17 57
17 58
17 61
17 65
17 70
17 72
17 79
17 82
17 84
17 90
17 92
17 96
18 20
18 21
18 22
18 25
18 29
18 31
18 34
18 40
18 43
18 57
18 60
18 61
18 64
18 68
18 74
18 78
18 79
18 82
18 85
18 86
18 87
18 90
18 96
18 99
19 20
19 31
19 37
19 43
19 46
19 47
19 48
19 60
19 65
19 70
19 75
19 81
19 82
19 83
19 84
19 94
19 97
20 26
20 31
20 33
20 35
20 37
20 38
20 41
20 47
20 56
20 60
20 62
20 64
20 67
20 68
20 69
20 70
20 74
20 75
20 83
20 84
20 86
20 91
20 99
21 24
21 26
21 27
21 28
21 32
21 34
21 37
21 39
21 40
21 48
21 50
21 51
21 53
21 55
21 59
21 60
21 61
21 62
21 65
21 67
21 68
21 69
21 77
21 78
21 80
21 83
21 84
21 85
21 86
21 93
21 97
22 23
22 29
22 30
22 31
22 34
22 36
22 38
22 43
22 58
22 59
22 61
22 62
22 65
22 68
22 93
22 96
23 26
23 31
23 37
23 39
23 42
23 44
23 51
23 52
23 53
23 56
23 58
23 59
23 63
23 68
23 70
23 71
23 77
23 80
23 83
23 85
23 89
23 90
23 92
23 94
23 97
23 98
24 26
24 27
24 30
24 31
24 34
24 39
24 41
24 44
24 49
24 54
24 57
24 58
24 62
24 64
24 67
24 71
24 73
24 74
24 75
24 79
24 84
24 85
24 87
24 90
24 92
24 96
25 31
25 35
25 44
25 48
25 49
25 55
25 65
25 70
25 71
25 73
25 76
25 79
25 81
25 85
25 88
25 89
25 93
25 95
25 97
25 99
26 27
26 31
26 32
26 33
26 34
26 42
26 46
26 52
26 53
26 54
26 55
26 61
26 62
26 67
26 69
26 70
26 80
26 81
26 84
26 90
26 93
26 94
27 29
27 30
27 32
27 33
27 36
27 40
27 41
27 45
27 46
27 47
27 49
27 52
27 59
27 62
27 73
27 76
27 77
27 78
27 79
27 80
27 81
27 87
27 92
27 93
27 97
27 98
28 31
28 33
28 38
28 45
28 46
28 48
28 49
28 54
28 60
28 63
28 65
28 66
28 69
28 71
28 76
28 81
28 83
28 85
28 86
28 89
29 32
29 33
29 35
29 37
29 38
29 43
29 47
29 49
29 51
29 56
29 62
29 64
29 72
29 75
29 78
29 79
29 83
29 85
29 88
29 93
29 94
29 96
29 97
29 99
30 31
30 33
30 37
30 41
30 48
30 49
30 52
30 56
30 60
30 63
30 65
30 66
30 69
30 75
30 76
30 78
30 80
30 84
30 88
30 90
30 92
30 93
30 96
30 98
31 32
31 38
31 41
31 42
31 44
31 47
31 48
31 55
31 63
31 64
31 68
31 70
31 71
31 72
31 73
31 74
31 75
31 76
31 79
31 80
31 82
31 84
31 87
31 88
31 89
31 91
31 92
31 94
31 95
31 96
31 99
32 33
32 40
32 41
32 43
32 47
32 51
32 52
32 61
32 69
32 70
32 74
32 76
32 77
32 80
32 84
32 86
32 87
32 93
32 96
33 34
33 35
33 37
33 40
33 42
33 43
33 44
33 46
33 53
33 54
33 57
33 59
33 60
33 61
33 64
33 70
33 77
33 79
33 80
33 81
33 84
33 85
33 87
33 93
33 99
34 35
34 36
34 42
34 44
34 46
34 50
34 52
34 53
34 57
34 59
34 61
34 64
34 69
34 72
34 73
34 75
34 78
34 89
34 92
35 36
35 37
35 39
35 44
35 46
35 50
35 52
35 55
35 56
35 57
35 58
35 60
35 63
35 64
35 65
35 72
35 80
35 89
35 92
35 94
35 96
36 40
36 41
36 42
36 46
36 48
36 51
36 55
36 60
36 62
36 66
36 67
36 69
36 71
36 73
36 78
36 79
36 81
36 83
36 87
36 90
36 96
36 98
36 99
37 40
37 42
37 43
37 44
37 47
37 50
37 51
37 55
37 56
37 57
37 61
37 63
37 65
37 67
37 69
37 76
37 77
37 82
37 92
37 93
37 95
37 97
38 39
38 41
38 45
38 48
38 50
38 52
38 56
38 60
38 64
38 65
38 67
38 71
38 75
38 76
38 77
38 86
38 88
38 89
38 91
38 94
39 40
39 41
39 44
39 45
39 46
39 47
39 58
39 60
39 62
39 63
39 69
39 74
39 77
39 81
39 82
39 89
39 96
40 41
40 43
40 44
40 48
40 51
40 53
40 58
40 61
40 63
40 64
40 66
40 72
40 74
40 77
40 78
40 80
40 81
40 84
40 86
40 87
40 93
40 97
40 98
40 99
41 43
41 47
41 48
41 53
41 55
41 56
41 57
41 59
41 62
41 66
41 68
41 71
41 77
41 78
41 80
41 81
41 84
41 85
41 87
41 89
41 90
41 91
41 95
41 96
41 99
42 49
42 52
42 54
42 55
42 58
42 59
42 64
42 71
42 73
42 77
42 78
42 79
42 80
42 84
42 86
42 91
42 96
43 47
43 52
43 55
43 60
43 61
43 62
43 64
43 68
43 69
43 70
43 79
43 80
43 81
43 83
43 86
43 88
43 89
43 91
43 93
43 99
44 46
44 50
44 51
44 52
44 53
44 57
44 58
44 62
44 63
44 64
44 71
44 72
44 74
44 76
44 78
44 80
44 82
44 83
44 89
44 91
44 92
44 93
45 46
45 50
45 51
45 52
45 53
45 58
45 61
45 66
45 67
45 69
45 71
45 76
45 77
45 81
45 82
45 83
45 92
46 48
46 53
46 58
46 59
46 62
46 70
46 73
46 82
46 83
46 86
46 87
46 90
46 91
46 94
46 98
47 49
47 50
47 51
47 52
47 55
47 59
47 61
47 62
47 70
47 82
47 85
47 90
47 97
47 98
48 53
48 60
48 63
48 71
48 72
48 75
48 76
48 77
48 79
48 83
48 86
48 89
48 90
48 91
48 96
48 99
49 52
49 53
49 54
49 55
49 61
49 64
49 69
49 70
49 71
49 74
49 75
49 76
49 79
49 85
49 89
49 90
49 92
49 94
49 95
49 97
50 54
50 60
50 63
50 67
50 68
50 76
50 77
50 78
50 80
50 88
50 92
50 95
50 99
51 52
51 53
51 55
51 60
51 63
51 67
51 70
51 71
51 78
51 81
51 88
51 90
51 96
51 97
51 98
52 54
52 55
52 62
52 65
52 68
52 75
52 77
52 79
52 82
52 88
52 89
52 91
52 92
52 93
52 97
52 98
52 99
53 55
53 60
53 63
53 64
53 67
53 71
53 74
53 76
53 77
53 81
53 82
53 85
53 86
53 88
53 89
53 92
53 93
53 96
53 97
54 55
54 58
54 59
54 65
54 67
54 74
54 78
54 82
54 87
54 91
54 92
54 95
55 57
55 60
55 68
55 74
55 77
55 78
55 79
55 97
56 62
56 66
56 74
56 76
56 87
56 90
56 95
57 59
57 62
57 70
57 72
57 73
57 74
57 75
57 78
57 79
57 81
57 83
57 85
57 90
57 93
57 96
57 99
58 59
58 63
58 67
58 70
58 72
58 74
58 82
58 83
58 86
58 87
58 88
58 89
58 96
59 61
59 64
59 66
59 70
59 73
59 80
59 82
59 84
59 85
59 88
59 90
59 91
59 92
59 94
59 96
60 61
60 63
60 64
60 65
60 66
60 68
60 72
60 76
60 80
60 82
60 88
60 89
60 90
60 91
60 98
60 99
61 68
61 70
61 74
61 75
61 76
61 81
61 83
61 84
61 85
61 87
61 89
61 95
62 66
62 74
62 75
62 83
62 85
62 88
62 91
62 94
62 96
62 99
63 76
63 77
63 86
63 91
63 93
63 95
63 96
64 67
64 68
64 73
64 75
64 78
64 84
64 85
64 87
64 88
64 89
64 98
65 67
65 69
65 82
65 89
65 90
65 91
65 94
65 95
66 68
66 69
66 70
66 71
66 73
66 75
66 76
66 84
66 87
66 88
66 89
66 92
66 95
66 97
66 98
67 73
67 77
67 82
67 86
67 90
67 97
68 69
68 83
68 87
68 89
68 93
68 98
69 75
69 79
69 88
69 89
70 73
70 82
70 86
70 88
70 96
70 98
71 78
71 80
71 82
71 84
71 85
71 86
71 88
71 93
71 99
72 78
72 83
72 84
72 87
72 89
72 91
72 92
72 95
72 98
73 75
73 78
73 81
73 86
73 91
73 93
73 98
73 99
74 77
74 79
74 84
74 92
74 93
74 94
74 96
74 99
75 77
75 79
75 81
75 82
75 83
75 84
75 94
75 99
76 84
76 89
77 80
77 84
77 89
77 90
77 94
77 95
77 99
78 79
78 84
78 86
78 97
78 99
79 86
79 89
79 90
79 91
79 93
79 94
79 95
79 97
79 98
79 99
80 85
80 92
80 95
80 98
80 99
81 82
81 89
81 90
81 93
81 94
81 95
81 97
81 99
82 88
82 92
82 93
82 98
83 86
83 90
83 92
83 94
83 96
84 85
84 87
84 88
84 89
84 92
84 97
84 98
85 98
86 96
86 99
87 90
87 97
88 99
89 90
89 92
89 94
89 95
89 96
89 98
89 99
90 92
90 93
90 95
90 99
91 98
92 97
93 94
94 95
97 98
