0 1
0 2
0 5
0 8
0 12
0 14
0 16
0 18
0 20
0 22
0 24
0 28
0 34
0 35
0 36
0 38
0 40
0 41
0 42
0 43
0 44
0 48
0 49
0 50
0 51
0 53
0 54
0 55
0 57
0 61
0 62
0 64
0 65
0 66
0 67
0 69
0 73
0 74
0 75
0 76
0 78
0 79
0 80
0 81
0 82
0 84
0 87
0 88
0 90
0 91
0 92
0 96
0 97
0 99
1 4
1 5
1 6
1 8
1 9
1 11
1 13
1 15
1 24
1 26
1 29
1 30
1 33
1 35
1 38
1 44
1 49
1 51
1 53
1 56
1 57
1 58
1 59
1 60
1 66
1 68
1 69
1 70
1 72
1 73
1 75
1 76
1 79
1 80
1 81
1 82
1 84
1 86
1 87
1 88
1 89
1 92
1 95
1 97
2 3
2 6
2 7
2 8
2 9
2 13
2 14
2 18
2 19
2 22
2 24
2 25
2 27
2 30
2 32
2 33
2 34
2 36
2 38
2 39
2 43
2 45
2 46
2 51
2 52
2 53
2 56
2 57
2 59
2 60
2 62
2 64
2 65
2 67
2 68
2 70
2 71
2 74
2 75
2 76
2 78
2 79
2 81
2 83
2 84
2 85
2 86
2 89
2 90
2 91
2 92
2 93
2 95
2 98
2 99
3 5
3 6
3 11
3 13
3 14
3 16
3 20
3 21
3 23
3 24
3 25
3 26
3 28
3 30
3 31
3 32
3 33
3 34
3 35
3 36
3 37
3 38
3 40
3 44
3 45
3 46
3 49
3 51
3 52
3 53
3 54
3 58
3 60
3 63
3 68
3 71
3 72
3 74
3 76
3 78
3 79
3 84
3 89
3 90
3 91
3 92
3 94
3 97
3 99
4 7
4 8
4 9
4 10
4 12
4 14
4 15
4 17
4 19
4 21
4 22
4 23
4 24
4 25
4 27
4 29
4 31
4 32
4 37
4 39
4 46
4 47
4 54
4 59
4 61
4 64
4 66
4 68
4 70
4 72
4 74
4 75
4 76
4 77
4 79
4 80
4 82
4 84
4 87
4 91
4 92
4 94
4 95
4 96
4 99
5 8
5 9
5 10
5 11
5 12
5 15
5 18
5 19
5 20
5 21
5 22
5 24
5 26
5 28
5 29
5 31
5 32
5 40
5 41
5 43
5 44
5 45
5 47
5 52
5 53
5 54
5 56
5 58
5 60
5 63
5 65
5 69
5 73
5 77
5 79
5 81
5 84
5 89
5 90
5 93
5 96
6 7
6 8
6 9
6 11
6 12
6 14
6 15
6 18
6 20
6 21
6 23
6 24
6 26
6 27
6 30
6 33
6 35
6 36
6 38
6 42
6 43
6 45
6 46
6 48
6 49
6 50
6 51
6 55
6 58
6 59
6 60
6 63
6 64
6 65
6 66
6 68
6 71
6 74
6 75
6 80
6 81
6 82
6 83
6 84
6 89
6 90
6 91
6 92
6 96
6 99
7 10
7 11
7 12
7 13
7 14
7 18
7 19
7 20
7 24
7 30
7 31
7 34
7 35
7 38
7 40
7 41
7 43
7 45
7 46
7 49
7 50
7 51
7 52
7 54
7 59
7 60
7 62
7 64
7 68
7 71
7 72
7 73
7 74
7 78
7 79
7 82
7 84
7 88
7 89
7 91
7 96
8 9
8 13
8 16
8 17
8 18
8 22
8 23
8 25
8 29
8 31
8 34
8 35
8 36
8 37
8 38
8 41
8 42
8 46
8 47
8 48
8 49
8 50
8 54
8 55
8 63
8 64
8 65
8 67
8 70
8 71
8 73
8 74
8 76
8 77
8 78
8 79
8 81
8 85
8 86
8 88
8 89
8 90
8 91
8 92
8 93
8 99
9 10
9 11
9 13
9 14
9 15
9 16
9 18
9 19
9 20
9 24
9 27
9 28
9 29
9 31
9 35
9 36
9 37
9 39
9 41
9 43
9 46
9 49
9 54
9 56
9 59
9 60
9 62
9 63
9 64
9 66
9 67
9 70
9 71
9 72
9 73
9 75
9 77
9 78
9 79
9 82
9 85
9 88
9 89
9 91
9 94
9 96
9 98
10 14
10 16
10 23
10 26
10 32
10 33
10 34
10 35
10 36
10 37
10 39
10 41
10 42
10 43
10 45
10 46
10 47
10 48
10 49
10 50
10 52
10 53
10 54
10 56
10 57
10 60
10 62
10 64
10 66
10 68
10 74
10 75
10 78
10 80
10 85
10 86
10 87
10 88
10 92
10 93
10 94
10 95
10 96
11 13
11 15
11 17
11 18
11 19
11 20
11 21
11 22
11 24
11 27
11 28
11 29
11 30
11 31
11 32
11 34
11 36
11 37
11 39
11 40
11 44
11 46
11 47
11 48
11 51
11 54
11 56
11 58
11 60
11 61
11 62
11 68
11 69
11 72
11 75
11 76
11 77
11 78
11 83
11 90
11 91
11 92
11 94
11 95
11 96
11 98
11 99
12 14
12 18
12 19
12 21
12 22
12 23
12 24
12 25
12 29
12 30
12 33
12 36
12 37
12 38
12 39
12 40
12 46
12 48
12 52
12 53
12 56
12 57
12 58
12 59
12 60
12 63
12 64
12 66
12 67
12 68
12 70
12 71
12 77
12 78
12 80
12 81
12 82
12 83
12 84
12 85
12 87
12 88
12 92
12 94
13 14
13 16
13 18
13 19
13 22
13 23
13 25
13 33
13 37
13 47
13 49
13 51
13 52
13 53
13 54
13 55
13 56
13 57
13 58
13 60
13 61
13 63
13 64
13 67
13 68
13 70
13 77
13 78
13 79
13 84
13 85
13 86
13 87
13 88
13 89
13 91
13 92
13 96
13 97
13 98
14 20
14 21
14 25
14 26
14 29
14 30
14 31
14 34
14 35
14 37
14 38
14 41
14 42
14 44
14 45
14 49
14 51
14 53
14 54
14 55
14 57
14 59
14 61
14 62
14 63
14 65
14 66
14 67
14 69
14 70
14 71
14 73
14 74
14 75
14 76
14 79
14 81
14 85
14 86
14 88
14 92
14 95
15 16
15 18
15 20
15 25
15 27
15 30
15 31
15 32
15 36
15 38
15 39
15 41
15 42
15 43
15 46
15 48
15 53
15 54
15 55
15 57
15 60
15 61
15 63
15 65
15 66
15 69
15 70
15 71
15 72
15 74
15 75
15 77
15 78
15 81
15 87
15 88
15 89
15 91
15 95
15 96
15 97
15 99
16 17
16 18
16 20
16 22
16 23
16 24
16 26
16 28
16 30
16 31
16 32
16 33
16 35
16 36
16 38
16 39
16 41
16 42
16 45
16 46
16 49
16 57
16 58
16 60
16 63
16 68
16 70
16 71
16 73
16 74
16 75
16 76
16 81
16 83
16 84
16 88
16 90
16 91
16 92
16 95
16 98
16 99
17 18
17 20
17 21
17 25
17 27
17 29
17 30
17 31
17 33
17 39
17 40
17 41
17 47
17 50
17 51
17 52
17 55
17 56
17 57
17 60
17 61
17 63
17 67
17 68
17 69
17 70
17 71
17 76
17 77
17 80
17 83
17 85
17 86
17 89
17 90
17 92
17 95
17 97
17 98
17 99
18 19
18 20
18 22
18 25
18 27
18 30
18 32
18 38
18 40
18 42
18 44
18 45
18 46
18 47
18 48
18 51
18 52
18 53
18 55
18 56
18 60
18 62
18 63
18 64
18 66
18 67
18 68
18 69
18 71
18 72
18 75
18 76
18 81
18 83
18 84
18 87
18 88
18 89
18 92
18 94
18 99
19 21
19 23
19 24
19 25
19 26
19 27
19 29
19 34
19 42
19 46
19 47
19 48
19 51
19 52
19 58
19 61
19 66
19 69
19 73
19 74
19 76
19 80
19 86
19 87
19 88
19 89
19 90
19 91
19 95
19 96
19 97
19 98
20 23
20 24
20 26
20 27
20 33
20 35
20 36
20 37
20 38
20 42
20 43
20 44
20 49
20 51
20 55
20 56
20 58
20 59
20 60
20 62
20 63
20 66
20 70
20 73
20 74
20 77
20 80
20 82
20 83
20 86
20 87
20 88
20 89
20 90
20 92
20 93
20 95
20 98
21 23
21 28
21 30
21 33
21 36
21 42
21 45
21 46
21 49
21 51
21 53
21 54
21 59
21 62
21 66
21 70
21 71
21 73
21 75
21 77
21 78
21 79
21 82
21 83
21 86
21 88
21 90
21 91
21 93
21 94
21 97
22 23
22 26
22 27
22 28
22 29
22 34
22 35
22 45
22 46
22 47
22 49
22 53
22 58
22 59
22 60
22 63
22 65
22 67
22 68
22 70
22 71
22 72
22 73
22 75
22 76
22 77
22 78
22 80
22 86
22 87
22 90
22 92
22 93
22 94
22 97
22 98
23 24
23 26
23 27
23 28
23 29
23 33
23 34
23 35
23 36
23 37
23 39
23 42
23 43
23 45
23 46
23 47
23 51
23 54
23 55
23 57
23 58
23 62
23 64
23 65
23 66
23 67
23 68
23 69
23 70
23 72
23 74
23 77
23 78
23 80
23 81
23 82
23 83
23 84
23 86
23 88
23 89
23 93
23 95
23 96
23 97
23 98
24 25
24 26
24 28
24 30
24 32
24 33
24 34
24 36
24 37
24 40
24 44
24 48
24 50
24 51
24 52
24 56
24 58
24 59
24 61
24 62
24 66
24 69
24 71
24 72
24 73
24 74
24 77
24 79
24 81
24 83
24 85
24 86
24 87
24 91
24 94
24 96
25 26
25 29
25 30
25 32
25 33
25 34
25 38
25 40
25 42
25 44
25 45
25 46
25 47
25 48
25 51
25 53
25 54
25 55
25 56
25 57
25 59
25 60
25 62
25 65
25 66
25 67
25 75
25 77
25 78
25 81
25 83
25 84
25 85
25 86
25 87
25 88
25 92
25 96
25 97
25 98
25 99
26 27
26 28
26 29
26 30
26 31
26 33
26 34
26 37
26 38
26 43
26 45
26 46
26 47
26 50
26 51
26 57
26 59
26 60
26 65
26 66
26 74
26 76
26 77
26 78
26 82
26 83
26 85
26 86
26 88
26 89
26 91
26 93
26 95
26 96
26 97
26 98
26 99
27 32
27 33
27 40
27 42
27 45
27 47
27 51
27 52
27 57
27 60
27 63
27 65
27 68
27 72
27 74
27 78
27 80
27 82
27 85
27 87
27 93
27 96
27 97
27 98
27 99
28 29
28 31
28 32
28 34
28 37
28 41
28 42
28 44
28 47
28 49
28 50
28 51
28 54
28 55
28 56
28 57
28 58
28 60
28 62
28 65
28 66
28 67
28 69
28 70
28 73
28 75
28 78
28 82
28 84
28 85
28 86
28 87
28 88
28 90
28 91
28 95
28 98
28 99
29 30
29 35
29 36
29 42
29 44
29 45
29 46
29 49
29 50
29 53
29 56
29 60
29 61
29 63
29 65
29 69
29 70
29 71
29 73
29 74
29 75
29 77
29 78
29 79
29 80
29 81
29 87
29 88
29 90
29 92
29 93
29 94
29 97
29 99
30 31
30 32
30 33
30 34
30 35
30 37
30 40
30 41
30 42
30 46
30 51
30 52
30 55
30 57
30 58
30 62
30 63
30 64
30 65
30 69
30 71
30 72
30 74
30 76
30 79
30 81
30 84
30 85
30 86
30 87
30 90
30 96
30 97
30 98
31 32
31 35
31 36
31 37
31 39
31 40
31 41
31 42
31 44
31 47
31 49
31 50
31 52
31 53
31 55
31 56
31 58
31 59
31 62
31 65
31 67
31 69
31 70
31 71
31 73
31 75
31 76
31 79
31 82
31 84
31 86
31 87
31 88
31 91
31 93
31 95
31 97
31 98
31 99
32 33
32 34
32 38
32 41
32 42
32 43
32 45
32 49
32 50
32 51
32 52
32 53
32 54
32 56
32 60
32 62
32 64
32 66
32 67
32 68
32 71
32 73
32 74
32 76
32 78
32 81
32 83
32 87
32 88
32 89
32 90
32 91
32 94
32 95
32 96
32 99
33 34
33 36
33 39
33 41
33 43
33 45
33 46
33 49
33 59
33 62
33 64
33 67
33 68
33 70
33 71
33 73
33 75
33 76
33 79
33 84
33 85
33 88
33 91
33 95
33 97
33 98
33 99
34 35
34 36
34 37
34 39
34 41
34 45
34 47
34 50
34 52
34 53
34 54
34 55
34 56
34 59
34 61
34 62
34 65
34 68
34 70
34 71
34 72
34 73
34 74
34 75
34 76
34 79
34 80
34 83
34 84
34 88
34 89
34 92
34 94
34 95
35 36
35 37
35 38
35 40
35 45
35 47
35 49
35 51
35 52
35 54
35 56
35 59
35 62
35 68
35 71
35 73
35 74
35 75
35 77
35 79
35 82
35 86
35 87
35 88
35 89
35 90
35 92
35 93
35 98
35 99
36 37
36 38
36 42
36 43
36 48
36 51
36 55
36 58
36 60
36 63
36 64
36 65
36 69
36 71
36 73
36 75
36 78
36 80
36 81
36 82
36 83
36 86
36 87
36 88
36 89
36 91
36 93
36 95
36 96
36 99
37 39
37 40
37 47
37 54
37 55
37 56
37 57
37 58
37 63
37 65
37 66
37 74
37 75
37 78
37 79
37 80
37 82
37 84
37 85
37 86
37 89
37 90
37 93
37 96
37 97
38 40
38 41
38 42
38 44
38 48
38 51
38 53
38 54
38 57
38 58
38 60
38 62
38 64
38 66
38 68
38 69
38 70
38 72
38 74
38 75
38 76
38 78
38 81
38 83
38 84
38 87
38 88
38 90
38 92
38 95
38 98
38 99
39 41
39 43
39 45
39 47
39 48
39 49
39 50
39 52
39 57
39 58
39 63
39 64
39 66
39 69
39 70
39 75
39 76
39 77
39 78
39 79
39 81
39 83
39 85
39 86
39 87
39 89
39 90
39 94
39 95
39 96
39 97
39 99
40 42
40 43
40 44
40 47
40 48
40 49
40 50
40 52
40 57
40 58
40 60
40 62
40 63
40 64
40 68
40 69
40 70
40 72
40 76
40 78
40 83
40 85
40 88
40 89
40 91
40 92
40 94
40 96
40 98
41 44
41 45
41 47
41 48
41 49
41 51
41 54
41 55
41 59
41 60
41 62
41 64
41 67
41 69
41 71
41 73
41 74
41 77
41 78
41 79
41 80
41 81
41 82
41 84
41 85
41 89
41 91
41 95
41 96
42 45
42 48
42 49
42 51
42 52
42 53
42 61
42 62
42 64
42 66
42 67
42 68
42 69
42 73
42 74
42 75
42 76
42 77
42 80
42 81
42 90
42 93
42 94
42 95
42 97
42 99
43 47
43 48
43 49
43 53
43 56
43 57
43 58
43 60
43 63
43 64
43 66
43 70
43 73
43 78
43 81
43 83
43 85
43 87
43 88
43 89
43 91
43 92
43 93
43 96
43 97
43 99
44 45
44 46
44 47
44 48
44 49
44 51
44 52
44 53
44 55
44 56
44 57
44 58
44 59
44 61
44 62
44 66
44 67
44 69
44 70
44 71
44 72
44 75
44 76
44 78
44 79
44 81
44 82
44 83
44 85
44 86
44 90
44 91
44 93
44 94
44 96
44 97
44 99
45 49
45 51
45 52
45 53
45 55
45 56
45 61
45 62
45 63
45 69
45 73
45 74
45 77
45 78
45 79
45 80
45 82
45 84
45 87
45 89
45 91
45 94
46 48
46 50
46 52
46 54
46 55
46 58
46 62
46 63
46 64
46 67
46 69
46 70
46 73
46 74
46 77
46 78
46 79
46 80
46 82
46 85
46 86
46 87
46 88
46 89
46 90
46 92
46 96
46 97
46 99
47 50
47 52
47 53
47 54
47 55
47 58
47 59
47 61
47 64
47 67
47 68
47 69
47 70
47 71
47 76
47 78
47 79
47 81
47 83
47 84
47 85
47 86
47 87
47 88
47 90
47 91
47 93
47 96
47 98
47 99
48 52
48 55
48 58
48 59
48 62
48 63
48 65
48 67
48 68
48 70
48 71
48 72
48 73
48 75
48 76
48 77
48 78
48 79
48 80
48 81
48 82
48 87
48 93
48 94
48 97
48 98
48 99
49 53
49 54
49 55
49 58
49 60
49 63
49 65
49 69
49 71
49 72
49 74
49 76
49 78
49 79
49 82
49 85
49 94
49 95
49 98
50 51
50 52
50 58
50 60
50 61
50 64
50 65
50 67
50 70
50 72
50 74
50 75
50 76
50 77
50 78
50 80
50 81
50 82
50 89
50 91
50 92
50 93
50 94
50 95
50 96
50 99
51 52
51 53
51 56
51 57
51 59
51 60
51 63
51 64
51 66
51 67
51 68
51 69
51 74
51 75
51 77
51 80
51 84
51 92
51 93
51 94
51 98
52 53
52 55
52 57
52 58
52 59
52 64
52 65
52 66
52 68
52 72
52 75
52 78
52 81
52 84
52 86
52 88
52 89
52 90
52 91
52 92
52 93
52 94
52 95
52 98
52 99
53 55
53 56
53 57
53 58
53 68
53 72
53 73
53 74
53 75
53 76
53 77
53 82
53 83
53 85
53 87
53 92
53 93
53 94
53 96
53 98
53 99
54 59
54 61
54 62
54 63
54 64
54 68
54 69
54 71
54 74
54 76
54 79
54 80
54 81
54 83
54 85
54 87
54 89
54 92
54 93
54 94
54 96
54 98
54 99
55 56
55 57
55 58
55 59
55 61
55 62
55 64
55 65
55 66
55 67
55 68
55 70
55 72
55 74
55 75
55 76
55 77
55 79
55 80
55 82
55 83
55 84
55 86
55 87
55 88
55 91
55 92
55 93
55 94
55 95
55 98
56 58
56 60
56 63
56 64
56 66
56 70
56 71
56 72
56 73
56 74
56 75
56 78
56 79
56 80
56 81
56 82
56 84
56 86
56 88
56 90
56 92
56 94
56 98
57 58
57 59
57 60
57 61
57 62
57 67
57 71
57 72
57 73
57 79
57 80
57 81
57 87
57 88
57 89
57 92
57 94
57 95
57 97
57 99
58 60
58 61
58 62
58 63
58 65
58 71
58 72
58 75
58 76
58 77
58 82
58 84
58 85
58 86
58 87
58 88
58 89
58 92
58 99
59 60
59 61
59 67
59 68
59 69
59 70
59 72
59 73
59 75
59 76
59 79
59 81
59 83
59 84
59 85
59 86
59 87
59 89
59 92
59 94
59 96
59 97
59 99
60 63
60 65
60 66
60 69
60 70
60 71
60 72
60 73
60 74
60 75
60 79
60 81
60 84
60 86
60 92
60 93
60 95
60 99
61 63
61 64
61 65
61 69
61 70
61 73
61 76
61 79
61 80
61 81
61 84
61 87
61 90
61 96
61 97
61 98
62 66
62 69
62 71
62 76
62 79
62 80
62 81
62 83
62 87
62 88
62 91
62 93
62 96
62 98
62 99
63 64
63 65
63 69
63 70
63 73
63 74
63 81
63 84
63 86
63 89
63 90
63 93
63 94
63 95
63 96
63 99
64 67
64 68
64 69
64 70
64 71
64 72
64 73
64 74
64 79
64 80
64 81
64 82
64 83
64 84
64 85
64 87
64 91
64 93
64 94
64 96
65 66
65 68
65 69
65 70
65 72
65 73
65 74
65 75
65 76
65 84
65 86
65 87
65 88
65 89
65 92
65 93
65 94
65 96
65 97
65 98
65 99
66 67
66 70
66 71
66 72
66 74
66 75
66 78
66 80
66 83
66 88
66 90
66 91
66 92
66 95
66 98
67 70
67 75
67 76
67 79
67 80
67 83
67 84
67 87
67 88
67 89
67 90
67 93
67 94
67 96
67 97
67 98
67 99
68 70
68 73
68 76
68 77
68 79
68 81
68 84
68 86
68 87
68 88
68 90
68 91
68 92
68 93
68 95
68 99
69 72
69 73
69 76
69 78
69 79
69 80
69 82
69 83
69 88
69 90
69 91
69 93
69 94
69 96
69 97
69 98
70 72
70 75
70 76
70 77
70 79
70 80
70 81
70 82
70 85
70 93
70 96
70 97
70 98
71 72
71 73
71 74
71 75
71 76
71 81
71 82
71 83
71 85
71 91
71 92
71 97
71 98
71 99
72 74
72 76
72 79
72 83
72 84
72 85
72 87
72 91
72 92
72 94
72 95
72 96
72 97
72 98
73 79
73 80
73 83
73 84
73 85
73 89
73 92
73 93
73 94
73 98
74 82
74 83
74 86
74 88
74 89
74 91
74 93
74 94
74 97
75 76
75 77
75 78
75 79
75 82
75 83
75 88
75 89
75 90
75 91
75 94
75 95
75 96
75 97
75 98
76 79
76 82
76 87
76 97
76 98
77 78
77 79
77 83
77 84
77 88
77 89
77 92
77 93
77 94
77 95
77 97
78 84
78 85
78 86
78 89
78 91
78 92
78 93
78 95
78 97
78 99
79 80
79 82
79 83
79 84
79 87
79 88
79 90
79 91
79 92
79 96
79 98
79 99
80 85
80 90
80 91
80 94
80 99
81 82
81 83
81 84
81 89
81 92
81 93
81 94
81 95
81 96
81 98
82 83
82 89
82 91
82 92
82 93
82 95
83 84
83 90
83 91
83 92
83 94
83 95
83 96
83 97
84 85
84 86
84 87
84 88
84 89
84 93
84 94
84 95
84 97
85 87
85 90
85 91
85 93
85 95
85 99
86 91
86 94
86 96
86 97
86 98
86 99
87 88
87 89
87 90
87 92
87 93
87 94
87 97
88 91
88 92
88 93
88 94
88 95
88 96
88 98
89 91
89 92
89 96
89 97
89 98
89 99
90 94
90 99
91 92
91 94
91 96
91 98
92 94
92 95
92 99
93 94
93 95
93 96
93 99
94 95
94 99
95 97
95 99
96 99
97 98
97 99
