0 2
0 3
0 8
0 9
0 10
0 13
0 26
0 36
0 40
0 45
0 53
0 54
0 56
0 60
0 62
0 71
0 74
0 78
0 87
0 88
0 89
0 94
0 97
1 4
1 16
1 20
1 21
1 24
1 26
1 28
1 36
1 43
1 53
1 56
1 57
1 69
1 82
1 86
1 89
1 95
1 99
2 8
2 12
2 17
2 29
2 39
2 41
2 42
2 51
2 54
2 64
2 65
2 70
2 74
2 81
2 87
2 88
2 92
2 95
2 96
2 99
3 5
3 9
3 10
3 13
3 21
3 27
3 28
3 29
3 31
3 36
3 54
3 58
3 60
3 63
3 64
3 65
3 67
3 76
3 80
3 98
4 7
4 10
4 11
4 17
4 18
4 20
4 22
4 28
4 34
4 49
4 56
4 59
4 63
4 65
4 66
4 71
4 82
4 84
4 94
4 96
5 7
5 21
5 26
5 29
5 45
5 47
5 49
5 53
5 62
5 65
5 68
5 73
5 85
5 87
5 88
5 91
6 20
6 32
6 58
6 60
6 66
6 68
6 70
6 73
6 76
6 81
6 83
6 95
6 97
7 8
7 16
7 17
7 22
7 39
7 42
7 51
7 54
7 56
7 57
7 59
7 69
7 75
7 81
7 92
8 10
8 28
8 31
8 32
8 37
8 44
8 51
8 52
8 57
8 65
8 67
8 69
8 74
8 78
8 91
8 99
9 22
9 25
9 34
9 55
9 60
9 64
9 77
9 81
9 97
10 14
10 15
10 28
10 30
10 32
10 37
10 38
10 43
10 48
10 49
10 51
10 54
10 64
10 73
10 74
10 75
10 83
10 86
10 89
10 92
10 95
10 98
10 99
11 19
11 20
11 22
11 23
11 25
11 30
11 43
11 44
11 50
11 58
11 63
11 65
11 67
11 71
11 77
11 78
11 80
11 87
11 91
11 93
12 19
12 26
12 33
12 42
12 47
12 49
12 50
12 53
12 56
12 65
12 72
12 74
12 75
12 78
12 79
12 82
12 86
12 95
13 14
13 18
13 24
13 32
13 40
13 42
13 51
13 57
13 63
13 64
13 69
13 71
13 73
13 76
13 77
13 86
13 88
13 90
14 20
14 23
14 38
14 39
14 40
14 41
14 44
14 45
14 46
14 52
14 53
14 56
14 59
14 64
14 82
14 86
14 89
14 90
14 94
14 96
15 16
15 23
15 28
15 36
15 38
15 61
15 64
15 66
15 68
15 72
15 77
15 93
15 94
16 26
16 28
16 29
16 31
16 36
16 40
16 56
16 58
16 68
16 71
16 77
16 79
16 85
16 93
16 97
17 24
17 26
17 49
17 51
17 54
17 59
17 60
17 64
17 72
17 74
17 75
17 78
17 84
17 91
17 92
17 94
17 96
17 98
18 19
18 23
18 27
18 32
18 34
18 36
18 43
18 49
18 51
18 56
18 61
18 63
18 64
18 68
18 73
18 78
18 80
18 83
18 89
18 94
18 96
19 20
19 22
19 38
19 39
19 45
19 51
19 54
19 55
19 58
19 60
19 65
19 67
19 77
19 83
19 87
19 90
19 93
19 99
20 22
20 23
20 29
20 30
20 31
20 32
20 39
20 47
20 48
20 50
20 62
20 67
20 71
20 76
20 88
20 89
20 92
20 94
20 97
20 98
20 99
21 26
21 27
21 33
21 42
21 44
21 46
21 52
21 55
21 67
21 68
21 72
21 73
21 76
21 83
21 90
21 91
21 95
21 96
21 97
22 28
22 30
22 39
22 43
22 44
22 52
22 53
22 64
22 67
22 69
22 70
22 71
22 80
22 96
23 29
23 35
23 36
23 44
23 46
23 47
23 53
23 61
23 65
23 66
23 74
23 81
23 88
23 93
23 99
24 26
24 38
24 48
24 51
24 52
24 58
24 60
24 62
24 65
24 67
24 68
24 69
24 70
24 88
24 89
24 95
25 27
25 28
25 32
25 38
25 55
25 60
25 63
25 70
25 72
25 75
25 76
25 79
25 80
25 82
25 89
25 92
26 30
26 45
26 48
26 51
26 52
26 56
26 60
26 65
26 68
26 69
26 75
26 83
26 99
27 37
27 40
27 49
27 56
27 70
27 73
27 74
27 89
27 93
27 95
28 36
28 39
28 43
28 44
28 46
28 50
28 54
28 68
28 72
28 77
28 79
28 93
28 97
28 99
29 33
29 36
29 38
29 39
29 40
29 49
29 58
29 64
29 95
29 97
29 99
30 31
30 32
30 33
30 45
30 46
30 49
30 53
30 54
30 57
30 60
30 64
30 66
30 67
30 72
30 75
30 79
30 80
30 84
30 91
30 93
31 37
31 50
31 52
31 56
31 70
31 72
31 74
31 77
31 89
31 98
32 33
32 35
32 39
32 42
32 45
32 48
32 50
32 82
32 88
32 93
32 97
33 34
33 39
33 45
33 55
33 56
33 64
33 68
33 69
33 75
33 78
33 91
33 97
34 47
34 49
34 51
34 53
34 58
34 94
35 40
35 43
35 60
35 70
35 71
35 72
35 76
35 77
35 78
35 86
35 91
36 40
36 45
36 57
36 73
36 77
36 81
36 86
36 91
36 97
36 98
37 38
37 47
37 56
37 70
37 72
37 78
37 81
37 85
37 88
38 41
38 47
38 51
38 55
38 57
38 58
38 59
38 63
38 67
38 72
38 73
38 75
39 41
39 48
39 49
39 50
39 51
39 53
39 62
39 69
39 80
39 87
39 95
40 41
40 45
40 52
40 57
40 62
40 74
40 80
40 88
40 95
40 99
41 43
41 57
41 58
41 62
41 63
41 66
41 78
41 82
41 97
42 46
42 52
42 56
42 65
42 66
42 68
42 71
42 73
42 75
42 77
42 85
42 86
42 96
42 98
43 50
43 63
43 69
43 73
43 75
43 76
43 85
43 91
44 45
44 47
44 55
44 74
44 75
44 77
44 79
44 80
44 85
44 98
45 55
45 65
45 66
45 67
45 77
45 79
45 85
45 90
46 49
46 50
46 52
46 61
46 65
46 66
46 72
46 84
46 88
46 90
46 91
46 92
46 98
47 57
47 60
47 65
47 67
47 74
47 76
47 78
47 80
47 87
47 95
47 97
48 57
48 64
48 65
48 72
48 73
48 77
48 79
48 94
48 99
49 58
49 61
49 67
49 72
49 84
49 87
49 89
49 92
49 97
50 54
50 67
50 68
50 76
50 79
50 86
51 54
51 58
51 66
51 76
51 84
51 88
51 95
51 98
52 54
52 55
52 56
52 57
52 65
52 70
52 71
52 76
52 90
52 97
53 54
53 57
53 58
53 60
53 64
53 66
53 72
53 78
53 79
53 93
53 96
54 55
54 60
54 63
54 69
54 72
54 75
54 79
54 87
54 88
54 89
54 95
55 58
55 60
55 62
55 67
55 68
55 76
55 78
55 83
55 91
55 95
55 97
55 98
56 59
56 66
56 70
56 73
56 80
56 81
56 91
57 60
57 64
57 72
57 73
57 75
57 76
57 77
57 83
57 87
57 89
57 91
57 97
58 60
58 67
58 81
58 82
58 83
58 87
58 98
58 99
59 61
59 62
59 66
59 68
59 70
59 74
59 75
59 86
60 66
60 68
60 75
60 89
60 95
60 98
61 62
61 63
61 67
61 69
61 71
61 72
61 83
61 84
61 90
61 94
61 96
62 67
62 71
62 74
62 76
62 85
62 88
62 89
62 90
62 97
62 98
62 99
63 64
63 68
63 74
63 76
63 81
63 97
64 65
64 67
64 71
64 73
64 81
64 83
64 84
64 97
64 99
65 68
65 70
65 78
65 80
65 84
65 87
65 88
65 90
65 93
66 72
66 76
66 77
66 79
66 86
66 87
66 93
67 69
67 70
67 82
67 84
67 91
67 96
67 98
68 70
68 76
68 77
68 84
68 86
68 89
68 91
68 99
69 75
69 76
69 84
69 87
69 88
69 96
70 71
70 80
71 72
71 73
71 77
71 88
72 78
72 90
72 92
72 94
73 77
73 79
73 83
73 84
73 93
73 94
73 95
73 97
73 99
74 75
74 83
74 88
74 97
74 98
75 79
75 82
75 83
75 84
75 86
75 87
75 89
75 90
75 91
75 93
75 95
76 80
76 86
76 88
76 91
77 81
77 84
77 91
77 98
78 87
78 95
78 99
79 83
79 84
79 87
79 95
79 96
80 82
80 85
80 91
80 95
81 88
81 89
81 91
82 94
82 95
82 98
83 84
83 87
83 92
83 93
83 95
83 98
84 90
84 94
84 96
84 97
85 86
85 87
85 94
85 97
86 92
86 96
88 96
88 97
90 96
91 94
91 95
92 97
95 97
96 99
