0 10
0 13
0 16
0 18
0 21
0 23
0 26
0 28
0 41
0 50
0 58
0 59
0 62
0 65
0 66
0 67
0 72
0 73
0 76
0 79
0 81
0 83
0 87
0 97
1 6
1 18
1 19
1 21
1 27
1 35
1 46
1 56
1 61
1 62
1 72
1 79
1 90
1 92
1 93
1 95
2 11
2 21
2 26
2 33
2 64
2 69
2 70
2 72
2 77
2 81
2 85
2 89
2 90
2 97
3 4
3 9
3 14
3 15
3 19
3 21
3 22
3 32
3 43
3 44
3 45
3 48
3 49
3 56
3 62
3 66
3 67
3 69
3 77
3 89
3 91
4 8
4 11
4 24
4 28
4 30
4 34
4 37
4 38
4 44
4 46
4 47
4 48
4 53
4 62
4 74
4 77
4 80
4 89
4 92
4 94
4 99
5 10
5 11
5 12
5 13
5 14
5 26
5 29
5 34
5 46
5 50
5 54
5 57
5 60
5 65
5 66
5 87
5 91
5 93
5 94
6 7
6 11
6 16
6 24
6 26
6 39
6 48
6 51
6 54
6 63
6 65
6 79
6 80
6 87
6 88
6 89
6 97
6 98
7 10
7 12
7 14
7 20
7 22
7 27
7 35
7 38
7 40
7 45
7 54
7 57
7 58
7 60
7 67
7 69
7 78
7 80
7 87
7 89
7 97
8 16
8 18
8 22
8 25
8 26
8 35
8 36
8 45
8 46
8 53
8 57
8 64
8 74
8 78
8 85
8 86
8 88
9 36
9 37
9 49
9 57
9 58
9 69
9 76
9 84
9 87
9 92
10 17
10 19
10 20
10 24
10 26
10 28
10 31
10 37
10 39
10 43
10 46
10 50
10 51
10 52
10 56
10 58
10 67
10 70
10 83
11 20
11 21
11 24
11 25
11 26
11 28
11 41
11 54
11 59
11 62
11 63
11 66
11 70
11 83
11 93
11 95
11 97
12 14
12 25
12 30
12 33
12 40
12 54
12 62
12 63
12 64
12 69
12 77
12 87
12 91
12 96
12 97
12 98
12 99
13 16
13 17
13 23
13 27
13 29
13 35
13 44
13 47
13 55
13 61
13 65
13 66
13 69
13 71
13 76
13 78
13 83
13 84
13 86
13 90
13 95
13 97
14 17
14 19
14 23
14 24
14 25
14 28
14 30
14 35
14 37
14 45
14 46
14 60
14 67
14 71
14 78
14 87
14 91
14 97
15 24
15 28
15 46
15 51
15 52
15 58
15 60
15 62
15 73
15 76
15 78
15 88
15 97
15 99
16 17
16 31
16 32
16 33
16 35
16 59
16 60
16 68
16 72
16 74
16 78
16 87
16 90
16 91
16 92
16 95
16 99
17 38
17 39
17 40
17 41
17 47
17 48
17 49
17 59
17 63
17 67
17 72
17 73
17 74
17 75
17 78
17 79
17 86
17 91
17 94
18 22
18 35
18 40
18 50
18 58
18 64
18 66
18 68
18 72
18 80
18 90
18 93
18 97
19 22
19 24
19 25
19 41
19 55
19 65
19 76
19 77
19 81
19 82
19 83
19 99
20 26
20 28
20 42
20 47
20 48
20 51
20 52
20 54
20 55
20 60
20 61
20 63
20 69
20 70
20 77
21 22
21 26
21 27
21 28
21 36
21 38
21 46
21 48
21 49
21 52
21 56
21 57
21 58
21 61
21 62
21 69
21 73
21 76
21 79
21 83
21 85
21 90
21 92
21 99
22 25
22 30
22 32
22 41
22 48
22 50
22 51
22 52
22 55
22 56
22 60
22 62
22 71
22 77
22 78
22 79
22 81
22 82
22 86
22 89
22 91
23 26
23 29
23 35
23 47
23 48
23 52
23 57
23 73
23 83
23 96
24 29
24 32
24 35
24 40
24 52
24 56
24 58
24 60
24 63
24 66
24 74
25 31
25 40
25 47
25 50
25 51
25 55
25 57
25 59
25 60
25 65
25 67
25 79
25 95
25 97
26 29
26 36
26 55
26 56
26 61
26 68
26 71
26 73
26 76
26 78
26 85
26 86
26 89
26 92
27 34
27 41
27 43
27 44
27 47
27 48
27 50
27 53
27 59
27 64
27 75
27 81
27 83
27 87
27 90
27 94
28 29
28 32
28 39
28 43
28 52
28 54
28 56
28 61
28 63
28 65
28 68
28 72
28 73
28 75
28 82
28 87
28 91
28 94
28 97
29 33
29 35
29 37
29 39
29 42
29 64
29 67
29 68
29 74
29 75
29 77
29 78
29 85
29 97
30 45
30 46
30 53
30 54
30 58
30 59
30 67
30 71
30 77
30 85
30 91
30 93
31 34
31 35
31 38
31 42
31 51
31 55
31 56
31 57
31 69
31 72
31 74
31 76
31 80
31 87
31 98
32 34
32 38
32 44
32 45
32 51
32 55
32 56
32 59
32 62
32 82
32 83
32 89
32 93
32 94
32 99
33 35
33 36
33 37
33 46
33 54
33 55
33 57
33 69
33 70
33 72
33 75
33 78
33 81
33 83
33 91
33 92
33 99
34 36
34 37
34 45
34 50
34 53
34 60
34 63
34 64
34 66
34 67
34 68
34 86
34 88
34 95
35 39
35 45
35 46
35 54
35 56
35 62
35 63
35 67
35 72
35 88
35 91
35 94
35 98
36 37
36 41
36 45
36 53
36 55
36 74
36 85
36 96
36 98
37 40
37 42
37 43
37 44
37 48
37 54
37 56
37 58
37 60
37 69
37 70
37 77
37 81
37 98
38 40
38 44
38 45
38 47
38 58
38 61
38 78
38 80
38 82
38 86
38 88
38 95
39 51
39 56
39 59
39 61
39 71
39 73
39 76
39 79
39 82
39 85
39 87
39 96
39 97
40 41
40 45
40 49
40 57
40 58
40 63
40 66
40 73
40 79
40 82
40 89
40 93
41 49
41 52
41 56
41 59
41 65
41 73
41 78
41 81
41 84
41 85
41 86
41 94
41 95
41 97
42 64
42 68
42 71
42 72
42 78
42 93
43 57
43 71
43 72
43 75
43 77
43 83
43 84
43 91
43 98
44 46
44 49
44 52
44 54
44 56
44 67
44 82
44 83
44 95
44 98
45 46
45 52
45 60
45 72
45 76
45 84
45 85
45 86
45 90
45 94
45 96
45 98
46 48
46 51
46 52
46 55
46 56
46 62
46 65
46 67
46 72
46 74
46 75
46 78
46 82
46 84
46 85
46 87
46 88
46 90
46 95
46 98
46 99
47 49
47 65
47 70
47 71
47 73
47 76
47 88
47 92
47 94
47 98
48 51
48 56
48 58
48 60
48 62
48 64
48 68
48 70
48 74
48 80
48 86
48 95
48 96
49 63
49 70
49 74
49 81
49 94
49 97
49 99
50 54
50 55
50 61
50 63
50 66
50 67
50 77
50 88
50 92
50 99
51 53
51 54
51 65
51 80
51 86
51 94
51 96
51 99
52 53
52 56
52 61
52 65
52 69
52 71
52 87
52 88
52 90
52 93
53 69
53 73
53 79
53 80
53 84
53 90
53 98
54 55
54 57
54 60
54 62
54 64
54 72
54 73
54 78
54 82
54 86
54 90
54 97
54 98
55 60
55 61
55 62
55 69
55 70
55 73
55 99
56 65
56 66
56 68
56 70
56 80
56 83
56 85
56 87
56 88
56 93
56 99
57 64
57 70
57 71
57 85
57 97
57 98
57 99
58 61
58 62
58 65
58 78
58 80
58 81
58 82
58 90
58 97
59 70
59 71
59 74
59 77
59 78
59 80
59 83
59 84
59 85
59 90
59 92
59 94
59 96
60 68
60 71
60 72
60 79
60 85
60 87
60 88
60 89
60 96
60 99
61 68
61 70
61 71
61 82
61 91
62 63
62 67
62 80
62 84
62 87
62 95
62 97
62 98
62 99
63 69
63 73
63 80
63 82
63 86
63 92
63 93
63 96
64 71
64 76
64 98
65 67
65 70
65 71
65 90
65 94
65 96
66 68
66 73
66 79
66 84
66 94
66 95
67 74
67 75
67 78
67 83
67 84
67 87
67 91
67 92
67 93
67 97
68 71
68 78
68 80
68 81
68 90
68 92
68 94
68 95
69 71
69 80
69 93
69 96
69 97
70 85
70 93
71 73
71 77
71 80
71 81
71 88
71 95
72 80
72 82
72 89
72 91
72 96
73 77
73 80
73 83
73 84
73 86
73 91
73 95
73 96
73 99
74 75
74 84
74 88
74 93
74 94
74 95
74 97
75 85
75 90
75 91
75 95
76 84
76 87
76 93
76 94
76 95
77 78
77 81
77 86
77 87
77 88
77 90
77 95
78 83
78 88
78 95
79 82
79 83
79 85
79 91
79 93
80 81
80 82
80 88
80 90
80 98
81 88
81 93
82 85
82 86
82 88
82 91
82 93
82 95
82 97
84 85
84 88
84 90
84 93
85 95
85 97
86 93
86 94
86 96
87 89
87 97
88 93
88 94
88 98
89 98
90 94
90 97
90 99
91 95
92 95
92 96
92 99
93 97
93 98
94 96
95 98
