0 1
0 3
0 5
0 8
0 9
0 11
0 12
0 14
0 17
0 25
0 32
0 34
0 38
0 40
0 41
0 45
0 48
0 52
0 53
0 60
0 75
0 79
0 80
0 81
0 87
0 88
0 89
0 93
0 94
0 98
1 2
1 4
1 5
1 7
1 9
1 16
1 17
1 18
1 23
1 35
1 37
1 41
1 47
1 50
1 51
1 54
1 57
1 58
1 60
1 67
1 70
1 76
1 84
1 86
1 92
1 94
1 97
1 98
2 3
2 7
2 12
2 18
2 19
2 21
2 22
2 23
2 25
2 28
2 29
2 30
2 32
2 40
2 45
2 46
2 48
2 49
2 55
2 57
2 63
2 66
2 71
2 72
2 80
2 81
2 84
2 85
2 90
3 4
3 16
3 21
3 26
3 27
3 29
3 32
3 40
3 43
3 44
3 46
3 58
3 60
3 63
3 68
3 71
3 75
3 79
3 81
3 83
3 84
3 85
3 86
3 89
3 91
3 92
4 6
4 13
4 17
4 27
4 29
4 30
4 33
4 38
4 41
4 43
4 49
4 52
4 60
4 72
4 75
4 85
4 87
4 89
4 90
4 93
4 96
4 98
4 99
5 11
5 14
5 15
5 23
5 24
5 30
5 35
5 38
5 39
5 41
5 46
5 47
5 50
5 58
5 62
5 64
5 66
5 68
5 73
5 75
5 77
5 84
5 85
5 86
5 88
5 92
5 93
6 11
6 19
6 21
6 24
6 26
6 30
6 31
6 33
6 40
6 43
6 48
6 53
6 54
6 55
6 58
6 71
6 77
6 78
6 80
6 81
6 82
6 83
6 85
6 86
6 89
6 92
6 95
7 9
7 16
7 17
7 21
7 23
7 25
7 27
7 28
7 29
7 30
7 39
7 44
7 45
7 48
7 50
7 56
7 57
7 61
7 62
7 65
7 73
7 78
7 89
7 92
7 93
7 94
7 99
8 9
8 16
8 19
8 21
8 28
8 31
8 35
8 37
8 39
8 40
8 41
8 44
8 45
8 47
8 48
8 53
8 63
8 65
8 66
8 70
8 73
8 74
8 76
8 77
8 78
8 79
8 80
8 81
8 82
8 83
8 84
8 98
8 99
9 11
9 16
9 20
9 22
9 26
9 27
9 28
9 34
9 35
9 39
9 41
9 42
9 43
9 49
9 51
9 54
9 62
9 67
9 68
9 71
9 73
9 77
9 80
9 82
9 90
9 96
9 99
10 11
10 14
10 15
10 19
10 20
10 22
10 24
10 26
10 28
10 37
10 38
10 39
10 40
10 43
10 47
10 50
10 57
10 58
10 63
10 65
10 67
10 68
10 74
10 78
10 80
10 83
10 87
10 89
10 93
10 95
11 20
11 21
11 26
11 27
11 28
11 30
11 41
11 43
11 49
11 56
11 57
11 58
11 60
11 65
11 68
11 70
11 72
11 77
11 78
11 84
11 87
11 89
11 92
11 93
11 95
11 98
11 99
12 14
12 19
12 21
12 22
12 25
12 27
12 29
12 31
12 32
12 37
12 42
12 45
12 60
12 61
12 62
12 67
12 68
12 69
12 70
12 74
12 76
12 78
12 82
12 85
12 87
12 91
12 97
12 99
13 14
13 16
13 19
13 21
13 25
13 33
13 34
13 38
13 40
13 41
13 49
13 53
13 55
13 56
13 62
13 64
13 66
13 68
13 72
13 75
13 76
13 86
13 87
13 88
13 90
13 95
13 96
13 99
14 19
14 21
14 26
14 27
14 29
14 30
14 33
14 36
14 40
14 41
14 45
14 47
14 56
14 58
14 60
14 61
14 72
14 73
14 74
14 78
14 83
14 94
15 19
15 20
15 22
15 23
15 26
15 31
15 33
15 36
15 38
15 39
15 41
15 42
15 45
15 49
15 51
15 55
15 57
15 58
15 61
15 62
15 65
15 67
15 71
15 80
15 85
15 86
15 93
15 95
15 96
15 97
15 98
15 99
16 20
16 25
16 27
16 31
16 34
16 35
16 37
16 39
16 40
16 44
16 51
16 54
16 56
16 57
16 58
16 61
16 63
16 64
16 65
16 69
16 70
16 71
16 73
16 74
16 75
16 80
16 82
16 91
16 92
16 96
17 19
17 22
17 24
17 25
17 28
17 35
17 40
17 41
17 42
17 43
17 46
17 47
17 48
17 52
17 57
17 59
17 61
17 63
17 74
17 83
17 85
17 89
17 91
17 92
17 93
17 99
18 21
18 25
18 27
18 29
18 30
18 31
18 32
18 34
18 35
18 36
18 40
18 46
18 48
18 50
18 51
18 56
18 62
18 63
18 64
18 66
18 67
18 69
18 76
18 83
18 90
18 94
19 26
19 28
19 29
19 31
19 35
19 41
19 46
19 47
19 50
19 53
19 56
19 73
19 74
19 77
19 78
19 83
19 84
19 88
19 89
19 90
19 97
20 22
20 24
20 25
20 31
20 33
20 35
20 36
20 48
20 60
20 62
20 66
20 72
20 75
20 84
20 89
20 92
20 93
20 95
21 23
21 24
21 26
21 29
21 31
21 32
21 39
21 49
21 51
21 52
21 60
21 61
21 62
21 67
21 69
21 70
21 71
21 72
21 75
21 79
21 81
21 83
21 85
21 88
21 89
21 91
21 94
22 25
22 27
22 28
22 37
22 40
22 42
22 45
22 47
22 51
22 52
22 61
22 63
22 64
22 69
22 79
22 80
22 87
22 89
22 96
22 97
23 24
23 25
23 30
23 31
23 36
23 43
23 44
23 46
23 47
23 51
23 57
23 63
23 64
23 67
23 69
23 70
23 73
23 77
23 78
23 79
23 81
23 85
23 87
23 90
23 95
23 97
24 28
24 29
24 30
24 34
24 35
24 37
24 41
24 52
24 56
24 57
24 61
24 71
24 73
24 80
24 82
24 86
24 94
24 95
24 97
25 31
25 36
25 39
25 41
25 48
25 51
25 52
25 53
25 55
25 57
25 59
25 60
25 65
25 70
25 73
25 79
25 84
25 92
25 96
25 98
26 28
26 30
26 33
26 36
26 37
26 39
26 40
26 41
26 42
26 43
26 50
26 51
26 52
26 54
26 56
26 61
26 62
26 69
26 71
26 77
26 78
26 84
26 85
26 87
26 88
26 92
26 96
26 99
27 29
27 36
27 37
27 40
27 42
27 49
27 52
27 61
27 62
27 63
27 65
27 68
27 69
27 73
27 76
27 78
27 80
27 84
27 85
27 88
27 94
27 99
28 34
28 35
28 40
28 41
28 44
28 46
28 47
28 48
28 49
28 50
28 52
28 55
28 60
28 63
28 65
28 66
28 68
28 70
28 72
28 75
28 76
28 77
28 80
28 83
28 85
28 89
28 91
28 93
28 99
29 33
29 37
29 42
29 50
29 51
29 56
29 58
29 60
29 61
29 63
29 66
29 67
29 68
29 74
29 76
29 77
29 79
29 81
29 86
29 88
29 94
29 96
30 33
30 35
30 40
30 41
30 44
30 48
30 59
30 60
30 61
30 72
30 74
30 76
30 81
30 93
31 33
31 37
31 42
31 47
31 51
31 52
31 57
31 58
31 61
31 64
31 65
31 67
31 69
31 76
31 77
31 79
31 81
31 83
31 84
31 85
31 88
31 92
31 95
31 96
32 34
32 35
32 40
32 42
32 44
32 46
32 48
32 51
32 54
32 57
32 65
32 66
32 68
32 69
32 77
32 86
32 88
32 94
32 95
32 97
32 99
33 35
33 38
33 40
33 41
33 42
33 43
33 44
33 47
33 51
33 55
33 57
33 59
33 60
33 67
33 76
33 78
33 82
33 84
33 92
33 93
33 99
34 37
34 38
34 43
34 45
34 46
34 47
34 50
34 54
34 55
34 58
34 60
34 61
34 65
34 66
34 70
34 73
34 75
34 77
34 79
34 82
34 83
34 86
34 93
34 98
35 37
35 39
35 41
35 42
35 43
35 53
35 54
35 56
35 57
35 61
35 64
35 70
35 73
35 74
35 75
35 76
35 77
35 80
35 81
35 86
35 92
35 94
35 98
36 37
36 39
36 46
36 47
36 50
36 53
36 54
36 57
36 59
36 60
36 62
36 64
36 65
36 70
36 75
36 79
36 87
36 94
36 98
37 41
37 42
37 43
37 50
37 52
37 55
37 63
37 65
37 66
37 68
37 71
37 73
37 76
37 82
37 83
37 84
37 87
37 90
37 91
37 94
37 97
37 99
38 40
38 42
38 45
38 47
38 48
38 49
38 57
38 58
38 59
38 64
38 69
38 71
38 73
38 78
38 81
38 83
38 87
38 91
38 92
38 96
38 99
39 47
39 50
39 54
39 56
39 61
39 64
39 69
39 73
39 76
39 80
39 87
39 89
39 90
39 91
39 93
39 95
39 99
40 41
40 43
40 49
40 50
40 55
40 62
40 65
40 66
40 70
40 71
40 78
40 81
40 86
40 94
40 95
41 47
41 50
41 51
41 52
41 56
41 61
41 62
41 63
41 69
41 70
41 75
41 79
41 85
41 88
41 94
41 95
41 98
41 99
42 43
42 45
42 50
42 51
42 54
42 55
42 56
42 58
42 59
42 61
42 63
42 65
42 67
42 71
42 73
42 74
42 79
42 82
42 86
42 87
42 97
43 46
43 48
43 51
43 52
43 57
43 60
43 62
43 67
43 68
43 72
43 73
43 81
43 85
43 88
43 90
43 93
43 94
43 96
44 46
44 55
44 58
44 61
44 74
44 79
44 80
44 84
44 85
44 89
44 91
44 92
45 46
45 47
45 54
45 57
45 59
45 69
45 72
45 73
45 74
45 77
45 84
45 88
45 91
45 92
45 96
45 97
45 98
45 99
46 47
46 48
46 50
46 58
46 63
46 65
46 66
46 68
46 70
46 73
46 74
46 76
46 81
46 86
46 87
46 88
46 89
46 92
46 97
46 99
47 48
47 49
47 51
47 53
47 55
47 58
47 59
47 61
47 62
47 68
47 70
47 71
47 74
47 75
47 76
47 77
47 78
47 82
47 84
47 90
47 94
47 98
48 49
48 63
48 64
48 69
48 72
48 73
48 76
48 79
48 91
48 94
48 98
49 50
49 54
49 58
49 59
49 60
49 62
49 64
49 65
49 68
49 69
49 71
49 73
49 75
49 76
49 78
49 79
49 80
49 83
49 84
49 92
49 93
49 95
49 98
50 52
50 54
50 55
50 58
50 59
50 61
50 63
50 65
50 67
50 70
50 77
50 81
50 93
50 99
51 54
51 55
51 57
51 60
51 61
51 62
51 63
51 67
51 73
51 76
51 78
51 79
51 85
51 90
51 92
51 93
51 95
51 96
51 97
52 56
52 57
52 59
52 70
52 81
52 82
52 84
52 89
52 91
52 92
52 93
52 96
52 99
53 54
53 62
53 63
53 64
53 69
53 70
53 71
53 78
53 80
53 81
53 82
53 85
53 89
53 91
53 92
53 93
53 95
54 55
54 57
54 58
54 59
54 60
54 67
54 77
54 80
54 83
54 86
54 90
54 92
54 94
54 99
55 58
55 59
55 60
55 61
55 63
55 65
55 68
55 81
55 84
55 86
55 95
55 96
56 61
56 64
56 72
56 75
56 79
56 85
56 88
56 90
56 93
56 98
57 58
57 59
57 65
57 66
57 67
57 70
57 84
57 92
57 95
57 98
58 59
58 60
58 64
58 69
58 71
58 72
58 76
58 79
58 80
58 85
58 86
58 87
58 89
58 92
58 95
58 97
58 98
59 63
59 66
59 70
59 71
59 82
59 89
59 94
59 97
60 61
60 64
60 65
60 70
60 71
60 74
60 82
60 83
60 84
60 85
60 93
60 98
60 99
61 63
61 65
61 66
61 78
61 79
61 80
61 81
61 82
61 85
61 88
61 89
61 91
61 93
61 96
61 97
61 98
62 65
62 66
62 68
62 70
62 74
62 76
62 79
62 84
62 85
62 93
62 96
63 64
63 65
63 66
63 67
63 72
63 74
63 75
63 79
63 88
63 93
63 95
64 68
64 69
64 72
64 77
64 79
64 83
64 91
64 95
64 96
64 97
65 67
65 70
65 71
65 74
65 75
65 77
65 80
65 81
65 84
65 86
65 91
65 92
65 95
66 68
66 69
66 70
66 72
66 75
66 80
66 81
66 83
66 86
66 96
67 74
67 78
67 86
67 93
67 94
67 96
67 99
68 71
68 72
68 75
68 78
68 84
68 88
68 93
68 96
68 97
69 76
69 80
69 92
69 98
70 72
70 73
70 76
70 81
70 84
70 86
70 90
70 94
70 95
70 96
70 98
71 84
71 85
71 89
71 91
71 92
71 95
71 99
72 73
72 75
72 78
72 79
72 85
72 86
72 88
72 89
72 91
72 96
72 97
73 75
73 76
73 77
73 79
73 81
73 84
73 87
73 89
74 76
74 78
74 80
74 85
74 88
74 90
74 93
74 96
74 97
74 98
74 99
75 78
75 79
75 83
75 91
75 93
75 94
75 99
76 77
76 78
76 79
76 81
76 95
76 96
76 97
77 78
77 81
77 83
77 86
77 91
77 96
78 79
78 82
78 83
78 86
78 88
78 89
78 90
78 91
78 94
78 96
78 97
78 99
79 83
79 84
79 88
79 89
79 92
79 93
79 95
79 97
80 81
80 83
80 87
80 90
80 92
80 93
80 95
80 96
81 82
81 83
81 87
81 90
81 92
82 87
82 88
82 89
82 90
82 92
83 84
83 85
83 86
83 87
83 89
83 92
83 93
83 98
84 92
84 93
84 99
85 91
85 95
85 98
86 94
86 98
86 99
87 91
87 97
88 91
88 92
88 97
89 91
89 92
89 93
89 98
90 97
90 99
92 98
93 96
94 95
94 99
96 98
