0 10
0 15
0 16
0 27
0 31
0 39
0 46
0 50
0 55
0 56
0 64
0 66
0 67
0 69
0 72
0 79
0 80
0 84
0 85
0 88
0 92
0 93
0 96
0 97
1 10
1 14
1 17
1 18
1 19
1 20
1 30
1 31
1 32
1 35
1 36
1 41
1 45
1 49
1 53
1 58
1 60
1 68
1 69
1 73
1 76
1 78
1 79
1 80
1 82
1 87
1 92
1 96
1 97
2 16
2 19
2 26
2 27
2 30
2 31
2 33
2 35
2 36
2 37
2 39
2 45
2 50
2 56
2 71
2 73
2 74
2 80
2 81
2 82
2 87
2 94
2 95
2 96
2 97
3 5
3 6
3 13
3 14
3 21
3 22
3 24
3 26
3 28
3 31
3 32
3 46
3 53
3 54
3 57
3 64
3 72
3 73
3 74
3 78
3 79
3 82
3 83
3 87
3 89
3 92
4 10
4 12
4 13
4 15
4 16
4 17
4 22
4 29
4 31
4 34
4 39
4 45
4 48
4 49
4 53
4 54
4 57
4 59
4 60
4 61
4 64
4 67
4 71
4 73
4 77
4 81
4 83
4 85
4 89
4 94
4 97
5 6
5 9
5 10
5 11
5 13
5 15
5 19
5 23
5 30
5 33
5 43
5 44
5 47
5 50
5 51
5 56
5 58
5 62
5 64
5 65
5 66
5 69
5 70
5 74
5 78
5 79
5 80
5 81
5 85
5 88
5 89
5 91
5 93
6 8
6 11
6 13
6 14
6 21
6 35
6 37
6 39
6 42
6 50
6 53
6 55
6 63
6 65
6 69
6 74
6 77
6 78
6 81
6 83
6 85
6 96
6 98
7 8
7 9
7 10
7 12
7 16
7 21
7 23
7 26
7 27
7 28
7 30
7 32
7 33
7 34
7 36
7 38
7 46
7 47
7 48
7 49
7 51
7 54
7 56
7 59
7 60
7 61
7 65
7 73
7 74
7 77
7 81
7 84
7 99
8 9
8 10
8 12
8 13
8 16
8 17
8 23
8 30
8 33
8 35
8 37
8 47
8 49
8 51
8 53
8 55
8 60
8 62
8 73
8 74
8 76
8 79
8 83
8 84
8 87
8 89
8 93
8 98
9 10
9 11
9 12
9 14
9 15
9 19
9 23
9 24
9 28
9 32
9 35
9 43
9 44
9 45
9 48
9 57
9 61
9 62
9 63
9 64
9 68
9 72
9 82
9 83
9 86
9 89
9 94
9 96
10 11
10 16
10 19
10 23
10 25
10 37
10 39
10 43
10 44
10 49
10 50
10 51
10 52
10 55
10 60
10 64
10 66
10 69
10 70
10 73
10 79
10 80
10 82
10 83
10 87
10 92
10 97
11 12
11 13
11 15
11 16
11 17
11 21
11 24
11 25
11 27
11 32
11 37
11 39
11 44
11 49
11 52
11 54
11 55
11 57
11 59
11 62
11 65
11 71
11 72
11 76
11 77
11 78
11 80
11 87
11 91
11 94
11 97
11 99
12 17
12 19
12 22
12 24
12 25
12 26
12 28
12 30
12 31
12 33
12 36
12 37
12 38
12 40
12 41
12 42
12 44
12 46
12 49
12 52
12 53
12 54
12 57
12 62
12 66
12 67
12 68
12 69
12 72
12 73
12 77
12 82
12 84
12 85
12 87
12 92
12 95
12 98
13 15
13 22
13 23
13 24
13 25
13 26
13 27
13 30
13 36
13 38
13 39
13 51
13 52
13 58
13 59
13 62
13 68
13 69
13 74
13 77
13 79
13 83
13 88
13 89
13 91
13 95
14 18
14 19
14 21
14 22
14 24
14 25
14 27
14 28
14 33
14 40
14 44
14 47
14 48
14 49
14 54
14 55
14 59
14 60
14 64
14 65
14 69
14 71
14 72
14 74
14 75
14 80
14 81
14 82
14 85
14 90
14 93
14 94
14 97
15 17
15 19
15 20
15 23
15 24
15 28
15 29
15 31
15 35
15 41
15 42
15 44
15 45
15 53
15 55
15 56
15 57
15 61
15 62
15 71
15 72
15 73
15 83
15 87
15 88
15 89
15 94
15 99
16 18
16 19
16 20
16 22
16 25
16 26
16 38
16 39
16 42
16 43
16 44
16 46
16 51
16 53
16 54
16 56
16 57
16 63
16 67
16 71
16 76
16 80
16 82
16 88
16 90
16 93
16 96
16 97
17 20
17 23
17 28
17 34
17 41
17 44
17 49
17 50
17 51
17 54
17 56
17 57
17 64
17 67
17 68
17 69
17 70
17 72
17 74
17 76
17 80
17 81
17 84
18 19
18 21
18 24
18 30
18 31
18 40
18 51
18 52
18 58
18 62
18 64
18 66
18 68
18 74
18 76
18 77
18 79
18 81
19 29
19 35
19 36
19 38
19 39
19 46
19 48
19 51
19 54
19 58
19 60
19 62
19 64
19 65
19 68
19 74
19 78
19 83
19 86
19 87
20 22
20 25
20 27
20 34
20 37
20 39
20 43
20 47
20 52
20 56
20 59
20 63
20 77
20 80
20 88
20 89
20 91
20 92
20 98
21 26
21 30
21 31
21 38
21 41
21 43
21 44
21 47
21 48
21 50
21 55
21 58
21 62
21 63
21 65
21 68
21 77
21 79
21 86
21 91
21 92
21 95
22 26
22 27
22 28
22 36
22 37
22 38
22 51
22 59
22 61
22 65
22 66
22 67
22 71
22 72
22 76
22 83
22 86
22 87
22 91
22 92
22 94
22 96
22 97
22 99
23 26
23 28
23 31
23 38
23 43
23 46
23 48
23 53
23 56
23 57
23 58
23 59
23 62
23 78
23 80
23 82
23 84
23 88
23 89
23 98
24 25
24 28
24 36
24 41
24 50
24 55
24 61
24 64
24 65
24 74
24 75
24 83
24 87
24 88
24 95
25 29
25 31
25 34
25 37
25 44
25 47
25 52
25 53
25 63
25 66
25 68
25 72
25 75
25 77
25 80
25 83
25 87
26 29
26 35
26 38
26 39
26 40
26 43
26 44
26 47
26 50
26 52
26 53
26 60
26 64
26 68
26 76
26 80
26 82
26 83
26 84
26 87
26 89
26 90
26 95
26 97
26 99
27 32
27 34
27 37
27 38
27 42
27 49
27 52
27 54
27 55
27 56
27 58
27 60
27 62
27 66
27 68
27 71
27 72
27 76
27 78
27 82
27 85
27 86
27 89
27 93
27 95
27 99
28 29
28 35
28 36
28 38
28 41
28 49
28 55
28 56
28 58
28 59
28 64
28 65
28 69
28 73
28 74
28 75
28 79
28 81
28 83
28 84
28 85
28 86
28 89
28 90
28 91
28 96
28 97
28 98
28 99
29 31
29 38
29 39
29 42
29 49
29 55
29 57
29 58
29 65
29 66
29 67
29 69
29 76
29 77
29 82
29 89
29 92
29 93
29 94
30 32
30 34
30 39
30 40
30 44
30 46
30 47
30 54
30 60
30 66
30 69
30 71
30 74
30 78
30 82
30 87
30 91
31 35
31 44
31 48
31 52
31 56
31 58
31 60
31 61
31 63
31 64
31 69
31 73
31 76
31 77
31 79
31 81
31 83
31 84
31 90
31 92
31 94
32 35
32 36
32 37
32 41
32 42
32 47
32 56
32 57
32 59
32 60
32 61
32 77
32 80
32 81
32 82
32 87
32 88
32 95
32 96
33 34
33 36
33 37
33 39
33 40
33 44
33 45
33 48
33 50
33 51
33 52
33 55
33 56
33 58
33 62
33 64
33 73
33 82
33 84
33 87
33 89
33 90
33 93
33 94
33 95
33 98
34 35
34 36
34 38
34 45
34 50
34 56
34 59
34 60
34 62
34 64
34 68
34 69
34 72
34 77
34 78
34 84
34 87
34 89
34 90
34 92
34 93
34 94
35 40
35 41
35 44
35 47
35 51
35 55
35 58
35 59
35 64
35 65
35 66
35 68
35 73
35 85
35 87
35 88
35 90
35 91
35 92
35 93
36 38
36 40
36 43
36 44
36 49
36 57
36 58
36 60
36 61
36 63
36 70
36 71
36 72
36 73
36 82
36 85
36 86
36 89
36 91
36 93
36 96
37 39
37 42
37 43
37 48
37 50
37 57
37 61
37 69
37 75
37 77
37 83
37 87
38 40
38 45
38 51
38 53
38 57
38 61
38 64
38 67
38 68
38 70
38 73
38 74
38 76
38 80
38 83
38 85
38 95
38 96
39 42
39 43
39 45
39 48
39 50
39 52
39 53
39 57
39 58
39 65
39 66
39 67
39 68
39 69
39 70
39 73
39 79
39 82
39 85
39 90
39 95
39 97
39 99
40 41
40 42
40 51
40 54
40 58
40 78
40 79
40 81
40 84
40 85
40 86
40 88
40 91
40 93
40 95
40 96
41 42
41 52
41 54
41 55
41 57
41 64
41 68
41 72
41 75
41 77
41 78
41 79
41 83
41 84
41 87
41 88
41 89
41 94
41 99
42 44
42 45
42 48
42 49
42 52
42 55
42 56
42 57
42 60
42 72
42 73
42 75
42 77
42 79
42 83
42 90
42 92
42 93
42 98
43 44
43 45
43 47
43 49
43 53
43 54
43 55
43 57
43 58
43 59
43 62
43 63
43 66
43 68
43 72
43 74
43 75
43 84
43 88
43 95
43 96
44 47
44 50
44 51
44 60
44 66
44 72
44 76
44 78
44 82
44 89
44 91
44 93
44 98
44 99
45 49
45 50
45 56
45 59
45 64
45 65
45 66
45 73
45 76
45 83
45 85
45 87
45 90
45 91
45 92
45 93
45 99
46 55
46 60
46 63
46 67
46 68
46 69
46 82
46 89
46 94
46 96
46 97
46 98
47 56
47 57
47 58
47 70
47 75
47 76
47 78
47 85
47 93
47 95
47 96
47 97
47 99
48 52
48 53
48 67
48 70
48 76
48 80
48 84
48 87
48 91
48 96
48 99
49 51
49 54
49 57
49 60
49 66
49 68
49 69
49 72
49 73
49 74
49 77
49 80
49 83
49 86
49 87
49 88
49 91
49 94
50 51
50 55
50 57
50 61
50 65
50 69
50 73
50 74
50 77
50 78
50 79
50 83
50 85
50 99
51 52
51 56
51 61
51 62
51 66
51 67
51 72
51 74
51 82
51 83
51 84
51 85
51 87
51 93
51 95
51 98
52 59
52 66
52 69
52 71
52 74
52 75
52 80
52 81
52 82
52 84
52 87
52 89
52 90
52 92
52 93
53 57
53 60
53 61
53 64
53 66
53 67
53 70
53 75
53 76
53 78
53 82
53 83
53 85
53 89
53 91
53 92
53 99
54 60
54 61
54 70
54 74
54 77
54 82
54 93
54 94
54 96
54 99
55 58
55 60
55 68
55 72
55 77
55 91
56 57
56 58
56 62
56 64
56 67
56 68
56 70
56 75
56 78
56 80
56 82
56 84
56 86
56 87
56 94
56 97
57 60
57 62
57 67
57 68
57 72
57 76
57 88
57 91
57 95
57 98
58 65
58 69
58 72
58 75
58 76
58 80
58 83
58 86
58 87
58 89
58 94
58 95
58 99
59 64
59 69
59 79
59 81
59 84
59 91
59 92
59 93
59 98
59 99
60 62
60 67
60 68
60 73
60 76
60 81
60 83
60 86
60 87
60 89
60 90
60 91
60 92
60 95
60 97
60 98
61 62
61 71
61 73
61 75
61 79
61 84
61 92
61 96
62 63
62 64
62 65
62 71
62 73
62 77
62 79
62 81
62 83
62 84
62 86
62 87
62 89
62 95
62 99
63 64
63 67
63 72
63 76
63 81
63 82
63 83
63 90
63 94
63 95
63 96
63 97
64 71
64 77
64 80
64 83
64 87
64 88
64 90
64 95
64 96
64 99
65 67
65 68
65 69
65 70
65 73
65 74
65 78
65 79
65 88
65 90
65 91
65 94
65 95
65 98
65 99
66 70
66 71
66 73
66 74
66 76
66 78
66 79
66 80
66 84
66 87
66 88
66 92
66 98
67 71
67 73
67 76
67 77
67 78
67 81
67 86
67 87
67 93
67 97
67 99
68 71
68 74
68 75
68 88
68 89
68 90
68 91
68 93
68 96
69 75
69 77
69 78
69 79
69 91
69 94
69 95
70 75
70 78
70 79
70 80
70 83
70 85
70 86
70 95
71 72
71 74
71 77
71 79
71 80
71 83
71 84
71 86
71 87
71 93
71 94
71 96
72 78
72 80
72 84
72 88
72 90
72 94
72 96
72 98
72 99
73 75
73 78
73 80
73 84
73 86
73 88
73 93
73 97
73 98
74 80
74 82
74 83
74 85
74 93
74 94
74 99
75 76
75 87
75 90
75 94
75 95
76 80
76 84
76 90
76 99
77 80
77 81
77 83
77 87
77 88
77 89
77 92
77 94
77 96
77 97
78 91
78 96
78 97
78 98
79 87
79 89
79 90
80 81
80 82
80 83
80 86
80 88
80 91
80 92
81 89
81 98
82 83
82 84
82 86
82 90
82 91
82 94
82 95
82 96
83 84
83 85
83 86
83 91
83 95
83 97
83 98
83 99
84 85
84 90
85 92
85 95
85 96
85 98
86 87
86 92
87 88
87 90
87 91
87 95
88 91
88 93
88 97
88 99
89 91
89 93
89 94
90 93
90 94
90 95
90 99
91 92
91 94
91 95
91 96
91 98
92 95
93 94
93 96
93 99
94 95
95 96
95 97
95 99
96 98
98 99
