0 3
0 9
0 25
0 28
0 36
0 37
0 42
0 47
0 48
0 61
0 63
0 67
0 71
0 72
0 73
0 80
0 82
0 89
0 92
0 93
0 94
0 95
0 96
0 99
1 5
1 10
1 15
1 20
1 21
1 22
1 23
1 25
1 27
1 30
1 32
1 35
1 37
1 43
1 50
1 54
1 56
1 65
1 75
1 77
1 89
1 93
2 4
2 9
2 10
2 12
2 15
2 16
2 20
2 23
2 25
2 28
2 32
2 34
2 35
2 45
2 54
2 61
2 62
2 64
2 65
2 66
2 67
2 68
2 71
2 72
2 74
2 75
2 82
2 86
2 87
2 89
2 90
2 91
3 4
3 7
3 14
3 15
3 24
3 28
3 29
3 30
3 32
3 34
3 39
3 40
3 41
3 42
3 50
3 51
3 52
3 57
3 58
3 64
3 65
3 66
3 73
3 82
3 85
3 88
3 96
3 99
4 7
4 10
4 13
4 15
4 16
4 20
4 21
4 29
4 32
4 38
4 39
4 40
4 41
4 45
4 48
4 52
4 53
4 56
4 58
4 59
4 65
4 67
4 68
4 70
4 72
4 73
4 80
4 82
4 86
4 94
4 95
4 99
5 7
5 9
5 10
5 14
5 20
5 21
5 25
5 30
5 34
5 36
5 37
5 40
5 42
5 44
5 45
5 51
5 54
5 59
5 64
5 72
5 73
5 75
5 80
5 81
5 82
5 85
5 86
5 87
5 88
5 90
5 92
5 94
5 98
6 8
6 10
6 11
6 16
6 18
6 20
6 21
6 26
6 32
6 33
6 35
6 36
6 38
6 40
6 42
6 48
6 50
6 51
6 52
6 53
6 60
6 69
6 71
6 72
6 73
6 77
6 79
6 92
6 94
6 95
6 99
7 10
7 13
7 24
7 25
7 30
7 31
7 32
7 33
7 36
7 38
7 39
7 40
7 43
7 44
7 45
7 48
7 51
7 53
7 54
7 56
7 58
7 61
7 62
7 66
7 72
7 74
7 75
7 76
7 86
7 87
7 88
7 91
7 93
7 95
7 97
8 10
8 11
8 13
8 14
8 16
8 21
8 26
8 28
8 29
8 31
8 33
8 41
8 46
8 47
8 53
8 54
8 59
8 63
8 65
8 67
8 76
8 78
8 88
8 92
8 93
8 96
8 97
9 12
9 13
9 14
9 21
9 25
9 27
9 34
9 38
9 39
9 40
9 41
9 42
9 44
9 45
9 46
9 49
9 56
9 57
9 59
9 61
9 63
9 64
9 66
9 67
9 68
9 71
9 72
9 73
9 74
9 75
9 77
9 80
9 81
9 87
9 88
9 89
9 94
9 95
9 98
10 11
10 12
10 14
10 15
10 16
10 17
10 20
10 23
10 25
10 30
10 35
10 36
10 39
10 42
10 45
10 47
10 48
10 50
10 61
10 71
10 73
10 74
10 75
10 76
10 84
10 85
10 89
10 90
10 94
10 96
11 12
11 13
11 17
11 20
11 22
11 23
11 28
11 29
11 30
11 32
11 35
11 37
11 42
11 44
11 45
11 47
11 48
11 49
11 51
11 52
11 53
11 57
11 58
11 64
11 67
11 69
11 70
11 73
11 74
11 75
11 76
11 95
11 97
11 99
12 21
12 26
12 27
12 33
12 36
12 39
12 42
12 43
12 47
12 51
12 67
12 70
12 72
12 73
12 78
12 79
12 80
12 81
12 82
12 86
12 89
12 91
12 92
12 94
12 96
12 97
13 24
13 25
13 26
13 32
13 45
13 46
13 49
13 53
13 55
13 61
13 67
13 76
13 78
13 82
13 83
13 96
13 97
14 15
14 18
14 24
14 26
14 29
14 32
14 33
14 35
14 39
14 40
14 42
14 47
14 52
14 53
14 61
14 65
14 68
14 69
14 74
14 93
14 95
15 17
15 21
15 26
15 29
15 35
15 40
15 42
15 43
15 44
15 49
15 51
15 52
15 53
15 56
15 59
15 61
15 64
15 65
15 66
15 67
15 75
15 81
15 82
15 88
15 89
15 90
15 92
15 95
16 23
16 24
16 28
16 34
16 38
16 39
16 44
16 47
16 50
16 53
16 54
16 55
16 65
16 73
16 75
16 76
16 78
16 79
16 84
16 88
16 89
16 92
16 96
16 99
17 19
17 21
17 26
17 32
17 34
17 36
17 40
17 42
17 46
17 49
17 50
17 51
17 54
17 57
17 60
17 73
17 77
17 79
17 84
17 90
17 91
17 96
18 23
18 30
18 38
18 41
18 44
18 45
18 46
18 47
18 49
18 50
18 51
18 52
18 54
18 56
18 59
18 65
18 67
18 69
18 73
18 74
18 76
18 80
18 81
18 82
18 92
19 21
19 28
19 30
19 33
19 34
19 36
19 38
19 46
19 47
19 51
19 57
19 59
19 61
19 63
19 69
19 70
19 74
19 75
19 78
19 80
19 81
19 82
19 90
19 92
19 96
19 97
20 27
20 35
20 39
20 40
20 44
20 47
20 50
20 53
20 54
20 56
20 57
20 61
20 62
20 71
20 78
20 80
20 82
20 84
20 85
20 86
20 90
20 91
20 97
21 22
21 23
21 29
21 30
21 34
21 38
21 41
21 47
21 60
21 61
21 62
21 64
21 73
21 79
21 81
21 90
21 91
21 94
21 96
21 97
22 27
22 32
22 33
22 35
22 38
22 43
22 44
22 45
22 52
22 57
22 59
22 61
22 69
22 70
22 73
22 80
22 84
22 86
22 87
22 90
22 91
22 96
22 98
23 27
23 30
23 36
23 37
23 40
23 47
23 49
23 50
23 54
23 58
23 65
23 67
23 68
23 70
23 71
23 72
23 74
23 75
23 82
23 84
23 92
23 93
23 94
23 99
24 25
24 26
24 35
24 41
24 44
24 45
24 47
24 56
24 60
24 61
24 62
24 63
24 65
24 70
24 71
24 80
24 81
24 87
24 91
24 93
24 94
24 95
24 98
25 28
25 29
25 31
25 32
25 34
25 36
25 40
25 42
25 46
25 49
25 50
25 55
25 57
25 58
25 60
25 61
25 64
25 67
25 68
25 77
25 90
25 91
25 92
25 93
25 94
26 28
26 31
26 36
26 37
26 38
26 43
26 44
26 45
26 49
26 50
26 51
26 52
26 58
26 62
26 63
26 64
26 71
26 74
26 78
26 79
26 80
26 87
26 89
26 93
26 98
27 28
27 31
27 36
27 38
27 58
27 64
27 65
27 68
27 73
27 75
27 76
27 79
27 83
27 87
27 89
27 91
27 94
27 97
27 98
27 99
28 29
28 30
28 32
28 37
28 39
28 40
28 41
28 47
28 48
28 49
28 53
28 62
28 63
28 71
28 75
28 76
28 77
28 79
28 82
28 97
29 33
29 35
29 36
29 38
29 47
29 48
29 51
29 53
29 56
29 58
29 59
29 63
29 66
29 69
29 73
29 76
29 78
29 79
29 81
29 86
29 87
29 90
29 92
29 97
29 99
30 37
30 39
30 41
30 45
30 46
30 47
30 49
30 53
30 60
30 62
30 64
30 67
30 72
30 75
30 79
30 80
30 83
30 84
30 90
30 92
30 95
30 99
31 34
31 38
31 45
31 46
31 47
31 49
31 51
31 52
31 55
31 60
31 62
31 63
31 73
31 76
31 78
31 79
31 81
31 84
31 88
31 98
31 99
32 35
32 36
32 37
32 38
32 41
32 44
32 46
32 47
32 53
32 58
32 60
32 61
32 64
32 66
32 72
32 73
32 76
32 78
32 85
32 91
32 95
32 99
33 36
33 43
33 46
33 51
33 56
33 58
33 63
33 68
33 69
33 71
33 77
33 80
33 83
33 84
33 89
33 91
33 93
33 94
33 97
33 98
33 99
34 35
34 39
34 43
34 46
34 49
34 50
34 51
34 54
34 57
34 60
34 69
34 70
34 77
34 79
34 80
34 81
34 83
34 92
34 94
34 96
34 97
35 39
35 41
35 44
35 47
35 48
35 50
35 55
35 57
35 58
35 63
35 65
35 75
35 78
35 79
35 82
35 87
35 88
35 97
36 39
36 41
36 42
36 43
36 51
36 54
36 55
36 61
36 65
36 76
36 77
36 86
36 88
36 90
36 95
36 96
36 97
36 99
37 38
37 39
37 42
37 43
37 44
37 59
37 61
37 63
37 64
37 67
37 71
37 72
37 74
37 82
37 83
37 87
37 90
37 93
37 95
37 98
38 39
38 43
38 44
38 45
38 53
38 57
38 61
38 63
38 69
38 74
38 75
38 78
38 81
38 82
38 84
38 86
38 94
38 96
38 97
38 98
39 45
39 56
39 57
39 58
39 60
39 61
39 62
39 67
39 72
39 74
39 76
39 77
39 82
39 84
39 91
39 97
40 41
40 50
40 53
40 55
40 59
40 60
40 65
40 67
40 71
40 72
40 74
40 75
40 81
40 82
40 86
40 87
40 88
40 90
40 92
41 43
41 45
41 61
41 62
41 64
41 65
41 68
41 69
41 75
41 79
41 81
41 84
41 85
41 95
41 98
41 99
42 44
42 49
42 51
42 52
42 58
42 61
42 62
42 64
42 68
42 69
42 71
42 73
42 76
42 77
42 78
42 82
42 87
42 88
42 91
42 96
43 44
43 52
43 53
43 54
43 56
43 57
43 58
43 61
43 62
43 63
43 67
43 77
43 78
43 83
43 84
43 85
43 86
43 89
43 94
43 95
44 46
44 47
44 54
44 57
44 60
44 63
44 66
44 68
44 71
44 77
44 78
44 84
44 89
45 47
45 48
45 58
45 67
45 72
45 77
45 78
45 80
45 82
45 84
45 85
45 87
45 93
45 96
45 97
46 47
46 49
46 53
46 64
46 70
46 72
46 80
46 81
46 83
46 84
46 94
46 95
46 98
47 48
47 51
47 63
47 64
47 72
47 82
47 87
47 88
47 90
47 91
47 92
47 93
47 96
48 61
48 63
48 65
48 71
48 74
48 79
48 82
48 83
48 90
48 96
49 50
49 59
49 61
49 63
49 65
49 76
49 77
49 79
49 88
49 94
49 96
49 99
50 51
50 53
50 65
50 67
50 72
50 74
50 77
50 78
50 81
50 82
50 86
50 89
50 90
50 93
50 97
50 98
50 99
51 55
51 57
51 58
51 59
51 64
51 67
51 70
51 71
51 72
51 76
51 79
51 81
51 85
52 54
52 57
52 58
52 59
52 61
52 62
52 63
52 66
52 67
52 68
52 70
52 75
52 82
52 84
52 85
52 87
52 89
52 91
52 92
52 93
52 98
53 60
53 68
53 70
53 72
53 73
53 74
53 80
53 84
53 85
53 86
53 88
53 92
53 93
53 95
53 97
54 60
54 63
54 65
54 66
54 70
54 71
54 78
54 79
54 81
54 82
54 83
54 84
54 86
54 90
54 91
54 94
54 97
54 98
55 56
55 58
55 59
55 60
55 62
55 63
55 65
55 68
55 75
55 77
55 90
55 91
55 96
56 59
56 62
56 65
56 67
56 70
56 71
56 72
56 75
56 78
56 86
56 92
56 93
56 97
56 98
57 58
57 63
57 64
57 65
57 66
57 73
57 74
57 77
57 79
57 80
57 92
57 96
57 97
58 61
58 68
58 69
58 72
58 74
58 75
58 76
58 83
58 85
58 88
58 91
58 94
58 99
59 61
59 62
59 64
59 69
59 73
59 74
59 75
59 76
59 82
59 88
59 89
59 96
59 97
59 99
60 63
60 67
60 69
60 74
60 75
60 77
60 83
60 87
60 93
60 94
61 62
61 64
61 65
61 68
61 69
61 77
61 79
61 89
61 94
61 97
61 99
62 64
62 71
62 74
62 76
62 79
62 81
62 85
62 86
62 89
62 91
62 96
62 98
63 64
63 65
63 66
63 67
63 69
63 74
63 76
63 83
63 87
63 89
63 90
63 96
64 65
64 66
64 67
64 75
64 80
64 83
64 85
64 86
64 89
64 92
64 96
64 98
64 99
65 68
65 69
65 76
65 77
65 79
65 81
65 90
65 91
66 68
66 73
66 74
66 79
66 85
66 86
66 89
66 92
66 94
66 98
67 71
67 73
67 77
67 82
67 84
68 75
68 76
68 79
68 80
68 81
68 85
68 89
68 90
68 92
68 94
68 99
69 73
69 76
69 78
69 80
69 82
69 84
69 85
69 86
69 88
69 94
69 95
70 73
70 85
70 87
70 88
70 90
70 91
70 95
70 96
70 97
70 98
71 72
71 75
71 81
71 82
71 84
71 86
71 87
71 96
71 97
71 98
72 75
72 79
72 81
72 86
72 94
73 81
73 83
73 85
73 91
73 95
73 96
73 99
74 75
74 77
74 78
74 79
74 81
74 82
74 83
74 86
74 97
74 98
74 99
75 82
75 86
75 87
75 90
75 93
75 99
76 79
76 84
76 89
76 92
76 96
76 97
77 84
77 85
77 94
78 80
78 81
78 83
78 88
78 89
78 90
78 91
78 95
78 96
79 80
79 86
79 93
79 94
79 95
79 99
80 94
81 85
81 87
81 88
81 92
82 84
82 86
82 89
82 92
82 93
82 94
83 85
83 87
83 90
83 93
83 94
83 98
84 85
84 86
84 90
84 91
84 92
84 93
84 95
84 96
84 99
85 86
85 89
85 91
85 93
85 96
85 99
86 95
86 96
87 90
87 91
87 92
87 96
87 98
88 90
88 91
88 92
89 90
89 93
89 96
90 91
90 94
91 98
91 99
92 94
92 95
93 94
93 97
93 99
94 96
94 97
94 99
95 99
96 97
96 99
