0 2
0 3
0 4
0 6
0 7
0 10
0 18
0 20
0 27
0 31
0 34
0 35
0 43
0 46
0 48
0 49
0 53
0 60
0 63
0 64
0 65
0 72
0 73
0 75
0 76
0 81
0 82
0 84
0 87
0 88
0 90
0 92
0 94
0 95
1 6
1 9
1 16
1 18
1 19
1 20
1 22
1 24
1 27
1 30
1 33
1 40
1 42
1 44
1 47
1 49
1 51
1 54
1 56
1 58
1 61
1 69
1 72
1 74
1 75
1 77
1 78
1 87
1 89
1 92
1 93
1 95
1 97
1 98
2 4
2 5
2 6
2 9
2 10
2 12
2 16
2 21
2 22
2 23
2 25
2 31
2 32
2 35
2 39
2 40
2 41
2 45
2 46
2 51
2 52
2 54
2 58
2 59
2 60
2 65
2 66
2 68
2 69
2 70
2 71
2 73
2 74
2 78
2 80
2 92
2 93
2 94
2 95
2 97
3 7
3 8
3 9
3 10
3 11
3 12
3 13
3 16
3 17
3 18
3 19
3 20
3 21
3 22
3 24
3 31
3 32
3 36
3 37
3 39
3 42
3 46
3 47
3 50
3 53
3 54
3 55
3 57
3 59
3 61
3 63
3 64
3 65
3 66
3 69
3 71
3 75
3 76
3 77
3 80
3 82
3 85
3 90
3 93
3 95
3 99
4 5
4 10
4 11
4 15
4 16
4 17
4 19
4 22
4 24
4 26
4 27
4 28
4 33
4 35
4 38
4 39
4 41
4 42
4 45
4 46
4 50
4 51
4 53
4 55
4 56
4 57
4 63
4 66
4 69
4 70
4 75
4 80
4 82
4 83
4 84
4 88
4 89
4 98
5 8
5 14
5 15
5 16
5 17
5 18
5 23
5 25
5 26
5 31
5 34
5 36
5 38
5 40
5 41
5 42
5 44
5 47
5 49
5 51
5 58
5 63
5 64
5 66
5 67
5 68
5 70
5 71
5 72
5 73
5 80
5 81
5 86
5 87
5 89
5 94
5 99
6 8
6 10
6 12
6 15
6 17
6 19
6 21
6 22
6 26
6 27
6 31
6 35
6 40
6 42
6 43
6 46
6 47
6 48
6 50
6 51
6 53
6 57
6 60
6 61
6 62
6 63
6 64
6 67
6 74
6 75
6 77
6 81
6 83
6 87
6 89
6 90
6 91
6 94
7 8
7 9
7 10
7 11
7 14
7 16
7 17
7 20
7 21
7 27
7 28
7 29
7 31
7 34
7 35
7 38
7 39
7 41
7 42
7 44
7 45
7 46
7 48
7 49
7 51
7 52
7 55
7 57
7 58
7 59
7 60
7 61
7 63
7 71
7 72
7 75
7 77
7 78
7 86
7 87
7 93
7 94
7 97
7 98
8 15
8 16
8 17
8 18
8 22
8 24
8 26
8 28
8 33
8 36
8 40
8 45
8 47
8 51
8 57
8 60
8 61
8 62
8 63
8 64
8 66
8 68
8 71
8 72
8 73
8 77
8 78
8 80
8 81
8 87
8 89
8 94
8 96
8 97
9 16
9 20
9 22
9 27
9 28
9 29
9 33
9 37
9 39
9 40
9 41
9 43
9 44
9 47
9 48
9 54
9 57
9 59
9 60
9 62
9 63
9 66
9 67
9 68
9 69
9 71
9 73
9 75
9 78
9 87
9 89
9 92
9 97
10 11
10 12
10 15
10 18
10 19
10 25
10 27
10 28
10 29
10 30
10 32
10 34
10 37
10 38
10 41
10 44
10 46
10 47
10 48
10 52
10 54
10 55
10 65
10 70
10 71
10 72
10 73
10 75
10 76
10 77
10 78
10 79
10 83
10 87
10 88
10 90
10 94
10 96
10 97
10 99
11 13
11 14
11 15
11 17
11 19
11 21
11 26
11 29
11 31
11 32
11 41
11 44
11 49
11 52
11 53
11 54
11 61
11 62
11 68
11 72
11 74
11 76
11 77
11 79
11 81
11 82
11 83
11 84
11 88
11 91
11 92
11 95
11 98
12 13
12 14
12 15
12 17
12 18
12 19
12 24
12 29
12 30
12 35
12 36
12 39
12 40
12 43
12 48
12 49
12 58
12 61
12 65
12 68
12 71
12 73
12 74
12 75
12 76
12 78
12 81
12 85
12 88
12 90
12 95
12 97
12 98
12 99
13 14
13 16
13 18
13 21
13 22
13 25
13 26
13 30
13 32
13 34
13 35
13 36
13 37
13 41
13 49
13 51
13 54
13 56
13 57
13 63
13 67
13 68
13 70
13 71
13 72
13 73
13 75
13 78
13 80
13 81
13 82
13 83
13 84
13 87
13 88
13 89
13 94
13 97
14 17
14 19
14 23
14 27
14 33
14 35
14 38
14 39
14 41
14 43
14 48
14 51
14 53
14 59
14 65
14 68
14 71
14 72
14 73
14 74
14 80
14 82
14 85
14 88
14 89
14 90
14 95
15 16
15 18
15 19
15 20
15 22
15 24
15 25
15 27
15 28
15 33
15 37
15 38
15 39
15 42
15 44
15 48
15 49
15 50
15 52
15 53
15 57
15 61
15 62
15 66
15 67
15 68
15 69
15 70
15 71
15 81
15 83
15 84
15 85
15 90
15 93
15 99
16 17
16 22
16 24
16 25
16 27
16 29
16 34
16 37
16 39
16 41
16 43
16 45
16 47
16 52
16 63
16 64
16 69
16 74
16 76
16 77
16 78
16 79
16 83
16 84
16 85
16 89
16 90
16 93
16 96
16 98
16 99
17 18
17 19
17 21
17 22
17 23
17 25
17 31
17 33
17 36
17 37
17 38
17 41
17 43
17 49
17 51
17 53
17 54
17 59
17 60
17 64
17 68
17 76
17 81
17 82
17 85
17 86
17 88
17 89
17 91
17 97
17 99
18 19
18 26
18 27
18 28
18 30
18 34
18 35
18 37
18 42
18 43
18 44
18 52
18 57
18 63
18 64
18 65
18 66
18 70
18 72
18 73
18 74
18 76
18 77
18 78
18 80
18 81
18 85
18 87
18 88
18 90
18 91
18 92
18 94
18 96
18 99
19 20
19 23
19 24
19 29
19 31
19 32
19 37
19 38
19 41
19 42
19 43
19 44
19 48
19 50
19 51
19 54
19 55
19 56
19 57
19 63
19 64
19 66
19 67
19 72
19 74
19 75
19 77
19 78
19 83
19 84
19 85
19 86
19 89
19 90
19 98
20 21
20 23
20 26
20 30
20 32
20 33
20 35
20 36
20 38
20 40
20 41
20 43
20 46
20 51
20 52
20 54
20 57
20 58
20 60
20 61
20 65
20 68
20 70
20 76
20 82
20 84
20 86
20 92
20 99
21 22
21 24
21 25
21 32
21 33
21 39
21 42
21 50
21 52
21 55
21 57
21 58
21 59
21 60
21 61
21 62
21 64
21 66
21 68
21 69
21 71
21 72
21 74
21 78
21 79
21 80
21 82
21 91
21 94
21 95
21 98
22 25
22 30
22 32
22 35
22 38
22 46
22 53
22 56
22 57
22 60
22 61
22 62
22 64
22 65
22 67
22 68
22 71
22 74
22 75
22 77
22 82
22 87
22 91
22 92
22 93
22 94
22 99
23 26
23 31
23 32
23 34
23 35
23 36
23 37
23 41
23 42
23 43
23 45
23 50
23 51
23 54
23 56
23 57
23 58
23 61
23 62
23 64
23 66
23 70
23 74
23 75
23 78
23 79
23 86
23 92
23 94
24 25
24 27
24 28
24 30
24 31
24 32
24 33
24 36
24 39
24 41
24 42
24 43
24 44
24 45
24 46
24 47
24 50
24 53
24 54
24 55
24 57
24 59
24 60
24 61
24 69
24 71
24 72
24 73
24 74
24 78
24 79
24 80
24 81
24 82
24 83
24 85
24 88
24 89
24 92
24 97
24 98
25 30
25 31
25 36
25 43
25 44
25 46
25 48
25 54
25 56
25 57
25 60
25 64
25 65
25 71
25 72
25 73
25 74
25 76
25 80
25 82
25 83
25 85
25 86
25 88
25 89
25 91
25 96
25 97
25 98
25 99
26 28
26 29
26 30
26 32
26 33
26 34
26 38
26 40
26 41
26 42
26 45
26 46
26 50
26 51
26 52
26 62
26 72
26 74
26 75
26 79
26 81
26 84
26 87
26 88
26 90
26 93
26 94
26 95
26 96
26 99
27 28
27 29
27 30
27 31
27 33
27 37
27 38
27 41
27 42
27 43
27 44
27 45
27 46
27 47
27 54
27 55
27 58
27 61
27 62
27 63
27 65
27 67
27 68
27 69
27 71
27 74
27 75
27 78
27 82
27 83
27 85
27 86
27 94
27 95
27 97
27 99
28 29
28 32
28 36
28 43
28 44
28 46
28 48
28 53
28 54
28 55
28 56
28 57
28 58
28 60
28 62
28 67
28 70
28 75
28 76
28 78
28 81
28 87
28 88
28 89
28 92
28 93
28 94
28 95
28 96
28 97
28 98
28 99
29 30
29 32
29 34
29 36
29 37
29 38
29 40
29 41
29 43
29 44
29 45
29 46
29 49
29 50
29 51
29 53
29 56
29 58
29 62
29 70
29 72
29 73
29 74
29 76
29 85
29 87
29 88
29 92
29 94
29 96
29 99
30 37
30 38
30 42
30 43
30 44
30 48
30 49
30 56
30 57
30 62
30 64
30 65
30 66
30 70
30 71
30 72
30 73
30 76
30 85
30 87
30 88
30 89
30 95
30 96
30 97
30 99
31 32
31 40
31 42
31 43
31 44
31 54
31 56
31 59
31 60
31 61
31 66
31 67
31 76
31 77
31 80
31 82
31 84
31 85
31 88
31 90
31 91
31 92
31 94
31 95
31 96
31 98
31 99
32 35
32 36
32 38
32 39
32 42
32 44
32 46
32 49
32 50
32 51
32 53
32 54
32 58
32 60
32 65
32 68
32 70
32 73
32 75
32 76
32 80
32 82
32 83
32 84
32 86
32 89
32 91
32 93
32 98
32 99
33 41
33 42
33 44
33 45
33 46
33 50
33 53
33 57
33 58
33 59
33 60
33 61
33 62
33 63
33 64
33 65
33 66
33 68
33 70
33 71
33 72
33 74
33 82
33 83
33 84
33 85
33 86
33 87
33 92
33 93
33 95
33 98
34 39
34 40
34 44
34 45
34 47
34 51
34 52
34 60
34 61
34 64
34 66
34 68
34 69
34 70
34 74
34 79
34 81
34 82
34 85
34 87
34 89
34 91
34 93
34 95
34 97
34 99
35 36
35 37
35 41
35 49
35 51
35 52
35 53
35 54
35 56
35 57
35 67
35 74
35 77
35 80
35 81
35 82
35 83
35 87
35 89
35 91
35 92
35 95
35 97
36 37
36 39
36 40
36 45
36 48
36 56
36 57
36 58
36 60
36 68
36 69
36 72
36 73
36 74
36 75
36 76
36 78
36 79
36 81
36 82
36 83
36 91
36 92
36 93
37 39
37 40
37 44
37 45
37 48
37 50
37 51
37 54
37 55
37 57
37 69
37 73
37 74
37 77
37 80
37 83
37 87
37 88
37 89
37 91
37 93
37 96
37 98
37 99
38 39
38 41
38 43
38 45
38 46
38 48
38 49
38 50
38 54
38 56
38 57
38 61
38 62
38 67
38 71
38 74
38 75
38 83
38 93
38 98
39 43
39 44
39 45
39 46
39 47
39 48
39 51
39 52
39 53
39 54
39 55
39 56
39 58
39 60
39 68
39 70
39 73
39 76
39 77
39 79
39 82
39 84
39 85
39 87
39 89
39 90
39 91
39 94
39 98
39 99
40 41
40 46
40 49
40 54
40 56
40 58
40 59
40 61
40 65
40 67
40 69
40 72
40 74
40 76
40 80
40 81
40 85
40 93
40 94
40 99
41 43
41 44
41 47
41 53
41 59
41 60
41 64
41 67
41 69
41 70
41 72
41 74
41 75
41 77
41 85
41 87
41 88
41 91
41 93
41 95
41 96
41 98
42 44
42 46
42 47
42 48
42 49
42 55
42 61
42 62
42 64
42 65
42 66
42 67
42 68
42 72
42 75
42 81
42 82
42 86
42 87
42 91
42 96
42 97
42 98
43 52
43 55
43 57
43 58
43 59
43 62
43 65
43 68
43 69
43 70
43 71
43 75
43 81
43 82
43 93
43 95
43 97
43 98
44 46
44 49
44 50
44 51
44 52
44 53
44 54
44 55
44 56
44 58
44 60
44 61
44 66
44 69
44 70
44 71
44 72
44 73
44 74
44 75
44 76
44 78
44 79
44 81
44 84
44 93
44 99
45 46
45 50
45 53
45 55
45 62
45 63
45 64
45 69
45 70
45 72
45 74
45 76
45 78
45 80
45 82
45 83
45 84
45 85
45 86
45 87
45 94
45 96
45 98
46 48
46 49
46 50
46 51
46 53
46 55
46 56
46 60
46 61
46 62
46 69
46 73
46 75
46 76
46 85
46 86
46 88
46 90
46 91
46 93
46 94
46 99
47 57
47 60
47 61
47 64
47 65
47 72
47 74
47 80
47 81
47 83
47 88
47 89
47 92
47 93
47 94
47 95
47 96
48 49
48 54
48 56
48 57
48 58
48 60
48 61
48 64
48 65
48 67
48 68
48 69
48 70
48 71
48 76
48 80
48 81
48 82
48 86
48 93
48 95
48 96
48 97
48 98
49 52
49 56
49 59
49 69
49 70
49 72
49 75
49 77
49 78
49 81
49 83
49 85
49 92
49 93
49 95
49 96
49 98
50 52
50 55
50 57
50 58
50 68
50 73
50 74
50 75
50 77
50 78
50 79
50 83
50 85
50 87
50 90
50 92
50 97
51 52
51 53
51 54
51 55
51 56
51 58
51 64
51 66
51 68
51 70
51 73
51 81
51 85
51 86
51 88
51 92
51 97
52 53
52 54
52 55
52 56
52 60
52 62
52 63
52 65
52 66
52 67
52 74
52 76
52 81
52 84
52 86
52 87
52 88
52 89
52 90
52 91
52 93
52 98
53 58
53 60
53 61
53 62
53 63
53 67
53 68
53 75
53 79
53 89
53 92
53 95
53 97
54 56
54 59
54 60
54 61
54 64
54 68
54 77
54 78
54 81
54 84
54 86
54 88
54 99
55 56
55 58
55 59
55 61
55 63
55 66
55 69
55 73
55 75
55 76
55 80
55 82
55 86
55 87
55 89
55 96
56 58
56 59
56 60
56 62
56 63
56 64
56 65
56 68
56 74
56 77
56 80
56 81
56 84
56 85
56 88
56 90
56 91
56 92
56 93
56 96
56 97
57 62
57 63
57 66
57 68
57 72
57 75
57 76
57 78
57 80
57 88
57 89
57 94
57 96
57 98
57 99
58 59
58 62
58 64
58 65
58 71
58 72
58 75
58 78
58 79
58 81
58 82
58 89
58 94
58 95
58 96
58 98
58 99
59 60
59 64
59 66
59 67
59 68
59 69
59 72
59 73
59 75
59 76
59 80
59 82
59 83
59 88
59 89
59 90
59 96
59 98
60 64
60 66
60 74
60 77
60 78
60 81
60 83
60 85
60 87
60 89
60 92
60 93
60 96
60 97
61 67
61 68
61 69
61 71
61 77
61 78
61 80
61 84
61 85
61 86
61 88
61 89
61 94
61 96
61 97
61 99
62 67
62 68
62 69
62 72
62 73
62 75
62 77
62 78
62 80
62 81
62 83
62 87
62 91
62 96
62 97
63 64
63 65
63 66
63 67
63 68
63 69
63 71
63 74
63 75
63 77
63 79
63 85
63 86
63 89
63 91
63 94
63 96
63 97
63 98
64 65
64 67
64 70
64 71
64 77
64 78
64 81
64 85
64 87
64 91
64 93
64 94
64 96
64 97
65 68
65 69
65 71
65 73
65 75
65 79
65 80
65 81
65 84
65 86
65 87
65 88
65 90
65 91
65 92
65 93
66 68
66 69
66 72
66 76
66 78
66 80
66 85
66 86
66 87
66 88
66 92
66 93
66 95
66 96
67 68
67 71
67 72
67 74
67 76
67 77
67 82
67 84
67 85
67 88
67 92
67 93
67 96
67 97
67 98
68 69
68 71
68 72
68 76
68 79
68 80
68 86
68 87
68 92
68 95
68 97
68 98
69 70
69 75
69 76
69 81
69 82
69 86
69 87
69 90
70 72
70 73
70 74
70 77
70 79
70 80
70 85
70 90
70 91
70 92
70 93
70 96
70 99
71 72
71 73
71 74
71 75
71 76
71 77
71 79
71 80
71 81
71 85
71 88
71 89
71 90
71 94
71 97
72 75
72 76
72 77
72 82
72 83
72 86
72 87
72 88
72 92
72 94
72 95
72 97
72 98
73 78
73 79
73 80
73 83
73 88
73 89
73 90
73 94
73 95
73 99
74 83
74 86
74 87
74 94
74 99
75 78
75 79
75 80
75 81
75 82
75 84
75 85
75 88
75 89
75 93
75 94
75 96
75 97
76 77
76 80
76 81
76 83
76 84
76 86
76 87
76 88
76 89
76 90
76 92
76 94
76 98
76 99
77 78
77 83
77 90
77 92
77 94
77 97
78 79
78 83
78 85
78 91
78 94
78 97
78 98
79 80
79 81
79 88
79 92
79 94
79 95
79 96
80 81
80 83
80 86
80 87
80 92
80 94
80 98
81 82
81 85
81 88
81 92
81 95
81 96
81 99
82 83
82 85
82 88
82 92
82 95
82 96
82 97
83 85
83 88
83 95
83 97
83 98
84 87
84 88
84 89
84 92
84 94
84 95
84 97
85 87
85 90
85 92
85 94
85 96
85 97
86 87
86 91
86 93
87 91
87 92
87 93
87 99
88 89
88 90
88 93
88 94
88 96
88 97
88 98
88 99
89 91
89 94
89 95
89 97
89 98
89 99
90 93
90 94
90 95
91 93
91 95
91 97
92 96
93 97
93 98
94 98
95 98
95 99
96 97
96 98
96 99
97 98
98 99
