0 2
0 4
0 6
0 8
0 10
0 11
0 13
0 16
0 17
0 18
0 19
0 20
0 23
0 26
0 28
0 29
0 30
0 31
0 34
0 35
0 37
0 40
0 44
0 45
0 46
0 47
0 48
0 49
0 51
0 53
0 56
0 59
0 60
0 62
0 63
0 64
0 66
0 69
0 72
0 73
0 74
0 75
0 77
0 78
0 79
0 81
0 84
0 85
0 86
0 87
0 88
0 90
0 91
0 92
0 94
0 96
0 97
0 98
1 3
1 4
1 6
1 8
1 11
1 12
1 13
1 14
1 17
1 18
1 21
1 22
1 25
1 28
1 30
1 31
1 33
1 34
1 36
1 37
1 40
1 43
1 44
1 45
1 46
1 49
1 50
1 53
1 55
1 58
1 63
1 64
1 69
1 71
1 74
1 79
1 83
1 85
1 86
1 88
1 89
1 91
1 92
1 94
1 95
1 96
1 98
2 3
2 4
2 5
2 6
2 8
2 9
2 10
2 12
2 13
2 14
2 17
2 18
2 20
2 21
2 22
2 25
2 32
2 36
2 37
2 39
2 41
2 42
2 47
2 49
2 50
2 54
2 55
2 56
2 58
2 60
2 64
2 65
2 67
2 68
2 69
2 71
2 72
2 74
2 76
2 79
2 81
2 82
2 84
2 85
2 86
2 87
2 88
2 90
2 94
3 6
3 7
3 8
3 10
3 12
3 13
3 14
3 17
3 18
3 19
3 21
3 22
3 23
3 25
3 26
3 29
3 31
3 34
3 37
3 40
3 42
3 45
3 46
3 48
3 53
3 54
3 55
3 56
3 58
3 59
3 62
3 65
3 68
3 70
3 71
3 72
3 73
3 76
3 78
3 79
3 83
3 85
3 87
3 88
3 89
3 90
3 93
3 95
3 97
4 8
4 9
4 12
4 14
4 17
4 21
4 22
4 23
4 26
4 27
4 29
4 31
4 32
4 33
4 36
4 39
4 40
4 41
4 42
4 44
4 45
4 51
4 52
4 56
4 58
4 59
4 60
4 61
4 63
4 64
4 65
4 67
4 72
4 74
4 78
4 79
4 83
4 85
4 86
4 87
4 94
4 96
4 98
5 7
5 9
5 10
5 14
5 15
5 16
5 17
5 20
5 23
5 25
5 28
5 31
5 33
5 36
5 37
5 39
5 40
5 43
5 44
5 45
5 46
5 47
5 51
5 52
5 54
5 55
5 56
5 58
5 61
5 65
5 69
5 71
5 73
5 75
5 76
5 79
5 80
5 81
5 82
5 83
5 85
5 87
5 88
5 89
5 96
5 97
6 7
6 8
6 14
6 15
6 20
6 21
6 22
6 25
6 26
6 31
6 32
6 33
6 35
6 36
6 38
6 43
6 44
6 45
6 46
6 47
6 49
6 53
6 54
6 55
6 60
6 61
6 64
6 66
6 67
6 68
6 73
6 74
6 75
6 77
6 78
6 80
6 83
6 85
6 88
6 94
6 96
6 98
6 99
7 8
7 11
7 12
7 13
7 14
7 15
7 19
7 20
7 23
7 26
7 27
7 30
7 31
7 35
7 36
7 37
7 42
7 46
7 49
7 50
7 51
7 52
7 56
7 57
7 58
7 59
7 60
7 61
7 63
7 64
7 66
7 67
7 68
7 69
7 70
7 71
7 74
7 76
7 78
7 80
7 81
7 83
7 85
7 86
7 88
7 93
7 95
7 97
7 98
7 99
8 11
8 12
8 16
8 20
8 28
8 32
8 34
8 35
8 37
8 39
8 41
8 44
8 47
8 51
8 53
8 54
8 55
8 58
8 60
8 61
8 64
8 66
8 69
8 74
8 75
8 78
8 80
8 82
8 83
8 84
8 87
8 88
8 89
8 90
8 91
8 92
8 94
8 95
8 96
8 97
8 98
9 10
9 12
9 13
9 23
9 25
9 26
9 30
9 32
9 33
9 34
9 38
9 42
9 44
9 48
9 49
9 50
9 51
9 53
9 54
9 55
9 60
9 63
9 64
9 65
9 66
9 69
9 70
9 72
9 74
9 75
9 76
9 81
9 84
9 85
9 86
9 87
9 88
9 91
9 92
9 94
9 95
9 96
9 97
9 99
10 11
10 14
10 15
10 17
10 22
10 28
10 29
10 31
10 35
10 37
10 38
10 44
10 48
10 50
10 51
10 53
10 54
10 56
10 59
10 62
10 64
10 67
10 68
10 75
10 78
10 85
10 93
10 95
10 98
11 13
11 15
11 20
11 24
11 25
11 27
11 28
11 31
11 34
11 36
11 43
11 44
11 47
11 52
11 57
11 58
11 60
11 62
11 63
11 64
11 67
11 68
11 70
11 71
11 72
11 78
11 82
11 84
11 85
11 87
11 89
11 92
11 93
11 94
11 95
11 96
11 99
12 13
12 14
12 15
12 16
12 17
12 18
12 20
12 21
12 22
12 25
12 26
12 28
12 31
12 33
12 34
12 35
12 36
12 37
12 44
12 45
12 47
12 49
12 51
12 53
12 55
12 57
12 58
12 60
12 61
12 62
12 64
12 72
12 76
12 79
12 80
12 81
12 85
12 86
12 87
12 88
12 89
12 90
12 95
12 96
12 98
12 99
13 14
13 22
13 23
13 25
13 26
13 27
13 28
13 29
13 31
13 32
13 34
13 35
13 36
13 38
13 40
13 41
13 42
13 46
13 47
13 49
13 50
13 51
13 52
13 55
13 56
13 60
13 62
13 63
13 65
13 66
13 69
13 72
13 73
13 74
13 75
13 76
13 78
13 79
13 80
13 81
13 84
13 85
13 87
13 88
13 90
13 92
13 94
13 95
13 96
13 97
13 98
13 99
14 19
14 20
14 24
14 27
14 30
14 32
14 33
14 34
14 36
14 37
14 41
14 44
14 45
14 49
14 50
14 51
14 54
14 58
14 59
14 60
14 61
14 62
14 63
14 64
14 65
14 66
14 67
14 69
14 71
14 74
14 76
14 78
14 79
14 87
14 88
14 91
14 92
14 93
14 94
14 97
15 17
15 18
15 22
15 27
15 28
15 29
15 32
15 33
15 35
15 38
15 39
15 42
15 44
15 46
15 47
15 49
15 50
15 52
15 53
15 56
15 57
15 62
15 63
15 64
15 68
15 70
15 71
15 72
15 73
15 74
15 76
15 78
15 79
15 83
15 84
15 85
15 86
15 88
15 90
15 91
15 92
15 93
15 94
15 95
15 97
15 98
16 18
16 20
16 21
16 22
16 24
16 26
16 29
16 34
16 35
16 36
16 37
16 38
16 39
16 43
16 44
16 53
16 56
16 57
16 59
16 60
16 63
16 65
16 66
16 67
16 69
16 70
16 71
16 74
16 76
16 78
16 79
16 85
16 86
16 88
16 90
16 95
16 96
16 97
16 98
17 20
17 22
17 23
17 24
17 26
17 27
17 29
17 32
17 33
17 34
17 35
17 37
17 39
17 43
17 44
17 45
17 46
17 51
17 53
17 54
17 55
17 56
17 57
17 58
17 59
17 60
17 64
17 71
17 72
17 73
17 75
17 76
17 77
17 78
17 79
17 80
17 81
17 82
17 84
17 85
17 87
17 88
17 90
17 92
17 93
17 96
17 98
17 99
18 19
18 20
18 24
18 26
18 28
18 29
18 30
18 32
18 33
18 34
18 35
18 37
18 39
18 41
18 42
18 43
18 45
18 51
18 54
18 59
18 60
18 61
18 63
18 64
18 65
18 66
18 68
18 69
18 71
18 72
18 73
18 75
18 76
18 79
18 81
18 82
18 84
18 85
18 87
18 90
18 91
18 98
19 22
19 25
19 29
19 30
19 32
19 33
19 34
19 36
19 37
19 38
19 39
19 41
19 46
19 51
19 52
19 55
19 58
19 59
19 63
19 65
19 66
19 67
19 69
19 72
19 74
19 75
19 78
19 79
19 80
19 82
19 83
19 87
19 89
19 93
19 94
19 97
19 98
20 21
20 23
20 24
20 26
20 27
20 28
20 29
20 31
20 32
20 33
20 34
20 36
20 37
20 39
20 40
20 41
20 42
20 45
20 53
20 56
20 57
20 59
20 60
20 62
20 64
20 65
20 68
20 72
20 73
20 74
20 80
20 83
20 84
20 85
20 87
20 89
20 92
20 94
20 95
20 96
20 97
20 98
20 99
21 23
21 30
21 35
21 36
21 38
21 42
21 43
21 44
21 46
21 47
21 48
21 50
21 52
21 55
21 57
21 59
21 60
21 61
21 62
21 67
21 69
21 70
21 71
21 75
21 76
21 79
21 81
21 82
21 83
21 84
21 85
21 86
21 88
21 92
21 94
21 95
21 98
21 99
22 23
22 24
22 25
22 26
22 29
22 30
22 31
22 34
22 37
22 38
22 39
22 41
22 43
22 46
22 47
22 48
22 50
22 52
22 53
22 54
22 60
22 64
22 65
22 66
22 67
22 68
22 69
22 71
22 72
22 77
22 79
22 82
22 83
22 86
22 89
22 92
22 97
23 24
23 27
23 33
23 34
23 35
23 36
23 38
23 40
23 44
23 45
23 48
23 49
23 50
23 54
23 55
23 57
23 60
23 66
23 68
23 71
23 72
23 77
23 80
23 82
23 86
23 87
23 90
23 93
24 25
24 26
24 27
24 34
24 35
24 36
24 39
24 40
24 42
24 43
24 44
24 45
24 48
24 49
24 50
24 54
24 55
24 57
24 58
24 59
24 65
24 68
24 70
24 71
24 72
24 73
24 77
24 78
24 79
24 82
24 84
24 88
24 89
24 90
24 91
24 92
24 94
24 95
24 98
24 99
25 27
25 28
25 29
25 30
25 31
25 32
25 34
25 36
25 39
25 42
25 44
25 47
25 48
25 49
25 50
25 51
25 52
25 58
25 59
25 60
25 63
25 64
25 65
25 66
25 67
25 68
25 70
25 74
25 75
25 77
25 78
25 88
25 91
25 92
25 93
25 96
26 27
26 30
26 31
26 32
26 33
26 34
26 35
26 40
26 43
26 46
26 48
26 49
26 51
26 52
26 53
26 55
26 56
26 57
26 61
26 64
26 68
26 69
26 70
26 72
26 73
26 74
26 76
26 79
26 81
26 82
26 85
26 87
26 89
26 93
26 95
26 98
26 99
27 30
27 31
27 32
27 33
27 35
27 36
27 39
27 43
27 46
27 49
27 50
27 53
27 54
27 55
27 56
27 57
27 58
27 59
27 61
27 62
27 63
27 65
27 66
27 67
27 69
27 71
27 73
27 75
27 77
27 79
27 80
27 83
27 84
27 85
27 87
27 90
27 91
27 92
27 97
27 99
28 31
28 33
28 35
28 36
28 38
28 39
28 40
28 42
28 43
28 44
28 45
28 47
28 48
28 51
28 52
28 56
28 57
28 58
28 62
28 63
28 64
28 65
28 69
28 70
28 71
28 72
28 73
28 74
28 75
28 76
28 78
28 79
28 81
28 84
28 85
28 87
28 92
28 94
28 95
28 97
28 99
29 32
29 34
29 35
29 36
29 37
29 38
29 39
29 44
29 47
29 48
29 49
29 51
29 52
29 54
29 55
29 56
29 58
29 60
29 61
29 62
29 67
29 68
29 72
29 73
29 75
29 79
29 80
29 82
29 83
29 84
29 85
29 86
29 87
29 89
29 91
29 92
29 96
30 32
30 36
30 37
30 38
30 39
30 43
30 44
30 45
30 50
30 51
30 52
30 55
30 56
30 57
30 58
30 61
30 63
30 69
30 71
30 73
30 76
30 78
30 81
30 85
30 86
30 89
30 90
30 91
30 94
30 96
30 98
31 33
31 35
31 37
31 38
31 40
31 41
31 42
31 43
31 44
31 46
31 51
31 54
31 58
31 59
31 60
31 61
31 63
31 65
31 66
31 70
31 72
31 74
31 75
31 78
31 79
31 80
31 83
31 86
31 87
31 89
31 91
31 95
31 98
31 99
32 37
32 42
32 43
32 44
32 45
32 48
32 49
32 50
32 51
32 52
32 53
32 55
32 57
32 61
32 63
32 64
32 67
32 70
32 72
32 73
32 74
32 76
32 78
32 79
32 80
32 81
32 88
32 93
32 96
32 98
33 34
33 35
33 36
33 38
33 40
33 42
33 43
33 45
33 47
33 50
33 51
33 52
33 53
33 57
33 58
33 60
33 62
33 63
33 64
33 65
33 66
33 67
33 68
33 69
33 71
33 76
33 77
33 78
33 79
33 80
33 82
33 83
33 91
33 94
33 95
33 96
33 97
33 98
34 35
34 38
34 39
34 45
34 47
34 48
34 50
34 55
34 56
34 57
34 58
34 61
34 62
34 63
34 64
34 65
34 66
34 68
34 74
34 76
34 78
34 80
34 81
34 82
34 83
34 85
34 86
34 87
34 89
34 90
34 91
34 92
34 96
34 97
35 36
35 39
35 42
35 43
35 45
35 46
35 48
35 50
35 51
35 54
35 55
35 58
35 60
35 61
35 64
35 66
35 67
35 68
35 70
35 73
35 75
35 78
35 79
35 82
35 84
35 86
35 88
35 89
35 92
35 93
35 95
35 96
35 98
36 40
36 41
36 42
36 43
36 44
36 47
36 48
36 50
36 51
36 52
36 57
36 58
36 59
36 62
36 63
36 64
36 66
36 70
36 71
36 72
36 73
36 74
36 80
36 82
36 83
36 85
36 86
36 87
36 89
36 96
36 99
37 41
37 42
37 43
37 44
37 45
37 46
37 48
37 49
37 53
37 57
37 59
37 62
37 63
37 64
37 65
37 67
37 68
37 69
37 70
37 72
37 73
37 77
37 80
37 81
37 82
37 84
37 87
37 88
37 89
37 90
37 91
37 93
37 95
37 97
37 98
37 99
38 41
38 44
38 47
38 50
38 54
38 55
38 56
38 58
38 61
38 62
38 63
38 64
38 67
38 68
38 69
38 70
38 73
38 74
38 77
38 78
38 80
38 86
38 87
38 88
38 89
38 91
38 93
38 95
38 98
39 42
39 45
39 47
39 50
39 52
39 54
39 55
39 56
39 57
39 58
39 59
39 61
39 63
39 66
39 69
39 72
39 73
39 75
39 76
39 79
39 83
39 86
39 88
39 90
39 91
39 93
39 94
39 96
39 97
39 98
40 41
40 43
40 47
40 48
40 49
40 50
40 51
40 53
40 55
40 56
40 60
40 62
40 63
40 64
40 65
40 66
40 69
40 70
40 73
40 75
40 77
40 79
40 80
40 82
40 83
40 84
40 85
40 86
40 89
40 92
40 93
40 96
40 98
40 99
41 42
41 43
41 45
41 46
41 49
41 50
41 52
41 56
41 57
41 58
41 61
41 62
41 63
41 67
41 68
41 69
41 70
41 71
41 75
41 76
41 78
41 79
41 80
41 81
41 83
41 84
41 86
41 89
41 90
41 92
41 96
41 97
41 98
41 99
42 46
42 49
42 50
42 53
42 57
42 59
42 69
42 70
42 71
42 72
42 75
42 76
42 77
42 79
42 83
42 84
42 85
42 86
42 87
42 88
42 90
42 91
42 92
42 93
42 96
42 97
43 49
43 50
43 51
43 52
43 53
43 55
43 58
43 59
43 60
43 62
43 63
43 65
43 69
43 70
43 72
43 73
43 74
43 75
43 76
43 77
43 79
43 80
43 82
43 84
43 86
43 88
43 89
43 94
43 96
43 99
44 45
44 48
44 49
44 50
44 51
44 52
44 54
44 56
44 58
44 59
44 60
44 62
44 63
44 65
44 66
44 67
44 70
44 73
44 74
44 75
44 78
44 79
44 80
44 81
44 84
44 85
44 86
44 90
44 91
44 92
44 93
44 95
44 96
44 98
45 48
45 51
45 52
45 55
45 56
45 57
45 58
45 59
45 60
45 63
45 66
45 72
45 74
45 77
45 78
45 79
45 80
45 81
45 82
45 83
45 86
45 90
45 92
45 93
45 94
45 96
45 98
46 50
46 51
46 52
46 54
46 56
46 60
46 61
46 63
46 65
46 69
46 73
46 74
46 79
46 80
46 81
46 82
46 83
46 87
46 88
46 90
46 91
46 92
46 93
46 95
47 49
47 51
47 52
47 53
47 57
47 58
47 59
47 62
47 65
47 67
47 68
47 69
47 70
47 71
47 73
47 75
47 76
47 77
47 81
47 83
47 85
47 88
47 89
47 90
47 91
47 92
47 93
47 98
47 99
48 52
48 53
48 55
48 56
48 57
48 58
48 60
48 61
48 63
48 64
48 65
48 66
48 69
48 70
48 74
48 75
48 79
48 82
48 91
48 93
48 96
48 97
49 50
49 52
49 55
49 59
49 61
49 62
49 63
49 64
49 65
49 68
49 71
49 73
49 74
49 75
49 76
49 78
49 79
49 81
49 82
49 84
49 86
49 91
49 93
49 94
49 96
50 51
50 53
50 55
50 56
50 66
50 67
50 69
50 71
50 73
50 75
50 77
50 78
50 82
50 83
50 84
50 87
50 88
50 89
50 90
50 93
50 95
50 96
51 52
51 54
51 56
51 58
51 61
51 62
51 67
51 68
51 70
51 71
51 72
51 73
51 75
51 77
51 81
51 84
51 90
51 95
51 96
52 53
52 58
52 59
52 60
52 64
52 66
52 69
52 70
52 71
52 72
52 76
52 78
52 80
52 81
52 82
52 83
52 84
52 85
52 89
52 90
52 91
52 92
52 95
52 96
52 97
52 98
53 54
53 55
53 58
53 60
53 64
53 65
53 66
53 67
53 72
53 75
53 77
53 79
53 82
53 83
53 85
53 86
53 90
53 91
53 92
53 93
53 94
53 95
53 96
53 97
53 99
54 55
54 56
54 57
54 58
54 59
54 61
54 64
54 65
54 68
54 69
54 72
54 77
54 79
54 80
54 83
54 88
54 89
54 91
54 92
54 94
54 97
55 60
55 65
55 66
55 70
55 71
55 73
55 74
55 75
55 76
55 78
55 79
55 82
55 84
55 85
55 88
55 91
55 93
55 94
55 95
55 96
55 97
55 98
55 99
56 59
56 61
56 65
56 66
56 68
56 72
56 73
56 74
56 78
56 80
56 81
56 85
56 88
56 89
56 90
56 92
56 93
56 95
56 96
56 97
56 99
57 58
57 60
57 62
57 63
57 67
57 69
57 70
57 71
57 72
57 73
57 75
57 77
57 79
57 84
57 88
57 90
57 91
57 92
57 93
57 95
57 98
58 59
58 60
58 62
58 63
58 65
58 68
58 70
58 71
58 72
58 76
58 77
58 80
58 81
58 82
58 84
58 85
58 86
58 88
58 91
58 92
58 94
58 95
58 97
58 98
59 60
59 64
59 65
59 67
59 68
59 73
59 75
59 77
59 78
59 80
59 84
59 85
59 86
59 88
59 89
59 92
59 93
59 95
59 97
59 98
59 99
60 61
60 66
60 68
60 69
60 70
60 71
60 72
60 76
60 81
60 82
60 83
60 84
60 86
60 87
60 88
60 91
60 93
60 98
60 99
61 63
61 65
61 69
61 70
61 71
61 72
61 76
61 80
61 84
61 88
61 89
61 90
61 91
61 92
61 94
61 95
61 96
61 97
61 98
62 66
62 69
62 72
62 73
62 75
62 76
62 79
62 81
62 82
62 84
62 87
62 88
62 90
62 91
62 98
63 64
63 66
63 67
63 68
63 70
63 71
63 77
63 79
63 80
63 81
63 88
63 90
63 93
63 94
63 95
64 66
64 68
64 70
64 71
64 74
64 75
64 76
64 77
64 79
64 83
64 86
64 89
64 95
64 98
64 99
65 69
65 71
65 72
65 73
65 75
65 79
65 80
65 83
65 84
65 87
65 88
65 89
65 90
65 92
65 93
65 96
66 67
66 69
66 70
66 74
66 76
66 80
66 81
66 84
66 85
66 87
66 89
66 90
66 91
66 92
66 93
66 94
66 95
66 98
66 99
67 69
67 71
67 72
67 73
67 74
67 76
67 78
67 80
67 81
67 82
67 85
67 86
67 92
67 93
67 96
67 98
67 99
68 70
68 73
68 76
68 81
68 82
68 85
68 91
68 92
68 93
68 96
68 98
69 70
69 73
69 77
69 79
69 80
69 82
69 84
69 86
69 90
69 91
69 92
69 93
69 95
69 96
69 97
69 98
70 71
70 72
70 73
70 74
70 75
70 76
70 77
70 82
70 84
70 85
70 86
70 87
70 88
70 89
70 90
70 91
70 93
70 94
70 95
70 97
70 98
70 99
71 73
71 74
71 75
71 78
71 81
71 82
71 85
71 86
71 88
71 89
71 90
71 91
71 97
72 75
72 77
72 79
72 81
72 82
72 85
72 86
72 87
72 88
72 92
72 95
72 98
73 75
73 79
73 81
73 82
73 83
73 86
73 87
73 91
73 92
73 93
73 94
73 95
73 97
73 99
74 75
74 76
74 80
74 81
74 82
74 88
74 92
74 97
75 78
75 80
75 81
75 83
75 94
76 79
76 82
76 84
76 85
76 87
76 88
76 89
76 90
76 91
76 92
76 95
76 97
76 98
77 79
77 80
77 81
77 82
77 87
77 89
77 91
77 92
77 95
77 96
77 99
78 79
78 80
78 81
78 85
78 86
78 87
78 89
78 90
78 91
78 93
78 94
78 96
78 97
78 98
78 99
79 82
79 83
79 84
79 85
79 86
79 89
79 90
79 91
79 97
79 98
79 99
80 81
80 82
80 83
80 84
80 86
80 88
80 89
80 91
80 93
80 96
80 99
81 83
81 84
81 86
81 88
81 90
81 91
81 93
81 95
81 96
81 99
82 86
82 91
82 94
82 95
82 98
82 99
83 84
83 87
83 88
83 89
83 91
83 92
83 93
83 95
83 96
83 98
83 99
84 85
84 86
84 89
84 91
84 93
84 95
84 96
84 98
85 86
85 88
85 89
85 90
85 91
85 92
85 93
85 94
85 95
85 97
85 99
86 87
86 88
86 89
86 91
86 92
86 93
86 95
86 96
87 89
87 90
87 91
87 92
87 95
87 96
87 99
88 90
88 91
88 92
88 93
88 94
88 97
88 98
88 99
89 93
89 94
89 98
90 91
90 93
90 95
90 97
90 98
90 99
91 93
92 94
92 98
93 95
93 97
93 99
94 95
94 96
94 99
95 98
96 97
96 98
96 99
97 98
97 99
