0 2
0 3
0 5
0 6
0 8
0 9
0 10
0 19
0 20
0 23
0 24
0 25
0 30
0 31
0 32
0 35
0 36
0 39
0 40
0 42
0 44
0 51
0 53
0 54
0 55
0 56
0 59
0 64
0 66
0 68
0 69
0 70
0 75
0 77
0 79
0 85
0 86
0 87
0 90
0 91
0 92
0 93
0 96
1 2
1 3
1 5
1 9
1 11
1 12
1 13
1 14
1 16
1 17
1 18
1 23
1 26
1 28
1 29
1 32
1 35
1 36
1 37
1 41
1 42
1 43
1 44
1 45
1 47
1 48
1 50
1 51
1 52
1 53
1 55
1 56
1 58
1 59
1 60
1 62
1 66
1 68
1 70
1 71
1 72
1 73
1 74
1 75
1 85
1 88
1 90
1 93
1 95
1 96
1 99
2 3
2 4
2 6
2 8
2 10
2 15
2 16
2 18
2 19
2 20
2 21
2 24
2 26
2 28
2 30
2 34
2 35
2 40
2 42
2 45
2 47
2 49
2 51
2 54
2 55
2 56
2 57
2 58
2 59
2 60
2 61
2 62
2 63
2 64
2 67
2 69
2 70
2 74
2 77
2 78
2 79
2 81
2 82
2 86
2 91
2 92
2 96
2 99
3 4
3 6
3 8
3 10
3 13
3 15
3 17
3 20
3 21
3 22
3 23
3 28
3 31
3 32
3 34
3 36
3 38
3 40
3 43
3 45
3 48
3 49
3 50
3 51
3 54
3 56
3 58
3 60
3 61
3 63
3 64
3 65
3 67
3 74
3 76
3 82
3 83
3 86
3 87
3 90
3 93
3 94
3 95
3 98
4 5
4 6
4 7
4 12
4 15
4 17
4 18
4 19
4 21
4 26
4 31
4 34
4 36
4 39
4 41
4 43
4 44
4 45
4 50
4 56
4 57
4 58
4 60
4 62
4 63
4 70
4 72
4 76
4 78
4 79
4 80
4 81
4 85
4 89
4 91
4 92
4 93
4 96
4 97
4 98
4 99
5 7
5 8
5 9
5 12
5 13
5 14
5 20
5 22
5 23
5 27
5 28
5 29
5 30
5 32
5 35
5 37
5 38
5 39
5 43
5 46
5 48
5 49
5 50
5 53
5 54
5 56
5 57
5 58
5 63
5 64
5 69
5 70
5 77
5 78
5 80
5 81
5 82
5 83
5 84
5 85
5 86
5 88
5 89
5 91
5 93
5 95
5 96
5 98
6 10
6 14
6 16
6 17
6 18
6 19
6 21
6 22
6 23
6 24
6 26
6 27
6 28
6 30
6 31
6 33
6 34
6 36
6 40
6 41
6 42
6 45
6 46
6 47
6 49
6 52
6 57
6 58
6 60
6 62
6 63
6 64
6 69
6 70
6 72
6 73
6 74
6 76
6 78
6 79
6 81
6 86
6 87
6 88
6 91
6 93
6 94
6 96
6 98
7 8
7 9
7 10
7 11
7 13
7 14
7 16
7 17
7 18
7 19
7 21
7 26
7 28
7 29
7 30
7 32
7 35
7 36
7 37
7 38
7 39
7 40
7 44
7 45
7 50
7 51
7 52
7 53
7 54
7 58
7 59
7 60
7 62
7 63
7 64
7 67
7 68
7 74
7 75
7 79
7 80
7 81
7 83
7 84
7 89
7 91
7 92
7 94
7 97
7 98
7 99
8 9
8 12
8 14
8 15
8 16
8 18
8 19
8 20
8 21
8 23
8 24
8 25
8 27
8 30
8 34
8 36
8 37
8 38
8 39
8 41
8 42
8 43
8 44
8 47
8 48
8 49
8 53
8 56
8 57
8 59
8 61
8 63
8 69
8 70
8 71
8 74
8 75
8 76
8 77
8 79
8 80
8 82
8 85
8 88
8 89
8 90
8 91
8 94
8 95
8 98
9 12
9 13
9 15
9 18
9 19
9 22
9 23
9 27
9 29
9 30
9 31
9 32
9 34
9 38
9 42
9 43
9 46
9 49
9 50
9 51
9 52
9 55
9 56
9 57
9 60
9 61
9 66
9 68
9 71
9 74
9 76
9 77
9 79
9 82
9 84
9 86
9 88
9 94
9 96
9 97
10 11
10 12
10 13
10 14
10 20
10 21
10 22
10 25
10 26
10 29
10 31
10 32
10 36
10 39
10 42
10 43
10 44
10 45
10 47
10 53
10 54
10 55
10 58
10 60
10 61
10 62
10 66
10 67
10 68
10 69
10 70
10 71
10 72
10 77
10 79
10 80
10 87
10 95
10 96
10 98
11 12
11 16
11 18
11 20
11 24
11 31
11 32
11 33
11 34
11 40
11 42
11 43
11 44
11 47
11 49
11 50
11 51
11 55
11 58
11 61
11 66
11 71
11 72
11 73
11 75
11 78
11 79
11 80
11 82
11 83
11 84
11 85
11 87
11 94
11 95
11 97
11 98
11 99
12 15
12 16
12 17
12 19
12 20
12 21
12 22
12 24
12 25
12 28
12 31
12 36
12 38
12 40
12 43
12 45
12 47
12 48
12 50
12 53
12 54
12 56
12 57
12 60
12 65
12 66
12 69
12 71
12 72
12 73
12 74
12 79
12 80
12 84
12 85
12 86
12 87
12 90
12 93
12 96
12 97
12 98
12 99
13 14
13 17
13 18
13 23
13 24
13 28
13 31
13 33
13 34
13 35
13 36
13 37
13 39
13 40
13 42
13 43
13 44
13 46
13 47
13 51
13 53
13 55
13 57
13 60
13 61
13 62
13 64
13 65
13 68
13 70
13 71
13 73
13 75
13 81
13 82
13 85
13 86
13 89
13 91
13 93
13 94
13 95
13 96
13 99
14 15
14 16
14 19
14 25
14 26
14 27
14 30
14 31
14 33
14 35
14 37
14 41
14 46
14 47
14 48
14 50
14 51
14 55
14 56
14 57
14 58
14 60
14 61
14 63
14 64
14 65
14 66
14 69
14 73
14 75
14 76
14 77
14 78
14 79
14 81
14 82
14 85
14 87
14 88
14 89
14 94
14 97
15 20
15 21
15 22
15 23
15 24
15 26
15 28
15 29
15 33
15 34
15 35
15 36
15 38
15 39
15 40
15 41
15 45
15 46
15 47
15 49
15 50
15 52
15 53
15 54
15 58
15 60
15 61
15 62
15 70
15 71
15 72
15 73
15 74
15 75
15 76
15 78
15 79
15 85
15 87
15 88
15 89
15 91
15 92
15 95
15 96
15 97
15 99
16 17
16 19
16 20
16 21
16 23
16 24
16 25
16 31
16 35
16 36
16 39
16 46
16 47
16 51
16 52
16 53
16 55
16 56
16 58
16 60
16 61
16 65
16 66
16 68
16 69
16 73
16 74
16 75
16 77
16 81
16 82
16 83
16 85
16 86
16 87
16 88
16 92
16 93
16 94
16 98
16 99
17 18
17 21
17 23
17 24
17 28
17 30
17 32
17 35
17 38
17 39
17 40
17 41
17 42
17 50
17 53
17 54
17 55
17 58
17 60
17 63
17 64
17 65
17 67
17 68
17 70
17 77
17 79
17 80
17 81
17 84
17 91
17 92
17 95
17 96
17 99
18 20
18 22
18 24
18 25
18 27
18 28
18 33
18 34
18 39
18 43
18 44
18 46
18 47
18 48
18 51
18 54
18 56
18 57
18 59
18 60
18 62
18 68
18 69
18 70
18 71
18 72
18 73
18 76
18 77
18 78
18 79
18 80
18 83
18 84
18 88
18 90
18 91
18 93
18 94
18 96
18 98
19 21
19 27
19 28
19 30
19 31
19 32
19 33
19 35
19 36
19 45
19 46
19 47
19 49
19 50
19 51
19 55
19 59
19 62
19 63
19 64
19 65
19 68
19 69
19 70
19 71
19 73
19 74
19 75
19 76
19 78
19 84
19 85
19 86
19 89
19 92
19 95
19 96
19 97
19 98
20 22
20 23
20 24
20 25
20 27
20 28
20 29
20 33
20 35
20 37
20 38
20 40
20 43
20 44
20 46
20 48
20 50
20 51
20 54
20 56
20 57
20 60
20 65
20 67
20 70
20 73
20 75
20 78
20 79
20 80
20 82
20 83
20 88
20 90
20 93
20 94
20 97
20 98
21 23
21 25
21 26
21 27
21 29
21 30
21 33
21 37
21 41
21 43
21 46
21 47
21 48
21 49
21 52
21 54
21 57
21 66
21 69
21 73
21 74
21 77
21 79
21 80
21 82
21 83
21 85
21 88
21 89
21 90
21 91
21 92
21 93
21 94
21 95
21 96
21 97
21 98
22 24
22 25
22 26
22 28
22 32
22 33
22 37
22 38
22 39
22 42
22 44
22 45
22 47
22 48
22 49
22 50
22 52
22 54
22 56
22 57
22 59
22 60
22 63
22 64
22 70
22 71
22 75
22 76
22 80
22 83
22 85
22 86
22 88
22 92
22 93
22 94
22 95
22 96
22 98
22 99
23 24
23 25
23 26
23 27
23 28
23 29
23 30
23 31
23 33
23 36
23 37
23 40
23 41
23 42
23 43
23 44
23 46
23 47
23 48
23 49
23 50
23 54
23 55
23 56
23 57
23 59
23 60
23 62
23 67
23 69
23 70
23 73
23 75
23 78
23 79
23 80
23 83
23 84
23 85
23 87
23 88
23 90
23 91
23 93
23 94
23 97
24 25
24 29
24 32
24 33
24 36
24 37
24 39
24 41
24 42
24 44
24 46
24 47
24 48
24 50
24 51
24 52
24 53
24 57
24 58
24 59
24 60
24 61
24 65
24 68
24 70
24 71
24 72
24 73
24 74
24 75
24 77
24 80
24 81
24 83
24 86
24 87
24 88
24 92
24 94
24 96
24 99
25 33
25 35
25 39
25 40
25 42
25 44
25 47
25 49
25 51
25 52
25 53
25 55
25 58
25 60
25 62
25 64
25 65
25 68
25 71
25 72
25 73
25 74
25 77
25 78
25 79
25 82
25 83
25 84
25 85
25 86
25 87
25 89
25 90
25 94
25 95
25 96
25 97
25 98
25 99
26 31
26 32
26 33
26 36
26 37
26 40
26 41
26 43
26 47
26 48
26 49
26 51
26 52
26 54
26 58
26 62
26 64
26 67
26 68
26 69
26 70
26 78
26 79
26 85
26 89
26 96
26 99
27 28
27 29
27 30
27 31
27 32
27 34
27 38
27 39
27 43
27 45
27 49
27 53
27 54
27 55
27 56
27 57
27 58
27 59
27 61
27 62
27 63
27 66
27 68
27 70
27 71
27 72
27 74
27 76
27 77
27 78
27 83
27 85
27 89
27 90
27 91
27 92
27 93
27 96
28 29
28 30
28 31
28 32
28 33
28 35
28 37
28 40
28 43
28 46
28 47
28 49
28 51
28 53
28 54
28 55
28 56
28 58
28 62
28 65
28 66
28 69
28 70
28 71
28 72
28 74
28 77
28 78
28 80
28 84
28 89
28 90
28 91
28 93
28 94
28 97
28 98
28 99
29 32
29 33
29 34
29 35
29 39
29 40
29 42
29 43
29 46
29 52
29 55
29 56
29 58
29 59
29 60
29 63
29 65
29 66
29 67
29 70
29 74
29 75
29 79
29 80
29 81
29 86
29 91
29 96
29 99
30 35
30 40
30 43
30 44
30 45
30 47
30 48
30 49
30 50
30 52
30 53
30 54
30 55
30 56
30 62
30 63
30 65
30 66
30 68
30 70
30 73
30 74
30 75
30 76
30 78
30 80
30 81
30 83
30 86
30 93
30 94
30 95
30 96
30 98
31 33
31 35
31 37
31 38
31 39
31 40
31 41
31 42
31 43
31 44
31 46
31 48
31 53
31 54
31 57
31 58
31 60
31 61
31 62
31 63
31 64
31 65
31 68
31 69
31 70
31 72
31 75
31 76
31 78
31 80
31 83
31 85
31 86
31 87
31 88
31 89
31 91
31 92
31 94
31 95
31 97
31 99
32 35
32 36
32 38
32 40
32 41
32 43
32 45
32 46
32 47
32 48
32 52
32 53
32 55
32 57
32 58
32 60
32 61
32 62
32 72
32 73
32 74
32 75
32 78
32 80
32 82
32 84
32 85
32 88
32 90
32 92
32 93
32 94
32 96
33 34
33 35
33 36
33 37
33 39
33 41
33 42
33 45
33 47
33 50
33 51
33 57
33 59
33 60
33 62
33 65
33 66
33 67
33 68
33 69
33 70
33 73
33 74
33 76
33 80
33 83
33 84
33 85
33 86
33 89
33 92
33 93
33 94
33 95
33 96
33 98
33 99
34 35
34 36
34 37
34 40
34 44
34 45
34 46
34 47
34 48
34 50
34 51
34 54
34 55
34 56
34 58
34 59
34 65
34 66
34 67
34 69
34 71
34 72
34 73
34 76
34 77
34 78
34 81
34 82
34 83
34 84
34 86
34 89
34 93
34 94
34 95
34 96
35 37
35 39
35 40
35 41
35 42
35 43
35 49
35 51
35 52
35 53
35 54
35 55
35 57
35 59
35 60
35 61
35 62
35 63
35 67
35 68
35 69
35 73
35 74
35 77
35 78
35 80
35 81
35 82
35 83
35 84
35 85
35 89
35 90
35 91
35 92
35 94
35 95
35 96
36 37
36 38
36 39
36 41
36 42
36 43
36 44
36 46
36 47
36 50
36 51
36 52
36 53
36 55
36 56
36 57
36 64
36 65
36 66
36 68
36 69
36 70
36 71
36 74
36 76
36 79
36 81
36 83
36 84
36 86
36 87
36 89
36 90
36 91
36 92
36 93
36 94
36 96
36 99
37 38
37 40
37 42
37 43
37 44
37 45
37 52
37 53
37 54
37 56
37 57
37 58
37 60
37 61
37 62
37 63
37 64
37 65
37 66
37 67
37 68
37 70
37 74
37 76
37 78
37 79
37 84
37 86
37 87
37 92
37 93
37 95
37 96
37 98
37 99
38 39
38 40
38 41
38 42
38 46
38 47
38 49
38 50
38 51
38 54
38 59
38 64
38 65
38 66
38 68
38 74
38 75
38 76
38 79
38 82
38 83
38 86
38 87
38 89
38 91
38 92
38 95
38 96
38 98
38 99
39 40
39 41
39 42
39 45
39 47
39 48
39 50
39 51
39 55
39 57
39 59
39 63
39 65
39 67
39 69
39 71
39 72
39 73
39 75
39 78
39 80
39 81
39 82
39 83
39 88
39 93
39 94
39 95
39 97
39 98
40 45
40 50
40 51
40 52
40 53
40 54
40 56
40 58
40 60
40 62
40 64
40 65
40 68
40 73
40 74
40 75
40 76
40 79
40 80
40 82
40 83
40 84
40 86
40 88
40 89
40 90
40 93
40 94
40 97
40 98
40 99
41 53
41 58
41 60
41 61
41 68
41 69
41 70
41 71
41 73
41 74
41 75
41 76
41 77
41 79
41 81
41 84
41 85
41 86
41 87
41 88
41 89
41 90
41 92
41 93
41 94
41 96
41 98
41 99
42 43
42 44
42 46
42 49
42 55
42 56
42 57
42 62
42 64
42 65
42 66
42 67
42 68
42 70
42 71
42 73
42 74
42 77
42 78
42 80
42 84
42 87
42 88
42 90
42 91
42 92
42 93
42 96
42 98
42 99
43 44
43 45
43 47
43 49
43 50
43 52
43 54
43 55
43 57
43 58
43 59
43 61
43 62
43 64
43 65
43 66
43 67
43 69
43 71
43 72
43 75
43 76
43 78
43 79
43 84
43 85
43 89
43 90
43 94
43 95
43 98
44 47
44 48
44 49
44 50
44 60
44 64
44 65
44 67
44 69
44 70
44 71
44 73
44 74
44 77
44 78
44 79
44 80
44 81
44 83
44 85
44 90
44 93
44 94
44 95
44 98
45 47
45 48
45 52
45 56
45 59
45 64
45 66
45 67
45 68
45 72
45 73
45 76
45 78
45 80
45 81
45 84
45 87
45 88
45 95
45 97
45 99
46 47
46 50
46 53
46 54
46 57
46 58
46 61
46 62
46 63
46 64
46 65
46 67
46 69
46 71
46 78
46 82
46 83
46 86
46 87
46 89
46 95
46 96
47 48
47 49
47 53
47 55
47 57
47 58
47 59
47 60
47 61
47 63
47 65
47 70
47 72
47 73
47 76
47 77
47 78
47 79
47 80
47 81
47 83
47 85
47 86
47 88
47 89
47 90
47 91
47 92
47 94
47 98
47 99
48 51
48 52
48 53
48 54
48 57
48 58
48 61
48 62
48 63
48 64
48 65
48 66
48 69
48 71
48 72
48 75
48 76
48 80
48 82
48 85
48 86
48 88
48 89
48 90
48 91
48 93
48 94
48 97
48 98
48 99
49 50
49 51
49 52
49 56
49 59
49 60
49 61
49 62
49 63
49 64
49 67
49 69
49 73
49 76
49 77
49 81
49 84
49 85
49 86
49 87
49 88
49 90
49 92
49 96
49 99
50 54
50 55
50 57
50 58
50 60
50 62
50 63
50 65
50 67
50 68
50 69
50 74
50 76
50 77
50 80
50 81
50 82
50 83
50 84
50 86
50 88
50 92
50 93
50 98
50 99
51 52
51 53
51 54
51 55
51 57
51 59
51 63
51 64
51 65
51 69
51 70
51 72
51 73
51 74
51 76
51 78
51 79
51 80
51 82
51 83
51 84
51 85
51 86
51 89
51 93
51 94
51 95
51 98
52 55
52 56
52 57
52 58
52 59
52 60
52 64
52 65
52 70
52 72
52 75
52 76
52 77
52 79
52 83
52 85
52 86
52 87
52 88
52 90
52 91
52 95
52 97
52 98
53 56
53 61
53 64
53 66
53 68
53 73
53 74
53 77
53 79
53 80
53 81
53 82
53 86
53 90
53 92
53 93
53 95
53 97
53 98
53 99
54 55
54 56
54 63
54 64
54 65
54 66
54 67
54 69
54 73
54 75
54 79
54 82
54 83
54 85
54 86
54 87
54 88
54 90
54 91
54 92
54 94
54 95
54 96
54 97
54 99
55 56
55 57
55 59
55 63
55 69
55 71
55 73
55 74
55 77
55 78
55 82
55 83
55 85
55 86
55 87
55 88
55 89
55 91
55 92
55 94
55 96
55 98
55 99
56 58
56 59
56 60
56 61
56 62
56 63
56 67
56 68
56 70
56 71
56 72
56 73
56 78
56 82
56 86
56 88
56 89
56 91
56 93
56 94
56 95
56 98
56 99
57 60
57 61
57 62
57 63
57 65
57 67
57 69
57 70
57 72
57 75
57 77
57 78
57 80
57 81
57 83
57 86
57 87
57 88
57 90
57 91
57 92
57 96
57 98
58 59
58 60
58 61
58 63
58 65
58 66
58 68
58 69
58 71
58 73
58 75
58 77
58 81
58 82
58 83
58 85
58 87
58 90
58 92
58 93
58 95
58 96
58 97
58 98
59 60
59 61
59 62
59 63
59 65
59 66
59 68
59 69
59 70
59 71
59 72
59 73
59 74
59 75
59 76
59 77
59 78
59 80
59 83
59 86
59 88
59 90
59 92
59 94
59 97
59 98
60 61
60 62
60 64
60 69
60 70
60 73
60 74
60 78
60 79
60 83
60 87
60 89
60 92
60 96
60 98
61 62
61 67
61 69
61 72
61 75
61 77
61 79
61 81
61 82
61 83
61 87
61 90
61 92
61 93
61 95
61 97
61 98
62 64
62 66
62 67
62 70
62 72
62 73
62 74
62 76
62 77
62 82
62 83
62 85
62 86
62 87
62 88
62 89
62 90
62 91
62 93
62 94
62 96
62 97
62 98
62 99
63 64
63 67
63 70
63 72
63 73
63 74
63 75
63 81
63 82
63 83
63 85
63 86
63 89
63 90
63 91
63 92
63 94
63 95
64 65
64 70
64 72
64 73
64 75
64 76
64 77
64 78
64 83
64 84
64 86
64 90
64 91
64 92
64 94
64 96
64 98
64 99
65 71
65 74
65 75
65 76
65 79
65 81
65 82
65 87
65 88
65 90
65 92
65 94
66 70
66 71
66 72
66 74
66 76
66 79
66 81
66 82
66 84
66 87
66 88
66 91
66 94
66 95
66 98
66 99
67 68
67 71
67 73
67 74
67 76
67 80
67 86
67 88
67 90
67 94
67 95
67 96
67 98
68 69
68 70
68 71
68 79
68 82
68 87
68 88
68 92
68 94
68 95
69 71
69 72
69 74
69 75
69 76
69 78
69 79
69 80
69 81
69 86
69 87
69 88
69 89
69 90
69 92
69 93
69 94
69 95
70 76
70 81
70 82
70 85
70 86
70 89
70 91
70 92
70 95
70 96
71 74
71 79
71 80
71 81
71 82
71 84
71 85
71 86
71 87
71 91
71 92
71 94
71 96
71 98
71 99
72 77
72 78
72 81
72 82
72 84
72 85
72 88
72 91
72 92
72 93
72 96
72 97
72 98
73 74
73 78
73 80
73 81
73 83
73 84
73 85
73 86
73 87
73 91
73 94
73 95
73 96
73 97
74 84
74 87
74 88
74 90
74 92
74 93
74 94
74 96
74 98
74 99
75 78
75 80
75 82
75 83
75 84
75 86
75 87
75 90
75 91
75 94
75 95
75 96
76 77
76 82
76 83
76 84
76 89
76 91
76 94
76 96
76 97
77 78
77 80
77 81
77 82
77 86
77 87
77 88
77 89
77 93
77 95
77 97
77 98
78 79
78 80
78 81
78 82
78 83
78 88
78 89
78 90
78 93
78 95
78 98
78 99
79 80
79 81
79 82
79 85
79 86
79 88
79 89
79 90
79 93
79 95
79 96
80 87
80 88
80 89
80 91
80 92
80 93
80 94
81 85
81 86
81 90
81 91
81 92
81 93
81 94
81 96
81 97
81 99
82 86
82 91
82 95
83 84
83 85
83 86
83 88
83 89
83 90
83 95
83 96
83 99
84 85
84 87
84 88
84 91
84 92
84 94
84 96
85 87
85 88
85 89
85 92
85 94
85 97
85 98
85 99
86 88
86 90
86 92
86 93
86 97
86 98
86 99
87 89
87 90
87 92
87 93
87 94
87 95
87 96
87 98
88 89
88 90
88 91
89 93
89 94
89 99
90 91
90 92
90 94
90 96
90 98
91 93
91 94
91 96
91 98
92 95
92 96
92 98
92 99
93 95
93 96
93 97
93 99
94 97
94 99
95 96
95 98
96 97
96 98
96 99
97 98
98 99
