0 3
0 7
0 10
0 12
0 16
0 17
0 21
0 22
0 23
0 24
0 26
0 27
0 28
0 29
0 31
0 35
0 36
0 37
0 39
0 40
0 49
0 55
0 56
0 57
0 58
0 59
0 66
0 69
0 71
0 73
0 74
0 79
0 80
0 82
0 83
0 86
0 90
0 92
0 93
0 96
1 3
1 4
1 5
1 11
1 12
1 13
1 14
1 16
1 18
1 20
1 21
1 29
1 30
1 31
1 35
1 36
1 38
1 41
1 42
1 57
1 58
1 62
1 63
1 68
1 69
1 70
1 71
1 74
1 75
1 78
1 80
1 81
1 85
1 87
1 89
1 91
1 93
1 96
1 98
2 5
2 8
2 13
2 14
2 15
2 18
2 20
2 22
2 24
2 37
2 39
2 42
2 43
2 46
2 48
2 50
2 51
2 52
2 54
2 57
2 59
2 60
2 68
2 72
2 73
2 76
2 77
2 79
2 85
2 88
2 92
2 93
2 94
2 97
2 98
2 99
3 4
3 7
3 11
3 15
3 18
3 20
3 21
3 22
3 28
3 32
3 33
3 34
3 35
3 36
3 37
3 38
3 44
3 50
3 53
3 55
3 60
3 63
3 64
3 68
3 70
3 72
3 73
3 78
3 79
3 89
3 90
3 92
3 93
3 94
3 96
3 99
4 5
4 7
4 10
4 13
4 15
4 16
4 18
4 20
4 23
4 24
4 25
4 27
4 28
4 29
4 37
4 39
4 45
4 46
4 55
4 56
4 57
4 60
4 61
4 62
4 63
4 65
4 67
4 72
4 74
4 77
4 86
4 88
4 96
5 9
5 10
5 11
5 12
5 14
5 18
5 19
5 21
5 23
5 24
5 25
5 26
5 27
5 29
5 32
5 34
5 35
5 41
5 43
5 46
5 47
5 48
5 50
5 53
5 56
5 57
5 62
5 63
5 66
5 72
5 75
5 76
5 77
5 80
5 82
5 85
5 89
5 90
5 92
5 93
5 96
6 10
6 16
6 17
6 18
6 21
6 23
6 24
6 29
6 34
6 38
6 40
6 41
6 42
6 44
6 45
6 47
6 48
6 50
6 51
6 52
6 55
6 56
6 59
6 60
6 61
6 62
6 69
6 70
6 71
6 76
6 79
6 80
6 82
6 85
6 86
6 91
6 94
6 96
6 98
7 9
7 15
7 20
7 23
7 24
7 26
7 28
7 30
7 31
7 36
7 39
7 40
7 42
7 43
7 44
7 48
7 50
7 51
7 52
7 55
7 59
7 60
7 61
7 62
7 65
7 66
7 68
7 69
7 70
7 74
7 76
7 78
7 80
7 83
7 85
7 93
7 94
7 96
7 97
7 99
8 9
8 10
8 13
8 14
8 15
8 18
8 24
8 25
8 29
8 33
8 34
8 39
8 40
8 42
8 43
8 47
8 51
8 52
8 58
8 63
8 64
8 65
8 66
8 67
8 68
8 69
8 72
8 73
8 74
8 77
8 78
8 84
8 86
8 87
8 94
8 96
8 98
8 99
9 10
9 15
9 20
9 21
9 24
9 30
9 33
9 36
9 43
9 45
9 48
9 50
9 51
9 54
9 55
9 60
9 61
9 62
9 63
9 66
9 72
9 73
9 76
9 77
9 80
9 82
9 86
9 88
9 90
9 92
9 95
9 96
9 97
10 11
10 14
10 17
10 27
10 29
10 30
10 31
10 39
10 40
10 42
10 43
10 46
10 47
10 51
10 52
10 53
10 57
10 58
10 60
10 67
10 70
10 73
10 75
10 78
10 79
10 80
10 81
10 83
10 84
10 86
10 87
10 88
10 91
10 93
10 94
10 97
11 12
11 14
11 16
11 21
11 25
11 30
11 37
11 38
11 42
11 43
11 44
11 46
11 48
11 51
11 56
11 59
11 61
11 65
11 67
11 69
11 73
11 77
11 78
11 79
11 81
11 82
11 90
11 91
11 98
12 13
12 15
12 21
12 24
12 25
12 27
12 29
12 31
12 32
12 38
12 41
12 44
12 46
12 48
12 49
12 52
12 53
12 57
12 58
12 62
12 63
12 66
12 68
12 71
12 72
12 74
12 78
12 80
12 82
12 84
12 86
12 90
12 93
12 94
12 97
12 99
13 15
13 16
13 20
13 22
13 23
13 24
13 27
13 28
13 29
13 32
13 34
13 35
13 38
13 40
13 43
13 47
13 51
13 53
13 55
13 56
13 58
13 60
13 62
13 63
13 64
13 65
13 66
13 67
13 68
13 71
13 77
13 81
13 85
13 86
13 98
14 19
14 21
14 22
14 26
14 27
14 29
14 33
14 35
14 37
14 39
14 40
14 45
14 47
14 51
14 52
14 53
14 59
14 62
14 64
14 73
14 74
14 77
14 78
14 79
14 82
14 84
14 91
14 94
14 98
15 19
15 21
15 24
15 25
15 30
15 33
15 34
15 35
15 38
15 45
15 52
15 54
15 55
15 57
15 59
15 61
15 63
15 65
15 66
15 67
15 73
15 75
15 78
15 84
15 88
15 89
15 91
15 93
15 94
15 95
15 98
15 99
16 18
16 19
16 20
16 24
16 27
16 28
16 29
16 30
16 34
16 36
16 37
16 40
16 42
16 43
16 45
16 46
16 57
16 58
16 61
16 64
16 65
16 76
16 77
16 81
16 91
16 92
16 99
17 22
17 23
17 24
17 27
17 30
17 32
17 41
17 43
17 46
17 49
17 50
17 51
17 52
17 56
17 57
17 58
17 59
17 64
17 66
17 70
17 76
17 78
17 79
17 80
17 83
17 87
17 89
17 90
17 91
17 93
17 95
17 97
17 98
18 20
18 21
18 24
18 25
18 27
18 29
18 33
18 40
18 42
18 43
18 45
18 46
18 54
18 56
18 60
18 66
18 76
18 81
18 83
18 86
18 89
18 97
19 20
19 22
19 24
19 25
19 33
19 34
19 37
19 40
19 41
19 42
19 43
19 46
19 47
19 48
19 52
19 55
19 56
19 59
19 60
19 62
19 65
19 66
19 68
19 70
19 73
19 76
19 79
19 81
19 82
19 88
19 90
19 91
19 95
19 98
20 24
20 27
20 29
20 30
20 32
20 34
20 36
20 37
20 38
20 41
20 42
20 44
20 46
20 47
20 51
20 53
20 55
20 60
20 62
20 67
20 72
20 73
20 74
20 75
20 76
20 78
20 79
20 84
20 86
20 87
20 91
20 95
20 97
20 98
20 99
21 22
21 25
21 28
21 29
21 33
21 36
21 37
21 38
21 40
21 44
21 46
21 47
21 48
21 49
21 50
21 52
21 53
21 60
21 61
21 64
21 65
21 66
21 68
21 70
21 72
21 73
21 76
21 78
21 79
21 84
21 86
21 90
21 93
21 94
21 97
22 24
22 29
22 33
22 35
22 36
22 38
22 39
22 40
22 44
22 45
22 47
22 52
22 55
22 56
22 60
22 61
22 63
22 65
22 66
22 69
22 70
22 72
22 73
22 75
22 77
22 83
22 84
22 88
22 91
22 96
22 98
23 24
23 26
23 29
23 30
23 36
23 37
23 39
23 42
23 43
23 46
23 50
23 53
23 57
23 61
23 62
23 63
23 68
23 72
23 74
23 75
23 76
23 79
23 80
23 82
23 83
23 85
23 86
23 88
23 89
23 90
23 91
23 96
23 99
24 26
24 30
24 32
24 36
24 38
24 39
24 41
24 42
24 50
24 52
24 53
24 55
24 56
24 59
24 60
24 62
24 65
24 67
24 74
24 76
24 77
24 81
24 83
24 84
24 87
24 95
24 98
24 99
25 26
25 28
25 34
25 35
25 39
25 45
25 46
25 48
25 49
25 53
25 54
25 56
25 59
25 62
25 63
25 64
25 65
25 77
25 78
25 79
25 82
25 83
25 85
25 88
25 89
25 96
25 98
26 28
26 29
26 35
26 37
26 38
26 39
26 40
26 41
26 44
26 49
26 54
26 56
26 58
26 60
26 62
26 64
26 66
26 67
26 69
26 77
26 82
26 83
26 91
26 96
27 31
27 32
27 34
27 36
27 37
27 40
27 41
27 43
27 45
27 49
27 51
27 58
27 60
27 61
27 62
27 71
27 72
27 77
27 80
27 82
27 84
27 85
27 86
27 88
27 89
27 90
27 92
27 93
27 95
27 98
28 29
28 30
28 31
28 32
28 39
28 40
28 44
28 45
28 48
28 53
28 55
28 64
28 66
28 71
28 72
28 77
28 79
28 83
28 85
28 91
28 93
28 99
29 35
29 40
29 46
29 47
29 51
29 52
29 55
29 56
29 64
29 65
29 71
29 76
29 77
29 78
29 80
29 86
29 92
29 95
29 96
30 32
30 36
30 37
30 38
30 40
30 42
30 47
30 48
30 49
30 54
30 55
30 56
30 59
30 60
30 63
30 64
30 66
30 67
30 68
30 73
30 74
30 77
30 80
30 82
30 84
30 89
30 93
30 94
30 96
30 97
30 98
30 99
31 32
31 34
31 36
31 39
31 44
31 45
31 46
31 48
31 52
31 53
31 56
31 57
31 61
31 64
31 70
31 72
31 74
31 75
31 79
31 81
31 82
31 83
31 84
31 86
31 87
31 95
31 96
31 97
31 98
31 99
32 34
32 35
32 36
32 37
32 38
32 45
32 46
32 47
32 51
32 54
32 55
32 56
32 57
32 59
32 61
32 63
32 68
32 69
32 70
32 73
32 74
32 76
32 78
32 79
32 80
32 81
32 82
32 83
32 89
32 93
32 96
32 97
33 42
33 47
33 48
33 51
33 52
33 57
33 61
33 62
33 67
33 71
33 73
33 75
33 76
33 80
33 82
33 83
33 84
33 85
33 86
33 88
33 90
33 91
33 92
33 93
34 35
34 37
34 39
34 46
34 47
34 49
34 50
34 53
34 55
34 56
34 57
34 59
34 64
34 65
34 66
34 71
34 72
34 80
34 84
34 86
34 92
34 95
34 98
34 99
35 36
35 38
35 39
35 48
35 51
35 53
35 54
35 55
35 57
35 58
35 59
35 66
35 67
35 71
35 72
35 73
35 78
35 79
35 83
35 88
35 89
35 91
36 37
36 38
36 39
36 43
36 45
36 49
36 53
36 58
36 61
36 63
36 66
36 72
36 74
36 75
36 76
36 77
36 79
36 80
36 82
36 83
36 85
36 92
36 93
36 94
36 95
36 96
36 98
37 38
37 41
37 42
37 44
37 45
37 47
37 48
37 51
37 52
37 53
37 55
37 58
37 65
37 69
37 70
37 76
37 80
37 88
37 90
37 91
37 92
37 94
37 96
37 97
37 99
38 39
38 40
38 41
38 42
38 43
38 44
38 48
38 55
38 62
38 63
38 64
38 65
38 66
38 67
38 74
38 76
38 78
38 79
38 82
38 83
38 84
38 85
38 88
38 90
38 91
38 94
38 96
38 97
39 40
39 41
39 43
39 44
39 45
39 47
39 49
39 51
39 57
39 61
39 63
39 66
39 70
39 72
39 74
39 76
39 80
39 88
39 89
39 90
39 91
39 92
39 93
39 94
39 96
40 43
40 44
40 46
40 47
40 49
40 51
40 55
40 63
40 64
40 65
40 74
40 75
40 76
40 77
40 79
40 83
40 86
40 87
40 89
40 91
40 92
40 93
40 94
40 98
41 42
41 43
41 45
41 48
41 51
41 55
41 64
41 65
41 66
41 69
41 71
41 72
41 75
41 76
41 79
41 80
41 83
41 84
41 85
41 86
41 89
41 94
42 43
42 44
42 49
42 51
42 52
42 54
42 55
42 59
42 60
42 62
42 65
42 67
42 69
42 71
42 72
42 73
42 75
42 79
42 82
42 86
42 89
42 90
42 91
42 94
42 97
43 44
43 47
43 49
43 51
43 52
43 53
43 56
43 57
43 71
43 73
43 78
43 80
43 83
43 85
43 89
43 93
43 95
43 96
43 97
44 45
44 49
44 59
44 61
44 63
44 65
44 70
44 72
44 75
44 78
44 80
44 81
44 82
44 83
44 84
44 85
44 86
44 89
44 93
44 94
44 97
44 99
45 46
45 52
45 54
45 56
45 58
45 59
45 60
45 63
45 64
45 78
45 79
45 81
45 83
45 85
45 86
45 89
45 91
45 97
46 48
46 50
46 52
46 53
46 56
46 62
46 66
46 67
46 73
46 74
46 76
46 81
46 82
46 84
46 86
46 88
46 90
46 91
46 93
46 96
46 99
47 48
47 49
47 50
47 51
47 52
47 59
47 60
47 64
47 65
47 71
47 73
47 76
47 77
47 81
47 86
47 90
47 92
47 93
47 98
47 99
48 49
48 51
48 55
48 56
48 58
48 59
48 61
48 63
48 66
48 73
48 75
48 79
48 82
48 86
48 87
48 91
48 92
48 96
48 98
49 50
49 52
49 55
49 61
49 62
49 63
49 65
49 66
49 69
49 70
49 75
49 77
49 79
49 80
49 81
49 82
49 83
49 85
49 86
49 90
50 53
50 55
50 62
50 63
50 66
50 69
50 70
50 75
50 77
50 80
50 86
50 90
50 92
51 53
51 54
51 55
51 57
51 59
51 60
51 65
51 70
51 71
51 76
51 77
51 80
51 82
51 88
51 90
51 91
51 93
51 96
51 99
52 54
52 55
52 64
52 65
52 66
52 67
52 69
52 70
52 74
52 76
52 78
52 79
52 80
52 82
52 85
52 89
52 90
52 94
52 95
52 97
53 54
53 56
53 57
53 58
53 60
53 61
53 63
53 64
53 67
53 69
53 72
53 73
53 78
53 80
53 81
53 84
53 91
53 94
53 95
53 96
54 55
54 56
54 57
54 59
54 63
54 64
54 70
54 71
54 79
54 82
54 84
54 90
54 91
54 93
54 94
54 95
54 96
54 98
55 57
55 62
55 63
55 69
55 71
55 72
55 73
55 74
55 76
55 77
55 82
55 83
55 92
55 98
56 59
56 60
56 70
56 71
56 74
56 75
56 78
56 80
56 86
56 92
56 95
56 97
56 98
57 59
57 61
57 62
57 63
57 66
57 68
57 69
57 70
57 72
57 76
57 77
57 80
57 88
57 89
57 90
57 91
57 92
58 60
58 62
58 66
58 68
58 74
58 77
58 78
58 79
58 80
58 81
58 82
58 83
58 84
58 85
58 88
58 92
58 93
58 95
58 96
58 97
58 99
59 67
59 77
59 78
59 79
59 80
59 81
59 82
59 88
59 90
59 93
59 94
59 98
60 63
60 64
60 69
60 70
60 71
60 72
60 79
60 85
60 93
60 96
61 64
61 67
61 71
61 73
61 76
61 82
61 83
61 86
61 88
61 91
61 92
61 93
61 97
61 99
62 63
62 65
62 66
62 72
62 73
62 74
62 76
62 78
62 89
62 90
62 91
62 94
62 96
63 66
63 67
63 71
63 72
63 77
63 80
63 82
63 83
63 87
63 90
63 92
63 93
63 95
63 96
63 97
63 99
64 66
64 69
64 71
64 72
64 74
64 75
64 77
64 78
64 80
64 81
64 87
64 88
64 89
64 96
64 98
65 67
65 68
65 71
65 72
65 74
65 76
65 81
65 84
65 85
65 88
65 94
65 97
66 73
66 74
66 76
66 81
66 83
66 90
66 91
66 94
66 95
66 98
67 72
67 74
67 78
67 83
67 84
67 85
67 93
67 97
68 72
68 78
68 81
68 85
68 86
68 91
68 96
69 77
69 80
69 82
69 84
69 85
69 92
69 93
69 94
70 71
70 72
70 73
70 78
70 80
70 81
70 89
70 92
70 93
70 95
70 96
70 99
71 72
71 74
71 75
71 86
71 87
71 88
71 90
71 94
71 97
71 98
72 74
72 79
72 80
72 82
72 83
72 84
72 85
72 87
72 88
72 90
72 92
72 93
72 95
72 97
72 98
72 99
73 79
73 80
73 82
73 84
73 86
73 87
73 89
73 91
73 93
73 96
73 99
74 75
74 78
74 80
74 81
74 82
74 89
74 90
74 91
74 92
74 93
74 96
74 97
74 98
74 99
75 80
75 85
75 91
75 96
75 98
76 78
76 84
76 85
76 91
76 92
76 94
76 98
77 81
77 86
77 87
77 88
77 91
77 93
77 94
77 97
77 99
78 79
78 82
78 85
78 86
78 90
78 93
78 94
78 95
78 96
78 98
78 99
79 83
79 84
79 86
79 87
79 88
79 91
79 92
79 94
79 97
80 83
80 84
80 85
80 87
80 92
80 98
81 82
81 83
81 90
81 91
81 92
81 96
81 98
82 83
82 84
82 85
82 87
82 92
82 99
83 84
83 92
83 93
83 95
83 97
84 87
84 89
84 95
84 97
85 88
85 93
85 96
86 89
86 92
86 93
86 94
86 96
86 97
86 98
87 89
87 93
87 95
88 89
88 91
88 92
88 93
88 94
88 97
89 97
90 95
90 97
90 99
91 92
91 93
91 95
91 96
91 97
91 98
92 93
92 94
92 97
92 98
92 99
93 98
93 99
94 99
95 97
95 99
96 98
96 99
97 98
97 99
