0 1
0 3
0 4
0 10
0 21
0 22
0 24
0 25
0 26
0 33
0 35
0 44
0 49
0 52
0 55
0 56
0 58
0 60
0 61
0 62
0 64
0 67
0 68
0 70
0 71
0 74
0 75
0 77
0 80
0 83
0 87
0 89
0 90
0 96
1 7
1 10
1 12
1 17
1 20
1 25
1 28
1 29
1 30
1 32
1 34
1 37
1 39
1 45
1 46
1 49
1 51
1 53
1 54
1 55
1 57
1 59
1 60
1 74
1 75
1 79
1 85
1 87
1 92
1 93
1 99
2 7
2 14
2 15
2 16
2 17
2 19
2 23
2 25
2 26
2 30
2 35
2 51
2 54
2 57
2 58
2 60
2 61
2 63
2 64
2 67
2 70
2 72
2 73
2 83
2 89
2 90
2 93
2 94
2 96
3 11
3 12
3 13
3 14
3 17
3 18
3 24
3 31
3 35
3 36
3 37
3 44
3 46
3 49
3 57
3 59
3 63
3 70
3 73
3 77
3 82
3 85
3 96
3 98
4 6
4 9
4 12
4 15
4 19
4 20
4 21
4 25
4 27
4 32
4 39
4 41
4 45
4 48
4 49
4 52
4 60
4 67
4 68
4 73
4 79
4 82
4 84
4 94
4 95
4 96
4 97
5 7
5 10
5 11
5 12
5 15
5 18
5 19
5 20
5 22
5 24
5 26
5 35
5 39
5 49
5 51
5 65
5 66
5 86
5 88
5 90
5 95
5 98
6 9
6 12
6 14
6 15
6 18
6 22
6 24
6 25
6 29
6 30
6 33
6 34
6 36
6 37
6 41
6 43
6 46
6 48
6 49
6 51
6 52
6 54
6 56
6 61
6 62
6 65
6 67
6 70
6 75
6 77
6 83
6 99
7 10
7 11
7 14
7 18
7 22
7 24
7 31
7 32
7 33
7 43
7 45
7 46
7 48
7 55
7 58
7 59
7 63
7 70
7 71
7 73
7 83
7 84
7 86
7 87
7 88
7 92
7 94
8 10
8 13
8 14
8 15
8 19
8 21
8 23
8 29
8 35
8 37
8 42
8 43
8 46
8 51
8 53
8 55
8 57
8 58
8 59
8 69
8 74
8 76
8 77
8 79
8 80
8 81
8 83
8 97
8 98
9 12
9 19
9 24
9 28
9 34
9 36
9 38
9 40
9 41
9 53
9 57
9 58
9 60
9 61
9 62
9 63
9 64
9 65
9 68
9 72
9 73
9 75
9 77
9 78
9 81
9 82
9 83
9 85
9 88
9 97
10 11
10 12
10 15
10 16
10 26
10 29
10 33
10 35
10 37
10 38
10 39
10 41
10 44
10 53
10 55
10 59
10 62
10 84
10 89
10 90
10 98
11 12
11 15
11 16
11 17
11 20
11 24
11 25
11 27
11 36
11 38
11 39
11 41
11 46
11 50
11 51
11 52
11 61
11 70
11 77
11 80
11 81
11 82
11 88
11 96
11 99
12 16
12 18
12 21
12 24
12 29
12 38
12 40
12 41
12 49
12 50
12 52
12 55
12 60
12 61
12 63
12 66
12 69
12 70
12 73
12 76
12 82
12 85
12 93
12 96
13 14
13 19
13 20
13 25
13 27
13 33
13 34
13 40
13 41
13 45
13 47
13 49
13 54
13 55
13 63
13 67
13 70
13 74
13 79
13 84
13 88
13 92
13 95
13 99
14 15
14 19
14 22
14 24
14 31
14 33
14 53
14 54
14 58
14 63
14 64
14 66
14 68
14 71
14 74
14 75
14 76
14 79
14 80
14 81
14 83
14 84
14 86
14 88
14 89
14 93
14 94
14 96
15 21
15 24
15 26
15 31
15 35
15 37
15 38
15 41
15 43
15 51
15 60
15 61
15 65
15 66
15 70
15 77
15 79
15 82
15 88
15 90
15 96
15 99
16 18
16 21
16 24
16 26
16 28
16 30
16 34
16 45
16 46
16 47
16 48
16 52
16 53
16 56
16 58
16 60
16 62
16 69
16 73
16 74
16 78
16 80
16 83
16 86
16 88
16 92
16 96
16 98
17 30
17 33
17 34
17 41
17 43
17 46
17 52
17 55
17 58
17 62
17 66
17 67
17 80
17 85
17 92
17 94
17 98
17 99
18 20
18 27
18 28
18 35
18 37
18 41
18 42
18 44
18 48
18 51
18 55
18 57
18 58
18 64
18 69
18 71
18 74
18 75
18 86
18 94
18 98
19 20
19 21
19 24
19 29
19 30
19 33
19 41
19 44
19 49
19 53
19 56
19 57
19 58
19 64
19 66
19 67
19 68
19 70
19 73
19 93
19 96
19 97
20 23
20 28
20 30
20 35
20 39
20 41
20 42
20 45
20 51
20 52
20 57
20 67
20 75
20 78
20 79
20 88
20 90
20 91
20 93
20 95
21 22
21 25
21 26
21 27
21 35
21 37
21 38
21 42
21 44
21 48
21 51
21 54
21 55
21 56
21 57
21 59
21 60
21 61
21 66
21 68
21 70
21 74
21 75
21 84
21 85
21 91
21 94
21 95
21 96
21 97
21 99
22 23
22 25
22 27
22 31
22 35
22 36
22 37
22 40
22 44
22 50
22 53
22 57
22 58
22 63
22 65
22 70
22 72
22 74
22 76
22 77
22 78
22 89
22 90
22 91
22 92
22 95
22 97
23 25
23 29
23 30
23 33
23 36
23 45
23 49
23 51
23 55
23 56
23 57
23 62
23 70
23 71
23 72
23 79
23 80
23 81
23 84
23 93
23 98
24 25
24 32
24 39
24 45
24 51
24 53
24 55
24 60
24 61
24 65
24 66
24 68
24 76
24 84
24 90
24 95
24 96
24 99
25 28
25 30
25 34
25 37
25 38
25 40
25 43
25 45
25 48
25 53
25 56
25 57
25 67
25 68
25 79
25 82
25 88
25 89
25 92
26 31
26 42
26 47
26 52
26 56
26 57
26 61
26 67
26 68
26 69
26 70
26 72
26 73
26 77
26 81
26 98
27 28
27 30
27 32
27 33
27 39
27 42
27 46
27 53
27 55
27 59
27 64
27 72
27 74
27 75
27 77
27 80
27 81
27 82
27 90
27 91
27 92
27 93
27 97
27 98
28 31
28 35
28 40
28 41
28 46
28 48
28 53
28 55
28 64
28 67
28 73
28 74
28 78
28 85
28 87
28 88
28 94
28 97
29 30
29 31
29 32
29 36
29 42
29 43
29 46
29 47
29 48
29 51
29 52
29 56
29 58
29 64
29 65
29 68
29 70
29 71
29 74
29 75
29 77
29 80
29 83
29 84
29 87
29 88
29 93
29 94
29 95
30 33
30 40
30 42
30 46
30 56
30 57
30 63
30 68
30 69
30 71
30 74
30 76
30 80
30 83
30 86
30 88
30 92
30 93
30 96
30 98
31 32
31 44
31 55
31 57
31 60
31 63
31 73
31 74
31 81
31 86
31 91
31 92
31 95
32 34
32 38
32 46
32 53
32 57
32 58
32 59
32 60
32 62
32 66
32 67
32 71
32 72
32 73
32 78
32 84
32 85
32 86
32 87
32 89
32 93
32 96
32 97
32 99
33 34
33 41
33 44
33 45
33 46
33 50
33 52
33 55
33 56
33 57
33 60
33 65
33 71
33 73
33 74
33 76
33 78
33 81
33 84
33 88
33 90
33 91
33 92
33 93
33 97
34 36
34 37
34 40
34 45
34 47
34 54
34 55
34 56
34 58
34 59
34 62
34 66
34 67
34 71
34 73
34 75
34 82
34 84
34 85
34 87
34 88
34 92
34 93
34 97
34 98
35 38
35 43
35 44
35 45
35 47
35 48
35 51
35 63
35 64
35 66
35 71
35 79
35 81
35 82
35 84
35 90
35 94
36 40
36 42
36 50
36 51
36 54
36 66
36 68
36 74
36 75
36 76
36 77
36 78
36 82
36 83
36 84
36 87
36 88
36 93
36 94
36 96
36 98
37 43
37 46
37 48
37 55
37 59
37 61
37 62
37 70
37 77
37 78
37 80
37 82
37 83
37 86
37 87
37 88
37 90
37 98
38 40
38 41
38 42
38 45
38 46
38 47
38 51
38 67
38 71
38 80
38 81
38 82
38 83
38 86
38 99
39 41
39 42
39 45
39 46
39 52
39 59
39 64
39 66
39 70
39 73
39 75
39 87
39 92
39 93
39 99
40 47
40 50
40 52
40 55
40 61
40 64
40 69
40 75
40 79
40 82
40 84
40 85
40 86
40 91
40 93
40 94
40 96
40 97
40 98
41 47
41 48
41 49
41 53
41 56
41 75
41 76
41 77
41 80
41 81
41 82
41 86
41 98
41 99
42 44
42 46
42 47
42 48
42 54
42 57
42 58
42 59
42 62
42 63
42 73
42 76
42 77
42 79
42 80
42 81
42 82
42 86
42 88
42 90
42 91
43 47
43 48
43 53
43 58
43 60
43 62
43 73
43 75
43 76
43 77
43 80
43 81
43 85
43 90
43 95
43 97
43 98
44 45
44 48
44 49
44 57
44 59
44 61
44 62
44 63
44 67
44 69
44 70
44 71
44 74
44 75
44 78
44 79
44 80
44 87
44 92
44 93
44 96
44 98
44 99
45 46
45 48
45 52
45 54
45 56
45 58
45 63
45 64
45 65
45 69
45 75
45 78
45 82
45 85
45 90
45 95
45 99
46 47
46 53
46 58
46 59
46 60
46 63
46 68
46 72
46 78
46 83
46 85
46 89
46 94
46 95
46 97
47 53
47 59
47 60
47 64
47 66
47 68
47 72
47 74
47 75
47 79
47 86
47 87
47 92
47 99
48 49
48 55
48 61
48 62
48 66
48 68
48 73
48 74
48 76
48 77
48 78
48 79
48 81
48 83
48 86
48 97
49 52
49 59
49 60
49 63
49 64
49 72
49 81
49 83
49 85
49 91
49 92
49 94
49 99
50 52
50 53
50 54
50 55
50 61
50 71
50 77
50 79
50 80
50 83
50 84
50 86
50 89
50 90
50 94
50 95
50 96
50 97
51 53
51 55
51 56
51 62
51 63
51 64
51 74
51 75
51 77
51 81
51 82
51 85
51 88
51 89
51 92
51 93
51 96
51 97
51 98
51 99
52 54
52 55
52 57
52 59
52 61
52 65
52 69
52 72
52 74
52 75
52 76
52 81
52 86
52 93
52 94
52 95
52 96
52 97
52 98
52 99
53 54
53 59
53 63
53 64
53 68
53 69
53 72
53 74
53 75
53 76
53 82
53 83
53 94
54 58
54 59
54 72
54 74
54 77
54 80
54 82
54 85
54 89
54 92
54 95
54 98
54 99
55 56
55 57
55 59
55 67
55 68
55 72
55 74
55 77
55 79
55 80
55 81
55 84
55 90
55 98
56 65
56 67
56 68
56 69
56 72
56 75
56 77
56 78
56 84
56 85
56 88
56 89
56 92
56 93
56 94
56 95
56 99
57 64
57 68
57 70
57 73
57 75
57 77
57 89
57 95
57 98
57 99
58 62
58 63
58 65
58 67
58 69
58 76
58 79
58 82
58 83
58 86
58 97
58 99
59 61
59 68
59 72
59 79
59 80
59 82
59 85
59 87
59 89
59 92
59 99
60 63
60 64
60 67
60 68
60 70
60 72
60 75
60 79
60 87
60 93
60 94
60 96
60 98
61 64
61 69
61 72
61 76
61 79
61 80
61 88
61 92
61 97
61 99
62 64
62 70
62 71
62 86
62 94
62 98
63 64
63 69
63 71
63 73
63 75
63 78
63 85
63 87
63 88
63 89
63 93
63 94
63 97
64 66
64 68
64 73
64 75
64 78
64 79
64 81
64 82
64 83
64 86
64 89
64 90
64 93
65 66
65 70
65 73
65 74
65 75
65 76
65 77
65 80
65 81
65 85
65 88
65 92
65 93
65 99
66 70
66 73
66 76
66 77
66 82
66 87
66 90
66 91
66 92
66 94
66 96
67 70
67 73
67 74
67 79
67 81
67 86
67 95
68 69
68 80
68 83
68 84
68 88
68 92
68 93
68 95
69 71
69 73
69 78
69 82
69 93
69 96
69 98
69 99
70 74
70 77
70 84
70 87
70 89
70 93
70 98
71 73
71 75
71 80
71 89
71 90
71 92
71 99
72 80
72 81
72 83
72 88
72 96
73 78
73 81
73 82
73 86
73 91
73 93
73 99
74 84
74 91
75 77
75 78
75 80
75 81
75 82
75 83
75 88
76 77
76 78
76 79
76 88
76 89
76 90
76 91
76 92
76 98
77 78
77 80
77 82
77 84
77 99
78 81
78 88
78 90
79 80
79 85
79 86
79 87
79 89
79 93
79 96
79 97
80 81
80 83
80 87
80 88
80 92
80 93
80 95
80 97
81 84
81 91
81 94
81 96
81 97
81 98
82 83
82 85
82 86
82 87
82 92
82 93
82 94
82 97
82 99
83 85
83 87
83 92
83 93
83 94
83 97
83 98
84 89
84 90
84 99
85 86
85 88
85 91
85 95
85 99
86 92
86 97
87 88
87 89
87 96
87 97
88 90
88 94
88 95
88 96
88 97
89 93
90 94
90 95
92 93
92 96
92 99
93 95
93 97
93 99
94 97
94 99
96 99
