0 5
0 6
0 8
0 12
0 15
0 16
0 17
0 18
0 19
0 20
0 21
0 22
0 25
0 26
0 27
0 28
0 31
0 34
0 35
0 36
0 40
0 41
0 42
0 43
0 48
0 52
0 54
0 57
0 58
0 59
0 60
0 62
0 63
0 64
0 65
0 69
0 70
0 71
0 72
0 74
0 76
0 78
0 79
0 81
0 82
0 83
0 85
0 87
0 91
0 93
0 97
0 98
0 99
1 2
1 3
1 7
1 8
1 9
1 13
1 16
1 20
1 23
1 24
1 26
1 27
1 29
1 30
1 32
1 33
1 34
1 38
1 42
1 44
1 45
1 46
1 48
1 50
1 51
1 53
1 55
1 58
1 64
1 65
1 66
1 69
1 70
1 71
1 72
1 74
1 79
1 80
1 82
1 84
1 85
1 87
1 88
1 91
1 92
1 94
1 95
1 96
1 98
1 99
2 3
2 6
2 7
2 8
2 9
2 12
2 15
2 16
2 17
2 18
2 19
2 20
2 21
2 28
2 29
2 30
2 32
2 33
2 34
2 35
2 37
2 38
2 41
2 44
2 47
2 48
2 50
2 52
2 57
2 58
2 59
2 60
2 63
2 65
2 67
2 68
2 71
2 72
2 73
2 76
2 77
2 78
2 83
2 86
2 88
2 90
2 93
2 95
2 96
2 97
2 98
2 99
3 5
3 6
3 10
3 13
3 14
3 15
3 16
3 17
3 19
3 20
3 21
3 23
3 24
3 27
3 28
3 32
3 34
3 35
3 36
3 37
3 40
3 42
3 44
3 45
3 46
3 49
3 51
3 52
3 57
3 58
3 60
3 66
3 69
3 70
3 71
3 75
3 77
3 78
3 80
3 81
3 84
3 85
3 86
3 88
3 89
3 91
3 92
3 93
3 94
3 95
3 96
3 99
4 6
4 7
4 9
4 10
4 12
4 13
4 14
4 15
4 18
4 19
4 20
4 21
4 22
4 23
4 24
4 26
4 27
4 30
4 36
4 39
4 40
4 41
4 42
4 49
4 50
4 51
4 52
4 53
4 54
4 55
4 57
4 58
4 60
4 62
4 63
4 64
4 66
4 67
4 71
4 77
4 80
4 82
4 83
4 84
4 85
4 86
4 87
4 88
4 91
4 93
4 95
4 96
4 98
4 99
5 7
5 9
5 15
5 17
5 18
5 21
5 23
5 24
5 25
5 26
5 27
5 28
5 29
5 30
5 31
5 35
5 38
5 40
5 41
5 44
5 48
5 49
5 54
5 61
5 62
5 63
5 65
5 66
5 69
5 71
5 72
5 73
5 76
5 77
5 78
5 80
5 82
5 84
5 85
5 86
5 87
5 88
5 90
5 91
5 92
5 93
5 95
5 96
5 97
5 99
6 11
6 12
6 17
6 18
6 19
6 22
6 30
6 31
6 33
6 38
6 39
6 40
6 41
6 48
6 49
6 52
6 54
6 55
6 56
6 58
6 59
6 60
6 61
6 62
6 66
6 70
6 71
6 72
6 76
6 77
6 79
6 80
6 82
6 86
6 87
6 89
6 90
6 91
6 92
6 93
6 95
6 96
6 98
6 99
7 8
7 12
7 14
7 15
7 16
7 17
7 19
7 20
7 21
7 26
7 31
7 33
7 34
7 35
7 37
7 38
7 44
7 45
7 46
7 47
7 49
7 50
7 51
7 53
7 54
7 56
7 58
7 60
7 65
7 66
7 67
7 68
7 71
7 72
7 74
7 75
7 81
7 83
7 86
7 88
7 95
7 96
7 97
7 98
8 10
8 11
8 12
8 14
8 16
8 17
8 18
8 19
8 20
8 21
8 23
8 25
8 27
8 28
8 29
8 31
8 33
8 34
8 35
8 36
8 37
8 39
8 41
8 45
8 46
8 47
8 49
8 50
8 52
8 53
8 56
8 57
8 59
8 60
8 62
8 64
8 67
8 68
8 69
8 71
8 73
8 74
8 77
8 79
8 80
8 82
8 83
8 84
8 85
8 86
8 87
8 89
8 90
8 92
8 93
8 95
8 98
8 99
9 13
9 20
9 23
9 24
9 26
9 27
9 28
9 30
9 31
9 32
9 33
9 36
9 37
9 40
9 42
9 44
9 47
9 48
9 49
9 50
9 54
9 55
9 57
9 58
9 60
9 61
9 65
9 66
9 67
9 70
9 72
9 75
9 76
9 78
9 82
9 85
9 90
9 96
9 97
9 99
10 14
10 15
10 17
10 19
10 20
10 23
10 28
10 35
10 36
10 38
10 40
10 43
10 45
10 48
10 52
10 54
10 55
10 56
10 58
10 60
10 61
10 62
10 63
10 64
10 65
10 66
10 67
10 69
10 71
10 75
10 76
10 77
10 79
10 81
10 82
10 89
10 90
10 92
10 93
10 94
10 95
10 97
10 98
11 12
11 13
11 15
11 17
11 19
11 20
11 22
11 23
11 26
11 28
11 29
11 30
11 31
11 33
11 34
11 35
11 38
11 39
11 40
11 41
11 42
11 46
11 47
11 49
11 55
11 58
11 59
11 62
11 64
11 67
11 72
11 76
11 80
11 81
11 82
11 84
11 86
11 92
11 94
11 95
11 96
11 97
11 99
12 20
12 22
12 24
12 25
12 26
12 27
12 29
12 30
12 34
12 35
12 36
12 40
12 41
12 43
12 46
12 47
12 48
12 51
12 52
12 54
12 55
12 56
12 58
12 60
12 61
12 62
12 63
12 65
12 68
12 69
12 70
12 73
12 74
12 78
12 79
12 80
12 83
12 85
12 88
12 90
12 91
12 94
12 95
12 97
12 98
13 14
13 16
13 19
13 20
13 23
13 25
13 26
13 31
13 32
13 33
13 34
13 35
13 36
13 37
13 41
13 43
13 45
13 46
13 47
13 49
13 50
13 51
13 52
13 57
13 58
13 59
13 63
13 64
13 68
13 71
13 73
13 74
13 75
13 77
13 78
13 80
13 85
13 86
13 87
13 94
13 97
14 18
14 19
14 20
14 24
14 26
14 28
14 33
14 34
14 35
14 36
14 40
14 41
14 45
14 47
14 50
14 51
14 52
14 57
14 61
14 62
14 63
14 69
14 70
14 72
14 73
14 74
14 75
14 76
14 77
14 78
14 79
14 80
14 83
14 88
14 89
14 93
14 96
15 17
15 20
15 25
15 27
15 29
15 30
15 31
15 33
15 35
15 36
15 37
15 40
15 41
15 43
15 44
15 45
15 46
15 47
15 50
15 51
15 54
15 56
15 57
15 58
15 59
15 60
15 61
15 62
15 63
15 68
15 70
15 71
15 72
15 74
15 75
15 76
15 81
15 83
15 84
15 86
15 87
15 95
15 98
15 99
16 19
16 26
16 28
16 30
16 31
16 34
16 39
16 40
16 41
16 42
16 43
16 44
16 45
16 48
16 49
16 50
16 52
16 56
16 57
16 61
16 63
16 67
16 68
16 71
16 74
16 78
16 79
16 81
16 84
16 85
16 87
16 89
16 91
16 95
16 97
16 98
16 99
17 20
17 22
17 23
17 24
17 25
17 26
17 27
17 28
17 30
17 32
17 34
17 35
17 36
17 40
17 41
17 42
17 43
17 46
17 49
17 50
17 51
17 52
17 55
17 57
17 59
17 60
17 61
17 62
17 63
17 69
17 70
17 71
17 72
17 75
17 76
17 79
17 82
17 83
17 84
17 85
17 86
17 87
17 92
17 93
17 96
18 22
18 25
18 31
18 33
18 34
18 35
18 36
18 37
18 38
18 40
18 44
18 46
18 50
18 52
18 54
18 55
18 57
18 58
18 64
18 66
18 68
18 69
18 74
18 76
18 77
18 82
18 84
18 86
18 87
18 88
18 89
18 90
18 93
18 96
18 97
18 98
18 99
19 21
19 22
19 27
19 29
19 30
19 31
19 33
19 34
19 35
19 36
19 37
19 38
19 39
19 41
19 42
19 43
19 44
19 45
19 47
19 49
19 53
19 58
19 59
19 60
19 61
19 63
19 64
19 65
19 66
19 68
19 69
19 70
19 75
19 77
19 79
19 80
19 81
19 85
19 91
19 93
19 96
19 98
20 21
20 24
20 25
20 29
20 32
20 34
20 35
20 39
20 40
20 41
20 45
20 46
20 53
20 54
20 55
20 57
20 59
20 60
20 64
20 68
20 69
20 75
20 79
20 80
20 84
20 85
20 88
20 89
20 90
20 93
20 94
20 95
20 97
20 98
21 24
21 27
21 29
21 32
21 34
21 35
21 36
21 41
21 45
21 47
21 48
21 49
21 51
21 54
21 55
21 57
21 59
21 63
21 64
21 65
21 74
21 76
21 81
21 82
21 83
21 85
21 86
21 87
21 88
21 89
21 90
21 91
21 96
21 97
22 23
22 25
22 26
22 27
22 28
22 29
22 31
22 32
22 35
22 36
22 40
22 42
22 43
22 44
22 46
22 47
22 49
22 50
22 56
22 57
22 62
22 63
22 65
22 66
22 68
22 69
22 71
22 74
22 76
22 78
22 81
22 82
22 83
22 84
22 87
22 91
22 92
22 96
22 97
23 24
23 28
23 38
23 39
23 41
23 42
23 43
23 47
23 49
23 51
23 53
23 54
23 57
23 58
23 59
23 60
23 61
23 65
23 66
23 68
23 70
23 75
23 76
23 77
23 79
23 80
23 82
23 83
23 85
23 91
23 94
23 95
23 96
23 97
23 98
24 25
24 27
24 32
24 34
24 35
24 43
24 44
24 46
24 47
24 49
24 50
24 51
24 52
24 54
24 57
24 61
24 62
24 63
24 65
24 66
24 69
24 70
24 71
24 72
24 74
24 75
24 76
24 78
24 82
24 86
24 88
24 89
24 90
24 91
24 92
24 93
24 94
24 98
25 26
25 27
25 28
25 31
25 32
25 33
25 34
25 35
25 36
25 38
25 39
25 40
25 41
25 42
25 47
25 49
25 51
25 52
25 56
25 57
25 58
25 59
25 61
25 62
25 63
25 74
25 77
25 81
25 82
25 83
25 84
25 90
25 91
25 96
25 97
25 99
26 29
26 32
26 34
26 35
26 36
26 38
26 40
26 43
26 45
26 46
26 47
26 48
26 51
26 53
26 57
26 58
26 59
26 60
26 63
26 64
26 68
26 69
26 71
26 72
26 75
26 76
26 78
26 79
26 81
26 82
26 85
26 91
26 96
26 97
26 98
27 31
27 33
27 34
27 35
27 36
27 37
27 38
27 40
27 41
27 42
27 43
27 47
27 49
27 52
27 55
27 61
27 62
27 64
27 68
27 70
27 73
27 74
27 77
27 80
27 81
27 86
27 87
27 94
27 95
27 96
27 98
27 99
28 31
28 32
28 35
28 37
28 39
28 40
28 41
28 42
28 44
28 46
28 47
28 49
28 50
28 55
28 56
28 58
28 62
28 63
28 67
28 69
28 70
28 71
28 73
28 74
28 75
28 76
28 77
28 78
28 79
28 82
28 84
28 86
28 88
28 89
28 92
28 93
28 95
28 97
28 99
29 31
29 32
29 34
29 35
29 36
29 37
29 40
29 41
29 44
29 45
29 46
29 47
29 48
29 49
29 50
29 51
29 53
29 54
29 55
29 56
29 57
29 58
29 59
29 60
29 61
29 62
29 64
29 65
29 66
29 67
29 68
29 69
29 72
29 73
29 76
29 77
29 79
29 80
29 81
29 82
29 83
29 84
29 86
29 87
29 88
29 92
29 93
29 94
29 96
29 97
29 99
30 31
30 33
30 34
30 35
30 36
30 39
30 42
30 43
30 47
30 48
30 51
30 53
30 56
30 57
30 60
30 61
30 62
30 66
30 70
30 71
30 72
30 75
30 77
30 78
30 81
30 82
30 85
30 87
30 90
30 92
30 93
30 98
30 99
31 33
31 35
31 36
31 37
31 38
31 41
31 44
31 45
31 48
31 49
31 50
31 53
31 54
31 57
31 59
31 63
31 64
31 66
31 67
31 68
31 70
31 72
31 73
31 74
31 80
31 81
31 83
31 84
31 85
31 87
31 88
31 89
31 91
31 93
31 94
31 97
31 99
32 35
32 38
32 40
32 41
32 49
32 52
32 53
32 57
32 59
32 60
32 61
32 62
32 65
32 66
32 70
32 72
32 73
32 74
32 76
32 77
32 81
32 83
32 84
32 86
32 90
32 94
32 97
32 98
33 37
33 40
33 41
33 42
33 51
33 52
33 58
33 59
33 60
33 61
33 63
33 65
33 66
33 67
33 68
33 69
33 72
33 73
33 74
33 76
33 80
33 81
33 83
33 90
33 91
33 92
33 93
33 94
33 96
33 97
33 98
33 99
34 38
34 41
34 43
34 46
34 47
34 48
34 51
34 54
34 55
34 56
34 57
34 61
34 62
34 68
34 69
34 70
34 71
34 73
34 75
34 76
34 79
34 81
34 86
34 90
34 91
34 94
34 95
34 99
35 36
35 37
35 38
35 39
35 40
35 44
35 49
35 51
35 52
35 54
35 56
35 59
35 60
35 61
35 62
35 65
35 67
35 68
35 69
35 70
35 71
35 73
35 75
35 76
35 81
35 82
35 83
35 84
35 86
35 89
35 90
35 93
35 95
35 96
35 97
35 98
36 41
36 45
36 48
36 49
36 51
36 54
36 57
36 59
36 62
36 63
36 64
36 65
36 66
36 68
36 70
36 77
36 78
36 79
36 81
36 83
36 84
36 87
36 88
36 91
36 96
36 99
37 42
37 44
37 48
37 49
37 54
37 55
37 56
37 59
37 60
37 63
37 65
37 66
37 68
37 71
37 72
37 75
37 80
37 85
37 88
37 89
37 92
37 93
37 94
37 95
37 97
38 41
38 45
38 46
38 49
38 52
38 53
38 55
38 59
38 60
38 62
38 63
38 66
38 68
38 73
38 74
38 76
38 77
38 78
38 79
38 81
38 83
38 84
38 87
38 88
38 90
38 91
38 93
38 94
38 95
38 96
39 40
39 43
39 45
39 46
39 48
39 52
39 53
39 54
39 55
39 56
39 57
39 58
39 60
39 63
39 68
39 70
39 71
39 72
39 74
39 76
39 77
39 78
39 81
39 82
39 84
39 85
39 86
39 88
39 89
39 92
39 95
39 97
40 41
40 42
40 46
40 47
40 48
40 52
40 53
40 55
40 56
40 58
40 59
40 62
40 64
40 65
40 66
40 67
40 68
40 70
40 71
40 73
40 79
40 81
40 82
40 84
40 87
40 90
40 91
40 94
40 95
40 96
40 97
40 98
41 42
41 44
41 45
41 46
41 47
41 50
41 52
41 55
41 57
41 61
41 62
41 67
41 69
41 70
41 76
41 78
41 80
41 81
41 84
41 85
41 86
41 87
41 90
41 91
41 92
41 94
41 95
41 97
42 43
42 45
42 48
42 49
42 50
42 51
42 53
42 55
42 63
42 64
42 65
42 67
42 71
42 72
42 77
42 79
42 82
42 83
42 86
42 88
42 92
42 93
42 94
42 95
42 96
42 98
42 99
43 44
43 47
43 48
43 49
43 55
43 57
43 58
43 59
43 61
43 62
43 63
43 64
43 66
43 67
43 68
43 70
43 74
43 75
43 79
43 81
43 82
43 83
43 85
43 86
43 89
43 91
43 93
43 94
43 98
44 48
44 49
44 51
44 54
44 56
44 58
44 59
44 60
44 66
44 68
44 70
44 71
44 72
44 73
44 74
44 75
44 77
44 78
44 79
44 80
44 86
44 88
44 94
44 95
44 97
45 47
45 48
45 50
45 51
45 52
45 56
45 58
45 59
45 61
45 62
45 63
45 65
45 66
45 67
45 70
45 75
45 76
45 77
45 78
45 80
45 81
45 83
45 86
45 87
45 90
45 92
45 95
45 96
45 97
46 47
46 49
46 50
46 51
46 52
46 53
46 59
46 60
46 63
46 64
46 65
46 70
46 71
46 72
46 73
46 74
46 76
46 77
46 78
46 82
46 86
46 88
46 90
46 93
47 49
47 50
47 56
47 57
47 58
47 59
47 60
47 63
47 66
47 70
47 71
47 72
47 76
47 79
47 84
47 85
47 86
47 87
47 91
47 93
47 95
47 97
47 98
47 99
48 49
48 52
48 54
48 60
48 61
48 63
48 67
48 68
48 69
48 70
48 71
48 72
48 75
48 78
48 79
48 84
48 85
48 86
48 87
48 88
48 89
48 93
48 94
48 99
49 51
49 54
49 55
49 58
49 59
49 61
49 63
49 66
49 71
49 73
49 75
49 77
49 78
49 79
49 81
49 84
49 86
49 87
49 90
49 93
49 97
50 51
50 54
50 55
50 56
50 62
50 67
50 68
50 71
50 72
50 73
50 74
50 76
50 79
50 82
50 83
50 85
50 87
50 93
50 95
50 97
50 99
51 52
51 59
51 60
51 61
51 62
51 63
51 65
51 67
51 68
51 69
51 71
51 76
51 77
51 79
51 81
51 82
51 83
51 84
51 89
51 92
51 94
51 95
51 96
51 99
52 54
52 55
52 59
52 62
52 63
52 68
52 71
52 72
52 74
52 75
52 77
52 85
52 86
52 87
52 88
52 90
52 93
52 95
52 97
52 99
53 55
53 57
53 58
53 59
53 60
53 61
53 63
53 65
53 66
53 69
53 70
53 71
53 72
53 73
53 74
53 76
53 77
53 78
53 81
53 84
53 86
53 88
53 92
53 93
53 95
53 96
53 99
54 56
54 59
54 61
54 62
54 63
54 64
54 66
54 70
54 72
54 73
54 74
54 76
54 78
54 81
54 83
54 84
54 86
54 87
54 88
54 90
54 91
54 92
54 93
54 94
54 96
54 98
55 56
55 57
55 59
55 62
55 64
55 67
55 70
55 71
55 73
55 74
55 77
55 80
55 81
55 84
55 85
55 87
55 89
55 90
55 91
55 92
55 94
55 95
55 96
55 97
55 98
55 99
56 59
56 61
56 62
56 63
56 67
56 68
56 69
56 72
56 75
56 76
56 77
56 79
56 81
56 82
56 83
56 86
56 88
56 90
56 92
56 95
56 97
57 59
57 60
57 61
57 64
57 65
57 67
57 68
57 69
57 72
57 73
57 74
57 77
57 78
57 79
57 82
57 85
57 91
57 92
57 93
57 94
57 98
58 59
58 62
58 64
58 68
58 70
58 71
58 72
58 73
58 75
58 76
58 78
58 80
58 81
58 82
58 85
58 86
58 87
58 88
58 89
58 93
58 99
59 60
59 61
59 62
59 64
59 65
59 67
59 68
59 71
59 72
59 74
59 75
59 77
59 79
59 80
59 81
59 86
59 87
59 97
59 98
59 99
60 61
60 65
60 66
60 67
60 68
60 71
60 73
60 75
60 78
60 79
60 80
60 81
60 83
60 84
60 85
60 88
60 90
60 93
60 94
60 95
60 96
60 97
60 99
61 63
61 65
61 67
61 70
61 71
61 76
61 77
61 78
61 83
61 88
61 91
61 93
61 96
61 97
61 98
62 64
62 65
62 66
62 68
62 70
62 75
62 76
62 77
62 80
62 81
62 85
62 87
62 88
62 94
62 95
62 97
62 99
63 65
63 66
63 69
63 71
63 72
63 74
63 75
63 76
63 78
63 81
63 82
63 86
63 88
63 90
63 91
63 92
63 93
63 94
63 96
63 97
64 66
64 69
64 70
64 71
64 73
64 74
64 77
64 78
64 79
64 80
64 81
64 83
64 84
64 85
64 86
64 90
64 91
64 96
64 97
64 98
64 99
65 76
65 78
65 80
65 82
65 84
65 88
65 90
65 92
65 95
65 97
65 98
65 99
66 69
66 71
66 72
66 73
66 76
66 77
66 78
66 79
66 81
66 82
66 83
66 84
66 86
66 87
66 88
66 89
66 90
66 91
66 94
66 96
67 70
67 74
67 75
67 76
67 77
67 78
67 79
67 86
67 89
67 90
67 91
67 92
67 93
67 94
67 95
67 97
68 71
68 74
68 77
68 78
68 79
68 80
68 85
68 86
68 89
68 90
68 92
68 93
68 96
68 97
69 73
69 75
69 77
69 79
69 81
69 84
69 87
69 88
69 89
69 90
69 91
69 92
69 93
69 94
69 96
69 97
70 74
70 76
70 78
70 80
70 82
70 83
70 84
70 85
70 86
70 88
70 92
70 93
70 95
70 96
70 97
70 98
70 99
71 72
71 75
71 77
71 79
71 81
71 82
71 84
71 85
71 90
71 93
71 94
71 95
71 97
71 99
72 74
72 75
72 76
72 77
72 79
72 81
72 84
72 87
72 88
72 93
72 98
72 99
73 76
73 77
73 79
73 81
73 82
73 84
73 85
73 92
73 95
73 99
74 75
74 77
74 80
74 82
74 83
74 85
74 86
74 87
74 95
74 96
74 99
75 76
75 77
75 78
75 84
75 86
75 87
75 91
75 93
75 94
75 97
75 98
76 77
76 78
76 80
76 82
76 83
76 84
76 86
76 89
76 98
76 99
77 78
77 79
77 80
77 83
77 84
77 86
77 88
77 89
77 90
77 91
77 94
77 95
77 99
78 79
78 80
78 81
78 82
78 84
78 85
78 87
78 89
78 90
78 91
78 92
78 95
78 96
79 80
79 82
79 94
79 96
79 98
80 81
80 82
80 84
80 85
80 88
80 89
80 90
80 91
80 92
80 97
80 99
81 82
81 86
81 88
81 91
81 94
81 95
81 99
82 86
82 87
82 88
82 90
82 92
82 96
82 98
82 99
83 87
83 88
83 89
83 90
83 91
83 94
83 96
83 98
83 99
84 85
84 87
84 88
84 89
84 92
84 95
84 97
84 98
85 87
85 89
85 93
85 95
85 96
85 98
86 87
86 89
86 91
86 92
86 94
86 95
86 97
86 99
87 88
87 92
87 94
87 95
87 97
87 98
88 91
88 99
89 91
89 92
89 93
89 96
89 99
90 91
90 93
90 94
90 96
90 99
91 92
91 94
91 97
91 99
92 94
92 95
92 96
92 97
92 98
92 99
93 96
93 98
94 95
94 96
94 97
94 98
94 99
96 99
97 99
