0 1
0 6
0 15
0 16
0 17
0 18
0 19
0 23
0 26
0 29
0 31
0 32
0 35
0 36
0 37
0 39
0 40
0 41
0 43
0 44
0 48
0 54
0 55
0 64
0 65
0 66
0 78
0 79
0 83
0 84
0 85
0 90
0 96
0 97
1 11
1 13
1 18
1 20
1 24
1 27
1 28
1 29
1 30
1 36
1 41
1 42
1 43
1 51
1 52
1 53
1 57
1 60
1 65
1 66
1 67
1 71
1 75
1 76
1 78
1 80
1 82
1 89
1 94
1 97
2 5
2 12
2 15
2 16
2 23
2 27
2 32
2 36
2 40
2 42
2 45
2 46
2 47
2 55
2 56
2 62
2 65
2 74
2 85
2 87
2 94
2 95
3 6
3 9
3 15
3 16
3 20
3 23
3 24
3 25
3 26
3 28
3 29
3 30
3 32
3 33
3 34
3 35
3 37
3 44
3 49
3 55
3 56
3 62
3 63
3 65
3 67
3 68
3 72
3 76
3 79
3 80
3 82
3 85
3 91
3 92
3 94
4 11
4 12
4 20
4 21
4 27
4 28
4 33
4 34
4 39
4 41
4 44
4 48
4 50
4 53
4 57
4 59
4 62
4 65
4 71
4 77
4 80
4 83
4 86
4 89
4 97
5 7
5 10
5 11
5 13
5 15
5 21
5 22
5 24
5 32
5 33
5 35
5 41
5 43
5 47
5 49
5 50
5 61
5 62
5 67
5 69
5 74
5 76
5 77
5 78
5 79
5 82
5 83
5 86
5 89
5 94
5 95
6 11
6 12
6 14
6 15
6 18
6 20
6 22
6 24
6 25
6 27
6 28
6 32
6 37
6 38
6 44
6 46
6 49
6 51
6 59
6 72
6 73
6 76
6 79
6 80
6 81
6 88
6 89
6 92
6 93
6 98
6 99
7 9
7 14
7 17
7 19
7 21
7 24
7 26
7 27
7 28
7 29
7 30
7 34
7 39
7 40
7 44
7 47
7 50
7 54
7 68
7 74
7 77
7 80
7 82
7 86
7 91
7 92
7 93
7 98
7 99
8 16
8 17
8 23
8 26
8 33
8 37
8 44
8 48
8 51
8 52
8 54
8 57
8 59
8 62
8 67
8 68
8 73
8 85
8 87
8 90
8 94
8 97
9 12
9 13
9 20
9 22
9 24
9 26
9 31
9 32
9 33
9 37
9 41
9 42
9 43
9 45
9 48
9 49
9 51
9 54
9 56
9 57
9 62
9 63
9 69
9 76
9 77
9 78
9 80
9 83
9 88
9 90
9 92
9 96
9 99
10 11
10 17
10 20
10 22
10 29
10 36
10 37
10 38
10 40
10 51
10 53
10 54
10 55
10 59
10 64
10 66
10 69
10 70
10 73
10 98
11 13
11 14
11 18
11 20
11 26
11 28
11 30
11 33
11 39
11 44
11 45
11 49
11 59
11 61
11 63
11 67
11 69
11 70
11 71
11 76
11 78
11 79
11 86
11 90
11 99
12 15
12 16
12 19
12 25
12 26
12 29
12 33
12 35
12 38
12 40
12 43
12 45
12 50
12 51
12 54
12 57
12 63
12 68
12 69
12 70
12 72
12 74
12 75
12 77
12 78
12 79
12 80
12 84
12 93
12 97
12 99
13 19
13 21
13 22
13 25
13 26
13 31
13 36
13 37
13 44
13 55
13 56
13 58
13 62
13 64
13 65
13 67
13 68
13 69
13 71
13 79
13 86
13 89
13 94
13 96
13 97
14 15
14 24
14 26
14 28
14 40
14 44
14 46
14 51
14 54
14 55
14 57
14 64
14 65
14 67
14 69
14 70
14 75
14 81
14 85
14 88
14 90
14 95
14 98
15 22
15 24
15 26
15 27
15 31
15 34
15 35
15 40
15 41
15 42
15 49
15 55
15 58
15 75
15 76
15 80
15 86
15 87
15 88
15 92
16 19
16 20
16 23
16 37
16 38
16 49
16 51
16 60
16 61
16 65
16 68
16 70
16 71
16 75
16 76
16 79
16 83
16 85
16 88
16 89
16 90
16 91
16 92
16 94
16 98
17 20
17 24
17 26
17 32
17 37
17 41
17 44
17 56
17 57
17 64
17 66
17 72
17 78
17 87
17 90
17 96
18 21
18 22
18 23
18 24
18 40
18 41
18 45
18 52
18 59
18 66
18 69
18 73
18 78
18 84
18 93
18 98
18 99
19 22
19 23
19 24
19 25
19 29
19 30
19 33
19 34
19 35
19 37
19 38
19 43
19 44
19 46
19 53
19 55
19 56
19 59
19 60
19 62
19 68
19 71
19 72
19 76
19 77
19 80
19 83
19 85
19 87
19 91
19 93
19 94
19 95
19 98
20 21
20 28
20 31
20 39
20 48
20 55
20 58
20 59
20 69
20 76
20 77
20 78
20 79
20 81
20 85
20 87
20 97
21 29
21 38
21 39
21 44
21 51
21 57
21 61
21 66
21 70
21 72
21 76
21 80
21 82
21 83
21 84
21 92
21 94
21 98
22 25
22 26
22 29
22 33
22 35
22 38
22 39
22 40
22 42
22 50
22 59
22 62
22 67
22 68
22 77
22 85
22 89
22 92
22 94
22 96
23 29
23 30
23 32
23 40
23 44
23 45
23 47
23 55
23 58
23 65
23 68
23 69
23 70
23 74
23 75
23 77
23 81
23 83
23 85
23 87
23 92
23 97
23 99
24 27
24 31
24 43
24 49
24 50
24 51
24 53
24 59
24 64
24 67
24 69
24 77
24 80
24 81
24 84
24 88
24 91
24 95
24 96
24 98
25 27
25 29
25 30
25 31
25 33
25 36
25 38
25 40
25 43
25 44
25 56
25 60
25 62
25 63
25 66
25 70
25 83
25 90
25 98
26 28
26 42
26 43
26 47
26 48
26 50
26 59
26 73
26 81
26 87
26 93
26 95
26 97
26 98
27 30
27 31
27 42
27 45
27 46
27 47
27 48
27 49
27 51
27 52
27 56
27 67
27 79
27 80
27 84
27 86
27 90
27 91
27 95
27 99
28 30
28 31
28 33
28 36
28 39
28 52
28 54
28 57
28 58
28 82
28 83
28 84
28 87
28 88
28 89
28 90
28 91
28 93
28 98
28 99
29 35
29 46
29 49
29 70
29 77
29 78
29 81
29 83
29 89
29 92
29 95
30 33
30 34
30 37
30 44
30 45
30 62
30 64
30 65
30 66
30 69
30 70
30 71
30 74
30 75
30 77
30 78
30 80
30 81
30 87
30 91
30 93
30 95
30 98
31 35
31 44
31 46
31 47
31 49
31 58
31 65
31 66
31 68
31 70
31 71
31 72
31 74
31 76
31 82
31 83
31 87
31 91
31 93
31 94
31 95
31 98
32 35
32 47
32 51
32 55
32 60
32 61
32 63
32 64
32 68
32 69
32 72
32 74
32 79
32 81
32 83
32 92
32 96
32 99
33 37
33 43
33 46
33 51
33 55
33 56
33 62
33 63
33 65
33 66
33 67
33 68
33 69
33 71
33 73
33 74
33 75
33 79
33 80
33 81
33 83
33 88
33 96
33 99
34 35
34 41
34 43
34 46
34 49
34 52
34 54
34 59
34 64
34 68
34 77
34 85
34 86
34 89
34 92
34 93
34 95
34 97
35 37
35 39
35 50
35 52
35 54
35 56
35 57
35 65
35 67
35 69
35 72
35 75
35 76
35 82
35 85
35 87
35 89
35 95
36 39
36 40
36 41
36 43
36 44
36 46
36 47
36 49
36 53
36 55
36 64
36 70
36 71
36 72
36 73
36 74
36 85
36 90
36 92
36 94
36 96
36 98
37 40
37 50
37 53
37 55
37 66
37 70
37 72
37 73
37 74
37 77
37 79
37 80
37 81
37 83
37 87
37 88
37 93
37 95
37 97
38 44
38 45
38 49
38 51
38 55
38 57
38 62
38 65
38 66
38 71
38 72
38 74
38 75
38 77
38 78
38 79
38 85
38 88
38 90
38 93
38 95
39 42
39 47
39 49
39 50
39 52
39 58
39 59
39 63
39 64
39 69
39 71
39 73
39 77
39 85
39 91
39 92
39 95
40 41
40 42
40 44
40 45
40 48
40 49
40 50
40 60
40 64
40 72
40 77
40 78
40 81
40 84
40 87
40 90
40 98
41 42
41 48
41 49
41 51
41 54
41 56
41 57
41 61
41 62
41 63
41 65
41 69
41 70
41 73
41 77
41 79
41 80
41 81
41 85
41 92
41 93
41 94
41 95
41 98
41 99
42 44
42 46
42 51
42 56
42 57
42 60
42 62
42 64
42 68
42 70
42 71
42 81
42 90
43 45
43 58
43 60
43 66
43 70
43 73
43 75
43 76
43 78
43 79
43 84
43 86
43 97
44 47
44 50
44 51
44 54
44 56
44 59
44 64
44 67
44 71
44 73
44 74
44 77
44 82
44 84
44 94
44 98
45 46
45 52
45 55
45 56
45 58
45 60
45 62
45 65
45 67
45 68
45 69
45 71
45 74
45 75
45 80
45 81
45 85
45 91
45 98
46 52
46 55
46 56
46 57
46 60
46 62
46 65
46 67
46 68
46 69
46 70
46 71
46 83
46 87
46 88
46 94
46 95
47 49
47 50
47 54
47 58
47 62
47 65
47 68
47 69
47 70
47 73
47 76
47 78
47 79
47 82
47 84
47 85
47 90
47 91
47 93
47 97
47 98
48 51
48 53
48 54
48 59
48 60
48 61
48 62
48 71
48 74
48 76
48 78
48 82
48 83
48 96
49 54
49 56
49 59
49 68
49 73
49 78
49 82
49 83
49 85
49 91
49 96
49 98
50 53
50 61
50 65
50 66
50 70
50 78
50 81
50 91
50 94
50 96
50 99
51 56
51 59
51 62
51 63
51 68
51 79
51 80
51 82
51 83
51 84
51 85
51 91
51 95
51 98
52 53
52 56
52 61
52 63
52 69
52 75
52 78
52 86
52 89
52 96
53 54
53 57
53 63
53 65
53 68
53 71
53 72
53 73
53 78
53 79
53 83
53 85
53 86
53 92
53 98
54 55
54 56
54 57
54 59
54 61
54 63
54 69
54 72
54 75
54 76
54 79
54 83
54 84
54 94
54 97
54 98
55 59
55 66
55 74
55 75
55 76
55 89
55 95
55 97
56 59
56 60
56 62
56 67
56 75
56 78
56 80
56 89
56 90
56 94
56 98
56 99
57 58
57 63
57 70
57 73
57 74
57 75
57 76
57 78
57 86
57 87
57 94
57 96
58 62
58 66
58 72
58 73
58 75
58 76
58 78
58 82
58 84
58 85
58 86
58 91
58 95
58 96
59 64
59 65
59 68
59 72
59 75
59 76
59 77
59 81
59 83
59 86
59 87
59 90
59 96
59 97
59 98
59 99
60 62
60 65
60 66
60 68
60 77
60 78
60 84
60 91
60 92
61 64
61 65
61 68
61 70
61 76
61 77
61 83
61 84
61 86
61 88
61 94
61 97
62 63
62 65
62 69
62 70
62 75
62 76
62 77
62 79
62 82
62 87
62 88
62 89
62 91
63 67
63 69
63 75
63 78
63 79
63 81
63 83
63 85
63 90
63 91
63 92
63 95
63 98
63 99
64 65
64 77
64 87
64 92
64 93
64 94
64 95
64 97
64 98
64 99
65 69
65 70
65 71
65 72
65 75
65 77
65 80
65 81
65 82
65 87
65 91
65 92
65 95
65 99
66 73
66 74
66 78
66 79
66 85
66 87
66 89
66 94
66 97
67 68
67 70
67 74
67 75
67 76
67 77
67 80
67 83
67 85
67 88
67 89
68 73
68 74
68 80
68 83
68 89
68 92
68 94
68 95
68 96
69 70
69 75
69 80
69 84
69 86
69 88
69 92
69 98
70 72
70 76
70 79
70 97
70 98
71 72
71 73
71 75
71 81
71 91
71 93
71 95
71 99
72 74
72 75
72 79
72 80
72 87
72 88
72 89
72 95
72 98
72 99
73 74
73 80
73 81
73 82
73 84
73 86
73 87
73 88
73 90
73 92
73 94
73 97
74 82
74 91
74 96
75 80
75 89
75 93
76 78
76 80
76 83
76 87
76 93
76 96
77 79
77 81
77 87
77 90
77 94
77 96
78 81
78 83
78 89
78 90
78 91
78 95
78 99
79 81
79 89
79 90
79 96
79 98
80 83
80 86
80 89
80 90
80 99
81 85
81 86
81 88
81 92
81 96
81 98
81 99
82 84
82 87
82 90
82 96
83 84
83 86
83 87
83 90
83 91
84 85
84 87
84 89
84 94
84 96
84 98
84 99
85 88
85 89
85 91
85 92
85 93
85 96
85 97
85 98
86 89
86 90
86 94
86 96
86 99
87 88
87 89
87 90
87 92
87 93
88 90
88 91
88 94
88 99
89 91
89 95
90 92
90 93
90 95
90 96
90 99
91 93
91 97
92 96
92 99
93 95
93 96
94 96
95 98
96 97
96 98
