0 2
0 8
0 16
0 21
0 23
0 26
0 34
0 35
0 36
0 37
0 38
0 39
0 40
0 42
0 43
0 51
0 54
0 56
0 57
0 58
0 59
0 63
0 65
0 67
0 69
0 74
0 75
0 79
0 83
0 90
0 99
1 2
1 5
1 6
1 7
1 8
1 11
1 13
1 17
1 25
1 30
1 34
1 35
1 36
1 37
1 38
1 52
1 55
1 57
1 60
1 73
1 74
1 76
1 81
1 82
1 84
1 85
1 87
1 94
2 13
2 15
2 21
2 24
2 30
2 31
2 38
2 40
2 41
2 44
2 49
2 51
2 53
2 63
2 64
2 72
2 74
2 75
2 76
2 79
2 80
2 82
2 83
2 84
2 87
2 88
2 89
2 91
2 95
2 99
3 6
3 12
3 20
3 23
3 30
3 33
3 36
3 37
3 40
3 45
3 48
3 56
3 59
3 60
3 61
3 65
3 68
3 73
3 74
3 75
3 78
3 81
3 85
3 86
3 91
3 94
3 95
3 97
3 98
4 12
4 14
4 18
4 19
4 20
4 21
4 22
4 25
4 35
4 36
4 39
4 41
4 42
4 43
4 47
4 49
4 50
4 53
4 58
4 62
4 63
4 69
4 72
4 73
4 75
4 76
4 80
4 82
4 84
4 88
4 89
4 93
5 12
5 20
5 30
5 34
5 45
5 46
5 47
5 48
5 50
5 52
5 53
5 54
5 58
5 59
5 60
5 61
5 63
5 64
5 70
5 75
5 77
5 82
5 85
5 86
5 95
5 96
6 10
6 12
6 15
6 16
6 22
6 23
6 24
6 25
6 26
6 28
6 29
6 30
6 31
6 32
6 35
6 44
6 45
6 47
6 49
6 53
6 59
6 63
6 67
6 68
6 75
6 77
6 81
6 82
6 85
6 86
6 89
6 95
6 97
6 98
6 99
7 9
7 10
7 11
7 13
7 14
7 17
7 20
7 23
7 25
7 28
7 29
7 37
7 56
7 58
7 59
7 60
7 66
7 69
7 73
7 74
7 75
7 76
7 79
7 80
7 90
7 94
7 97
7 98
8 10
8 11
8 16
8 19
8 26
8 27
8 32
8 39
8 40
8 43
8 46
8 49
8 51
8 52
8 56
8 57
8 59
8 60
8 61
8 63
8 69
8 71
8 74
8 75
8 76
8 83
8 84
8 85
8 92
8 93
8 94
9 10
9 11
9 13
9 14
9 20
9 22
9 29
9 38
9 41
9 48
9 49
9 51
9 58
9 60
9 61
9 62
9 73
9 80
9 85
9 86
9 87
9 91
9 95
9 96
10 13
10 20
10 22
10 31
10 45
10 47
10 49
10 50
10 58
10 60
10 61
10 62
10 63
10 65
10 69
10 74
10 76
10 81
10 86
10 95
10 96
10 97
10 98
11 21
11 24
11 25
11 26
11 29
11 30
11 33
11 38
11 40
11 42
11 43
11 44
11 47
11 55
11 58
11 63
11 67
11 69
11 71
11 72
11 74
11 75
11 78
11 79
11 81
11 89
12 13
12 22
12 27
12 30
12 32
12 34
12 39
12 43
12 44
12 45
12 46
12 47
12 55
12 56
12 60
12 61
12 67
12 69
12 70
12 85
12 88
12 90
12 98
13 16
13 18
13 19
13 25
13 29
13 39
13 41
13 42
13 52
13 56
13 57
13 61
13 63
13 65
13 66
13 73
13 76
13 78
13 81
13 84
13 92
13 93
13 94
13 95
13 96
14 16
14 20
14 24
14 26
14 37
14 41
14 43
14 44
14 46
14 47
14 53
14 54
14 55
14 57
14 58
14 59
14 60
14 65
14 70
14 71
14 74
14 75
14 76
14 77
14 79
14 81
14 83
14 88
14 89
14 96
14 98
15 18
15 19
15 22
15 25
15 33
15 36
15 38
15 45
15 46
15 50
15 52
15 57
15 71
15 72
15 81
15 82
15 88
15 95
16 17
16 18
16 20
16 21
16 22
16 29
16 30
16 34
16 41
16 45
16 50
16 56
16 58
16 61
16 67
16 68
16 73
16 77
16 78
16 85
16 86
16 88
16 90
16 91
16 92
16 96
16 99
17 19
17 21
17 24
17 35
17 38
17 39
17 44
17 50
17 58
17 62
17 65
17 68
17 72
17 73
17 82
17 83
17 85
17 87
17 88
17 89
17 90
17 93
18 23
18 29
18 31
18 36
18 39
18 42
18 43
18 44
18 45
18 47
18 51
18 57
18 58
18 62
18 64
18 67
18 70
18 71
18 75
18 89
19 27
19 28
19 32
19 33
19 34
19 38
19 40
19 43
19 44
19 46
19 47
19 48
19 49
19 53
19 54
19 55
19 62
19 64
19 65
19 69
19 74
19 79
19 83
19 85
19 87
19 89
19 90
19 95
19 97
19 98
20 21
20 27
20 32
20 36
20 48
20 49
20 50
20 51
20 56
20 60
20 63
20 65
20 74
20 75
20 77
20 80
20 81
20 83
20 84
20 88
20 94
20 95
20 98
21 22
21 23
21 29
21 38
21 42
21 45
21 47
21 49
21 51
21 56
21 57
21 58
21 62
21 63
21 67
21 69
21 74
21 77
21 80
21 85
21 86
21 87
21 93
21 97
21 98
22 23
22 44
22 45
22 54
22 60
22 71
22 87
22 88
22 89
22 90
22 93
22 95
23 24
23 25
23 27
23 32
23 37
23 38
23 42
23 43
23 51
23 55
23 61
23 62
23 63
23 64
23 65
23 80
23 81
23 86
23 87
23 90
23 91
23 92
23 93
23 95
23 96
24 27
24 28
24 33
24 41
24 44
24 45
24 47
24 48
24 54
24 56
24 58
24 62
24 64
24 70
24 71
24 72
24 74
24 78
24 81
24 83
24 85
24 86
24 89
24 90
24 92
25 29
25 37
25 38
25 39
25 43
25 46
25 54
25 55
25 57
25 60
25 61
25 63
25 71
25 73
25 76
25 80
25 90
25 92
25 94
26 33
26 34
26 35
26 38
26 40
26 48
26 50
26 55
26 56
26 59
26 63
26 66
26 70
26 72
26 73
26 75
26 77
26 78
26 84
26 86
26 89
26 94
26 95
26 98
27 32
27 36
27 40
27 42
27 49
27 50
27 56
27 58
27 62
27 65
27 66
27 68
27 69
27 72
27 75
27 77
27 78
27 81
27 84
27 87
27 88
27 90
27 92
27 95
27 98
27 99
28 32
28 37
28 41
28 42
28 49
28 56
28 58
28 60
28 66
28 68
28 69
28 73
28 74
28 78
28 80
28 81
28 84
28 87
28 88
28 91
28 98
28 99
29 30
29 35
29 36
29 41
29 43
29 45
29 48
29 74
29 76
29 78
29 84
29 87
29 91
29 93
29 94
29 95
29 97
30 37
30 38
30 41
30 42
30 45
30 49
30 52
30 53
30 54
30 61
30 62
30 65
30 67
30 70
30 73
30 75
30 79
30 83
30 85
30 91
31 32
31 37
31 44
31 45
31 47
31 48
31 50
31 51
31 52
31 53
31 55
31 60
31 67
31 68
31 74
31 77
31 79
31 83
31 85
31 86
31 87
31 96
31 99
32 36
32 39
32 47
32 53
32 55
32 57
32 59
32 66
32 67
32 70
32 76
32 79
32 81
32 85
32 86
32 92
32 94
33 35
33 40
33 43
33 46
33 47
33 49
33 50
33 51
33 54
33 58
33 61
33 65
33 66
33 67
33 72
33 74
33 76
33 79
33 80
33 82
33 83
33 84
33 88
33 90
33 92
33 97
33 99
34 35
34 40
34 41
34 42
34 46
34 49
34 56
34 57
34 71
34 73
34 75
34 76
34 78
34 80
34 81
34 86
34 93
35 37
35 50
35 53
35 54
35 55
35 58
35 67
35 72
35 80
35 82
35 85
35 86
35 95
35 99
36 37
36 41
36 43
36 46
36 47
36 49
36 55
36 58
36 69
36 70
36 72
36 77
36 78
36 79
36 81
36 82
36 93
36 96
37 38
37 39
37 42
37 43
37 53
37 54
37 55
37 56
37 59
37 61
37 63
37 65
37 75
37 76
37 80
37 82
37 85
37 88
37 96
37 99
38 40
38 41
38 53
38 55
38 56
38 58
38 61
38 62
38 64
38 66
38 72
38 81
38 84
38 85
38 90
38 91
39 42
39 47
39 54
39 56
39 60
39 61
39 62
39 63
39 65
39 68
39 70
39 72
39 80
39 81
39 82
39 85
39 89
39 93
39 94
39 95
39 97
40 41
40 42
40 46
40 51
40 56
40 62
40 74
40 75
40 77
40 78
40 79
40 80
40 83
40 85
40 91
40 93
40 95
41 50
41 57
41 60
41 69
41 76
41 78
41 79
41 86
41 95
42 43
42 46
42 47
42 53
42 59
42 60
42 68
42 71
42 73
42 81
42 83
42 84
42 92
42 93
42 94
42 95
42 98
43 45
43 46
43 54
43 56
43 61
43 66
43 72
43 75
43 78
43 82
43 84
43 86
43 93
43 94
43 95
43 97
44 46
44 51
44 52
44 57
44 58
44 59
44 60
44 63
44 65
44 70
44 77
44 80
44 83
44 85
44 89
44 90
44 91
44 96
44 99
45 49
45 50
45 55
45 62
45 63
45 66
45 67
45 76
45 77
45 86
45 90
45 92
45 94
45 96
46 48
46 55
46 57
46 58
46 60
46 62
46 63
46 67
46 69
46 70
46 71
46 72
46 74
46 76
46 82
46 87
46 91
46 95
46 96
46 99
47 54
47 56
47 58
47 62
47 70
47 72
47 75
47 76
47 78
47 80
47 87
47 89
47 90
47 91
47 94
47 97
47 98
47 99
48 49
48 50
48 51
48 52
48 54
48 59
48 62
48 63
48 67
48 69
48 71
48 72
48 81
48 86
48 87
48 92
48 94
49 60
49 63
49 64
49 75
49 77
49 79
49 84
49 89
49 90
49 92
49 96
49 97
49 99
50 52
50 59
50 62
50 64
50 84
50 86
50 88
50 89
50 90
51 53
51 55
51 58
51 61
51 64
51 66
51 70
51 72
51 76
51 80
51 85
51 86
51 89
51 90
51 92
51 96
51 97
52 65
52 66
52 67
52 81
52 84
52 86
52 90
52 98
53 57
53 59
53 67
53 68
53 73
53 79
53 83
53 84
53 86
53 88
53 94
53 99
54 56
54 58
54 60
54 64
54 71
54 72
54 79
54 81
54 82
54 83
54 85
54 88
54 93
54 94
54 96
55 56
55 59
55 61
55 71
55 75
55 77
55 80
55 81
55 82
55 89
55 95
55 99
56 57
56 60
56 62
56 63
56 64
56 69
56 73
56 75
56 78
56 81
56 83
56 84
57 58
57 59
57 65
57 69
57 70
57 76
57 78
57 80
57 82
57 87
57 92
57 94
57 95
58 65
58 66
58 69
58 70
58 72
58 80
58 84
58 88
58 89
58 93
58 95
59 62
59 63
59 66
59 73
59 76
59 77
59 78
59 83
59 85
59 87
59 96
59 99
60 62
60 65
60 73
60 76
60 77
60 78
60 83
60 85
60 93
61 64
61 68
61 69
61 70
61 71
61 72
61 80
61 86
61 92
61 93
62 68
62 72
62 74
62 75
62 77
62 87
62 93
62 96
62 98
63 67
63 68
63 72
63 73
63 75
63 82
63 84
63 89
63 90
63 92
63 96
64 67
64 70
64 72
64 78
64 85
64 86
64 88
64 91
64 94
64 95
64 96
64 97
64 99
65 69
65 70
65 76
65 77
65 78
65 79
65 81
65 85
65 90
66 68
66 70
66 71
66 73
66 74
66 77
66 78
66 87
66 88
66 92
66 94
66 95
66 99
67 71
67 72
67 75
67 77
67 79
67 86
67 95
68 72
68 82
68 83
68 86
68 88
68 89
68 91
68 92
68 95
68 97
68 98
69 72
69 74
69 77
69 80
69 86
69 87
69 91
69 92
69 95
69 98
70 71
70 72
70 83
70 89
70 90
71 73
71 74
71 76
71 78
71 79
71 80
71 88
71 93
71 97
71 99
72 73
72 79
72 88
72 90
72 92
72 98
73 78
73 80
73 82
73 85
73 86
73 87
73 89
73 98
73 99
74 79
74 83
74 84
74 89
74 90
74 93
74 94
74 99
75 77
75 83
75 86
75 88
75 92
75 94
75 95
75 96
76 78
76 79
76 83
76 86
76 88
76 90
76 93
76 94
77 80
77 81
77 89
77 93
77 95
77 96
77 97
77 98
78 80
78 84
78 90
78 93
78 94
78 97
79 83
79 91
79 94
79 97
80 81
80 86
80 90
81 84
81 89
81 91
81 93
81 95
81 99
82 87
82 93
82 94
82 95
83 86
83 87
83 88
83 90
83 93
83 97
83 99
84 87
84 88
84 90
84 93
84 96
84 99
85 89
85 95
85 97
85 98
85 99
86 87
86 90
86 91
86 93
86 94
87 88
87 91
88 95
89 92
89 94
89 96
90 94
90 98
90 99
91 93
91 94
91 96
91 97
91 99
92 94
92 95
92 96
92 97
93 94
93 96
94 96
94 97
95 96
95 98
95 99
96 97
96 98
96 99
