0 4
0 5
0 12
0 13
0 16
0 21
0 25
0 26
0 27
0 28
0 30
0 32
0 34
0 36
0 40
0 43
0 44
0 48
0 49
0 51
0 52
0 54
0 55
0 56
0 58
0 59
0 62
0 64
0 67
0 70
0 71
0 75
0 76
0 79
0 81
0 83
0 86
0 89
0 91
0 92
0 93
0 96
0 97
0 99
1 2
1 6
1 12
1 13
1 14
1 17
1 21
1 22
1 25
1 26
1 28
1 29
1 30
1 32
1 36
1 38
1 40
1 43
1 50
1 51
1 52
1 53
1 55
1 56
1 58
1 62
1 65
1 66
1 68
1 69
1 70
1 71
1 73
1 74
1 76
1 77
1 78
1 79
1 80
1 85
1 89
1 90
1 91
1 98
2 3
2 11
2 13
2 14
2 16
2 19
2 20
2 21
2 23
2 24
2 29
2 31
2 35
2 41
2 42
2 43
2 44
2 45
2 48
2 49
2 51
2 55
2 56
2 58
2 59
2 60
2 61
2 62
2 64
2 66
2 69
2 71
2 74
2 76
2 77
2 78
2 79
2 80
2 81
2 84
2 86
2 88
2 98
2 99
3 4
3 5
3 6
3 7
3 8
3 10
3 12
3 15
3 17
3 18
3 20
3 22
3 23
3 25
3 31
3 33
3 36
3 37
3 43
3 45
3 46
3 48
3 49
3 50
3 52
3 53
3 54
3 55
3 56
3 57
3 61
3 63
3 64
3 65
3 68
3 69
3 70
3 72
3 74
3 75
3 76
3 78
3 80
3 81
3 86
3 88
3 89
3 92
3 93
3 95
3 96
3 97
3 98
3 99
4 5
4 8
4 9
4 11
4 12
4 13
4 14
4 15
4 17
4 19
4 22
4 27
4 28
4 29
4 30
4 31
4 32
4 36
4 37
4 39
4 40
4 41
4 44
4 49
4 51
4 52
4 53
4 54
4 56
4 57
4 58
4 59
4 60
4 61
4 63
4 65
4 69
4 71
4 73
4 74
4 76
4 77
4 78
4 80
4 81
4 82
4 87
4 88
4 89
4 94
4 95
4 96
4 97
4 98
5 9
5 10
5 12
5 18
5 19
5 22
5 23
5 25
5 29
5 30
5 31
5 33
5 36
5 37
5 38
5 39
5 40
5 41
5 42
5 44
5 45
5 47
5 49
5 50
5 52
5 53
5 54
5 55
5 59
5 60
5 63
5 66
5 71
5 74
5 75
5 78
5 79
5 80
5 81
5 82
5 83
5 85
5 89
5 90
5 92
5 93
5 95
5 98
5 99
6 7
6 10
6 12
6 13
6 14
6 15
6 17
6 18
6 19
6 22
6 23
6 25
6 27
6 28
6 32
6 33
6 36
6 37
6 39
6 41
6 43
6 44
6 47
6 50
6 51
6 53
6 55
6 56
6 57
6 58
6 60
6 64
6 65
6 66
6 67
6 69
6 75
6 76
6 77
6 78
6 81
6 83
6 85
6 86
6 87
6 88
6 90
6 91
6 93
6 95
6 97
6 98
6 99
7 9
7 10
7 13
7 16
7 19
7 20
7 24
7 26
7 27
7 30
7 31
7 32
7 33
7 34
7 37
7 38
7 39
7 42
7 43
7 47
7 49
7 57
7 60
7 61
7 62
7 64
7 67
7 70
7 71
7 73
7 74
7 75
7 80
7 81
7 82
7 83
7 84
7 86
7 88
7 90
7 91
7 93
7 96
7 99
8 14
8 15
8 16
8 18
8 19
8 21
8 24
8 27
8 29
8 31
8 33
8 35
8 36
8 39
8 40
8 42
8 43
8 47
8 49
8 50
8 55
8 57
8 58
8 61
8 64
8 66
8 67
8 68
8 69
8 70
8 71
8 73
8 78
8 80
8 82
8 84
8 85
8 87
8 88
8 89
8 91
8 92
8 95
8 96
8 98
9 14
9 15
9 16
9 18
9 22
9 23
9 24
9 25
9 26
9 27
9 28
9 29
9 30
9 35
9 36
9 38
9 39
9 40
9 44
9 45
9 48
9 49
9 50
9 54
9 55
9 61
9 63
9 67
9 68
9 69
9 71
9 72
9 74
9 76
9 77
9 79
9 81
9 82
9 84
9 86
9 93
9 94
9 95
9 96
9 97
9 99
10 12
10 13
10 15
10 16
10 17
10 19
10 21
10 23
10 24
10 25
10 27
10 28
10 29
10 30
10 31
10 32
10 34
10 35
10 39
10 40
10 45
10 47
10 48
10 49
10 52
10 54
10 56
10 57
10 60
10 61
10 69
10 71
10 72
10 73
10 74
10 75
10 76
10 79
10 81
10 86
10 89
10 91
10 94
10 95
11 12
11 14
11 16
11 18
11 20
11 22
11 23
11 25
11 26
11 28
11 29
11 30
11 32
11 38
11 40
11 41
11 42
11 44
11 45
11 46
11 47
11 48
11 51
11 53
11 54
11 58
11 64
11 68
11 69
11 70
11 73
11 74
11 77
11 78
11 79
11 81
11 84
11 87
11 89
11 91
11 97
11 98
11 99
12 14
12 18
12 20
12 26
12 28
12 29
12 31
12 33
12 35
12 37
12 38
12 39
12 41
12 42
12 44
12 45
12 46
12 47
12 50
12 51
12 55
12 56
12 59
12 62
12 64
12 65
12 66
12 67
12 68
12 70
12 72
12 73
12 75
12 76
12 78
12 79
12 80
12 81
12 82
12 88
12 90
12 92
12 94
12 96
12 97
12 98
13 14
13 16
13 17
13 18
13 19
13 20
13 21
13 22
13 23
13 24
13 26
13 27
13 31
13 33
13 34
13 39
13 43
13 46
13 47
13 52
13 53
13 57
13 59
13 62
13 64
13 65
13 66
13 67
13 68
13 70
13 71
13 74
13 77
13 80
13 81
13 82
13 83
13 84
13 85
13 87
13 90
13 94
13 95
13 96
13 97
13 98
13 99
14 15
14 16
14 18
14 19
14 20
14 21
14 23
14 26
14 27
14 28
14 29
14 30
14 32
14 33
14 34
14 35
14 36
14 37
14 39
14 42
14 45
14 47
14 49
14 50
14 51
14 52
14 59
14 60
14 61
14 62
14 63
14 67
14 69
14 71
14 72
14 73
14 75
14 76
14 78
14 79
14 80
14 81
14 82
14 85
14 86
14 88
14 89
14 92
14 93
14 94
15 17
15 18
15 22
15 25
15 26
15 31
15 32
15 34
15 43
15 49
15 50
15 53
15 55
15 57
15 59
15 60
15 61
15 62
15 66
15 67
15 68
15 76
15 78
15 82
15 85
15 86
15 93
15 94
15 95
15 96
15 99
16 18
16 22
16 25
16 32
16 36
16 37
16 38
16 39
16 41
16 43
16 44
16 47
16 48
16 51
16 53
16 55
16 56
16 57
16 58
16 60
16 64
16 65
16 66
16 67
16 68
16 69
16 70
16 73
16 75
16 76
16 77
16 81
16 82
16 84
16 88
16 90
16 91
16 96
16 97
16 98
17 18
17 19
17 20
17 21
17 22
17 26
17 30
17 31
17 32
17 35
17 36
17 41
17 42
17 45
17 48
17 49
17 51
17 52
17 53
17 56
17 57
17 59
17 60
17 61
17 62
17 63
17 64
17 65
17 66
17 67
17 69
17 73
17 74
17 77
17 78
17 81
17 83
17 84
17 85
17 86
17 88
17 92
17 95
18 19
18 20
18 23
18 25
18 26
18 31
18 32
18 33
18 35
18 37
18 41
18 43
18 47
18 50
18 51
18 54
18 57
18 59
18 60
18 62
18 64
18 65
18 66
18 67
18 68
18 69
18 70
18 74
18 75
18 76
18 80
18 82
18 85
18 86
18 87
18 88
18 90
18 91
18 93
18 97
19 20
19 22
19 23
19 27
19 30
19 35
19 38
19 40
19 41
19 42
19 44
19 45
19 46
19 47
19 48
19 50
19 51
19 52
19 53
19 56
19 57
19 59
19 64
19 68
19 69
19 70
19 71
19 73
19 75
19 78
19 80
19 82
19 83
19 88
19 89
19 92
19 93
19 94
19 95
19 99
20 21
20 22
20 23
20 27
20 31
20 32
20 34
20 35
20 36
20 37
20 38
20 41
20 42
20 43
20 44
20 45
20 46
20 49
20 51
20 52
20 53
20 54
20 56
20 58
20 61
20 63
20 64
20 69
20 71
20 72
20 73
20 74
20 75
20 81
20 82
20 83
20 85
20 86
20 88
20 91
20 92
20 97
20 99
21 22
21 24
21 26
21 27
21 28
21 31
21 35
21 38
21 42
21 43
21 44
21 45
21 47
21 48
21 49
21 50
21 51
21 53
21 56
21 57
21 58
21 60
21 61
21 63
21 66
21 68
21 71
21 72
21 77
21 78
21 79
21 82
21 83
21 84
21 88
21 92
21 95
21 96
21 98
21 99
22 23
22 26
22 27
22 34
22 42
22 43
22 44
22 45
22 51
22 52
22 53
22 57
22 60
22 68
22 71
22 72
22 73
22 74
22 75
22 80
22 81
22 82
22 84
22 85
22 90
22 91
22 92
22 93
22 94
22 95
23 26
23 30
23 33
23 34
23 35
23 36
23 39
23 40
23 44
23 45
23 47
23 48
23 50
23 52
23 53
23 54
23 56
23 60
23 62
23 65
23 66
23 71
23 74
23 75
23 76
23 77
23 79
23 80
23 81
23 86
23 87
23 91
23 93
23 94
23 98
24 25
24 27
24 28
24 29
24 30
24 35
24 40
24 42
24 44
24 45
24 47
24 48
24 49
24 55
24 57
24 58
24 60
24 62
24 63
24 65
24 66
24 68
24 70
24 71
24 72
24 77
24 78
24 79
24 81
24 82
24 84
24 86
24 87
24 89
24 90
24 92
24 93
24 94
24 96
25 26
25 27
25 29
25 31
25 32
25 36
25 38
25 45
25 46
25 49
25 50
25 53
25 55
25 56
25 58
25 62
25 63
25 65
25 66
25 67
25 69
25 71
25 72
25 73
25 74
25 75
25 77
25 81
25 82
25 83
25 86
25 89
25 90
25 91
25 93
25 94
25 95
25 96
25 97
25 98
26 32
26 34
26 35
26 38
26 39
26 40
26 41
26 42
26 44
26 46
26 49
26 51
26 52
26 53
26 55
26 56
26 57
26 59
26 61
26 62
26 64
26 65
26 70
26 72
26 74
26 76
26 78
26 79
26 80
26 81
26 82
26 84
26 85
26 87
26 88
26 89
26 90
26 92
26 93
26 94
26 95
26 96
26 97
26 98
27 29
27 30
27 31
27 33
27 34
27 39
27 40
27 41
27 42
27 43
27 47
27 49
27 55
27 57
27 58
27 62
27 63
27 64
27 65
27 67
27 68
27 71
27 76
27 79
27 80
27 81
27 82
27 83
27 84
27 87
27 89
27 90
27 94
27 95
27 96
27 98
27 99
28 29
28 30
28 31
28 33
28 35
28 36
28 37
28 38
28 41
28 44
28 45
28 47
28 48
28 49
28 50
28 51
28 52
28 53
28 56
28 59
28 60
28 61
28 62
28 67
28 68
28 69
28 70
28 75
28 76
28 77
28 79
28 82
28 85
28 88
28 90
28 91
28 94
28 96
28 98
29 32
29 35
29 36
29 37
29 39
29 40
29 42
29 44
29 45
29 47
29 51
29 53
29 58
29 65
29 70
29 71
29 72
29 73
29 74
29 75
29 78
29 79
29 86
29 89
29 90
29 91
29 94
29 95
29 96
29 98
29 99
30 31
30 32
30 35
30 36
30 40
30 41
30 42
30 44
30 45
30 51
30 53
30 56
30 62
30 63
30 65
30 70
30 72
30 75
30 76
30 78
30 80
30 82
30 84
30 87
30 88
30 89
30 95
30 98
31 34
31 35
31 36
31 37
31 40
31 42
31 44
31 46
31 47
31 48
31 50
31 55
31 59
31 65
31 66
31 69
31 71
31 73
31 77
31 78
31 79
31 82
31 84
31 85
31 87
31 88
31 89
31 90
31 93
31 96
31 97
32 33
32 35
32 39
32 42
32 44
32 48
32 49
32 50
32 52
32 53
32 54
32 58
32 59
32 60
32 66
32 68
32 69
32 71
32 72
32 73
32 77
32 78
32 79
32 81
32 82
32 83
32 84
32 85
32 87
32 91
32 92
32 95
32 96
32 97
33 35
33 38
33 40
33 42
33 44
33 46
33 49
33 50
33 52
33 53
33 54
33 55
33 56
33 58
33 60
33 61
33 64
33 67
33 69
33 70
33 77
33 78
33 81
33 82
33 86
33 87
33 90
33 91
33 92
33 94
33 95
33 96
33 97
33 98
34 36
34 37
34 39
34 41
34 43
34 47
34 49
34 50
34 52
34 53
34 54
34 55
34 56
34 57
34 60
34 61
34 64
34 65
34 66
34 67
34 69
34 76
34 80
34 82
34 83
34 84
34 87
34 88
34 89
34 91
34 92
34 93
34 95
34 97
35 36
35 37
35 41
35 43
35 44
35 50
35 51
35 52
35 54
35 55
35 57
35 59
35 63
35 66
35 67
35 71
35 72
35 79
35 80
35 83
35 86
35 88
35 91
35 92
35 96
35 98
35 99
36 37
36 39
36 41
36 42
36 43
36 46
36 47
36 48
36 49
36 53
36 59
36 60
36 62
36 64
36 65
36 66
36 67
36 69
36 72
36 74
36 75
36 77
36 80
36 82
36 84
36 85
36 86
36 91
36 92
36 95
36 97
36 99
37 38
37 39
37 40
37 42
37 43
37 44
37 48
37 49
37 50
37 51
37 52
37 55
37 57
37 58
37 59
37 60
37 63
37 65
37 68
37 69
37 70
37 72
37 73
37 74
37 75
37 79
37 81
37 82
37 83
37 87
37 91
37 92
37 94
37 96
37 98
37 99
38 39
38 40
38 41
38 42
38 43
38 44
38 45
38 46
38 52
38 54
38 55
38 56
38 57
38 58
38 59
38 60
38 62
38 63
38 64
38 67
38 68
38 69
38 72
38 74
38 75
38 79
38 92
38 95
38 96
39 40
39 41
39 42
39 46
39 50
39 55
39 57
39 59
39 61
39 62
39 63
39 66
39 67
39 69
39 73
39 74
39 75
39 76
39 80
39 83
39 85
39 87
39 89
39 90
39 91
39 92
39 94
39 97
40 42
40 47
40 49
40 53
40 55
40 58
40 59
40 62
40 69
40 70
40 72
40 73
40 75
40 78
40 80
40 81
40 82
40 84
40 85
40 86
40 87
40 88
40 89
40 90
40 91
40 92
40 93
40 97
40 98
41 43
41 50
41 51
41 52
41 56
41 57
41 59
41 61
41 62
41 63
41 65
41 66
41 67
41 69
41 70
41 71
41 77
41 78
41 80
41 81
41 87
41 88
41 89
41 90
41 92
41 94
41 95
41 96
41 97
42 43
42 46
42 47
42 50
42 52
42 56
42 57
42 59
42 60
42 62
42 63
42 64
42 68
42 69
42 70
42 71
42 74
42 75
42 77
42 79
42 80
42 81
42 83
42 84
42 85
42 86
42 87
42 91
42 92
42 94
42 95
42 97
42 99
43 44
43 47
43 49
43 50
43 52
43 54
43 55
43 57
43 62
43 65
43 68
43 70
43 71
43 72
43 75
43 76
43 78
43 79
43 81
43 83
43 84
43 85
43 86
43 87
43 91
43 92
43 95
43 98
44 45
44 48
44 51
44 53
44 54
44 55
44 58
44 62
44 65
44 69
44 70
44 72
44 79
44 80
44 83
44 85
44 86
44 88
44 89
44 90
44 91
44 92
44 96
44 99
45 46
45 47
45 48
45 49
45 50
45 51
45 54
45 56
45 67
45 68
45 69
45 71
45 73
45 74
45 75
45 77
45 78
45 79
45 81
45 84
45 85
45 86
45 89
45 91
45 94
45 96
45 97
45 98
46 52
46 54
46 55
46 56
46 57
46 58
46 59
46 62
46 63
46 64
46 66
46 69
46 70
46 71
46 74
46 75
46 78
46 80
46 81
46 86
46 87
46 88
46 90
46 92
46 94
46 95
46 96
46 97
47 49
47 50
47 52
47 58
47 59
47 60
47 61
47 64
47 66
47 67
47 71
47 72
47 75
47 76
47 78
47 79
47 81
47 83
47 85
47 93
47 94
48 50
48 53
48 55
48 57
48 61
48 63
48 67
48 69
48 72
48 77
48 78
48 80
48 82
48 83
48 84
48 87
48 88
48 89
48 90
48 92
48 94
48 95
48 97
48 98
48 99
49 53
49 54
49 57
49 59
49 60
49 65
49 66
49 68
49 74
49 77
49 78
49 79
49 82
49 86
49 87
49 89
49 91
49 93
49 95
49 98
50 51
50 58
50 59
50 63
50 65
50 66
50 69
50 71
50 73
50 74
50 75
50 78
50 82
50 83
50 86
50 87
50 88
50 89
50 90
50 91
50 92
50 94
50 95
50 96
50 97
51 52
51 55
51 58
51 59
51 60
51 61
51 63
51 68
51 69
51 70
51 72
51 73
51 74
51 76
51 78
51 79
51 80
51 81
51 82
51 84
51 87
51 91
51 92
51 93
51 97
51 98
52 53
52 57
52 58
52 59
52 61
52 62
52 64
52 65
52 67
52 69
52 70
52 74
52 76
52 80
52 83
52 84
52 86
52 89
52 90
52 92
52 99
53 57
53 58
53 60
53 62
53 63
53 66
53 69
53 70
53 71
53 72
53 73
53 74
53 77
53 79
53 80
53 82
53 85
53 86
53 87
53 88
53 89
53 90
53 92
53 94
53 98
53 99
54 55
54 58
54 59
54 61
54 62
54 65
54 66
54 67
54 68
54 71
54 72
54 73
54 75
54 77
54 78
54 83
54 84
54 87
54 89
54 91
54 93
54 98
55 56
55 59
55 63
55 64
55 65
55 68
55 70
55 71
55 72
55 73
55 75
55 82
55 83
55 86
55 90
55 91
55 92
55 93
55 94
55 96
55 98
56 58
56 59
56 61
56 64
56 66
56 70
56 71
56 72
56 76
56 78
56 81
56 82
56 83
56 85
56 86
56 89
56 90
56 92
56 94
56 95
56 97
56 99
57 58
57 60
57 63
57 64
57 66
57 68
57 69
57 72
57 73
57 76
57 77
57 79
57 80
57 83
57 84
57 87
57 91
57 93
57 94
57 96
57 98
57 99
58 61
58 62
58 65
58 70
58 73
58 75
58 76
58 79
58 81
58 82
58 88
58 90
58 91
58 92
58 94
58 96
58 97
59 60
59 61
59 62
59 63
59 65
59 66
59 67
59 69
59 70
59 73
59 74
59 75
59 76
59 78
59 79
59 80
59 81
59 84
59 85
59 86
59 89
59 91
59 93
59 94
59 99
60 62
60 63
60 66
60 69
60 70
60 73
60 75
60 78
60 79
60 80
60 82
60 86
60 91
60 94
60 98
60 99
61 68
61 71
61 72
61 77
61 79
61 83
61 84
61 85
61 86
61 88
61 89
61 90
61 98
61 99
62 63
62 64
62 66
62 68
62 70
62 71
62 77
62 82
62 83
62 84
62 86
62 88
62 90
62 92
62 93
62 94
62 97
62 99
63 64
63 66
63 68
63 71
63 73
63 74
63 78
63 81
63 83
63 84
63 85
63 86
63 89
63 91
63 92
63 93
63 94
63 96
63 97
63 98
63 99
64 65
64 71
64 72
64 73
64 78
64 80
64 83
64 84
64 85
64 90
64 91
64 92
64 93
64 97
65 67
65 68
65 70
65 71
65 72
65 74
65 75
65 76
65 78
65 79
65 80
65 81
65 86
65 87
65 88
65 91
65 92
65 94
65 95
65 96
65 97
65 98
66 67
66 69
66 71
66 73
66 74
66 75
66 77
66 79
66 85
66 86
66 88
66 90
66 91
66 92
66 94
66 96
66 97
66 98
66 99
67 68
67 69
67 70
67 72
67 73
67 75
67 76
67 77
67 78
67 79
67 81
67 82
67 83
67 87
67 88
67 90
67 91
67 92
67 93
67 94
67 97
67 98
68 69
68 71
68 73
68 74
68 76
68 77
68 82
68 83
68 84
68 85
68 87
68 96
68 97
69 71
69 72
69 74
69 76
69 78
69 81
69 83
69 86
69 88
69 89
69 90
69 95
69 96
69 97
69 98
69 99
70 71
70 72
70 73
70 74
70 75
70 76
70 77
70 79
70 80
70 81
70 84
70 85
70 93
70 97
70 98
70 99
71 74
71 75
71 77
71 79
71 81
71 82
71 83
71 84
71 85
71 87
71 89
71 91
71 93
71 96
71 97
71 98
71 99
72 74
72 75
72 76
72 77
72 78
72 79
72 80
72 82
72 83
72 84
72 86
72 87
72 88
72 95
72 96
72 97
72 99
73 74
73 78
73 80
73 81
73 84
73 85
73 88
73 90
73 91
73 92
73 93
73 94
73 95
73 97
73 98
74 75
74 76
74 77
74 78
74 79
74 83
74 85
74 86
74 91
74 95
75 76
75 79
75 84
75 86
75 88
75 92
75 93
75 94
75 97
75 98
76 79
76 80
76 81
76 82
76 86
76 88
76 90
76 98
77 80
77 81
77 82
77 83
77 87
77 88
77 91
77 95
77 98
77 99
78 82
78 86
78 87
78 88
78 90
78 91
78 94
78 95
78 97
78 99
79 80
79 81
79 83
79 84
79 91
79 95
80 82
80 83
80 87
80 89
80 90
80 91
80 92
80 96
80 98
80 99
81 85
81 89
81 90
81 91
81 92
81 94
81 95
81 98
81 99
82 84
82 85
82 86
82 88
82 89
82 90
82 91
82 92
82 93
82 97
82 98
83 84
83 87
83 88
83 89
83 90
83 94
83 95
83 96
83 98
84 85
84 88
84 90
84 91
84 94
85 86
85 87
85 88
85 89
85 90
85 93
85 94
85 95
85 99
86 88
86 90
86 91
86 92
86 96
87 89
87 90
87 92
87 94
87 95
87 96
88 90
88 93
88 94
88 95
89 90
89 94
89 95
89 96
90 91
90 95
90 97
90 98
91 92
91 94
91 98
91 99
92 98
92 99
93 94
93 96
93 98
94 95
94 97
94 99
95 96
95 98
95 99
96 97
96 99
97 98
97 99
