0 3
0 4
0 8
0 16
0 21
0 23
0 26
0 29
0 30
0 33
0 34
0 36
0 37
0 41
0 45
0 48
0 51
0 52
0 54
0 55
0 58
0 59
0 63
0 65
0 66
0 69
0 70
0 72
0 73
0 77
0 80
0 81
0 83
0 84
0 85
0 87
0 88
0 89
0 94
0 95
0 97
1 3
1 6
1 8
1 13
1 16
1 19
1 23
1 27
1 28
1 30
1 33
1 34
1 36
1 39
1 41
1 43
1 44
1 47
1 49
1 50
1 53
1 56
1 57
1 59
1 60
1 62
1 64
1 68
1 69
1 71
1 72
1 73
1 74
1 77
1 79
1 80
1 82
1 83
1 86
1 88
1 91
1 92
1 93
1 96
1 97
2 3
2 5
2 7
2 9
2 11
2 13
2 15
2 20
2 24
2 26
2 27
2 30
2 31
2 32
2 35
2 39
2 42
2 43
2 44
2 49
2 52
2 53
2 56
2 58
2 63
2 67
2 69
2 71
2 74
2 81
2 83
2 86
2 89
2 91
2 94
3 8
3 16
3 17
3 18
3 20
3 23
3 24
3 25
3 26
3 28
3 29
3 42
3 52
3 54
3 61
3 65
3 66
3 68
3 70
3 73
3 79
3 82
3 88
3 90
3 94
3 95
3 98
3 99
4 5
4 9
4 11
4 18
4 19
4 21
4 26
4 28
4 32
4 34
4 39
4 42
4 44
4 47
4 48
4 49
4 50
4 51
4 53
4 55
4 56
4 58
4 59
4 65
4 66
4 67
4 68
4 71
4 74
4 75
4 76
4 80
4 95
4 99
5 6
5 7
5 10
5 12
5 17
5 19
5 20
5 27
5 30
5 32
5 37
5 40
5 42
5 43
5 47
5 51
5 53
5 54
5 55
5 61
5 65
5 66
5 67
5 69
5 72
5 76
5 77
5 79
5 80
5 81
5 82
5 88
5 92
5 93
5 94
5 95
5 97
6 10
6 12
6 13
6 14
6 17
6 19
6 24
6 27
6 28
6 30
6 32
6 35
6 38
6 40
6 41
6 43
6 48
6 49
6 50
6 54
6 55
6 56
6 60
6 61
6 69
6 71
6 73
6 74
6 75
6 85
6 86
6 93
6 95
6 96
6 99
7 8
7 13
7 19
7 20
7 22
7 24
7 25
7 31
7 38
7 40
7 42
7 43
7 47
7 52
7 53
7 54
7 55
7 56
7 57
7 63
7 71
7 75
7 76
7 77
7 79
7 80
7 81
7 85
7 86
7 89
7 90
7 95
7 96
7 98
7 99
8 9
8 10
8 12
8 14
8 15
8 18
8 25
8 26
8 27
8 28
8 29
8 30
8 34
8 36
8 37
8 45
8 49
8 50
8 57
8 59
8 61
8 62
8 64
8 68
8 72
8 75
8 77
8 79
8 81
8 85
8 91
8 92
8 93
8 94
8 96
8 99
9 10
9 12
9 14
9 16
9 19
9 20
9 22
9 23
9 25
9 28
9 30
9 36
9 46
9 49
9 50
9 56
9 58
9 60
9 62
9 63
9 67
9 69
9 70
9 72
9 73
9 75
9 77
9 78
9 79
9 80
9 84
9 88
9 89
9 95
9 96
9 97
10 11
10 12
10 17
10 19
10 20
10 23
10 25
10 28
10 33
10 36
10 38
10 43
10 46
10 48
10 50
10 51
10 52
10 53
10 57
10 58
10 62
10 63
10 65
10 69
10 74
10 79
10 82
10 85
10 86
10 87
10 90
10 93
10 98
10 99
11 16
11 17
11 20
11 23
11 24
11 26
11 27
11 31
11 34
11 36
11 37
11 39
11 40
11 42
11 43
11 47
11 52
11 56
11 59
11 60
11 62
11 64
11 66
11 69
11 70
11 71
11 74
11 77
11 87
11 89
11 94
12 13
12 16
12 17
12 18
12 20
12 21
12 22
12 23
12 25
12 27
12 28
12 29
12 30
12 35
12 37
12 40
12 42
12 45
12 48
12 49
12 55
12 56
12 57
12 60
12 61
12 62
12 63
12 65
12 68
12 70
12 71
12 74
12 75
12 82
12 83
12 84
12 89
12 93
12 95
12 96
12 98
12 99
13 17
13 19
13 29
13 31
13 34
13 35
13 36
13 39
13 40
13 42
13 43
13 44
13 45
13 46
13 47
13 50
13 53
13 59
13 60
13 61
13 62
13 63
13 64
13 69
13 70
13 72
13 75
13 77
13 79
13 80
13 82
13 83
13 85
13 88
13 92
13 96
13 98
13 99
14 18
14 20
14 21
14 28
14 29
14 30
14 31
14 35
14 37
14 42
14 47
14 49
14 50
14 51
14 53
14 57
14 58
14 61
14 62
14 63
14 67
14 68
14 70
14 74
14 75
14 76
14 77
14 79
14 80
14 81
14 82
14 83
14 84
14 90
14 91
14 93
14 94
14 95
15 16
15 18
15 19
15 21
15 22
15 23
15 27
15 30
15 31
15 34
15 40
15 41
15 45
15 46
15 49
15 50
15 51
15 60
15 61
15 62
15 63
15 72
15 74
15 80
15 82
15 85
15 89
15 96
16 17
16 18
16 19
16 21
16 22
16 23
16 28
16 30
16 31
16 32
16 34
16 35
16 36
16 39
16 40
16 43
16 52
16 53
16 55
16 64
16 65
16 67
16 71
16 73
16 76
16 83
16 87
16 91
16 98
17 20
17 22
17 24
17 27
17 28
17 31
17 32
17 35
17 36
17 37
17 38
17 40
17 43
17 45
17 47
17 49
17 51
17 56
17 60
17 61
17 62
17 63
17 64
17 65
17 74
17 75
17 77
17 82
17 83
17 84
17 85
17 87
17 88
17 90
17 92
17 94
17 98
17 99
18 21
18 25
18 27
18 28
18 30
18 31
18 32
18 33
18 35
18 37
18 39
18 40
18 42
18 46
18 48
18 49
18 51
18 54
18 55
18 57
18 58
18 62
18 63
18 65
18 67
18 72
18 73
18 76
18 78
18 80
18 81
18 82
18 84
18 89
18 91
18 95
18 98
19 20
19 22
19 29
19 30
19 31
19 35
19 39
19 42
19 44
19 46
19 48
19 49
19 52
19 53
19 56
19 58
19 62
19 64
19 65
19 67
19 68
19 72
19 74
19 75
19 76
19 77
19 79
19 82
19 83
19 86
19 90
19 91
19 95
19 96
20 21
20 22
20 30
20 31
20 34
20 35
20 37
20 38
20 40
20 44
20 45
20 50
20 53
20 59
20 60
20 62
20 66
20 67
20 70
20 72
20 73
20 75
20 77
20 78
20 80
20 81
20 82
20 83
20 85
20 86
20 87
20 88
20 93
20 97
21 24
21 25
21 28
21 29
21 40
21 44
21 45
21 47
21 50
21 52
21 56
21 61
21 63
21 66
21 67
21 70
21 73
21 74
21 77
21 80
21 82
21 84
21 89
21 92
21 95
21 96
21 98
21 99
22 26
22 30
22 37
22 38
22 39
22 40
22 42
22 45
22 48
22 49
22 51
22 53
22 54
22 55
22 58
22 59
22 64
22 65
22 69
22 72
22 73
22 76
22 85
22 89
22 92
22 94
22 97
22 99
23 24
23 25
23 29
23 36
23 38
23 41
23 46
23 49
23 53
23 56
23 61
23 64
23 69
23 70
23 79
23 83
23 84
23 85
23 87
23 89
23 90
23 93
23 95
23 99
24 29
24 33
24 37
24 41
24 44
24 45
24 47
24 48
24 54
24 55
24 58
24 60
24 63
24 64
24 67
24 68
24 71
24 73
24 74
24 79
24 80
24 81
24 82
24 84
24 86
24 87
24 89
24 91
24 92
24 93
24 94
24 95
24 99
25 27
25 31
25 32
25 33
25 41
25 44
25 45
25 46
25 49
25 52
25 54
25 55
25 56
25 63
25 64
25 65
25 67
25 68
25 70
25 71
25 74
25 75
25 80
25 81
25 86
25 90
25 92
25 93
25 97
26 27
26 29
26 31
26 32
26 33
26 36
26 37
26 38
26 40
26 42
26 43
26 44
26 45
26 46
26 47
26 48
26 49
26 51
26 57
26 58
26 61
26 65
26 69
26 72
26 74
26 78
26 79
26 84
26 85
26 86
26 87
26 88
26 89
26 91
26 92
26 93
26 97
27 30
27 31
27 32
27 35
27 37
27 39
27 40
27 43
27 46
27 48
27 49
27 53
27 62
27 63
27 64
27 67
27 69
27 73
27 75
27 76
27 81
27 83
27 88
27 89
27 90
27 95
27 96
27 98
28 31
28 37
28 38
28 41
28 44
28 46
28 49
28 52
28 53
28 57
28 61
28 66
28 67
28 68
28 69
28 72
28 75
28 77
28 82
28 84
28 85
28 86
28 87
28 92
28 93
28 94
28 95
28 96
28 97
28 98
29 34
29 37
29 39
29 41
29 42
29 43
29 46
29 52
29 55
29 56
29 58
29 60
29 63
29 65
29 70
29 71
29 73
29 74
29 76
29 79
29 82
29 86
29 92
29 93
29 97
30 31
30 33
30 36
30 37
30 44
30 45
30 49
30 50
30 52
30 53
30 56
30 59
30 62
30 65
30 70
30 71
30 72
30 78
30 79
30 81
30 83
30 86
30 87
30 90
30 91
30 93
30 95
30 97
30 99
31 33
31 34
31 35
31 39
31 47
31 49
31 50
31 51
31 54
31 56
31 57
31 59
31 63
31 65
31 69
31 71
31 74
31 86
31 87
31 91
31 93
31 95
31 98
32 34
32 35
32 37
32 40
32 42
32 43
32 49
32 51
32 52
32 55
32 60
32 63
32 66
32 69
32 72
32 76
32 80
32 81
32 82
32 86
32 89
32 90
32 91
32 92
32 93
32 97
33 34
33 35
33 37
33 38
33 42
33 48
33 49
33 50
33 51
33 53
33 54
33 56
33 57
33 58
33 59
33 60
33 61
33 63
33 65
33 66
33 67
33 69
33 70
33 72
33 78
33 80
33 86
33 89
33 96
33 97
33 98
33 99
34 35
34 37
34 39
34 43
34 44
34 45
34 51
34 54
34 56
34 57
34 58
34 59
34 60
34 65
34 72
34 75
34 76
34 77
34 80
34 82
34 83
34 84
34 89
34 90
34 92
34 98
35 36
35 37
35 38
35 42
35 44
35 45
35 46
35 50
35 54
35 56
35 57
35 58
35 60
35 64
35 65
35 66
35 67
35 69
35 70
35 75
35 76
35 77
35 83
35 84
35 86
35 88
35 89
35 91
35 92
35 94
35 96
35 98
36 40
36 41
36 46
36 51
36 54
36 55
36 58
36 59
36 60
36 62
36 64
36 65
36 67
36 69
36 71
36 73
36 74
36 80
36 82
36 85
36 88
36 89
36 91
36 92
36 95
36 97
36 98
37 43
37 56
37 60
37 62
37 63
37 73
37 75
37 77
37 80
37 81
37 83
37 84
37 86
37 90
37 91
37 93
37 95
37 99
38 39
38 40
38 42
38 44
38 51
38 55
38 56
38 57
38 61
38 64
38 65
38 67
38 68
38 70
38 71
38 77
38 78
38 79
38 84
38 86
38 88
38 89
38 95
38 96
38 98
39 42
39 47
39 49
39 54
39 56
39 60
39 61
39 62
39 63
39 64
39 66
39 67
39 68
39 73
39 76
39 77
39 78
39 81
39 82
39 86
39 87
39 90
39 92
39 93
39 94
39 95
39 99
40 41
40 42
40 46
40 48
40 49
40 56
40 59
40 60
40 62
40 67
40 68
40 71
40 72
40 74
40 77
40 85
40 86
40 87
40 93
40 99
41 45
41 47
41 52
41 54
41 57
41 59
41 61
41 62
41 67
41 68
41 77
41 78
41 79
41 80
41 82
41 83
41 84
41 96
41 98
42 46
42 49
42 51
42 57
42 60
42 71
42 73
42 74
42 76
42 77
42 79
42 82
42 87
42 93
42 94
43 47
43 49
43 53
43 54
43 57
43 58
43 60
43 61
43 62
43 63
43 65
43 67
43 70
43 72
43 73
43 75
43 76
43 78
43 79
43 80
43 82
43 89
43 91
43 92
43 94
43 97
43 98
44 51
44 52
44 53
44 55
44 56
44 57
44 58
44 63
44 65
44 66
44 68
44 69
44 70
44 71
44 73
44 77
44 82
44 83
44 84
44 86
44 87
44 88
44 89
44 90
44 96
44 97
45 46
45 50
45 52
45 54
45 55
45 57
45 58
45 60
45 63
45 65
45 66
45 67
45 68
45 70
45 76
45 78
45 80
45 82
45 83
45 85
45 88
45 91
45 92
45 94
45 96
46 48
46 50
46 52
46 53
46 58
46 59
46 60
46 63
46 69
46 71
46 72
46 73
46 74
46 80
46 82
46 83
46 85
46 88
46 93
46 95
46 96
47 48
47 52
47 56
47 66
47 70
47 73
47 74
47 77
47 83
47 84
47 85
47 87
47 88
47 89
47 94
48 49
48 50
48 51
48 59
48 61
48 63
48 64
48 65
48 69
48 71
48 77
48 80
48 81
48 83
48 85
48 89
48 91
48 93
48 95
48 98
49 52
49 53
49 55
49 58
49 60
49 63
49 64
49 65
49 70
49 72
49 73
49 74
49 82
49 83
49 84
49 85
49 86
49 90
49 91
49 92
49 98
50 55
50 57
50 60
50 61
50 64
50 69
50 70
50 82
50 83
50 84
50 85
50 86
50 92
50 94
51 54
51 59
51 60
51 62
51 66
51 68
51 69
51 73
51 76
51 80
51 81
51 84
51 86
51 87
51 88
51 91
51 93
51 94
51 95
51 97
51 99
52 54
52 58
52 60
52 65
52 68
52 71
52 72
52 73
52 77
52 78
52 79
52 83
52 84
52 85
52 87
52 91
52 92
52 96
52 97
52 98
53 54
53 63
53 66
53 67
53 68
53 72
53 73
53 74
53 75
53 76
53 78
53 79
53 83
53 85
53 86
53 88
53 99
54 56
54 59
54 64
54 65
54 69
54 72
54 76
54 81
54 82
54 83
54 85
54 93
54 97
54 98
55 57
55 58
55 61
55 63
55 66
55 74
55 77
55 79
55 81
55 83
55 93
55 97
55 98
55 99
56 57
56 59
56 60
56 64
56 66
56 68
56 69
56 72
56 73
56 75
56 79
56 80
56 82
56 83
56 84
56 85
56 86
56 88
56 89
56 94
56 95
57 58
57 63
57 69
57 73
57 74
57 75
57 77
57 79
57 80
57 81
57 83
57 86
57 90
57 91
57 93
57 94
57 95
57 96
57 99
58 62
58 64
58 65
58 69
58 74
58 77
58 78
58 82
58 83
58 84
58 85
58 88
58 90
58 94
59 60
59 61
59 64
59 65
59 66
59 71
59 73
59 76
59 80
59 86
59 87
59 90
59 91
59 94
59 96
59 97
60 61
60 64
60 66
60 67
60 68
60 69
60 71
60 72
60 73
60 76
60 90
60 94
60 98
61 62
61 63
61 64
61 66
61 68
61 70
61 71
61 72
61 74
61 78
61 79
61 82
61 85
61 86
61 87
61 88
61 89
61 92
61 93
61 97
62 66
62 68
62 70
62 72
62 73
62 74
62 76
62 82
62 83
62 85
62 89
62 92
62 94
62 97
62 98
63 65
63 71
63 74
63 83
63 86
63 87
63 88
63 90
63 97
64 65
64 71
64 76
64 79
64 80
64 81
64 86
64 89
64 92
64 93
64 94
64 95
65 66
65 67
65 71
65 72
65 78
65 81
65 82
65 83
65 85
65 90
65 91
65 94
65 95
66 68
66 70
66 72
66 76
66 78
66 84
66 85
66 86
66 88
66 89
66 91
66 92
66 94
66 97
66 98
67 71
67 72
67 73
67 75
67 78
67 83
67 85
67 87
67 89
67 90
67 91
67 92
67 96
67 98
68 70
68 73
68 74
68 75
68 76
68 79
68 84
68 86
68 90
68 93
68 94
68 95
69 73
69 76
69 81
69 83
69 86
69 87
69 89
69 95
69 96
70 71
70 72
70 73
70 74
70 78
70 85
70 86
70 88
70 89
70 91
70 93
70 99
71 73
71 74
71 75
71 77
71 89
71 92
72 76
72 78
72 79
72 82
72 85
73 74
73 79
73 82
73 85
73 88
73 89
73 91
73 92
73 93
73 95
73 96
73 98
73 99
74 79
74 82
74 83
74 90
74 92
74 93
74 94
74 95
74 96
74 98
75 76
75 77
75 79
75 82
75 86
75 92
75 94
75 95
75 96
75 97
76 77
76 80
76 82
76 83
76 86
76 92
76 93
76 95
76 98
77 78
77 80
77 82
77 84
77 85
77 86
77 90
77 93
77 98
78 79
78 80
78 86
78 88
78 93
79 80
79 83
79 85
79 86
79 89
79 91
79 92
79 93
79 96
80 83
80 85
80 86
80 90
81 82
81 85
81 87
81 88
81 90
81 93
81 96
82 85
82 86
82 88
82 90
82 91
82 92
82 93
82 94
82 99
83 88
83 90
83 92
83 97
84 87
84 89
84 90
84 96
84 97
84 98
84 99
85 86
85 88
85 89
85 94
85 95
85 98
85 99
86 88
86 89
86 92
86 96
86 97
86 99
87 89
87 97
87 98
87 99
88 91
88 93
88 96
88 97
88 99
89 90
89 91
89 96
89 99
90 91
90 96
90 98
91 93
91 98
92 94
93 97
93 99
94 96
94 99
95 96
95 97
95 98
96 97
98 99
