0 5
0 8
0 10
0 11
0 13
0 16
0 17
0 18
0 20
0 21
0 22
0 24
0 29
0 33
0 34
0 35
0 36
0 41
0 42
0 45
0 50
0 51
0 53
0 56
0 57
0 58
0 60
0 61
0 63
0 66
0 68
0 69
0 70
0 76
0 85
0 87
0 88
0 89
0 91
0 92
0 95
0 96
0 97
0 98
1 3
1 4
1 8
1 11
1 15
1 16
1 20
1 23
1 26
1 32
1 41
1 43
1 44
1 45
1 51
1 52
1 54
1 60
1 66
1 67
1 69
1 72
1 73
1 74
1 75
1 76
1 77
1 78
1 83
1 91
1 98
2 3
2 6
2 7
2 12
2 14
2 17
2 18
2 20
2 21
2 22
2 25
2 27
2 30
2 31
2 36
2 38
2 42
2 49
2 51
2 52
2 53
2 55
2 60
2 62
2 69
2 73
2 74
2 75
2 76
2 77
2 82
2 84
2 85
2 86
2 87
2 97
2 99
3 6
3 8
3 12
3 13
3 14
3 18
3 23
3 26
3 29
3 31
3 36
3 37
3 43
3 44
3 62
3 64
3 68
3 69
3 70
3 76
3 78
3 79
3 82
3 83
3 85
3 87
3 88
3 91
3 94
3 96
4 6
4 11
4 12
4 24
4 28
4 29
4 32
4 34
4 36
4 41
4 42
4 46
4 47
4 48
4 51
4 54
4 57
4 60
4 65
4 68
4 74
4 75
4 76
4 77
4 80
4 81
4 82
4 88
4 90
4 98
5 6
5 9
5 12
5 13
5 18
5 20
5 23
5 24
5 26
5 30
5 33
5 37
5 38
5 40
5 41
5 42
5 45
5 49
5 55
5 57
5 61
5 62
5 67
5 71
5 72
5 74
5 75
5 76
5 82
5 84
5 85
5 86
5 87
5 88
5 89
5 90
5 91
5 93
5 95
5 96
5 99
6 9
6 11
6 13
6 14
6 17
6 19
6 21
6 23
6 27
6 30
6 34
6 38
6 42
6 43
6 46
6 47
6 48
6 49
6 50
6 52
6 54
6 57
6 59
6 68
6 69
6 71
6 72
6 74
6 77
6 78
6 81
6 82
6 83
6 84
6 88
6 90
6 92
6 93
6 96
6 97
7 8
7 19
7 21
7 27
7 28
7 30
7 31
7 37
7 48
7 49
7 51
7 54
7 57
7 61
7 63
7 66
7 68
7 70
7 72
7 75
7 77
7 80
7 82
7 83
7 85
7 86
7 88
7 92
7 93
7 95
7 96
7 98
7 99
8 10
8 12
8 16
8 21
8 22
8 23
8 28
8 29
8 32
8 33
8 42
8 43
8 45
8 47
8 52
8 58
8 59
8 61
8 66
8 67
8 69
8 73
8 75
8 78
8 81
8 84
8 85
8 86
8 88
8 89
8 92
8 96
8 97
9 11
9 12
9 13
9 15
9 16
9 17
9 20
9 21
9 23
9 24
9 30
9 32
9 33
9 36
9 38
9 40
9 44
9 49
9 61
9 71
9 72
9 73
9 74
9 75
9 76
9 80
9 85
9 88
9 93
9 95
9 96
9 97
9 98
10 13
10 17
10 19
10 21
10 26
10 27
10 28
10 37
10 39
10 40
10 42
10 43
10 44
10 55
10 57
10 58
10 59
10 60
10 62
10 63
10 64
10 69
10 72
10 73
10 80
10 83
10 86
10 87
10 91
10 92
10 93
10 95
10 96
10 97
11 14
11 19
11 20
11 22
11 24
11 26
11 28
11 32
11 33
11 34
11 36
11 38
11 39
11 42
11 43
11 47
11 51
11 52
11 56
11 57
11 59
11 63
11 66
11 67
11 68
11 71
11 74
11 76
11 78
11 80
11 91
11 94
11 95
11 99
12 13
12 20
12 21
12 22
12 24
12 27
12 32
12 33
12 35
12 36
12 38
12 41
12 42
12 43
12 46
12 49
12 51
12 53
12 55
12 56
12 57
12 60
12 62
12 69
12 70
12 71
12 75
12 76
12 79
12 83
12 87
12 90
12 93
12 94
12 96
12 97
12 99
13 14
13 15
13 17
13 19
13 20
13 21
13 22
13 23
13 24
13 25
13 26
13 34
13 36
13 38
13 40
13 43
13 47
13 49
13 51
13 53
13 58
13 59
13 63
13 64
13 67
13 69
13 71
13 72
13 79
13 81
13 85
13 86
13 96
13 97
13 99
14 21
14 22
14 24
14 25
14 26
14 29
14 33
14 34
14 35
14 36
14 38
14 44
14 45
14 47
14 55
14 56
14 57
14 58
14 61
14 66
14 69
14 70
14 72
14 74
14 75
14 76
14 78
14 79
14 84
14 85
14 86
14 88
14 89
14 90
14 91
14 92
14 93
14 97
15 21
15 25
15 26
15 27
15 28
15 29
15 30
15 31
15 32
15 33
15 34
15 35
15 37
15 38
15 39
15 41
15 43
15 48
15 50
15 51
15 56
15 59
15 60
15 64
15 66
15 67
15 69
15 72
15 75
15 77
15 78
15 83
15 84
15 85
15 87
15 88
15 92
15 93
15 94
15 97
16 17
16 18
16 20
16 22
16 23
16 24
16 26
16 31
16 32
16 33
16 34
16 35
16 38
16 42
16 45
16 49
16 51
16 54
16 62
16 67
16 72
16 78
16 81
16 82
16 86
16 93
16 98
17 20
17 21
17 23
17 24
17 26
17 28
17 29
17 32
17 34
17 39
17 43
17 44
17 46
17 47
17 48
17 49
17 50
17 54
17 59
17 66
17 67
17 68
17 69
17 70
17 73
17 74
17 83
17 85
17 87
17 92
17 96
18 28
18 32
18 35
18 37
18 38
18 39
18 41
18 43
18 45
18 52
18 53
18 54
18 55
18 59
18 63
18 64
18 65
18 66
18 71
18 72
18 74
18 76
18 77
18 84
18 93
18 96
19 20
19 21
19 22
19 23
19 25
19 27
19 28
19 30
19 33
19 37
19 39
19 42
19 44
19 45
19 46
19 47
19 53
19 55
19 58
19 59
19 60
19 64
19 65
19 67
19 74
19 76
19 80
19 82
19 86
19 88
19 90
19 92
19 94
19 95
19 96
19 97
19 98
19 99
20 21
20 22
20 26
20 27
20 30
20 35
20 39
20 41
20 45
20 50
20 54
20 58
20 60
20 61
20 62
20 64
20 67
20 73
20 75
20 77
20 78
20 81
20 88
20 89
20 91
20 92
20 95
20 97
21 23
21 25
21 26
21 29
21 30
21 31
21 32
21 33
21 40
21 41
21 43
21 44
21 45
21 47
21 55
21 56
21 58
21 59
21 63
21 64
21 67
21 68
21 71
21 75
21 77
21 79
21 81
21 83
21 84
21 90
21 93
21 96
21 98
21 99
22 26
22 30
22 33
22 34
22 37
22 38
22 40
22 44
22 45
22 46
22 48
22 49
22 51
22 52
22 54
22 55
22 57
22 58
22 66
22 68
22 71
22 72
22 76
22 78
22 82
22 89
22 90
22 95
23 25
23 27
23 29
23 32
23 34
23 38
23 39
23 43
23 51
23 53
23 57
23 66
23 71
23 78
23 82
23 84
23 86
23 89
23 91
23 96
23 97
23 98
24 26
24 33
24 34
24 36
24 39
24 40
24 48
24 49
24 51
24 52
24 53
24 55
24 57
24 64
24 65
24 66
24 67
24 71
24 75
24 76
24 78
24 79
24 83
24 85
24 87
24 89
24 91
24 92
24 94
24 97
25 27
25 29
25 30
25 33
25 35
25 36
25 38
25 41
25 43
25 45
25 47
25 49
25 51
25 54
25 63
25 65
25 66
25 69
25 71
25 72
25 80
25 85
25 86
25 90
25 94
25 97
26 29
26 30
26 33
26 34
26 38
26 40
26 43
26 46
26 48
26 50
26 52
26 57
26 60
26 62
26 64
26 67
26 70
26 72
26 79
26 82
26 83
26 85
26 97
27 29
27 30
27 32
27 37
27 38
27 40
27 42
27 45
27 46
27 49
27 50
27 52
27 57
27 59
27 60
27 63
27 68
27 69
27 73
27 77
27 78
27 79
27 80
27 82
27 85
27 87
27 88
27 89
27 94
27 96
27 98
28 29
28 33
28 38
28 46
28 47
28 48
28 49
28 52
28 53
28 62
28 63
28 65
28 67
28 68
28 69
28 71
28 77
28 79
28 84
28 86
29 30
29 33
29 38
29 40
29 42
29 43
29 44
29 49
29 51
29 57
29 59
29 61
29 62
29 63
29 65
29 67
29 68
29 69
29 72
29 77
29 81
29 82
29 83
29 85
29 86
29 87
29 88
29 91
29 93
29 96
29 97
29 98
29 99
30 33
30 37
30 38
30 45
30 46
30 48
30 50
30 52
30 53
30 54
30 58
30 66
30 67
30 72
30 73
30 78
30 79
30 82
30 84
30 86
30 87
30 89
30 93
30 96
30 98
31 32
31 33
31 35
31 38
31 46
31 48
31 52
31 58
31 60
31 61
31 62
31 65
31 70
31 71
31 74
31 76
31 83
31 91
31 97
31 98
32 37
32 38
32 39
32 42
32 43
32 46
32 52
32 53
32 55
32 63
32 64
32 66
32 67
32 68
32 70
32 71
32 72
32 77
32 80
32 82
32 86
32 89
32 91
32 93
32 97
33 34
33 37
33 39
33 42
33 43
33 47
33 48
33 49
33 51
33 53
33 54
33 55
33 59
33 60
33 61
33 63
33 65
33 68
33 69
33 70
33 71
33 74
33 76
33 78
33 79
33 80
33 81
33 84
33 85
33 88
33 89
33 93
33 97
33 99
34 36
34 37
34 39
34 40
34 44
34 55
34 57
34 58
34 59
34 63
34 64
34 66
34 69
34 71
34 72
34 76
34 83
34 85
34 86
34 90
34 93
34 99
35 36
35 37
35 38
35 41
35 43
35 48
35 50
35 52
35 53
35 56
35 59
35 62
35 65
35 68
35 69
35 71
35 78
35 79
35 80
35 84
35 90
35 93
35 94
35 96
36 38
36 40
36 43
36 45
36 46
36 49
36 50
36 57
36 64
36 65
36 70
36 72
36 74
36 76
36 77
36 80
36 81
36 83
36 86
36 89
36 91
36 94
36 98
36 99
37 38
37 39
37 43
37 45
37 47
37 48
37 49
37 53
37 54
37 58
37 61
37 65
37 66
37 67
37 69
37 72
37 74
37 76
37 81
37 86
37 87
37 89
37 91
37 93
37 98
37 99
38 39
38 47
38 54
38 55
38 56
38 59
38 65
38 71
38 74
38 77
38 80
38 84
38 85
38 86
38 87
38 98
38 99
39 42
39 43
39 44
39 47
39 50
39 52
39 53
39 54
39 59
39 64
39 67
39 73
39 74
39 75
39 78
39 85
39 87
39 89
40 44
40 47
40 50
40 51
40 54
40 55
40 59
40 60
40 61
40 62
40 64
40 65
40 68
40 71
40 76
40 84
40 87
40 88
40 90
40 93
40 94
40 95
40 99
41 42
41 46
41 47
41 51
41 55
41 57
41 58
41 62
41 63
41 64
41 67
41 70
41 73
41 74
41 75
41 77
41 78
41 81
41 83
41 84
41 85
41 87
41 90
41 91
41 92
41 97
41 98
42 43
42 44
42 45
42 48
42 49
42 51
42 52
42 55
42 58
42 62
42 63
42 71
42 72
42 74
42 78
42 79
42 87
42 90
42 94
42 95
42 98
42 99
43 45
43 46
43 48
43 51
43 55
43 57
43 60
43 61
43 63
43 65
43 66
43 69
43 70
43 71
43 73
43 74
43 75
43 79
43 80
43 82
43 85
43 86
43 87
43 92
43 93
43 99
44 45
44 51
44 55
44 56
44 58
44 61
44 62
44 63
44 68
44 69
44 72
44 73
44 76
44 77
44 78
44 79
44 84
44 85
44 89
44 91
44 95
44 96
44 98
44 99
45 47
45 51
45 53
45 55
45 56
45 59
45 60
45 65
45 66
45 68
45 71
45 73
45 77
45 80
45 85
45 87
45 88
45 92
46 47
46 48
46 50
46 54
46 55
46 59
46 60
46 62
46 63
46 67
46 68
46 69
46 70
46 74
46 75
46 77
46 78
46 84
46 87
46 88
46 89
46 90
46 92
47 50
47 51
47 54
47 55
47 62
47 65
47 70
47 73
47 76
47 77
47 82
47 83
47 84
47 90
47 92
47 93
47 95
47 97
47 98
48 49
48 50
48 51
48 53
48 55
48 56
48 57
48 60
48 61
48 65
48 67
48 68
48 72
48 73
48 74
48 75
48 77
48 79
48 80
48 82
48 84
48 85
48 88
48 91
48 92
48 95
48 97
48 98
49 52
49 54
49 56
49 57
49 59
49 60
49 61
49 62
49 63
49 65
49 68
49 70
49 72
49 73
49 74
49 75
49 76
49 79
49 84
49 86
49 90
49 91
49 93
49 94
49 96
49 99
50 51
50 52
50 56
50 57
50 58
50 59
50 61
50 62
50 69
50 70
50 72
50 75
50 82
50 85
50 86
50 90
50 93
50 96
50 97
51 56
51 59
51 65
51 68
51 69
51 72
51 73
51 75
51 76
51 77
51 79
51 82
51 86
51 89
51 94
51 95
52 57
52 60
52 61
52 62
52 63
52 65
52 67
52 68
52 69
52 71
52 73
52 74
52 77
52 80
52 82
52 86
52 87
52 93
52 95
52 96
53 56
53 58
53 59
53 62
53 69
53 74
53 76
53 77
53 83
53 85
53 87
53 88
53 89
53 90
53 91
53 94
53 95
53 98
54 59
54 60
54 62
54 63
54 70
54 71
54 72
54 74
54 82
54 83
54 85
54 86
54 90
54 91
54 92
54 94
55 58
55 59
55 62
55 64
55 69
55 74
55 76
55 78
55 80
55 90
55 91
55 93
55 97
55 98
55 99
56 57
56 60
56 61
56 66
56 76
56 79
56 80
56 82
56 83
56 85
56 96
57 58
57 59
57 62
57 65
57 68
57 69
57 72
57 75
57 76
57 77
57 82
57 87
57 88
57 90
57 91
57 93
57 95
58 62
58 65
58 70
58 71
58 73
58 75
58 77
58 80
58 83
58 86
58 90
58 92
59 60
59 64
59 65
59 68
59 69
59 75
59 77
59 82
59 84
59 85
59 86
59 90
59 91
59 92
59 93
60 61
60 63
60 64
60 65
60 66
60 72
60 73
60 74
60 76
60 79
60 83
60 84
60 88
60 91
60 95
60 99
61 62
61 63
61 66
61 67
61 72
61 74
61 76
61 82
61 86
61 87
61 88
61 91
61 97
62 64
62 68
62 69
62 70
62 75
62 76
62 78
62 84
62 91
63 69
63 70
63 71
63 72
63 73
63 74
63 75
63 76
63 77
63 78
63 79
63 80
63 82
63 83
63 87
63 88
63 91
63 92
63 93
63 94
63 95
63 96
63 98
63 99
64 70
64 75
64 76
64 80
64 81
64 84
64 91
64 92
64 94
64 99
65 67
65 69
65 72
65 74
65 79
65 80
65 83
65 85
65 86
65 87
65 88
65 90
65 91
65 96
65 98
65 99
66 72
66 73
66 74
66 75
66 77
66 84
66 86
66 88
66 90
66 91
66 97
67 73
67 78
67 83
67 85
67 86
67 87
67 90
67 92
67 94
67 95
67 98
67 99
68 73
68 76
68 77
68 78
68 80
68 81
68 84
68 90
68 93
68 95
68 96
68 97
69 76
69 77
69 82
69 86
69 92
69 93
69 96
70 75
70 76
70 80
70 91
70 95
70 96
70 97
70 98
70 99
71 72
71 76
71 78
71 82
71 85
71 89
71 93
71 98
72 74
72 77
72 79
72 84
72 87
72 91
72 92
72 93
72 97
72 98
73 74
73 79
73 81
73 86
73 90
73 94
73 97
74 76
74 78
74 83
74 84
74 90
74 92
74 95
74 98
75 76
75 78
75 83
75 85
75 87
75 88
75 91
75 96
75 97
75 99
76 79
76 82
76 84
76 86
76 87
76 88
76 89
76 93
76 94
76 95
77 78
77 80
77 82
77 83
77 84
77 85
77 88
77 91
77 92
77 97
77 98
78 85
78 88
78 89
78 91
78 93
78 94
78 97
78 98
79 81
79 82
79 85
79 87
79 90
79 92
79 94
79 98
80 82
80 84
80 85
80 89
80 91
80 94
80 95
81 89
81 93
81 95
82 84
82 86
82 87
82 91
82 96
82 97
82 98
83 86
83 89
83 92
83 98
83 99
84 86
84 87
84 88
84 90
84 97
84 99
85 92
85 93
85 95
85 96
85 97
85 99
86 87
86 91
86 92
86 96
86 97
87 88
87 89
87 92
87 95
88 94
88 95
89 91
90 95
90 96
90 98
90 99
91 94
91 97
92 98
92 99
93 95
93 97
94 95
94 96
94 98
95 98
96 99
97 98
97 99
