0 10
0 14
0 15
0 16
0 17
0 18
0 23
0 24
0 25
0 31
0 32
0 33
0 36
0 37
0 38
0 39
0 40
0 42
0 48
0 49
0 52
0 57
0 63
0 68
0 69
0 71
0 73
0 74
0 76
0 77
0 78
0 80
0 86
0 87
0 90
0 92
0 98
1 3
1 6
1 7
1 15
1 16
1 17
1 18
1 22
1 26
1 32
1 35
1 36
1 37
1 44
1 46
1 47
1 51
1 53
1 55
1 57
1 58
1 61
1 62
1 65
1 66
1 70
1 71
1 73
1 80
1 87
1 92
1 95
1 96
1 99
2 3
2 5
2 6
2 7
2 11
2 12
2 13
2 15
2 20
2 21
2 23
2 24
2 25
2 26
2 27
2 29
2 30
2 34
2 37
2 39
2 45
2 46
2 51
2 52
2 53
2 54
2 56
2 60
2 62
2 64
2 65
2 66
2 69
2 70
2 71
2 74
2 75
2 76
2 80
2 83
2 90
2 95
2 96
2 97
2 99
3 7
3 9
3 14
3 17
3 19
3 21
3 26
3 27
3 30
3 32
3 34
3 35
3 36
3 37
3 38
3 40
3 51
3 58
3 61
3 66
3 69
3 70
3 72
3 85
3 91
3 96
4 7
4 8
4 13
4 14
4 15
4 16
4 17
4 19
4 23
4 24
4 25
4 27
4 29
4 37
4 42
4 43
4 45
4 46
4 48
4 49
4 51
4 57
4 58
4 59
4 61
4 62
4 64
4 71
4 72
4 75
4 76
4 77
4 80
4 81
4 82
4 85
4 86
4 87
4 89
4 91
5 11
5 14
5 15
5 17
5 20
5 21
5 23
5 25
5 26
5 30
5 33
5 36
5 37
5 38
5 40
5 45
5 53
5 54
5 57
5 60
5 61
5 62
5 68
5 69
5 71
5 72
5 74
5 79
5 85
5 87
5 90
5 93
5 95
5 96
5 98
6 9
6 12
6 17
6 18
6 19
6 20
6 21
6 22
6 24
6 28
6 29
6 30
6 34
6 36
6 37
6 38
6 39
6 40
6 42
6 44
6 45
6 47
6 48
6 49
6 50
6 55
6 59
6 60
6 61
6 64
6 66
6 67
6 68
6 69
6 70
6 74
6 76
6 83
6 84
6 91
6 93
6 97
6 98
7 8
7 11
7 13
7 14
7 15
7 17
7 19
7 21
7 25
7 28
7 29
7 32
7 33
7 36
7 39
7 41
7 42
7 44
7 47
7 53
7 58
7 61
7 62
7 63
7 66
7 67
7 70
7 72
7 73
7 80
7 81
7 83
7 84
7 87
7 90
7 95
7 96
8 21
8 22
8 26
8 27
8 29
8 30
8 32
8 38
8 39
8 42
8 44
8 48
8 49
8 55
8 59
8 60
8 62
8 66
8 71
8 75
8 80
8 83
8 84
8 86
8 91
8 92
8 94
8 98
8 99
9 12
9 15
9 17
9 18
9 21
9 25
9 26
9 27
9 31
9 32
9 33
9 39
9 43
9 50
9 52
9 54
9 55
9 57
9 58
9 60
9 63
9 64
9 67
9 71
9 74
9 76
9 80
9 83
9 85
9 88
9 89
9 95
9 96
9 99
10 11
10 14
10 15
10 17
10 19
10 22
10 24
10 33
10 34
10 35
10 37
10 41
10 42
10 43
10 44
10 48
10 51
10 56
10 59
10 60
10 62
10 63
10 64
10 65
10 67
10 68
10 69
10 70
10 75
10 76
10 79
10 90
10 91
10 92
10 94
10 95
10 98
10 99
11 12
11 13
11 16
11 23
11 24
11 27
11 30
11 31
11 36
11 44
11 46
11 48
11 50
11 55
11 58
11 60
11 62
11 64
11 65
11 66
11 71
11 73
11 80
11 81
11 84
11 87
11 90
11 91
11 93
11 94
12 20
12 21
12 22
12 24
12 27
12 28
12 30
12 35
12 39
12 43
12 44
12 45
12 46
12 48
12 53
12 55
12 56
12 59
12 61
12 65
12 69
12 75
12 76
12 79
12 80
12 84
12 85
12 88
12 95
12 96
12 97
12 99
13 14
13 17
13 19
13 23
13 24
13 32
13 35
13 36
13 37
13 38
13 40
13 43
13 45
13 53
13 54
13 59
13 63
13 65
13 66
13 71
13 73
13 74
13 76
13 79
13 82
13 87
13 90
13 91
13 92
13 94
14 15
14 17
14 21
14 23
14 26
14 29
14 32
14 35
14 36
14 43
14 44
14 45
14 47
14 48
14 49
14 50
14 51
14 52
14 54
14 55
14 57
14 58
14 60
14 62
14 63
14 64
14 68
14 74
14 79
14 82
14 88
14 89
14 90
14 91
14 93
14 96
15 18
15 22
15 26
15 27
15 28
15 30
15 34
15 36
15 37
15 38
15 39
15 41
15 42
15 44
15 46
15 50
15 51
15 52
15 56
15 57
15 59
15 61
15 65
15 72
15 73
15 74
15 77
15 85
15 87
15 90
15 91
15 92
15 93
15 94
15 98
15 99
16 19
16 20
16 22
16 23
16 26
16 27
16 28
16 31
16 33
16 39
16 40
16 45
16 47
16 51
16 53
16 55
16 56
16 57
16 59
16 60
16 65
16 70
16 71
16 73
16 74
16 75
16 78
16 80
16 81
16 84
16 85
16 86
16 90
16 91
16 94
16 97
17 19
17 21
17 24
17 25
17 26
17 27
17 33
17 34
17 36
17 38
17 39
17 41
17 42
17 45
17 46
17 49
17 51
17 53
17 58
17 60
17 61
17 67
17 73
17 76
17 78
17 80
17 82
17 85
17 86
17 88
17 91
17 95
17 96
17 99
18 24
18 25
18 28
18 32
18 35
18 36
18 37
18 38
18 41
18 45
18 46
18 47
18 48
18 56
18 62
18 65
18 66
18 68
18 69
18 72
18 73
18 74
18 77
18 79
18 81
18 85
18 87
18 88
18 90
18 93
18 98
19 22
19 24
19 25
19 27
19 30
19 31
19 33
19 35
19 38
19 39
19 40
19 43
19 48
19 50
19 52
19 53
19 56
19 58
19 62
19 66
19 69
19 72
19 75
19 76
19 79
19 80
19 84
19 85
19 88
19 91
19 99
20 21
20 22
20 23
20 26
20 27
20 30
20 34
20 35
20 38
20 40
20 44
20 48
20 49
20 50
20 52
20 55
20 56
20 61
20 63
20 67
20 73
20 74
20 75
20 76
20 81
20 83
20 85
20 87
20 89
20 90
20 92
20 93
20 96
20 98
20 99
21 24
21 27
21 28
21 29
21 30
21 31
21 33
21 37
21 38
21 39
21 40
21 41
21 46
21 49
21 53
21 55
21 58
21 59
21 60
21 67
21 69
21 71
21 72
21 82
21 84
21 88
21 91
21 93
21 95
21 96
21 97
22 24
22 28
22 29
22 30
22 31
22 35
22 37
22 38
22 39
22 42
22 43
22 44
22 48
22 50
22 53
22 54
22 56
22 58
22 61
22 66
22 68
22 70
22 72
22 75
22 80
22 81
22 83
22 89
22 90
22 95
22 99
23 26
23 31
23 32
23 33
23 34
23 36
23 39
23 40
23 41
23 43
23 48
23 49
23 52
23 54
23 56
23 60
23 61
23 62
23 63
23 66
23 67
23 69
23 74
23 75
23 77
23 78
23 80
23 86
23 90
23 91
23 92
23 93
23 99
24 25
24 27
24 29
24 31
24 32
24 35
24 36
24 38
24 39
24 41
24 42
24 43
24 45
24 47
24 49
24 50
24 52
24 53
24 55
24 58
24 61
24 63
24 65
24 66
24 69
24 72
24 73
24 76
24 77
24 78
24 79
24 83
24 84
24 87
24 88
24 95
24 99
25 26
25 29
25 33
25 36
25 38
25 41
25 42
25 43
25 46
25 47
25 50
25 56
25 57
25 58
25 59
25 62
25 63
25 65
25 72
25 76
25 78
25 92
25 93
25 96
25 97
26 30
26 32
26 33
26 34
26 38
26 43
26 50
26 53
26 55
26 58
26 64
26 65
26 68
26 69
26 70
26 71
26 72
26 75
26 76
26 78
26 79
26 81
26 82
26 83
26 86
26 89
26 95
26 96
27 28
27 30
27 31
27 33
27 34
27 35
27 36
27 38
27 42
27 44
27 45
27 47
27 55
27 56
27 57
27 60
27 67
27 69
27 71
27 77
27 80
27 81
27 84
27 85
27 87
27 88
27 89
27 91
27 92
27 93
27 95
27 96
27 97
27 98
28 31
28 35
28 36
28 42
28 45
28 47
28 48
28 52
28 54
28 55
28 56
28 58
28 59
28 60
28 62
28 66
28 67
28 68
28 71
28 73
28 74
28 75
28 76
28 77
28 78
28 79
28 80
28 81
28 82
28 84
28 86
28 93
28 96
28 99
29 34
29 40
29 42
29 44
29 46
29 54
29 56
29 57
29 60
29 62
29 65
29 66
29 67
29 69
29 72
29 73
29 75
29 78
29 87
29 88
29 91
29 92
29 93
29 95
29 96
29 97
29 98
30 35
30 36
30 37
30 38
30 40
30 45
30 46
30 48
30 53
30 59
30 60
30 64
30 65
30 69
30 70
30 71
30 72
30 74
30 76
30 79
30 81
30 82
30 84
30 90
30 93
30 99
31 34
31 39
31 42
31 43
31 44
31 46
31 47
31 49
31 51
31 57
31 58
31 61
31 63
31 64
31 69
31 71
31 76
31 77
31 78
31 79
31 82
31 84
31 85
31 86
31 90
31 92
31 93
31 95
31 98
32 34
32 37
32 38
32 42
32 47
32 48
32 49
32 55
32 57
32 58
32 60
32 66
32 70
32 73
32 74
32 75
32 76
32 78
32 79
32 80
32 81
32 82
32 83
32 89
32 93
32 95
32 96
32 97
33 40
33 41
33 43
33 44
33 50
33 51
33 54
33 57
33 58
33 60
33 65
33 66
33 68
33 70
33 71
33 73
33 74
33 75
33 76
33 77
33 79
33 84
33 85
33 87
33 90
33 93
33 95
34 36
34 37
34 39
34 43
34 44
34 49
34 53
34 58
34 61
34 62
34 67
34 68
34 69
34 74
34 83
34 85
34 86
34 94
35 37
35 39
35 41
35 44
35 45
35 49
35 50
35 51
35 53
35 55
35 57
35 58
35 62
35 65
35 67
35 71
35 73
35 75
35 76
35 80
35 83
35 84
35 86
35 89
35 91
35 96
35 97
35 99
36 38
36 40
36 41
36 49
36 50
36 52
36 54
36 57
36 58
36 59
36 62
36 63
36 64
36 70
36 71
36 72
36 74
36 79
36 83
36 86
36 87
36 96
36 97
37 40
37 41
37 43
37 48
37 49
37 50
37 53
37 54
37 55
37 59
37 61
37 63
37 64
37 65
37 68
37 69
37 70
37 78
37 82
37 85
37 86
37 88
37 95
37 96
38 40
38 51
38 54
38 55
38 57
38 59
38 62
38 64
38 70
38 76
38 77
38 79
38 84
38 85
38 89
38 91
38 92
38 95
38 97
38 99
39 41
39 42
39 43
39 49
39 53
39 59
39 60
39 61
39 62
39 63
39 64
39 65
39 66
39 67
39 68
39 75
39 78
39 79
39 84
39 85
39 86
39 88
39 90
39 92
39 95
39 96
39 98
40 42
40 46
40 51
40 52
40 53
40 56
40 57
40 58
40 61
40 62
40 67
40 70
40 71
40 74
40 77
40 79
40 80
40 81
40 83
40 85
40 86
40 87
40 91
40 95
40 98
41 45
41 47
41 48
41 50
41 52
41 55
41 62
41 63
41 65
41 72
41 75
41 77
41 79
41 81
41 89
41 91
41 93
41 95
41 96
41 97
42 45
42 50
42 53
42 55
42 56
42 61
42 65
42 66
42 68
42 69
42 72
42 74
42 77
42 79
42 83
42 84
42 87
42 90
42 94
42 96
42 97
42 99
43 46
43 47
43 48
43 49
43 54
43 57
43 58
43 60
43 63
43 65
43 66
43 68
43 74
43 82
43 84
43 85
43 86
43 87
43 88
43 91
43 93
43 94
43 95
43 96
43 97
44 49
44 52
44 53
44 56
44 57
44 58
44 60
44 63
44 66
44 67
44 68
44 69
44 71
44 74
44 75
44 79
44 80
44 82
44 84
44 86
44 87
44 88
44 93
44 99
45 53
45 54
45 55
45 58
45 59
45 65
45 66
45 70
45 71
45 75
45 78
45 79
45 81
45 85
45 86
45 87
45 88
45 89
45 93
45 96
46 47
46 48
46 56
46 58
46 59
46 63
46 67
46 71
46 73
46 76
46 78
46 80
46 82
46 84
46 85
46 86
46 87
46 89
46 92
46 94
46 95
47 51
47 54
47 57
47 61
47 62
47 64
47 66
47 70
47 72
47 73
47 74
47 75
47 76
47 82
47 83
47 86
47 91
47 96
47 99
48 50
48 51
48 53
48 54
48 67
48 69
48 71
48 72
48 74
48 77
48 80
48 83
48 86
48 87
48 88
48 93
48 97
48 99
49 50
49 52
49 57
49 58
49 61
49 64
49 66
49 69
49 73
49 75
49 78
49 80
49 86
49 89
49 91
49 92
49 95
49 96
49 99
50 53
50 56
50 57
50 59
50 60
50 62
50 63
50 65
50 67
50 68
50 69
50 70
50 71
50 72
50 74
50 75
50 76
50 80
50 82
50 83
50 89
50 99
51 52
51 56
51 57
51 58
51 65
51 68
51 72
51 74
51 77
51 78
51 80
51 81
51 82
51 85
51 88
51 89
51 92
51 93
51 94
51 96
51 97
52 53
52 54
52 57
52 58
52 59
52 60
52 61
52 65
52 67
52 69
52 70
52 73
52 74
52 76
52 77
52 79
52 81
52 82
52 83
52 93
52 94
52 97
52 98
53 57
53 58
53 59
53 60
53 63
53 65
53 67
53 75
53 76
53 77
53 78
53 79
53 80
53 81
53 82
53 88
53 91
53 93
53 95
53 98
54 56
54 57
54 59
54 63
54 64
54 65
54 67
54 74
54 75
54 82
54 83
54 84
54 86
54 88
54 90
54 91
54 94
54 95
54 97
54 99
55 56
55 57
55 58
55 60
55 61
55 64
55 67
55 68
55 69
55 70
55 75
55 76
55 77
55 78
55 81
55 87
55 88
55 90
55 93
55 96
55 98
56 57
56 61
56 65
56 70
56 73
56 74
56 75
56 76
56 77
56 80
56 81
56 82
56 83
56 85
56 89
56 93
57 59
57 60
57 68
57 70
57 73
57 76
57 79
57 80
57 81
57 85
57 86
57 90
57 93
57 94
57 96
58 62
58 70
58 71
58 72
58 76
58 77
58 78
58 79
58 80
58 82
58 84
58 85
58 86
58 87
58 88
58 89
58 91
58 97
59 61
59 63
59 67
59 71
59 72
59 76
59 77
59 78
59 80
59 84
59 85
59 89
59 90
59 96
59 98
60 61
60 62
60 63
60 69
60 71
60 76
60 77
60 78
60 79
60 80
60 84
60 85
60 86
60 90
61 66
61 67
61 69
61 74
61 76
61 79
61 80
61 81
61 84
61 85
61 88
61 89
61 92
61 95
61 99
62 65
62 66
62 70
62 71
62 72
62 75
62 76
62 77
62 81
62 83
62 85
62 96
63 65
63 68
63 70
63 72
63 73
63 75
63 77
63 78
63 84
63 86
63 87
63 88
63 90
63 92
63 93
63 95
63 96
63 98
63 99
64 65
64 70
64 72
64 74
64 78
64 82
64 83
64 84
64 85
64 89
64 90
64 91
64 92
64 96
64 97
64 98
65 70
65 71
65 74
65 77
65 82
65 84
65 85
65 86
65 87
65 92
65 93
65 94
65 97
65 98
65 99
66 70
66 72
66 75
66 79
66 84
66 86
66 90
66 92
66 93
66 95
66 97
67 71
67 76
67 77
67 78
67 81
67 86
67 89
67 90
67 98
68 69
68 71
68 72
68 77
68 78
68 80
68 81
68 82
68 86
68 87
68 90
68 91
68 93
68 94
68 95
68 97
69 72
69 76
69 82
69 85
69 90
69 92
69 93
69 94
69 95
70 71
70 78
70 79
70 85
70 86
70 88
70 89
70 90
70 93
70 97
71 72
71 74
71 78
71 81
71 82
71 91
71 92
71 96
71 98
72 75
72 76
72 78
72 79
72 81
72 85
72 86
72 88
72 89
72 90
72 91
72 94
72 95
72 97
72 99
73 77
73 78
73 79
73 83
73 84
73 85
73 87
73 88
73 91
73 92
73 93
73 98
74 79
74 80
74 81
74 84
74 89
74 91
74 94
74 96
75 79
75 83
75 84
75 87
75 88
75 89
75 92
75 93
75 95
75 96
75 97
76 77
76 79
76 84
76 85
76 88
76 91
77 78
77 82
77 83
77 87
77 88
77 95
77 96
77 99
78 79
78 81
78 82
78 91
78 92
78 97
78 99
79 80
79 81
79 82
79 84
79 87
79 89
79 93
79 98
80 82
80 87
80 88
80 90
80 97
80 99
81 82
81 84
81 86
81 99
82 83
82 84
82 85
82 89
82 90
82 93
82 94
82 95
82 98
83 84
83 87
83 88
83 91
84 86
84 88
84 92
84 93
84 95
84 96
84 98
85 89
85 94
85 97
85 98
86 87
86 88
86 89
86 91
86 93
86 94
87 88
87 90
87 91
87 92
87 93
87 98
87 99
88 89
88 90
88 93
88 94
88 95
89 92
89 93
89 98
89 99
90 91
90 92
90 93
90 94
90 97
90 98
91 92
91 95
91 96
91 98
92 96
93 96
93 97
93 98
93 99
94 95
95 96
95 97
95 98
96 98
