0 2
0 3
0 6
0 10
0 16
0 18
0 21
0 25
0 26
0 41
0 46
0 52
0 60
0 61
0 75
0 81
0 86
0 88
0 90
0 94
0 95
1 5
1 9
1 12
1 16
1 21
1 24
1 26
1 32
1 37
1 45
1 58
1 60
1 63
1 66
1 69
1 74
1 76
1 79
1 80
1 87
1 88
2 12
2 19
2 20
2 27
2 31
2 32
2 37
2 42
2 44
2 49
2 58
2 59
2 64
2 66
2 67
2 80
2 88
2 92
2 93
3 26
3 28
3 48
3 55
3 63
3 64
3 66
3 72
3 79
3 82
3 86
3 94
3 95
4 10
4 21
4 27
4 30
4 33
4 43
4 61
4 62
4 68
4 89
4 93
4 94
4 97
5 8
5 14
5 27
5 38
5 39
5 41
5 43
5 48
5 59
5 70
5 77
5 85
5 93
5 95
6 11
6 18
6 20
6 21
6 26
6 36
6 40
6 44
6 46
6 47
6 48
6 54
6 56
6 60
6 65
6 66
6 69
6 70
6 72
6 85
6 87
6 92
7 24
7 26
7 27
7 29
7 35
7 36
7 40
7 41
7 42
7 53
7 54
7 59
7 62
7 64
7 77
7 80
7 89
7 90
7 91
7 98
7 99
8 9
8 23
8 31
8 32
8 35
8 48
8 53
8 77
8 78
8 84
8 85
8 90
8 95
9 12
9 14
9 21
9 24
9 42
9 57
9 59
9 67
9 68
9 73
9 74
9 75
9 80
9 81
9 82
9 96
10 16
10 20
10 23
10 29
10 42
10 47
10 48
10 52
10 54
10 56
10 60
10 63
10 71
10 73
10 80
10 85
10 86
10 87
10 96
10 99
11 16
11 23
11 30
11 34
11 36
11 38
11 44
11 47
11 51
11 53
11 54
11 57
11 65
11 68
11 70
11 73
11 79
11 86
11 91
12 18
12 20
12 23
12 27
12 28
12 35
12 48
12 64
12 65
12 81
12 84
12 86
12 88
12 91
12 94
13 17
13 26
13 35
13 39
13 51
13 58
13 67
13 69
13 79
13 80
13 85
13 94
13 98
14 25
14 29
14 30
14 34
14 36
14 39
14 51
14 52
14 58
14 65
14 66
14 69
14 72
14 73
14 76
14 81
14 85
14 87
14 88
14 91
14 95
14 97
15 16
15 22
15 34
15 36
15 38
15 45
15 48
15 55
15 58
15 60
15 61
15 71
15 80
15 95
16 24
16 26
16 29
16 30
16 35
16 41
16 56
16 69
16 79
16 99
17 21
17 38
17 48
17 54
17 60
17 77
17 80
17 86
18 32
18 33
18 35
18 36
18 37
18 42
18 45
18 57
18 60
18 84
18 88
18 91
18 93
18 96
19 20
19 27
19 32
19 40
19 43
19 49
19 50
19 56
19 64
19 68
19 71
19 72
19 73
19 76
19 82
19 83
19 89
19 91
19 95
20 21
20 29
20 36
20 40
20 42
20 43
20 54
20 59
20 62
20 64
20 68
20 71
20 75
20 78
20 82
20 85
20 86
20 89
20 97
21 24
21 34
21 41
21 42
21 43
21 45
21 64
21 71
21 75
21 80
21 81
21 83
21 88
21 90
22 24
22 26
22 27
22 28
22 31
22 38
22 39
22 53
22 61
22 62
22 63
22 67
22 68
22 70
22 72
22 93
22 94
22 97
23 24
23 25
23 34
23 38
23 41
23 44
23 46
23 47
23 49
23 51
23 56
23 61
23 62
23 65
23 69
23 70
23 71
23 74
23 87
23 90
23 94
23 99
24 25
24 36
24 39
24 42
24 44
24 45
24 72
24 74
24 77
24 88
24 96
24 98
25 26
25 36
25 43
25 47
25 58
25 59
25 61
25 65
25 72
25 76
25 78
25 86
25 90
25 91
26 46
26 51
26 64
26 65
26 75
26 78
26 80
26 84
26 90
26 97
27 30
27 32
27 39
27 43
27 46
27 51
27 58
27 60
27 71
27 72
27 77
27 80
27 81
27 85
27 98
28 30
28 32
28 37
28 52
28 53
28 55
28 56
28 58
28 59
28 64
28 72
28 76
28 83
28 88
29 34
29 39
29 43
29 44
29 48
29 63
29 65
29 68
29 69
29 80
29 81
29 95
29 96
30 42
30 43
30 52
30 56
30 68
30 69
30 73
30 74
30 82
30 84
30 85
30 87
30 90
30 94
30 99
31 32
31 39
31 43
31 45
31 51
31 61
31 62
31 69
31 77
31 86
31 95
32 33
32 49
32 50
32 56
32 59
32 63
32 64
32 68
32 75
32 76
32 87
33 34
33 40
33 48
33 50
33 52
33 53
33 61
33 66
33 70
33 80
33 83
33 84
33 86
33 88
33 95
33 96
33 98
34 45
34 47
34 51
34 58
34 70
34 71
34 73
34 74
34 79
34 81
34 86
34 93
34 94
35 37
35 39
35 40
35 43
35 47
35 60
35 63
35 70
35 71
35 72
35 80
35 83
35 92
35 97
35 99
36 41
36 42
36 54
36 55
36 64
36 66
36 70
36 74
36 76
36 84
36 86
36 91
37 41
37 45
37 47
37 55
37 64
37 84
37 87
37 90
37 92
37 93
37 94
38 39
38 43
38 47
38 52
38 62
38 67
38 71
38 76
38 77
38 81
38 96
38 98
38 99
39 47
39 66
39 70
39 75
39 76
39 87
39 94
39 97
40 52
40 54
40 67
40 69
40 70
40 71
40 75
40 76
40 80
40 81
40 85
40 88
40 93
40 96
41 46
41 48
41 56
41 60
41 64
41 70
41 74
41 75
41 81
41 89
41 91
41 93
41 96
42 43
42 54
42 57
42 60
42 64
42 65
42 66
42 70
42 82
42 86
42 93
43 47
43 51
43 54
43 56
43 68
43 69
43 74
43 81
43 83
43 96
44 47
44 53
44 61
44 66
44 70
44 74
44 76
44 79
44 83
44 84
44 86
44 87
44 93
44 95
44 97
44 99
45 48
45 51
45 52
45 55
45 60
45 75
45 79
45 82
45 89
45 94
46 48
46 58
46 61
46 72
46 90
46 98
47 50
47 57
47 58
47 59
47 61
47 64
47 75
47 81
47 86
48 49
48 51
48 53
48 58
48 59
48 60
48 65
48 79
48 88
48 89
48 92
48 95
48 98
49 50
49 52
49 57
49 62
49 63
49 64
49 68
49 71
49 82
49 83
49 85
49 87
49 91
49 95
50 60
50 61
50 68
50 70
50 73
50 74
50 77
50 85
50 88
51 54
51 62
51 81
51 87
51 92
51 93
51 95
51 98
52 60
52 62
52 64
52 73
52 74
52 77
52 79
52 82
52 86
52 92
53 54
53 58
53 64
53 65
53 69
53 79
53 90
53 91
53 94
53 97
54 55
54 56
54 57
54 64
54 70
54 79
54 81
54 82
54 84
54 94
55 68
55 73
55 74
55 83
55 91
55 93
56 57
56 66
56 75
56 78
56 82
56 94
56 97
56 98
57 61
57 63
57 77
57 82
57 85
57 92
57 94
58 65
58 76
58 81
58 84
59 61
59 62
59 64
59 68
59 72
59 79
59 83
59 86
59 88
59 95
60 62
60 63
60 72
60 77
60 82
60 89
60 93
60 94
60 98
61 62
61 65
61 72
61 88
62 70
62 74
62 80
62 82
62 87
62 93
62 94
63 64
63 65
63 66
63 70
63 82
63 83
63 84
63 95
64 69
64 70
64 86
64 99
65 66
65 67
65 69
65 76
65 81
66 70
66 75
66 78
66 83
66 88
66 89
66 92
66 97
66 99
67 73
67 74
67 81
67 84
67 89
67 94
67 96
68 73
68 78
68 81
68 82
68 94
68 97
69 72
69 73
69 78
69 79
69 84
69 88
69 89
69 91
69 92
69 95
70 73
70 74
70 75
70 82
70 83
70 92
70 94
70 99
71 72
71 77
71 80
71 82
71 89
72 84
72 87
72 98
73 79
73 80
73 87
73 91
74 80
74 81
74 85
74 87
74 88
74 98
74 99
75 77
75 78
75 82
75 84
75 93
75 99
76 77
76 83
76 84
76 86
77 81
77 82
77 92
78 79
78 92
78 94
79 88
79 94
79 95
79 98
79 99
80 82
80 85
80 86
80 88
80 89
80 91
80 96
80 98
81 92
81 95
81 98
82 95
83 87
83 92
83 95
84 87
84 92
84 96
85 95
85 97
86 91
86 95
86 96
86 98
87 91
87 96
87 97
89 97
89 99
90 92
91 94
92 93
92 96
93 94
94 98
94 99
96 98
96 99
97 98
98 99
