0 1
0 2
0 5
0 6
0 7
0 9
0 10
0 11
0 14
0 16
0 19
0 20
0 22
0 26
0 29
0 30
0 31
0 33
0 34
0 36
0 37
0 42
0 43
0 44
0 45
0 46
0 49
0 51
0 53
0 54
0 55
0 59
0 61
0 62
0 64
0 69
0 71
0 72
0 74
0 75
0 78
0 81
0 84
0 86
0 88
0 91
0 92
0 93
0 94
0 96
0 97
0 99
1 3
1 5
1 6
1 8
1 9
1 10
1 11
1 14
1 15
1 17
1 18
1 20
1 23
1 24
1 25
1 26
1 27
1 29
1 32
1 35
1 39
1 41
1 42
1 43
1 44
1 46
1 47
1 48
1 49
1 50
1 52
1 53
1 54
1 55
1 56
1 57
1 58
1 59
1 61
1 62
1 63
1 64
1 65
1 66
1 67
1 72
1 73
1 74
1 76
1 77
1 78
1 79
1 84
1 87
1 88
1 89
1 90
1 91
1 92
1 94
1 95
1 98
1 99
2 3
2 4
2 5
2 6
2 7
2 8
2 9
2 11
2 13
2 15
2 17
2 18
2 19
2 20
2 21
2 22
2 23
2 25
2 26
2 27
2 30
2 32
2 34
2 36
2 37
2 39
2 41
2 42
2 43
2 44
2 45
2 49
2 50
2 53
2 56
2 58
2 59
2 62
2 64
2 67
2 68
2 69
2 71
2 72
2 73
2 75
2 77
2 78
2 79
2 80
2 83
2 84
2 85
2 88
2 90
2 93
2 97
2 99
3 5
3 6
3 7
3 8
3 9
3 11
3 13
3 14
3 15
3 16
3 18
3 19
3 21
3 22
3 25
3 26
3 27
3 29
3 30
3 34
3 36
3 39
3 40
3 41
3 43
3 44
3 45
3 47
3 49
3 52
3 55
3 57
3 58
3 59
3 60
3 61
3 62
3 64
3 67
3 71
3 72
3 73
3 74
3 75
3 76
3 77
3 80
3 81
3 83
3 85
3 86
3 88
3 89
3 90
3 91
3 93
3 94
3 95
3 96
3 98
4 5
4 6
4 7
4 9
4 10
4 11
4 13
4 14
4 15
4 17
4 18
4 19
4 20
4 21
4 22
4 23
4 24
4 25
4 26
4 27
4 29
4 30
4 31
4 32
4 34
4 35
4 37
4 38
4 39
4 40
4 42
4 43
4 46
4 47
4 49
4 50
4 51
4 52
4 53
4 54
4 57
4 62
4 63
4 65
4 67
4 70
4 73
4 75
4 76
4 82
4 84
4 85
4 86
4 87
4 89
4 90
4 91
4 92
4 93
4 94
4 96
4 98
4 99
5 7
5 11
5 12
5 13
5 14
5 18
5 20
5 26
5 27
5 28
5 29
5 30
5 31
5 32
5 33
5 35
5 37
5 38
5 40
5 43
5 44
5 45
5 46
5 48
5 50
5 52
5 53
5 61
5 62
5 63
5 65
5 66
5 67
5 68
5 69
5 70
5 72
5 73
5 74
5 76
5 77
5 79
5 80
5 82
5 83
5 87
5 88
5 90
5 93
5 95
5 96
5 99
6 9
6 10
6 11
6 12
6 14
6 16
6 21
6 23
6 24
6 25
6 26
6 27
6 29
6 30
6 31
6 32
6 33
6 34
6 35
6 37
6 38
6 41
6 43
6 44
6 45
6 47
6 49
6 50
6 51
6 53
6 54
6 56
6 60
6 67
6 68
6 70
6 71
6 73
6 77
6 78
6 81
6 82
6 83
6 85
6 91
6 95
6 96
7 8
7 9
7 11
7 12
7 18
7 21
7 24
7 26
7 29
7 30
7 31
7 32
7 35
7 36
7 37
7 38
7 39
7 42
7 43
7 44
7 45
7 46
7 47
7 49
7 51
7 52
7 54
7 56
7 57
7 58
7 59
7 61
7 64
7 68
7 69
7 70
7 72
7 73
7 75
7 80
7 82
7 84
7 86
7 89
7 90
7 92
7 93
7 96
7 97
7 99
8 11
8 12
8 13
8 14
8 15
8 18
8 19
8 22
8 25
8 26
8 27
8 28
8 30
8 33
8 34
8 35
8 36
8 37
8 38
8 40
8 41
8 42
8 44
8 46
8 47
8 50
8 51
8 52
8 54
8 56
8 57
8 61
8 62
8 65
8 67
8 69
8 70
8 71
8 72
8 75
8 76
8 81
8 84
8 85
8 86
8 87
8 89
8 90
8 93
8 96
8 97
8 99
9 10
9 11
9 12
9 13
9 16
9 18
9 19
9 20
9 25
9 26
9 27
9 28
9 30
9 34
9 35
9 36
9 37
9 38
9 41
9 42
9 43
9 45
9 47
9 48
9 51
9 52
9 53
9 54
9 55
9 58
9 59
9 61
9 69
9 70
9 71
9 72
9 73
9 74
9 76
9 78
9 79
9 81
9 83
9 84
9 85
9 86
9 87
9 88
9 89
9 90
9 91
9 97
10 12
10 14
10 15
10 16
10 17
10 23
10 24
10 30
10 31
10 32
10 34
10 35
10 37
10 38
10 40
10 41
10 42
10 44
10 46
10 48
10 49
10 51
10 53
10 55
10 56
10 58
10 59
10 60
10 61
10 62
10 63
10 65
10 68
10 69
10 70
10 73
10 74
10 75
10 76
10 77
10 80
10 81
10 83
10 84
10 85
10 86
10 87
10 90
10 91
10 92
10 93
10 94
11 12
11 13
11 14
11 17
11 18
11 19
11 20
11 22
11 23
11 26
11 29
11 30
11 31
11 34
11 36
11 38
11 41
11 42
11 43
11 44
11 45
11 48
11 49
11 50
11 51
11 52
11 53
11 57
11 60
11 62
11 63
11 65
11 67
11 68
11 69
11 70
11 74
11 75
11 77
11 78
11 79
11 81
11 82
11 83
11 84
11 87
11 88
11 89
11 91
11 92
11 93
11 95
11 97
11 98
12 15
12 20
12 21
12 22
12 25
12 29
12 31
12 33
12 34
12 35
12 36
12 40
12 41
12 42
12 43
12 46
12 47
12 52
12 53
12 54
12 55
12 56
12 57
12 58
12 59
12 60
12 61
12 66
12 69
12 70
12 71
12 73
12 74
12 75
12 76
12 77
12 79
12 80
12 82
12 84
12 94
12 95
12 96
12 99
13 14
13 15
13 16
13 20
13 22
13 23
13 24
13 27
13 28
13 29
13 30
13 31
13 34
13 36
13 38
13 39
13 41
13 42
13 43
13 46
13 47
13 48
13 50
13 52
13 53
13 57
13 59
13 60
13 61
13 62
13 64
13 66
13 67
13 68
13 69
13 72
13 73
13 74
13 76
13 77
13 80
13 81
13 82
13 83
13 86
13 93
13 94
13 95
13 96
13 97
13 98
14 15
14 17
14 20
14 22
14 23
14 24
14 26
14 28
14 30
14 31
14 32
14 34
14 35
14 40
14 42
14 43
14 46
14 47
14 49
14 51
14 52
14 54
14 55
14 56
14 59
14 60
14 62
14 65
14 66
14 67
14 68
14 70
14 73
14 74
14 75
14 76
14 77
14 78
14 79
14 80
14 81
14 82
14 84
14 86
14 87
14 88
14 90
14 93
14 95
14 97
15 16
15 18
15 19
15 20
15 21
15 22
15 24
15 28
15 31
15 32
15 33
15 34
15 36
15 37
15 39
15 41
15 43
15 45
15 49
15 52
15 54
15 63
15 64
15 65
15 66
15 67
15 69
15 71
15 72
15 74
15 75
15 76
15 77
15 79
15 81
15 83
15 86
15 88
15 89
15 92
15 94
15 98
16 17
16 18
16 19
16 20
16 21
16 24
16 25
16 26
16 30
16 33
16 35
16 36
16 37
16 39
16 40
16 43
16 44
16 49
16 50
16 55
16 56
16 57
16 58
16 59
16 60
16 63
16 64
16 68
16 69
16 74
16 75
16 76
16 78
16 80
16 82
16 88
16 89
16 90
16 91
16 94
16 95
16 96
16 97
17 19
17 21
17 22
17 23
17 25
17 26
17 27
17 28
17 29
17 30
17 31
17 32
17 36
17 38
17 39
17 40
17 41
17 42
17 45
17 46
17 49
17 50
17 53
17 55
17 60
17 61
17 62
17 63
17 64
17 65
17 68
17 70
17 73
17 75
17 77
17 78
17 79
17 82
17 83
17 84
17 85
17 86
17 87
17 89
17 91
17 92
17 93
17 94
17 95
17 96
17 98
17 99
18 24
18 25
18 26
18 27
18 28
18 32
18 35
18 38
18 39
18 40
18 41
18 42
18 45
18 49
18 50
18 52
18 53
18 54
18 58
18 61
18 64
18 67
18 69
18 70
18 71
18 72
18 73
18 74
18 75
18 80
18 83
18 85
18 88
18 90
18 91
18 92
18 94
18 95
18 96
18 97
18 98
19 21
19 23
19 25
19 27
19 28
19 29
19 32
19 35
19 37
19 38
19 40
19 41
19 45
19 46
19 47
19 48
19 50
19 54
19 55
19 58
19 60
19 61
19 62
19 63
19 64
19 66
19 68
19 71
19 72
19 73
19 74
19 75
19 76
19 79
19 81
19 83
19 84
19 86
19 91
19 93
19 95
19 96
19 97
19 98
20 23
20 24
20 25
20 26
20 27
20 32
20 34
20 35
20 36
20 38
20 40
20 43
20 45
20 46
20 47
20 48
20 49
20 51
20 52
20 53
20 56
20 57
20 58
20 59
20 61
20 62
20 63
20 64
20 65
20 66
20 68
20 70
20 72
20 73
20 74
20 75
20 76
20 77
20 78
20 79
20 80
20 82
20 85
20 86
20 88
20 91
20 92
20 94
20 95
20 97
20 98
21 22
21 23
21 27
21 28
21 29
21 32
21 34
21 35
21 36
21 37
21 38
21 41
21 42
21 44
21 46
21 47
21 48
21 50
21 51
21 52
21 53
21 54
21 57
21 58
21 59
21 60
21 62
21 64
21 65
21 66
21 67
21 70
21 71
21 72
21 73
21 74
21 75
21 76
21 77
21 80
21 82
21 86
21 87
21 90
21 91
21 93
21 95
21 96
22 23
22 24
22 25
22 26
22 27
22 30
22 31
22 32
22 33
22 34
22 35
22 36
22 39
22 40
22 42
22 45
22 46
22 48
22 51
22 53
22 54
22 55
22 58
22 59
22 61
22 64
22 65
22 66
22 68
22 69
22 72
22 73
22 74
22 76
22 78
22 80
22 81
22 87
22 88
22 90
22 92
22 94
22 95
22 97
22 99
23 24
23 26
23 29
23 30
23 31
23 33
23 34
23 35
23 39
23 42
23 48
23 50
23 56
23 59
23 60
23 61
23 62
23 63
23 64
23 65
23 66
23 67
23 68
23 69
23 70
23 72
23 73
23 77
23 79
23 80
23 81
23 84
23 85
23 86
23 88
23 90
23 91
23 94
23 95
23 96
23 99
24 26
24 27
24 28
24 31
24 32
24 34
24 36
24 39
24 41
24 42
24 44
24 45
24 46
24 47
24 50
24 52
24 54
24 55
24 57
24 58
24 59
24 60
24 61
24 62
24 63
24 64
24 67
24 68
24 69
24 71
24 72
24 74
24 75
24 76
24 77
24 79
24 80
24 81
24 83
24 88
24 90
24 94
24 96
24 97
24 98
24 99
25 28
25 30
25 33
25 34
25 36
25 37
25 38
25 39
25 41
25 42
25 44
25 46
25 47
25 48
25 52
25 53
25 55
25 56
25 58
25 61
25 62
25 63
25 64
25 65
25 68
25 72
25 73
25 74
25 75
25 78
25 80
25 83
25 85
25 86
25 88
25 93
25 94
25 97
25 98
25 99
26 27
26 28
26 29
26 31
26 32
26 34
26 36
26 39
26 40
26 42
26 43
26 45
26 48
26 49
26 50
26 51
26 52
26 54
26 55
26 58
26 60
26 61
26 62
26 65
26 66
26 67
26 69
26 70
26 71
26 72
26 74
26 78
26 79
26 80
26 82
26 83
26 84
26 87
26 88
26 92
26 93
26 94
26 96
26 97
27 28
27 30
27 31
27 32
27 33
27 34
27 39
27 42
27 44
27 47
27 48
27 49
27 53
27 56
27 57
27 59
27 60
27 63
27 64
27 66
27 67
27 69
27 70
27 73
27 74
27 77
27 78
27 81
27 82
27 84
27 85
27 86
27 87
27 88
27 89
27 91
27 95
27 96
27 97
27 99
28 30
28 31
28 33
28 35
28 37
28 40
28 41
28 42
28 43
28 44
28 47
28 49
28 50
28 51
28 52
28 53
28 57
28 59
28 61
28 62
28 63
28 67
28 69
28 70
28 71
28 72
28 73
28 74
28 75
28 76
28 81
28 83
28 84
28 85
28 86
28 88
28 89
28 91
28 92
28 97
28 98
29 30
29 31
29 32
29 34
29 35
29 36
29 38
29 39
29 40
29 42
29 44
29 45
29 46
29 47
29 48
29 50
29 52
29 53
29 54
29 58
29 59
29 61
29 63
29 65
29 66
29 67
29 70
29 71
29 72
29 74
29 77
29 78
29 80
29 83
29 84
29 85
29 86
29 90
29 93
29 95
29 96
29 99
30 31
30 33
30 34
30 36
30 37
30 39
30 40
30 41
30 43
30 46
30 47
30 48
30 49
30 50
30 52
30 53
30 54
30 55
30 56
30 57
30 58
30 61
30 62
30 63
30 64
30 65
30 66
30 67
30 68
30 69
30 71
30 73
30 75
30 76
30 77
30 78
30 79
30 80
30 81
30 82
30 84
30 85
30 86
30 87
30 88
30 90
30 91
30 92
30 94
30 96
30 97
30 98
30 99
31 32
31 33
31 34
31 35
31 36
31 38
31 41
31 43
31 45
31 46
31 48
31 51
31 53
31 54
31 56
31 57
31 59
31 60
31 62
31 63
31 64
31 65
31 66
31 67
31 69
31 72
31 74
31 76
31 78
31 79
31 80
31 81
31 82
31 83
31 84
31 85
31 86
31 88
31 89
31 90
31 91
31 95
31 96
31 98
32 33
32 34
32 35
32 37
32 38
32 40
32 44
32 46
32 47
32 48
32 49
32 50
32 51
32 52
32 53
32 57
32 59
32 63
32 65
32 69
32 71
32 72
32 73
32 75
32 77
32 78
32 79
32 80
32 81
32 82
32 85
32 86
32 87
32 88
32 91
32 92
32 94
32 96
32 98
32 99
33 34
33 35
33 36
33 38
33 41
33 43
33 45
33 46
33 47
33 48
33 50
33 51
33 54
33 55
33 57
33 58
33 62
33 63
33 68
33 70
33 71
33 72
33 73
33 74
33 75
33 78
33 79
33 80
33 81
33 82
33 83
33 85
33 87
33 88
33 89
33 90
33 91
33 92
33 93
33 97
34 36
34 37
34 38
34 41
34 42
34 43
34 44
34 49
34 51
34 52
34 53
34 55
34 56
34 57
34 59
34 62
34 63
34 64
34 65
34 67
34 68
34 69
34 70
34 71
34 72
34 75
34 81
34 83
34 84
34 85
34 87
34 88
34 89
34 91
34 92
34 97
35 42
35 43
35 44
35 45
35 46
35 48
35 49
35 50
35 51
35 52
35 53
35 54
35 55
35 57
35 58
35 61
35 62
35 63
35 65
35 66
35 67
35 69
35 70
35 71
35 73
35 74
35 76
35 78
35 79
35 84
35 85
35 86
35 91
35 93
35 94
35 96
35 97
35 98
35 99
36 37
36 38
36 39
36 41
36 42
36 43
36 44
36 46
36 47
36 48
36 49
36 50
36 51
36 52
36 53
36 54
36 55
36 56
36 57
36 58
36 59
36 60
36 61
36 63
36 69
36 70
36 71
36 72
36 73
36 75
36 78
36 81
36 82
36 83
36 84
36 87
36 89
36 90
36 92
36 94
36 95
36 97
36 98
36 99
37 40
37 41
37 43
37 45
37 47
37 48
37 49
37 50
37 51
37 53
37 55
37 56
37 58
37 60
37 65
37 66
37 70
37 71
37 72
37 73
37 74
37 75
37 76
37 77
37 78
37 79
37 80
37 81
37 82
37 83
37 84
37 86
37 87
37 88
37 89
37 90
37 91
37 92
37 94
37 96
37 97
38 42
38 46
38 48
38 49
38 52
38 54
38 56
38 57
38 59
38 61
38 63
38 64
38 67
38 68
38 69
38 71
38 73
38 77
38 78
38 79
38 80
38 82
38 84
38 85
38 86
38 87
38 88
38 89
38 90
38 91
38 92
38 94
38 96
38 97
39 40
39 44
39 46
39 47
39 48
39 49
39 52
39 55
39 57
39 58
39 59
39 61
39 66
39 69
39 70
39 71
39 72
39 73
39 74
39 78
39 80
39 81
39 82
39 83
39 84
39 85
39 86
39 89
39 90
39 91
39 92
39 93
39 94
39 95
39 96
39 97
39 98
40 41
40 42
40 43
40 44
40 45
40 47
40 49
40 50
40 51
40 57
40 58
40 59
40 60
40 61
40 64
40 66
40 67
40 70
40 73
40 75
40 77
40 78
40 79
40 81
40 82
40 83
40 84
40 85
40 89
40 90
40 92
40 93
40 94
40 95
40 97
40 99
41 42
41 43
41 44
41 45
41 46
41 47
41 51
41 52
41 53
41 54
41 55
41 56
41 59
41 60
41 61
41 62
41 64
41 66
41 67
41 68
41 69
41 70
41 71
41 72
41 73
41 74
41 75
41 76
41 77
41 78
41 79
41 82
41 84
41 86
41 88
41 89
41 90
41 91
41 93
41 94
41 95
41 97
42 44
42 45
42 48
42 50
42 53
42 54
42 59
42 60
42 65
42 66
42 67
42 69
42 70
42 73
42 75
42 76
42 81
42 82
42 83
42 84
42 85
42 86
42 91
42 94
42 95
42 96
42 98
42 99
43 45
43 46
43 47
43 48
43 50
43 52
43 54
43 56
43 57
43 61
43 62
43 63
43 64
43 65
43 66
43 68
43 69
43 70
43 74
43 75
43 76
43 77
43 78
43 79
43 80
43 81
43 85
43 86
43 87
43 89
43 91
43 92
43 93
43 94
43 95
43 96
43 98
43 99
44 45
44 47
44 48
44 49
44 50
44 52
44 54
44 56
44 57
44 58
44 60
44 61
44 62
44 64
44 65
44 67
44 71
44 74
44 75
44 77
44 78
44 79
44 81
44 82
44 85
44 88
44 89
44 90
44 91
44 92
44 93
44 94
44 95
44 96
44 99
45 46
45 47
45 48
45 51
45 52
45 60
45 61
45 62
45 63
45 64
45 66
45 69
45 70
45 73
45 75
45 77
45 78
45 81
45 84
45 86
45 88
45 90
45 91
45 92
45 94
45 97
46 47
46 48
46 50
46 54
46 55
46 56
46 58
46 59
46 60
46 61
46 64
46 65
46 66
46 69
46 70
46 72
46 76
46 78
46 79
46 80
46 85
46 86
46 87
46 89
46 91
46 92
46 95
46 99
47 48
47 49
47 50
47 51
47 52
47 54
47 55
47 56
47 57
47 58
47 61
47 62
47 64
47 66
47 67
47 68
47 71
47 74
47 75
47 76
47 78
47 79
47 80
47 83
47 84
47 85
47 88
47 89
47 91
47 93
47 95
47 96
47 99
48 49
48 50
48 52
48 53
48 54
48 55
48 57
48 59
48 64
48 65
48 67
48 68
48 70
48 71
48 73
48 75
48 78
48 80
48 81
48 82
48 84
48 85
48 87
48 92
48 94
48 95
48 96
48 97
48 99
49 51
49 54
49 56
49 57
49 58
49 59
49 60
49 61
49 64
49 65
49 68
49 70
49 73
49 75
49 76
49 77
49 78
49 79
49 80
49 82
49 83
49 84
49 86
49 88
49 91
49 92
49 93
49 95
49 97
49 99
50 52
50 54
50 55
50 57
50 61
50 62
50 65
50 67
50 69
50 71
50 73
50 74
50 75
50 76
50 77
50 79
50 81
50 84
50 85
50 86
50 88
50 89
50 90
50 91
50 93
50 94
50 95
50 96
50 98
50 99
51 53
51 57
51 59
51 61
51 62
51 63
51 64
51 65
51 66
51 68
51 69
51 71
51 72
51 74
51 75
51 77
51 80
51 81
51 82
51 85
51 86
51 88
51 90
51 91
51 92
51 93
51 95
51 97
52 53
52 54
52 57
52 58
52 60
52 61
52 62
52 63
52 64
52 68
52 71
52 72
52 77
52 82
52 85
52 86
52 87
52 88
52 90
52 91
52 93
52 95
52 96
52 97
52 98
52 99
53 54
53 55
53 56
53 60
53 64
53 65
53 67
53 68
53 71
53 72
53 74
53 75
53 76
53 79
53 81
53 82
53 86
53 88
53 89
53 90
53 92
53 93
53 95
53 96
53 98
54 55
54 56
54 57
54 58
54 59
54 60
54 62
54 63
54 64
54 65
54 67
54 68
54 70
54 71
54 72
54 75
54 76
54 77
54 80
54 83
54 84
54 85
54 91
54 93
54 95
54 97
54 99
55 57
55 58
55 60
55 62
55 63
55 64
55 66
55 68
55 75
55 76
55 77
55 78
55 79
55 80
55 82
55 83
55 84
55 85
55 86
55 87
55 89
55 90
55 92
55 94
55 95
55 96
55 97
55 98
55 99
56 59
56 60
56 61
56 62
56 63
56 64
56 65
56 67
56 68
56 69
56 70
56 71
56 73
56 74
56 75
56 77
56 78
56 80
56 82
56 83
56 85
56 87
56 88
56 91
56 92
56 95
56 96
56 97
57 58
57 59
57 60
57 61
57 63
57 64
57 65
57 66
57 68
57 69
57 72
57 73
57 74
57 75
57 77
57 78
57 80
57 81
57 82
57 87
57 88
57 89
57 94
57 95
57 97
57 98
57 99
58 60
58 64
58 66
58 67
58 68
58 69
58 70
58 71
58 72
58 73
58 74
58 75
58 76
58 80
58 81
58 83
58 84
58 87
58 88
58 91
58 92
58 93
58 94
58 96
58 97
58 98
59 60
59 62
59 63
59 64
59 66
59 68
59 71
59 72
59 76
59 79
59 80
59 81
59 83
59 84
59 86
59 88
59 89
59 93
59 96
59 99
60 61
60 63
60 66
60 67
60 68
60 69
60 71
60 72
60 74
60 75
60 77
60 78
60 81
60 84
60 85
60 86
60 88
60 90
60 91
60 92
60 93
60 95
60 96
60 97
60 98
60 99
61 63
61 70
61 71
61 72
61 75
61 76
61 77
61 78
61 79
61 84
61 85
61 86
61 88
61 89
61 90
61 93
61 94
61 95
61 97
62 65
62 67
62 69
62 70
62 72
62 74
62 77
62 80
62 81
62 85
62 86
62 87
62 88
62 89
62 94
62 95
62 97
62 98
63 65
63 66
63 67
63 70
63 71
63 72
63 73
63 74
63 76
63 83
63 84
63 85
63 87
63 88
63 90
63 93
63 94
63 96
63 97
63 98
63 99
64 65
64 69
64 71
64 74
64 75
64 76
64 77
64 78
64 80
64 81
64 86
64 87
64 88
64 89
64 90
64 91
64 94
64 95
64 96
64 97
65 66
65 69
65 70
65 71
65 72
65 75
65 76
65 77
65 83
65 84
65 85
65 87
65 88
65 89
65 90
65 91
65 92
65 93
65 94
65 95
65 97
65 98
65 99
66 69
66 70
66 71
66 72
66 73
66 74
66 78
66 79
66 80
66 81
66 83
66 84
66 85
66 88
66 89
66 90
66 91
66 92
66 93
66 95
66 96
66 97
66 98
66 99
67 68
67 69
67 71
67 72
67 73
67 76
67 77
67 78
67 79
67 80
67 81
67 82
67 83
67 84
67 85
67 88
67 89
67 90
67 91
67 92
67 94
67 95
67 97
67 99
68 69
68 72
68 73
68 74
68 75
68 77
68 78
68 79
68 80
68 82
68 83
68 84
68 85
68 86
68 88
68 91
68 93
68 94
68 95
68 96
68 97
68 98
68 99
69 70
69 71
69 74
69 76
69 78
69 80
69 86
69 89
69 90
69 91
69 92
69 94
69 95
69 96
69 98
69 99
70 73
70 74
70 76
70 77
70 78
70 79
70 80
70 86
70 87
70 88
70 89
70 90
70 93
70 94
70 98
70 99
71 73
71 74
71 75
71 76
71 80
71 81
71 82
71 83
71 85
71 86
71 87
71 89
71 90
71 91
71 92
71 94
71 95
71 96
71 98
71 99
72 73
72 74
72 75
72 76
72 78
72 80
72 83
72 84
72 85
72 88
72 90
72 91
72 92
72 93
72 95
72 98
73 74
73 75
73 77
73 78
73 80
73 81
73 82
73 83
73 86
73 87
73 89
73 90
73 92
73 93
73 96
74 75
74 78
74 79
74 80
74 81
74 82
74 83
74 84
74 85
74 86
74 88
74 90
74 92
74 93
74 95
74 98
74 99
75 76
75 77
75 79
75 81
75 82
75 83
75 84
75 87
75 89
75 90
75 91
75 93
75 95
75 97
75 99
76 77
76 79
76 80
76 87
76 88
76 90
76 91
76 92
76 95
76 97
76 98
76 99
77 78
77 80
77 82
77 84
77 86
77 87
77 88
77 89
77 91
77 93
77 94
77 96
77 98
77 99
78 80
78 81
78 82
78 84
78 86
78 88
78 89
78 90
78 95
78 96
78 97
78 99
79 80
79 82
79 85
79 89
79 90
79 91
79 92
79 95
79 99
80 82
80 83
80 86
80 88
80 89
80 90
80 91
80 92
80 94
80 95
80 96
80 97
80 98
81 82
81 89
81 91
81 92
81 94
81 95
81 96
81 97
82 84
82 85
82 86
82 87
82 88
82 89
82 94
82 95
82 96
82 98
83 84
83 86
83 89
83 90
83 91
83 95
83 96
83 97
83 98
83 99
84 86
84 92
84 93
84 94
84 95
84 96
84 98
84 99
85 86
85 88
85 90
85 91
85 92
85 93
85 94
85 95
85 96
85 97
85 98
85 99
86 89
86 91
86 93
86 96
86 99
87 88
87 89
87 90
87 91
87 92
87 93
87 94
87 95
87 96
87 97
87 99
88 90
88 91
88 92
88 96
89 93
89 94
89 95
89 96
89 98
90 94
90 95
90 98
90 99
91 95
91 96
91 97
91 99
92 95
92 97
92 98
92 99
93 95
93 96
93 98
93 99
94 95
94 96
94 98
94 99
95 98
95 99
96 97
96 98
96 99
97 98
98 99
