0 3
0 6
0 12
0 14
0 16
0 20
0 22
0 24
0 27
0 29
0 30
0 39
0 40
0 43
0 44
0 45
0 51
0 56
0 58
0 63
0 64
0 69
0 70
0 72
0 76
0 81
0 84
0 86
0 87
0 89
0 93
0 94
0 98
1 3
1 6
1 7
1 10
1 18
1 19
1 22
1 27
1 30
1 32
1 39
1 41
1 50
1 52
1 53
1 55
1 57
1 59
1 60
1 66
1 70
1 73
1 77
1 79
1 80
1 85
1 86
1 89
1 94
1 95
1 98
2 3
2 8
2 10
2 12
2 16
2 19
2 23
2 24
2 26
2 28
2 31
2 32
2 34
2 39
2 40
2 43
2 44
2 49
2 55
2 56
2 59
2 60
2 62
2 63
2 69
2 77
2 82
2 84
2 86
2 92
2 96
3 11
3 13
3 19
3 21
3 25
3 27
3 31
3 33
3 36
3 38
3 52
3 56
3 63
3 64
3 69
3 72
3 76
3 78
3 81
3 87
3 88
3 89
3 91
3 93
3 97
3 99
4 5
4 6
4 11
4 13
4 16
4 17
4 20
4 21
4 25
4 26
4 27
4 28
4 30
4 34
4 37
4 44
4 50
4 53
4 54
4 58
4 60
4 66
4 67
4 69
4 78
4 86
4 90
4 95
5 8
5 9
5 11
5 19
5 21
5 34
5 39
5 41
5 50
5 53
5 60
5 65
5 70
5 71
5 73
5 81
5 84
5 85
5 86
5 91
5 92
5 93
5 99
6 15
6 17
6 22
6 25
6 26
6 31
6 48
6 51
6 52
6 54
6 57
6 58
6 59
6 62
6 63
6 66
6 68
6 72
6 78
6 83
6 91
6 92
6 93
7 18
7 23
7 24
7 25
7 27
7 32
7 33
7 35
7 36
7 37
7 38
7 41
7 42
7 47
7 49
7 51
7 53
7 54
7 60
7 63
7 66
7 67
7 69
7 70
7 71
7 74
7 82
7 94
7 97
7 98
8 9
8 10
8 12
8 16
8 18
8 20
8 23
8 25
8 30
8 31
8 33
8 39
8 44
8 51
8 57
8 60
8 61
8 62
8 70
8 74
8 78
8 83
8 84
8 87
8 89
8 95
8 96
8 98
9 15
9 16
9 31
9 32
9 34
9 44
9 46
9 47
9 48
9 52
9 54
9 58
9 59
9 63
9 64
9 73
9 74
9 76
9 78
9 87
9 92
9 95
9 96
9 98
10 14
10 16
10 19
10 24
10 32
10 33
10 34
10 38
10 42
10 51
10 55
10 59
10 66
10 67
10 77
10 78
10 80
10 88
10 91
10 94
10 96
10 97
11 12
11 15
11 16
11 17
11 19
11 20
11 21
11 22
11 23
11 26
11 30
11 42
11 44
11 46
11 51
11 53
11 60
11 61
11 63
11 64
11 65
11 73
11 76
11 77
11 79
11 80
11 81
11 92
11 94
12 13
12 18
12 20
12 23
12 28
12 34
12 37
12 40
12 41
12 42
12 43
12 46
12 48
12 49
12 50
12 51
12 52
12 54
12 56
12 57
12 61
12 63
12 64
12 67
12 68
12 70
12 71
12 72
12 74
12 79
12 82
12 90
12 91
12 97
12 98
12 99
13 19
13 22
13 26
13 30
13 31
13 33
13 45
13 49
13 53
13 56
13 59
13 66
13 71
13 73
13 75
13 77
13 78
13 79
13 80
13 84
13 88
13 89
13 95
13 98
14 16
14 20
14 21
14 29
14 30
14 34
14 36
14 41
14 42
14 43
14 44
14 46
14 51
14 52
14 55
14 56
14 60
14 62
14 72
14 74
14 75
14 77
14 78
14 79
14 86
14 90
14 91
14 92
15 17
15 20
15 22
15 28
15 29
15 30
15 32
15 44
15 47
15 49
15 56
15 60
15 62
15 63
15 71
15 72
15 77
15 81
15 84
15 86
15 89
15 95
15 96
15 98
15 99
16 23
16 24
16 26
16 27
16 33
16 37
16 38
16 41
16 46
16 48
16 50
16 53
16 54
16 58
16 59
16 63
16 65
16 68
16 70
16 71
16 77
16 80
16 82
16 83
16 85
16 86
16 87
16 98
17 22
17 28
17 29
17 30
17 31
17 34
17 37
17 38
17 43
17 44
17 49
17 51
17 52
17 53
17 54
17 55
17 56
17 57
17 58
17 69
17 71
17 73
17 74
17 77
17 79
17 80
17 83
17 84
17 93
17 94
17 98
18 20
18 21
18 29
18 31
18 33
18 35
18 36
18 37
18 38
18 40
18 46
18 48
18 52
18 56
18 57
18 58
18 59
18 60
18 66
18 69
18 70
18 74
18 75
18 77
18 79
18 84
18 85
18 86
18 88
18 90
18 91
18 93
18 98
19 25
19 27
19 28
19 30
19 34
19 37
19 38
19 41
19 44
19 49
19 50
19 56
19 64
19 73
19 76
19 77
19 82
19 83
19 86
19 89
19 90
19 92
19 93
19 96
20 21
20 24
20 33
20 35
20 39
20 42
20 45
20 46
20 53
20 55
20 57
20 59
20 62
20 63
20 66
20 67
20 72
20 75
20 78
20 82
20 84
20 90
20 95
20 97
21 22
21 24
21 25
21 31
21 33
21 39
21 43
21 49
21 53
21 68
21 71
21 72
21 73
21 77
21 79
21 80
21 81
21 85
21 86
21 90
21 93
21 94
21 96
21 99
22 28
22 31
22 34
22 41
22 47
22 50
22 55
22 56
22 59
22 62
22 70
22 73
22 75
22 80
22 82
22 86
22 87
22 90
22 91
22 94
22 96
22 99
23 31
23 33
23 38
23 41
23 43
23 44
23 46
23 48
23 50
23 53
23 54
23 61
23 64
23 65
23 66
23 67
23 69
23 73
23 83
23 84
23 88
23 89
23 96
24 32
24 35
24 37
24 38
24 39
24 43
24 44
24 45
24 48
24 49
24 52
24 54
24 55
24 56
24 70
24 72
24 76
24 77
24 78
24 80
24 82
24 83
24 84
24 85
24 88
24 92
24 94
24 97
25 26
25 27
25 31
25 32
25 33
25 36
25 40
25 44
25 46
25 51
25 54
25 63
25 64
25 65
25 68
25 73
25 74
25 79
25 80
25 82
25 84
25 91
25 94
25 99
26 38
26 39
26 40
26 49
26 53
26 55
26 58
26 59
26 61
26 63
26 67
26 70
26 71
26 72
26 73
26 77
26 80
26 85
26 88
26 92
26 93
26 95
26 96
26 98
26 99
27 29
27 34
27 38
27 42
27 44
27 45
27 47
27 48
27 49
27 50
27 54
27 55
27 56
27 57
27 61
27 66
27 67
27 68
27 70
27 73
27 74
27 77
27 89
27 90
27 91
27 95
28 30
28 33
28 38
28 43
28 45
28 55
28 57
28 60
28 72
28 75
28 77
28 81
28 83
28 84
28 86
28 89
28 93
29 31
29 34
29 36
29 43
29 45
29 46
29 47
29 49
29 53
29 54
29 60
29 64
29 78
29 86
29 94
29 96
30 31
30 32
30 35
30 36
30 43
30 44
30 45
30 46
30 48
30 55
30 56
30 61
30 64
30 65
30 69
30 70
30 74
30 76
30 82
30 86
30 88
30 92
30 96
31 33
31 36
31 37
31 41
31 44
31 46
31 50
31 61
31 66
31 67
31 69
31 70
31 76
31 78
31 79
31 80
31 83
31 86
31 87
31 88
32 34
32 38
32 41
32 42
32 43
32 44
32 53
32 61
32 62
32 71
32 74
32 75
32 77
32 78
32 79
32 83
32 85
32 87
32 94
32 95
32 96
33 34
33 36
33 38
33 40
33 42
33 44
33 47
33 49
33 50
33 53
33 54
33 55
33 57
33 59
33 60
33 64
33 66
33 67
33 69
33 71
33 73
33 77
33 78
33 79
33 81
33 83
33 93
33 95
33 98
34 37
34 38
34 40
34 44
34 45
34 49
34 60
34 61
34 62
34 63
34 66
34 71
34 73
34 81
34 85
34 95
34 97
34 98
34 99
35 43
35 47
35 50
35 51
35 55
35 59
35 69
35 77
35 80
35 98
35 99
36 37
36 39
36 42
36 46
36 50
36 53
36 54
36 55
36 56
36 57
36 58
36 59
36 62
36 65
36 66
36 68
36 71
36 81
36 82
36 84
36 85
36 86
36 91
36 95
36 98
37 39
37 43
37 52
37 57
37 58
37 59
37 60
37 63
37 64
37 76
37 77
37 78
37 80
37 83
37 84
37 86
37 88
37 89
37 95
38 40
38 44
38 45
38 48
38 54
38 56
38 57
38 59
38 63
38 65
38 66
38 68
38 74
38 76
38 81
38 85
38 86
38 88
38 93
38 94
39 40
39 44
39 47
39 52
39 54
39 56
39 57
39 58
39 62
39 63
39 66
39 71
39 72
39 77
39 79
39 81
39 91
39 96
39 97
40 42
40 44
40 49
40 50
40 52
40 54
40 55
40 58
40 60
40 64
40 66
40 67
40 70
40 75
40 79
40 80
40 81
40 84
40 85
40 86
40 88
40 90
40 98
40 99
41 44
41 50
41 55
41 57
41 58
41 64
41 68
41 72
41 73
41 74
41 75
41 77
41 81
41 83
41 84
41 86
41 94
41 95
41 96
41 99
42 52
42 55
42 57
42 60
42 62
42 66
42 67
42 68
42 72
42 74
42 81
42 83
42 86
42 92
42 94
42 95
43 45
43 46
43 53
43 54
43 55
43 56
43 59
43 60
43 61
43 62
43 63
43 65
43 67
43 68
43 73
43 74
43 75
43 77
43 83
43 84
43 86
43 93
43 96
44 47
44 49
44 53
44 67
44 71
44 77
44 85
44 91
44 96
45 51
45 54
45 60
45 65
45 66
45 68
45 78
45 80
45 85
45 87
45 89
46 47
46 50
46 55
46 58
46 59
46 61
46 63
46 74
46 76
46 82
46 91
46 94
47 50
47 52
47 57
47 58
47 59
47 63
47 64
47 66
47 68
47 74
47 76
47 81
47 85
47 86
47 87
48 50
48 55
48 61
48 63
48 69
48 70
48 72
48 73
48 77
48 78
48 80
48 81
48 83
48 90
48 92
48 96
48 98
49 53
49 57
49 60
49 63
49 64
49 65
49 67
49 69
49 70
49 74
49 83
49 84
49 88
49 89
49 90
49 91
49 98
49 99
50 51
50 52
50 55
50 66
50 69
50 70
50 73
50 75
50 76
50 84
50 88
50 90
51 53
51 57
51 58
51 63
51 65
51 66
51 68
51 69
51 70
51 75
51 79
51 81
51 84
51 90
51 97
52 56
52 58
52 61
52 63
52 64
52 65
52 67
52 76
52 88
52 91
52 93
52 98
53 54
53 57
53 61
53 64
53 66
53 68
53 70
53 72
53 74
53 78
53 83
53 90
53 91
53 92
53 93
53 95
54 55
54 57
54 59
54 61
54 63
54 66
54 70
54 71
54 72
54 73
54 77
54 79
54 82
54 83
54 86
54 87
54 91
54 92
54 96
54 99
55 57
55 61
55 68
55 69
55 81
55 85
55 87
55 91
55 98
56 57
56 58
56 59
56 60
56 62
56 64
56 73
56 80
56 81
56 86
56 87
56 89
56 92
56 97
57 59
57 61
57 63
57 66
57 70
57 76
57 79
57 84
57 85
57 91
57 95
58 61
58 62
58 64
58 68
58 69
58 79
58 83
58 85
58 99
59 67
59 69
59 70
59 71
59 73
59 74
59 77
59 78
59 80
59 81
59 82
59 88
59 89
59 92
59 93
59 97
60 61
60 62
60 63
60 66
60 70
60 71
60 76
60 77
60 78
60 80
60 81
60 83
60 85
60 86
60 89
60 90
60 91
60 97
61 63
61 68
61 69
61 73
61 77
61 79
61 83
61 84
61 86
61 87
61 91
61 94
61 98
62 63
62 64
62 67
62 68
62 70
62 73
62 75
62 81
62 82
62 84
62 85
62 87
62 88
62 91
62 94
63 64
63 68
63 70
63 71
63 72
63 73
63 74
63 76
63 79
63 82
63 84
63 85
63 91
63 93
63 94
63 96
64 78
64 80
64 81
64 82
64 86
64 89
64 94
65 66
65 78
65 82
65 83
65 89
65 91
65 92
65 95
66 69
66 72
66 75
66 80
66 82
66 87
66 88
66 91
66 93
66 94
66 97
67 68
67 69
67 74
67 80
67 82
67 85
67 86
67 88
67 94
67 95
68 72
68 74
68 75
68 79
68 80
68 81
68 87
68 88
68 89
68 94
69 71
69 72
69 73
69 74
69 79
69 81
69 83
69 85
69 86
69 90
69 91
69 92
70 74
70 75
70 81
70 84
70 86
70 87
70 90
70 91
70 92
71 72
71 75
71 76
71 79
71 83
71 84
71 85
71 86
71 87
71 88
71 89
71 93
71 97
71 98
71 99
72 76
72 78
72 84
72 87
72 88
72 89
72 91
72 97
72 99
73 74
73 75
73 77
73 89
73 90
73 93
73 95
73 96
73 97
73 98
74 82
74 89
74 91
74 92
74 95
74 99
75 77
75 79
75 80
75 85
75 86
75 88
75 89
75 93
75 98
76 77
76 78
76 79
76 81
76 90
76 91
76 95
77 79
77 82
77 84
77 89
77 94
77 96
77 97
77 99
78 80
78 86
78 90
78 92
78 97
78 99
79 82
79 86
79 87
79 91
79 95
79 99
80 88
81 84
81 86
81 91
81 92
81 97
82 85
82 88
82 89
82 90
82 93
82 94
82 95
83 86
83 93
83 95
83 97
83 98
84 85
84 86
84 89
84 93
84 95
84 96
84 98
84 99
85 86
85 88
85 94
85 96
86 88
86 89
86 97
86 98
87 90
88 90
88 91
88 93
89 90
90 94
90 99
91 94
91 95
92 93
92 96
92 97
93 95
93 96
93 97
94 96
96 99
97 98
