0 1
0 2
0 5
0 6
0 7
0 8
0 12
0 13
0 14
0 15
0 16
0 17
0 18
0 19
0 22
0 28
0 29
0 34
0 36
0 37
0 41
0 42
0 44
0 45
0 47
0 48
0 49
0 50
0 52
0 53
0 56
0 57
0 58
0 59
0 61
0 62
0 66
0 69
0 72
0 80
0 84
0 86
0 87
0 88
0 89
0 90
0 92
0 94
0 96
0 98
0 99
1 5
1 6
1 7
1 10
1 13
1 15
1 18
1 19
1 22
1 25
1 26
1 28
1 29
1 31
1 35
1 36
1 37
1 39
1 40
1 41
1 43
1 44
1 45
1 49
1 50
1 51
1 56
1 60
1 61
1 62
1 65
1 70
1 73
1 74
1 77
1 78
1 81
1 88
1 90
1 92
1 93
1 96
1 98
1 99
2 3
2 4
2 5
2 6
2 7
2 10
2 11
2 12
2 13
2 16
2 18
2 19
2 20
2 22
2 23
2 27
2 28
2 30
2 34
2 37
2 38
2 40
2 41
2 42
2 44
2 46
2 47
2 51
2 57
2 59
2 61
2 63
2 65
2 66
2 67
2 68
2 71
2 72
2 78
2 80
2 82
2 83
2 86
2 88
2 91
2 92
2 93
2 94
2 95
2 97
2 98
2 99
3 4
3 5
3 6
3 7
3 8
3 11
3 14
3 17
3 21
3 23
3 24
3 25
3 26
3 27
3 30
3 31
3 34
3 39
3 41
3 42
3 43
3 44
3 49
3 53
3 54
3 56
3 60
3 61
3 62
3 69
3 73
3 74
3 75
3 77
3 78
3 79
3 80
3 83
3 85
3 86
3 87
3 89
3 90
3 91
3 94
3 95
3 97
3 99
4 7
4 11
4 12
4 13
4 14
4 15
4 18
4 20
4 22
4 23
4 24
4 28
4 29
4 30
4 32
4 33
4 36
4 37
4 40
4 42
4 44
4 45
4 47
4 49
4 50
4 52
4 54
4 56
4 58
4 59
4 62
4 66
4 67
4 69
4 70
4 71
4 73
4 74
4 75
4 76
4 78
4 79
4 82
4 84
4 85
4 87
4 88
4 89
4 93
4 94
4 95
4 97
4 98
4 99
5 7
5 8
5 9
5 10
5 13
5 15
5 16
5 17
5 18
5 25
5 27
5 28
5 29
5 32
5 33
5 34
5 35
5 37
5 38
5 40
5 41
5 42
5 43
5 44
5 45
5 49
5 50
5 52
5 53
5 56
5 57
5 58
5 61
5 62
5 63
5 65
5 67
5 68
5 70
5 74
5 75
5 80
5 82
5 84
5 87
5 88
5 92
5 99
6 10
6 12
6 13
6 14
6 16
6 24
6 25
6 26
6 29
6 33
6 38
6 39
6 40
6 43
6 45
6 47
6 48
6 49
6 50
6 53
6 54
6 57
6 59
6 61
6 63
6 64
6 65
6 66
6 68
6 70
6 72
6 73
6 76
6 79
6 82
6 84
6 86
6 89
6 90
6 91
6 97
6 98
6 99
7 10
7 12
7 13
7 15
7 21
7 22
7 25
7 26
7 29
7 30
7 31
7 36
7 37
7 38
7 39
7 41
7 42
7 43
7 44
7 46
7 48
7 49
7 50
7 52
7 53
7 59
7 64
7 65
7 66
7 67
7 68
7 70
7 71
7 72
7 75
7 76
7 77
7 78
7 81
7 82
7 83
7 84
7 85
7 88
7 89
7 90
7 91
7 92
7 94
7 95
7 97
7 99
8 9
8 12
8 14
8 15
8 16
8 17
8 18
8 19
8 21
8 23
8 24
8 25
8 26
8 29
8 30
8 32
8 39
8 42
8 43
8 45
8 49
8 53
8 54
8 55
8 58
8 60
8 61
8 62
8 63
8 64
8 66
8 67
8 68
8 69
8 71
8 72
8 76
8 77
8 78
8 82
8 83
8 84
8 85
8 87
8 89
8 91
8 92
8 94
8 96
8 99
9 10
9 12
9 15
9 18
9 19
9 21
9 22
9 23
9 25
9 26
9 27
9 28
9 30
9 31
9 33
9 35
9 36
9 38
9 39
9 40
9 41
9 42
9 43
9 44
9 48
9 49
9 50
9 52
9 55
9 57
9 59
9 62
9 63
9 64
9 65
9 67
9 68
9 69
9 70
9 76
9 77
9 79
9 80
9 82
9 84
9 87
9 89
9 92
9 93
9 94
9 96
9 99
10 14
10 15
10 17
10 21
10 22
10 23
10 25
10 27
10 29
10 31
10 32
10 34
10 36
10 37
10 40
10 42
10 43
10 47
10 49
10 51
10 54
10 56
10 57
10 60
10 62
10 65
10 66
10 69
10 70
10 71
10 72
10 73
10 74
10 75
10 77
10 80
10 81
10 82
10 83
10 84
10 86
10 87
10 88
10 90
10 92
10 94
10 96
10 98
10 99
11 15
11 19
11 20
11 21
11 23
11 25
11 27
11 29
11 30
11 31
11 33
11 34
11 35
11 36
11 37
11 38
11 39
11 41
11 43
11 45
11 47
11 48
11 49
11 50
11 51
11 52
11 53
11 57
11 64
11 66
11 68
11 70
11 73
11 76
11 77
11 78
11 79
11 80
11 81
11 84
11 88
11 89
11 90
11 92
11 93
11 97
11 98
11 99
12 13
12 14
12 15
12 17
12 19
12 21
12 26
12 27
12 28
12 29
12 30
12 31
12 32
12 33
12 34
12 36
12 37
12 39
12 42
12 43
12 44
12 45
12 47
12 49
12 50
12 51
12 53
12 54
12 59
12 60
12 68
12 70
12 72
12 73
12 75
12 77
12 78
12 79
12 81
12 84
12 85
12 87
12 92
12 93
12 95
12 96
12 99
13 14
13 15
13 22
13 26
13 29
13 30
13 31
13 33
13 34
13 35
13 36
13 38
13 39
13 40
13 41
13 45
13 47
13 51
13 54
13 55
13 59
13 61
13 63
13 64
13 65
13 69
13 71
13 72
13 74
13 75
13 77
13 78
13 80
13 82
13 83
13 85
13 87
13 88
13 89
13 91
13 92
13 93
13 96
13 99
14 21
14 22
14 23
14 25
14 26
14 27
14 28
14 29
14 32
14 34
14 35
14 40
14 41
14 42
14 45
14 46
14 47
14 48
14 49
14 50
14 52
14 53
14 54
14 58
14 61
14 62
14 64
14 65
14 68
14 70
14 72
14 73
14 74
14 77
14 80
14 84
14 87
14 88
14 89
14 91
14 92
14 96
14 97
15 16
15 18
15 19
15 23
15 25
15 28
15 31
15 35
15 36
15 38
15 41
15 42
15 45
15 46
15 47
15 52
15 59
15 61
15 62
15 64
15 65
15 69
15 70
15 71
15 72
15 74
15 76
15 77
15 86
15 89
15 90
15 91
15 93
15 97
15 98
15 99
16 17
16 21
16 24
16 26
16 27
16 28
16 29
16 30
16 32
16 35
16 36
16 37
16 38
16 39
16 40
16 41
16 45
16 46
16 50
16 53
16 56
16 58
16 59
16 61
16 62
16 66
16 71
16 72
16 76
16 77
16 79
16 83
16 85
16 86
16 88
16 89
16 90
16 91
16 92
16 94
16 95
16 96
16 97
16 99
17 18
17 20
17 22
17 23
17 24
17 25
17 27
17 28
17 29
17 30
17 31
17 32
17 33
17 36
17 43
17 46
17 48
17 49
17 50
17 51
17 52
17 55
17 60
17 62
17 64
17 66
17 67
17 69
17 74
17 76
17 78
17 79
17 80
17 81
17 83
17 84
17 85
17 88
17 90
17 93
17 97
17 99
18 19
18 20
18 21
18 25
18 26
18 27
18 28
18 29
18 30
18 35
18 37
18 38
18 40
18 42
18 45
18 47
18 51
18 53
18 54
18 55
18 57
18 58
18 60
18 68
18 69
18 71
18 73
18 75
18 77
18 79
18 82
18 85
18 90
18 93
18 94
18 95
18 97
19 20
19 27
19 28
19 29
19 32
19 33
19 35
19 36
19 37
19 38
19 40
19 47
19 49
19 50
19 51
19 53
19 56
19 59
19 60
19 61
19 64
19 69
19 72
19 79
19 81
19 84
19 86
19 87
19 88
19 89
19 91
19 94
19 95
19 96
19 99
20 23
20 26
20 30
20 31
20 32
20 34
20 36
20 37
20 38
20 40
20 42
20 45
20 48
20 51
20 53
20 54
20 56
20 57
20 58
20 59
20 61
20 62
20 63
20 64
20 65
20 66
20 70
20 72
20 73
20 74
20 79
20 80
20 81
20 85
20 86
20 87
20 88
20 89
20 91
20 92
20 95
20 97
20 98
21 22
21 24
21 25
21 26
21 27
21 28
21 31
21 32
21 33
21 34
21 36
21 38
21 40
21 41
21 42
21 44
21 46
21 47
21 48
21 49
21 50
21 51
21 52
21 54
21 56
21 57
21 60
21 62
21 63
21 66
21 67
21 71
21 72
21 73
21 77
21 80
21 83
21 84
21 85
21 86
21 87
21 89
21 91
21 93
21 95
21 98
21 99
22 24
22 26
22 27
22 30
22 33
22 36
22 38
22 43
22 47
22 51
22 53
22 54
22 56
22 59
22 60
22 63
22 66
22 68
22 69
22 70
22 73
22 75
22 76
22 77
22 79
22 80
22 83
22 84
22 91
22 92
22 94
22 97
22 99
23 24
23 25
23 27
23 29
23 30
23 32
23 36
23 37
23 43
23 44
23 47
23 51
23 52
23 53
23 54
23 55
23 56
23 57
23 61
23 66
23 67
23 68
23 72
23 74
23 75
23 78
23 80
23 85
23 89
23 90
23 91
23 93
23 94
23 97
24 25
24 26
24 29
24 33
24 34
24 37
24 38
24 40
24 41
24 44
24 45
24 47
24 48
24 49
24 51
24 52
24 53
24 56
24 57
24 61
24 62
24 63
24 65
24 66
24 67
24 68
24 69
24 70
24 74
24 75
24 76
24 77
24 78
24 79
24 80
24 81
24 83
24 92
24 93
24 94
24 95
24 96
25 26
25 28
25 30
25 31
25 33
25 34
25 35
25 36
25 37
25 38
25 40
25 42
25 44
25 46
25 47
25 52
25 56
25 61
25 62
25 64
25 65
25 66
25 71
25 72
25 75
25 78
25 79
25 80
25 81
25 83
25 86
25 87
25 88
25 90
25 92
25 93
25 94
25 95
25 96
25 97
25 98
25 99
26 31
26 33
26 34
26 36
26 39
26 40
26 45
26 46
26 47
26 49
26 51
26 53
26 54
26 55
26 56
26 58
26 59
26 62
26 64
26 70
26 71
26 73
26 76
26 79
26 80
26 81
26 82
26 87
26 90
26 91
27 28
27 29
27 31
27 32
27 33
27 35
27 37
27 40
27 41
27 43
27 44
27 49
27 50
27 51
27 52
27 53
27 57
27 59
27 60
27 61
27 63
27 64
27 66
27 67
27 69
27 70
27 71
27 73
27 75
27 76
27 78
27 80
27 81
27 83
27 84
27 86
27 87
27 88
27 89
27 90
27 92
27 93
27 94
27 96
27 97
27 98
27 99
28 30
28 31
28 32
28 34
28 38
28 40
28 41
28 43
28 44
28 45
28 49
28 51
28 53
28 59
28 61
28 62
28 63
28 64
28 65
28 71
28 72
28 74
28 75
28 76
28 78
28 79
28 83
28 85
28 87
28 88
28 90
28 92
28 93
28 94
28 97
28 98
29 32
29 34
29 35
29 38
29 42
29 44
29 52
29 53
29 55
29 58
29 59
29 60
29 61
29 62
29 65
29 67
29 73
29 75
29 76
29 79
29 82
29 83
29 84
29 87
29 92
29 96
30 32
30 36
30 37
30 38
30 39
30 41
30 42
30 45
30 46
30 48
30 51
30 52
30 55
30 56
30 58
30 59
30 60
30 63
30 68
30 69
30 72
30 73
30 75
30 77
30 78
30 79
30 80
30 83
30 89
30 90
30 92
30 93
30 94
30 95
30 96
31 32
31 33
31 34
31 35
31 36
31 38
31 40
31 41
31 42
31 43
31 45
31 46
31 47
31 48
31 50
31 51
31 52
31 58
31 59
31 60
31 61
31 62
31 63
31 64
31 65
31 67
31 74
31 76
31 79
31 81
31 83
31 84
31 85
31 88
31 89
31 91
31 93
31 96
31 98
31 99
32 33
32 34
32 35
32 36
32 37
32 38
32 42
32 46
32 48
32 49
32 50
32 51
32 52
32 57
32 58
32 59
32 60
32 64
32 65
32 67
32 72
32 73
32 76
32 77
32 81
32 84
32 85
32 87
32 90
32 91
32 92
32 93
32 95
32 98
33 34
33 35
33 37
33 40
33 41
33 42
33 43
33 47
33 48
33 51
33 54
33 56
33 58
33 59
33 60
33 61
33 63
33 67
33 69
33 70
33 72
33 73
33 74
33 75
33 81
33 82
33 83
33 84
33 85
33 87
33 88
33 89
33 97
34 35
34 37
34 39
34 40
34 41
34 42
34 43
34 44
34 45
34 50
34 54
34 55
34 56
34 59
34 65
34 66
34 69
34 70
34 71
34 72
34 77
34 79
34 81
34 86
34 87
34 88
34 90
34 92
34 96
35 39
35 41
35 42
35 43
35 44
35 45
35 47
35 48
35 50
35 55
35 57
35 58
35 59
35 61
35 64
35 66
35 69
35 70
35 71
35 73
35 74
35 75
35 76
35 79
35 81
35 83
35 85
35 86
35 90
35 91
35 92
35 93
35 95
35 98
36 42
36 46
36 47
36 48
36 50
36 53
36 55
36 57
36 58
36 60
36 62
36 63
36 66
36 74
36 75
36 77
36 79
36 81
36 82
36 83
36 85
36 88
36 89
36 90
36 92
36 93
36 95
36 96
36 97
36 98
37 38
37 39
37 40
37 43
37 44
37 45
37 47
37 49
37 58
37 62
37 67
37 68
37 69
37 70
37 73
37 74
37 77
37 79
37 80
37 86
37 87
37 88
37 90
37 91
37 92
37 94
37 95
38 42
38 43
38 46
38 47
38 48
38 50
38 51
38 52
38 54
38 55
38 58
38 60
38 66
38 68
38 71
38 72
38 74
38 77
38 78
38 80
38 83
38 85
38 88
38 92
38 93
38 94
38 96
38 98
39 40
39 41
39 45
39 46
39 50
39 54
39 55
39 56
39 59
39 60
39 63
39 64
39 65
39 68
39 69
39 70
39 71
39 74
39 75
39 79
39 80
39 81
39 85
39 89
39 90
39 91
39 92
39 94
39 95
39 96
39 99
40 42
40 47
40 48
40 50
40 51
40 52
40 54
40 57
40 59
40 61
40 62
40 63
40 66
40 67
40 71
40 72
40 73
40 74
40 77
40 79
40 83
40 86
40 94
40 96
41 42
41 45
41 46
41 49
41 57
41 58
41 63
41 64
41 66
41 67
41 72
41 73
41 75
41 76
41 83
41 84
41 88
41 89
41 97
41 98
41 99
42 45
42 47
42 48
42 50
42 53
42 54
42 56
42 59
42 61
42 62
42 64
42 66
42 70
42 71
42 72
42 76
42 79
42 81
42 82
42 85
42 86
42 89
42 92
42 94
42 98
43 46
43 47
43 50
43 51
43 53
43 54
43 56
43 57
43 63
43 64
43 65
43 66
43 68
43 70
43 71
43 73
43 76
43 77
43 78
43 80
43 81
43 82
43 84
43 86
43 88
43 90
43 92
43 97
43 98
44 46
44 48
44 50
44 55
44 57
44 58
44 59
44 63
44 64
44 65
44 68
44 70
44 71
44 73
44 76
44 78
44 81
44 82
44 83
44 85
44 86
44 87
44 90
44 94
44 95
44 97
44 98
44 99
45 47
45 48
45 50
45 51
45 52
45 58
45 68
45 70
45 73
45 74
45 77
45 79
45 83
45 84
45 87
45 88
45 91
45 92
45 94
45 95
45 96
46 51
46 52
46 54
46 55
46 56
46 57
46 59
46 60
46 63
46 65
46 67
46 70
46 74
46 75
46 76
46 80
46 81
46 83
46 85
46 86
46 87
46 89
46 91
46 92
46 93
46 94
46 97
46 99
47 52
47 53
47 55
47 56
47 57
47 58
47 61
47 63
47 64
47 66
47 71
47 72
47 74
47 77
47 81
47 83
47 87
47 90
47 92
47 94
47 95
48 50
48 54
48 55
48 56
48 57
48 61
48 62
48 63
48 64
48 71
48 72
48 74
48 78
48 81
48 83
48 90
48 92
48 93
48 95
48 96
48 97
48 98
49 50
49 60
49 61
49 64
49 65
49 70
49 72
49 73
49 76
49 77
49 81
49 83
49 84
49 86
49 91
49 92
49 97
49 98
49 99
50 52
50 56
50 58
50 59
50 60
50 62
50 63
50 66
50 67
50 68
50 72
50 82
50 83
50 85
50 86
50 88
50 92
50 94
50 95
50 96
50 98
50 99
51 52
51 54
51 55
51 56
51 59
51 61
51 65
51 66
51 68
51 69
51 72
51 74
51 76
51 77
51 81
51 82
51 84
51 89
51 91
51 92
51 93
51 94
51 95
51 97
51 98
52 53
52 54
52 55
52 56
52 57
52 58
52 59
52 61
52 62
52 64
52 65
52 66
52 67
52 68
52 69
52 70
52 72
52 77
52 78
52 79
52 81
52 82
52 84
52 86
52 88
52 95
52 99
53 54
53 56
53 58
53 59
53 60
53 62
53 64
53 65
53 67
53 69
53 70
53 71
53 72
53 73
53 74
53 76
53 80
53 82
53 83
53 85
53 88
53 94
53 96
54 58
54 60
54 62
54 65
54 69
54 70
54 74
54 76
54 78
54 79
54 81
54 86
54 91
54 94
54 96
54 97
54 98
54 99
55 59
55 61
55 63
55 65
55 68
55 69
55 71
55 73
55 74
55 75
55 77
55 78
55 79
55 81
55 83
55 85
55 88
55 89
55 91
55 93
55 94
55 97
55 99
56 58
56 59
56 62
56 63
56 66
56 72
56 73
56 74
56 77
56 79
56 80
56 83
56 88
56 90
56 92
56 93
56 94
56 95
56 97
56 98
56 99
57 58
57 59
57 61
57 62
57 63
57 66
57 67
57 69
57 72
57 73
57 76
57 77
57 78
57 79
57 80
57 81
57 82
57 85
57 86
57 88
57 89
57 90
57 92
57 94
57 97
57 98
58 62
58 63
58 64
58 66
58 67
58 69
58 70
58 71
58 74
58 75
58 77
58 78
58 79
58 80
58 82
58 86
58 90
58 91
58 93
58 94
58 95
58 97
58 98
59 62
59 66
59 67
59 68
59 69
59 72
59 74
59 76
59 77
59 78
59 80
59 81
59 82
59 83
59 84
59 85
59 86
59 88
59 89
59 91
59 92
59 95
59 97
60 69
60 70
60 71
60 74
60 75
60 82
60 85
60 86
60 88
60 89
60 90
60 91
60 92
60 96
60 97
60 98
60 99
61 63
61 65
61 67
61 68
61 70
61 71
61 72
61 77
61 79
61 83
61 84
61 86
61 88
61 89
61 91
61 92
61 94
61 95
61 98
62 63
62 64
62 67
62 68
62 73
62 74
62 76
62 79
62 81
62 82
62 83
62 84
62 85
62 86
62 87
62 88
62 89
62 91
62 92
62 94
62 95
62 98
62 99
63 64
63 65
63 68
63 70
63 74
63 75
63 78
63 81
63 82
63 84
63 85
63 87
63 88
63 89
63 91
63 92
63 93
63 96
63 99
64 67
64 69
64 72
64 74
64 77
64 80
64 81
64 82
64 87
64 88
64 89
64 90
64 91
64 95
64 96
64 97
65 68
65 70
65 71
65 74
65 75
65 78
65 80
65 82
65 83
65 84
65 87
65 88
65 89
65 92
65 93
65 94
65 99
66 67
66 68
66 69
66 70
66 72
66 75
66 78
66 80
66 81
66 85
66 91
66 92
66 93
66 94
66 98
66 99
67 68
67 69
67 70
67 71
67 74
67 76
67 85
67 86
67 87
67 92
67 96
67 97
67 98
68 69
68 72
68 73
68 75
68 76
68 77
68 78
68 79
68 82
68 83
68 85
68 88
68 90
68 91
68 92
68 96
69 70
69 73
69 76
69 80
69 82
69 86
69 87
69 88
69 89
69 90
69 91
69 95
69 97
69 98
70 71
70 73
70 75
70 76
70 79
70 81
70 83
70 84
70 86
70 87
70 89
70 95
71 73
71 74
71 75
71 76
71 80
71 81
71 82
71 83
71 85
71 88
71 92
71 93
71 95
71 96
71 97
71 98
71 99
72 76
72 78
72 80
72 81
72 83
72 84
72 88
72 89
72 90
72 91
72 94
72 95
72 96
73 74
73 77
73 78
73 79
73 81
73 82
73 83
73 87
73 88
73 92
73 94
73 96
73 99
74 75
74 76
74 77
74 80
74 82
74 83
74 84
74 86
74 88
74 90
74 93
74 94
75 78
75 80
75 82
75 83
75 86
75 87
75 89
75 91
75 92
75 93
75 94
75 95
75 96
75 98
75 99
76 77
76 78
76 81
76 82
76 88
76 90
76 92
76 94
76 99
77 78
77 80
77 81
77 83
77 84
77 86
77 87
77 89
77 90
77 91
77 92
77 93
77 97
77 98
77 99
78 84
78 86
78 87
78 89
78 90
78 92
78 95
78 97
78 99
79 80
79 81
79 83
79 87
79 89
79 90
79 92
79 94
79 95
79 96
79 98
79 99
80 81
80 82
80 84
80 85
80 86
80 88
80 89
80 90
80 92
80 95
81 82
81 84
81 85
81 86
81 88
81 89
81 90
81 91
81 93
81 96
81 98
81 99
82 83
82 84
82 85
82 87
82 89
82 91
82 92
82 95
82 97
82 98
82 99
83 84
83 86
83 88
83 91
83 93
83 94
83 95
83 96
83 97
83 98
84 85
84 86
84 87
84 90
84 92
84 95
84 96
84 98
84 99
85 87
85 88
85 91
85 94
85 95
85 96
85 99
86 87
86 88
86 90
86 91
86 93
86 95
86 97
86 98
86 99
87 89
87 91
87 92
87 94
87 96
87 98
87 99
88 90
88 91
88 92
88 93
88 95
89 90
89 91
89 94
89 96
89 98
90 91
90 96
90 98
90 99
91 94
91 97
91 99
92 96
92 97
92 98
92 99
93 94
93 96
94 95
94 96
94 97
94 98
94 99
95 96
95 97
96 97
97 99
98 99
