0 4
0 5
0 7
0 8
0 11
0 14
0 21
0 25
0 28
0 37
0 38
0 45
0 49
0 50
0 51
0 52
0 53
0 58
0 64
0 69
0 76
0 80
0 82
0 83
0 89
0 90
0 96
1 4
1 5
1 7
1 8
1 10
1 11
1 15
1 17
1 19
1 20
1 21
1 33
1 34
1 35
1 38
1 39
1 41
1 43
1 47
1 49
1 57
1 66
1 67
1 69
1 74
1 77
1 80
1 89
1 92
1 95
1 96
2 5
2 6
2 12
2 13
2 14
2 21
2 22
2 26
2 28
2 36
2 39
2 43
2 44
2 47
2 50
2 54
2 55
2 56
2 59
2 61
2 64
2 67
2 68
2 70
2 72
2 74
2 75
2 83
2 86
2 93
2 98
3 4
3 6
3 7
3 8
3 11
3 14
3 15
3 16
3 19
3 22
3 23
3 24
3 26
3 30
3 32
3 34
3 36
3 43
3 44
3 45
3 46
3 50
3 51
3 58
3 61
3 62
3 65
3 67
3 71
3 77
3 82
3 85
3 89
3 91
3 96
3 98
4 6
4 8
4 10
4 13
4 18
4 23
4 24
4 26
4 28
4 29
4 32
4 33
4 36
4 38
4 39
4 41
4 42
4 45
4 49
4 50
4 55
4 61
4 65
4 67
4 68
4 71
4 75
4 76
4 77
4 89
4 91
4 96
4 97
4 99
5 7
5 17
5 19
5 21
5 22
5 29
5 30
5 31
5 33
5 35
5 37
5 39
5 44
5 46
5 47
5 50
5 52
5 58
5 59
5 60
5 62
5 67
5 69
5 72
5 74
5 75
5 84
5 86
5 87
5 89
5 94
5 95
5 96
5 99
6 7
6 8
6 13
6 17
6 18
6 20
6 23
6 25
6 28
6 29
6 32
6 37
6 39
6 43
6 47
6 50
6 51
6 53
6 56
6 58
6 60
6 61
6 62
6 67
6 69
6 71
6 75
6 78
6 79
6 83
6 86
6 96
6 98
6 99
7 8
7 11
7 14
7 19
7 23
7 36
7 38
7 39
7 40
7 44
7 51
7 54
7 58
7 61
7 64
7 69
7 72
7 74
7 76
7 81
7 88
7 91
7 93
7 94
8 9
8 18
8 24
8 34
8 38
8 41
8 46
8 48
8 49
8 50
8 55
8 62
8 64
8 70
8 71
8 73
8 80
8 81
8 82
8 83
8 89
8 90
8 94
8 96
8 99
9 10
9 13
9 14
9 17
9 18
9 29
9 31
9 34
9 38
9 39
9 41
9 47
9 48
9 49
9 50
9 55
9 58
9 59
9 60
9 61
9 62
9 63
9 70
9 72
9 73
9 80
9 81
9 82
9 84
9 85
9 89
9 90
9 91
9 92
9 96
9 97
10 12
10 13
10 15
10 17
10 20
10 24
10 26
10 27
10 35
10 36
10 37
10 38
10 42
10 43
10 44
10 46
10 48
10 50
10 51
10 52
10 60
10 61
10 63
10 64
10 72
10 73
10 74
10 75
10 76
10 79
10 87
10 89
10 90
10 96
10 97
10 98
11 12
11 15
11 18
11 19
11 25
11 28
11 31
11 33
11 35
11 38
11 39
11 41
11 47
11 51
11 52
11 53
11 58
11 61
11 64
11 69
11 74
11 75
11 82
11 87
11 88
11 92
11 93
11 95
11 96
11 98
12 14
12 18
12 24
12 31
12 33
12 34
12 35
12 37
12 39
12 41
12 47
12 49
12 51
12 54
12 56
12 57
12 61
12 65
12 73
12 75
12 81
12 88
12 91
12 93
12 94
13 20
13 21
13 24
13 28
13 30
13 34
13 45
13 48
13 49
13 52
13 56
13 57
13 62
13 67
13 72
13 74
13 79
13 81
13 82
13 83
13 84
13 90
13 93
13 94
13 98
14 16
14 19
14 24
14 30
14 38
14 39
14 45
14 47
14 50
14 55
14 56
14 57
14 58
14 62
14 63
14 64
14 65
14 66
14 67
14 71
14 73
14 74
14 76
14 79
14 84
14 85
14 89
14 91
14 92
14 93
15 16
15 17
15 29
15 30
15 34
15 38
15 40
15 46
15 47
15 51
15 52
15 53
15 54
15 57
15 59
15 61
15 70
15 79
15 81
15 89
15 90
15 95
15 96
15 98
15 99
16 17
16 42
16 45
16 46
16 48
16 53
16 54
16 55
16 57
16 58
16 61
16 65
16 68
16 69
16 75
16 76
16 81
16 85
16 88
17 21
17 24
17 25
17 27
17 29
17 31
17 35
17 43
17 50
17 52
17 59
17 61
17 66
17 70
17 77
17 78
17 85
17 87
17 88
17 95
18 32
18 38
18 40
18 46
18 47
18 48
18 49
18 51
18 54
18 57
18 58
18 59
18 63
18 64
18 73
18 78
18 79
18 83
18 86
18 88
18 93
18 94
18 95
18 96
19 22
19 23
19 24
19 25
19 26
19 30
19 31
19 32
19 35
19 39
19 40
19 44
19 47
19 49
19 50
19 52
19 53
19 54
19 57
19 58
19 65
19 70
19 73
19 74
19 81
19 82
19 84
19 89
19 91
19 93
19 95
19 96
19 98
20 22
20 23
20 26
20 27
20 32
20 34
20 36
20 41
20 42
20 44
20 46
20 52
20 57
20 60
20 64
20 65
20 66
20 67
20 70
20 75
20 78
20 79
20 81
20 87
20 90
20 96
20 98
21 28
21 30
21 32
21 43
21 50
21 54
21 58
21 59
21 60
21 71
21 73
21 80
21 90
21 91
21 94
21 96
21 98
22 25
22 26
22 28
22 29
22 30
22 31
22 35
22 37
22 39
22 40
22 43
22 44
22 48
22 51
22 55
22 58
22 60
22 62
22 70
22 75
22 78
22 86
22 88
22 96
22 98
22 99
23 26
23 29
23 30
23 33
23 38
23 42
23 54
23 55
23 59
23 67
23 70
23 74
23 75
23 87
23 90
23 92
23 98
24 29
24 32
24 34
24 35
24 41
24 44
24 47
24 48
24 49
24 52
24 54
24 63
24 65
24 76
24 81
24 82
24 83
24 87
25 27
25 28
25 29
25 30
25 34
25 35
25 36
25 37
25 45
25 49
25 53
25 55
25 56
25 57
25 59
25 64
25 69
25 70
25 73
25 77
25 79
25 87
25 88
25 89
26 29
26 31
26 32
26 33
26 37
26 38
26 39
26 46
26 50
26 52
26 55
26 58
26 63
26 64
26 67
26 74
26 75
26 76
26 79
26 80
26 81
26 82
26 83
26 85
26 88
26 89
26 94
27 30
27 33
27 34
27 42
27 46
27 47
27 50
27 54
27 55
27 57
27 59
27 60
27 62
27 66
27 68
27 70
27 76
27 81
27 83
27 85
27 89
27 93
27 99
28 31
28 32
28 33
28 34
28 37
28 39
28 41
28 45
28 50
28 53
28 54
28 55
28 57
28 60
28 61
28 64
28 75
28 81
28 85
28 86
28 87
28 89
28 92
29 36
29 38
29 39
29 47
29 52
29 53
29 56
29 60
29 65
29 66
29 67
29 74
29 76
29 77
29 79
29 82
29 83
29 87
29 90
29 92
29 94
29 95
29 98
30 31
30 34
30 35
30 36
30 44
30 45
30 51
30 52
30 54
30 57
30 70
30 71
30 76
30 84
30 86
30 94
30 97
30 98
31 33
31 34
31 35
31 38
31 41
31 42
31 46
31 48
31 53
31 57
31 68
31 70
31 72
31 74
31 75
31 78
31 79
31 80
31 82
31 83
31 84
31 91
31 95
31 97
32 35
32 36
32 37
32 39
32 44
32 47
32 48
32 49
32 53
32 59
32 62
32 64
32 67
32 69
32 79
32 81
32 82
32 85
32 89
32 95
32 96
32 97
32 98
32 99
33 43
33 50
33 54
33 57
33 65
33 68
33 73
33 77
33 82
33 83
33 84
33 85
33 87
33 88
33 93
33 95
34 35
34 36
34 42
34 43
34 44
34 45
34 46
34 47
34 48
34 49
34 51
34 54
34 55
34 60
34 61
34 62
34 63
34 64
34 75
34 79
34 81
34 84
34 85
34 86
34 87
34 88
34 90
34 92
34 94
34 96
34 97
34 98
34 99
35 36
35 40
35 48
35 51
35 58
35 62
35 63
35 67
35 71
35 76
35 78
35 79
35 80
35 85
35 88
35 90
35 91
35 92
35 99
36 38
36 39
36 40
36 46
36 56
36 57
36 62
36 66
36 83
36 84
36 92
36 96
36 99
37 38
37 40
37 50
37 59
37 60
37 61
37 65
37 67
37 72
37 78
37 82
37 91
37 92
37 93
37 96
37 97
37 98
38 43
38 45
38 46
38 47
38 55
38 61
38 62
38 63
38 67
38 71
38 73
38 84
38 94
39 44
39 46
39 47
39 49
39 61
39 65
39 67
39 69
39 78
39 85
39 87
39 95
39 99
40 41
40 42
40 43
40 44
40 47
40 49
40 54
40 55
40 58
40 60
40 61
40 62
40 63
40 64
40 68
40 70
40 73
40 76
40 82
40 84
40 86
40 87
40 88
40 89
40 91
40 93
41 43
41 45
41 48
41 51
41 56
41 60
41 61
41 62
41 63
41 69
41 76
41 80
41 93
41 97
42 47
42 51
42 53
42 60
42 61
42 64
42 66
42 68
42 72
42 76
42 82
42 87
42 92
42 94
43 51
43 61
43 63
43 68
43 72
43 73
43 75
43 81
43 82
43 83
43 87
43 91
43 92
43 95
43 99
44 45
44 47
44 55
44 57
44 59
44 67
44 68
44 76
44 79
44 81
44 84
44 90
44 93
44 94
44 95
45 46
45 47
45 50
45 51
45 52
45 53
45 54
45 55
45 64
45 65
45 66
45 67
45 68
45 70
45 77
45 79
45 84
45 87
45 90
45 97
46 48
46 52
46 56
46 65
46 67
46 68
46 70
46 77
46 78
46 79
46 84
46 86
46 88
46 89
46 90
46 91
46 94
46 97
46 99
47 52
47 54
47 60
47 63
47 67
47 75
47 79
47 81
47 85
47 91
47 95
48 52
48 54
48 55
48 59
48 63
48 64
48 65
48 66
48 68
48 69
48 71
48 74
48 78
48 84
48 87
48 92
48 93
48 95
49 50
49 56
49 57
49 58
49 59
49 60
49 62
49 63
49 64
49 65
49 70
49 77
49 80
49 82
49 83
49 85
49 86
49 90
49 97
50 54
50 55
50 56
50 59
50 61
50 62
50 64
50 66
50 69
50 74
50 76
50 78
50 83
50 84
50 92
50 93
50 94
51 53
51 54
51 58
51 63
51 65
51 67
51 69
51 71
51 72
51 76
51 77
51 78
51 80
51 81
51 82
51 84
51 85
51 87
51 89
51 90
51 99
52 53
52 57
52 61
52 63
52 64
52 72
52 74
52 76
52 77
52 80
52 81
52 82
52 85
52 86
52 93
52 95
52 99
53 58
53 60
53 61
53 63
53 70
53 72
53 74
53 76
53 81
53 86
53 87
53 91
53 92
53 98
53 99
54 55
54 57
54 60
54 65
54 66
54 71
54 75
54 80
54 90
54 91
54 97
54 98
55 56
55 60
55 64
55 72
55 76
55 83
55 87
55 94
55 95
55 96
56 58
56 59
56 70
56 71
56 73
56 74
56 75
56 79
56 81
56 84
56 91
57 58
57 65
57 66
57 69
57 75
57 76
57 82
57 92
57 95
57 96
57 99
58 60
58 63
58 66
58 76
58 79
58 80
58 82
58 87
58 91
58 93
58 95
58 96
58 97
59 60
59 61
59 63
59 64
59 65
59 73
59 76
59 80
59 86
59 90
59 91
59 92
59 96
59 97
60 62
60 64
60 65
60 74
60 76
60 77
60 82
60 83
60 84
60 85
60 89
60 91
60 97
61 64
61 66
61 74
61 77
61 84
61 87
61 90
61 93
61 95
61 97
61 99
62 66
62 70
62 71
62 77
62 78
62 88
62 90
62 94
63 67
63 74
63 76
63 83
63 84
63 86
63 88
63 89
63 92
63 96
63 97
63 99
64 67
64 72
64 74
64 75
64 76
64 77
64 78
64 79
64 91
64 98
65 66
65 69
65 72
65 75
65 76
65 90
65 91
65 93
65 97
65 98
66 67
66 69
66 74
66 75
66 76
66 80
66 81
66 89
66 94
66 95
66 98
67 73
67 74
67 76
67 77
67 80
67 82
67 84
67 86
67 89
67 92
67 93
67 99
68 69
68 73
68 77
68 80
68 90
68 93
68 94
69 75
69 79
69 84
69 86
69 87
69 88
69 89
69 91
69 94
69 96
69 97
69 98
69 99
70 83
70 85
70 87
70 94
70 95
71 72
71 73
71 74
71 76
71 78
71 81
71 82
71 84
71 85
71 98
71 99
72 74
72 75
72 78
72 81
72 84
72 87
72 89
72 90
72 94
72 98
73 76
73 78
73 79
73 88
73 89
73 90
73 95
73 98
74 77
74 79
74 80
74 82
74 84
74 87
74 91
74 94
74 96
74 97
75 76
75 81
75 82
75 83
75 86
75 91
75 95
75 97
76 82
76 84
76 89
76 90
76 96
77 82
77 83
77 84
77 86
77 90
77 91
77 92
77 95
78 82
78 83
78 84
78 88
78 90
78 91
78 94
78 98
78 99
79 86
80 81
80 84
80 89
80 91
80 95
80 99
81 87
81 95
81 96
81 98
81 99
82 85
82 92
82 94
82 99
83 84
83 85
83 86
83 88
83 92
83 93
83 95
83 97
83 99
84 85
84 92
85 89
85 90
85 91
85 94
85 95
85 96
86 87
86 90
86 94
87 88
87 91
87 93
87 99
88 90
88 93
88 94
88 97
88 98
88 99
89 92
89 94
89 95
89 98
90 91
90 92
90 96
90 99
91 97
91 98
92 95
92 99
93 95
93 96
96 97
97 99
98 99
