0 4
0 6
0 7
0 8
0 20
0 21
0 23
0 31
0 35
0 43
0 45
0 48
0 52
0 55
0 57
0 73
0 81
0 82
0 85
0 89
0 95
0 98
1 3
1 5
1 7
1 9
1 10
1 11
1 14
1 18
1 20
1 22
1 23
1 24
1 25
1 28
1 29
1 30
1 32
1 33
1 34
1 37
1 38
1 42
1 44
1 50
1 51
1 53
1 60
1 71
1 73
1 76
1 78
1 79
1 80
1 84
1 86
1 91
1 92
1 95
1 99
2 3
2 4
2 10
2 11
2 15
2 16
2 23
2 27
2 29
2 30
2 31
2 36
2 39
2 41
2 42
2 48
2 54
2 57
2 59
2 63
2 64
2 67
2 70
2 72
2 74
2 77
2 86
2 87
2 89
2 90
2 91
2 97
2 98
3 4
3 6
3 8
3 9
3 13
3 18
3 19
3 28
3 29
3 31
3 32
3 34
3 36
3 39
3 40
3 41
3 46
3 50
3 53
3 54
3 55
3 57
3 61
3 63
3 68
3 72
3 74
3 77
3 80
3 86
3 89
3 91
3 95
4 8
4 9
4 10
4 14
4 18
4 20
4 23
4 31
4 32
4 33
4 34
4 37
4 38
4 39
4 40
4 44
4 45
4 52
4 53
4 57
4 58
4 60
4 63
4 64
4 66
4 68
4 69
4 70
4 73
4 75
4 76
4 79
4 81
4 83
4 87
4 88
4 97
4 99
5 11
5 17
5 19
5 25
5 31
5 35
5 36
5 37
5 38
5 41
5 42
5 45
5 47
5 52
5 54
5 58
5 61
5 64
5 65
5 66
5 69
5 72
5 77
5 78
5 80
5 83
5 85
5 87
5 89
5 92
5 94
5 96
5 97
5 99
6 9
6 14
6 16
6 18
6 22
6 26
6 35
6 37
6 42
6 45
6 47
6 50
6 54
6 56
6 57
6 58
6 60
6 64
6 67
6 73
6 76
6 78
6 81
6 83
6 85
6 90
6 92
6 93
6 94
6 97
6 99
7 11
7 17
7 24
7 26
7 30
7 34
7 35
7 41
7 47
7 48
7 51
7 52
7 55
7 58
7 59
7 60
7 62
7 67
7 71
7 73
7 74
7 76
7 81
7 82
7 84
7 86
7 89
7 90
7 95
7 96
7 97
7 98
8 9
8 15
8 16
8 18
8 19
8 26
8 30
8 31
8 34
8 37
8 40
8 43
8 49
8 50
8 54
8 56
8 61
8 64
8 67
8 68
8 69
8 72
8 78
8 79
8 80
8 81
8 83
8 84
8 86
8 92
8 95
8 98
8 99
9 12
9 19
9 20
9 21
9 23
9 27
9 28
9 31
9 32
9 33
9 34
9 36
9 38
9 40
9 41
9 45
9 48
9 53
9 55
9 58
9 65
9 70
9 74
9 77
9 81
9 84
9 86
9 91
9 98
10 19
10 27
10 34
10 35
10 37
10 41
10 42
10 46
10 51
10 64
10 65
10 66
10 67
10 69
10 75
10 81
10 83
10 85
10 87
10 89
10 90
10 94
10 96
10 98
11 14
11 18
11 23
11 26
11 27
11 31
11 32
11 34
11 39
11 40
11 46
11 48
11 55
11 56
11 57
11 62
11 64
11 75
11 76
11 83
11 84
11 88
11 92
11 95
12 19
12 20
12 24
12 25
12 31
12 33
12 38
12 43
12 45
12 49
12 50
12 52
12 53
12 55
12 63
12 65
12 68
12 73
12 76
12 77
12 79
12 91
12 95
12 96
12 97
12 98
12 99
13 15
13 17
13 19
13 20
13 22
13 23
13 26
13 27
13 36
13 41
13 42
13 49
13 50
13 57
13 59
13 62
13 67
13 70
13 75
13 80
13 84
13 90
13 95
13 99
14 17
14 18
14 23
14 31
14 32
14 34
14 35
14 43
14 45
14 47
14 50
14 52
14 53
14 55
14 58
14 60
14 61
14 68
14 69
14 71
14 72
14 73
14 75
14 76
14 77
14 81
14 86
14 87
14 91
14 92
14 94
14 99
15 16
15 19
15 20
15 21
15 25
15 26
15 28
15 32
15 34
15 36
15 39
15 41
15 42
15 47
15 52
15 53
15 58
15 61
15 67
15 70
15 72
15 73
15 77
15 83
15 87
15 89
15 95
16 18
16 23
16 26
16 29
16 34
16 36
16 37
16 40
16 41
16 46
16 49
16 51
16 57
16 60
16 61
16 66
16 68
16 72
16 73
16 77
16 81
16 86
16 87
16 89
16 91
16 96
16 99
17 19
17 22
17 23
17 34
17 35
17 39
17 41
17 47
17 51
17 58
17 59
17 60
17 63
17 68
17 70
17 77
17 85
17 91
17 94
17 96
17 98
18 19
18 26
18 28
18 29
18 32
18 34
18 38
18 40
18 41
18 48
18 51
18 55
18 56
18 57
18 59
18 62
18 65
18 66
18 68
18 70
18 73
18 77
18 80
18 82
18 85
18 86
18 94
19 22
19 26
19 27
19 28
19 29
19 35
19 37
19 45
19 47
19 48
19 50
19 51
19 53
19 56
19 57
19 59
19 65
19 69
19 74
19 78
19 80
19 82
19 84
19 95
19 97
20 21
20 26
20 28
20 29
20 33
20 35
20 40
20 42
20 44
20 47
20 48
20 49
20 50
20 56
20 58
20 61
20 62
20 65
20 70
20 72
20 82
20 84
20 88
20 91
20 94
21 22
21 26
21 27
21 28
21 29
21 46
21 48
21 51
21 55
21 56
21 57
21 63
21 68
21 77
21 78
21 79
21 84
21 86
21 87
21 88
21 95
21 96
21 99
22 26
22 28
22 36
22 37
22 41
22 42
22 46
22 47
22 53
22 54
22 57
22 58
22 65
22 68
22 72
22 73
22 78
22 82
22 84
22 85
22 87
22 88
22 91
22 94
22 95
22 97
22 98
23 25
23 32
23 36
23 44
23 47
23 55
23 57
23 59
23 61
23 64
23 66
23 68
23 69
23 71
23 73
23 79
23 83
23 84
23 91
23 93
23 96
24 26
24 27
24 33
24 35
24 40
24 44
24 46
24 50
24 55
24 58
24 63
24 66
24 67
24 68
24 71
24 74
24 79
24 91
24 94
24 97
24 99
25 26
25 31
25 38
25 41
25 47
25 50
25 54
25 55
25 64
25 65
25 66
25 68
25 69
25 73
25 74
25 76
25 77
25 82
25 83
25 85
25 92
25 93
25 97
25 99
26 27
26 28
26 30
26 33
26 35
26 42
26 46
26 51
26 53
26 59
26 61
26 62
26 63
26 65
26 70
26 71
26 73
26 77
26 84
26 85
26 91
26 92
26 97
27 36
27 38
27 39
27 40
27 41
27 49
27 53
27 55
27 56
27 58
27 62
27 66
27 67
27 71
27 73
27 74
27 75
27 77
27 83
27 84
27 92
27 95
28 34
28 39
28 40
28 44
28 48
28 50
28 53
28 55
28 56
28 59
28 60
28 64
28 70
28 73
28 75
28 76
28 83
28 85
28 88
28 90
28 96
29 30
29 31
29 32
29 34
29 35
29 37
29 39
29 41
29 42
29 47
29 49
29 50
29 52
29 59
29 60
29 67
29 69
29 74
29 75
29 78
29 86
29 88
29 90
29 95
29 99
30 33
30 39
30 45
30 55
30 62
30 71
30 72
30 73
30 79
30 81
30 88
30 92
30 93
30 97
30 99
31 32
31 34
31 35
31 36
31 37
31 40
31 41
31 44
31 45
31 50
31 52
31 53
31 57
31 58
31 59
31 60
31 61
31 64
31 65
31 67
31 68
31 73
31 80
31 87
31 91
31 92
31 93
31 96
31 97
32 35
32 39
32 40
32 42
32 43
32 45
32 48
32 50
32 51
32 52
32 64
32 65
32 72
32 78
32 86
32 96
32 97
33 34
33 37
33 40
33 41
33 43
33 50
33 58
33 60
33 62
33 64
33 67
33 69
33 70
33 71
33 72
33 74
33 76
33 78
33 83
33 88
33 90
33 93
33 94
33 97
33 99
34 41
34 45
34 47
34 51
34 55
34 56
34 58
34 60
34 62
34 64
34 65
34 66
34 72
34 74
34 76
34 79
34 85
34 95
34 96
34 97
35 40
35 43
35 45
35 47
35 52
35 54
35 58
35 64
35 65
35 68
35 72
35 74
35 76
35 77
35 78
35 79
35 81
35 82
35 83
35 84
35 85
35 88
35 90
35 91
35 96
35 97
35 98
36 38
36 45
36 49
36 50
36 54
36 60
36 62
36 64
36 68
36 75
36 76
36 78
36 79
36 85
36 88
36 89
36 98
37 41
37 46
37 48
37 54
37 58
37 65
37 67
37 68
37 72
37 85
37 87
37 88
37 93
37 95
37 97
38 48
38 49
38 56
38 70
38 76
38 82
38 87
38 88
38 89
38 93
38 97
39 40
39 43
39 44
39 50
39 54
39 58
39 60
39 64
39 66
39 70
39 73
39 74
39 80
39 88
39 90
39 91
39 92
39 93
39 95
40 43
40 44
40 46
40 47
40 48
40 50
40 52
40 53
40 57
40 58
40 59
40 64
40 68
40 69
40 71
40 72
40 73
40 74
40 75
40 76
40 77
40 80
40 90
40 92
40 99
41 42
41 47
41 48
41 51
41 52
41 54
41 56
41 60
41 61
41 62
41 73
41 75
41 78
41 83
41 84
41 88
41 90
41 91
41 94
41 96
41 98
42 48
42 49
42 50
42 53
42 56
42 58
42 61
42 63
42 68
42 76
42 77
42 80
42 88
42 89
42 90
42 93
42 94
42 97
42 98
42 99
43 48
43 50
43 61
43 70
43 73
43 75
43 78
43 80
43 84
43 98
44 46
44 49
44 51
44 53
44 54
44 55
44 59
44 63
44 65
44 68
44 69
44 72
44 73
44 80
44 84
44 86
44 94
44 99
45 48
45 52
45 53
45 56
45 59
45 65
45 67
45 71
45 72
45 73
45 74
45 77
45 78
45 81
45 87
45 89
45 94
45 96
45 99
46 49
46 52
46 57
46 58
46 62
46 64
46 65
46 67
46 77
46 78
46 79
46 82
46 88
46 91
46 92
46 93
46 97
47 48
47 53
47 59
47 60
47 61
47 64
47 68
47 69
47 70
47 72
47 74
47 77
47 84
47 85
47 95
47 98
48 52
48 59
48 61
48 63
48 66
48 68
48 74
48 78
48 82
48 84
48 86
48 89
48 91
48 95
48 96
48 97
49 51
49 52
49 64
49 65
49 76
49 79
49 85
49 90
49 95
50 51
50 62
50 67
50 70
50 71
50 73
50 74
50 81
50 86
50 88
50 92
51 52
51 54
51 56
51 57
51 60
51 61
51 63
51 72
51 74
51 80
51 81
51 84
51 85
51 90
51 92
51 94
51 97
52 54
52 56
52 59
52 64
52 69
52 72
52 73
52 76
52 77
52 78
52 82
52 84
52 86
52 87
52 91
52 93
53 54
53 58
53 71
53 77
53 80
53 85
53 89
53 90
53 92
53 96
53 97
54 59
54 60
54 63
54 65
54 74
54 75
54 76
54 77
54 86
54 89
54 99
55 69
55 72
55 77
55 78
55 79
55 85
55 88
55 89
55 90
55 93
55 96
55 97
56 67
56 71
56 75
56 82
56 84
56 85
56 86
56 87
56 89
56 91
56 95
56 99
57 60
57 62
57 63
57 64
57 65
57 69
57 70
57 71
57 73
57 79
57 85
57 93
57 96
57 97
58 64
58 76
58 77
58 79
58 82
58 83
58 84
58 85
58 88
58 95
58 98
58 99
59 64
59 70
59 75
59 84
59 85
59 86
59 88
59 91
59 97
60 61
60 66
60 71
60 74
60 90
60 94
60 95
61 65
61 68
61 71
61 72
61 76
61 77
61 80
61 81
61 82
61 89
61 90
61 93
61 94
62 65
62 67
62 68
62 74
62 78
62 87
62 92
62 93
62 95
62 97
62 98
62 99
63 67
63 74
63 79
63 82
63 84
63 90
63 93
63 96
64 66
64 67
64 68
64 72
64 76
64 81
64 83
64 85
64 87
64 91
64 96
65 68
65 76
65 78
65 80
65 82
65 87
65 91
65 96
65 98
65 99
66 73
66 80
66 85
66 89
66 92
67 69
67 70
67 75
67 76
67 78
67 82
67 85
67 88
67 92
67 97
67 98
68 69
68 75
68 77
68 80
68 83
68 88
68 89
68 95
68 99
69 72
69 81
69 82
69 83
69 87
69 88
69 92
69 98
70 72
70 73
70 80
70 83
70 84
70 88
70 98
71 72
71 73
71 74
71 79
71 90
71 94
71 96
71 99
72 75
72 87
72 92
72 96
72 99
73 76
73 77
73 78
73 84
73 91
73 94
73 95
73 96
73 99
74 77
74 79
74 81
74 85
74 89
74 90
74 91
74 94
75 76
75 79
75 82
75 87
75 91
75 92
75 96
75 99
76 77
76 78
76 79
76 81
76 98
77 78
77 84
77 86
77 90
77 91
77 98
78 92
78 97
79 82
79 84
79 87
79 91
79 92
79 96
79 98
80 81
80 85
80 87
80 94
81 82
81 85
81 89
81 92
81 97
82 90
83 86
83 87
83 90
83 94
83 96
84 89
84 92
84 94
84 97
85 87
85 96
86 91
86 95
87 98
88 89
88 90
88 91
89 90
89 95
90 91
90 93
90 96
90 98
91 96
92 95
92 98
93 98
94 96
94 98
96 97
97 98
