0 1
0 4
0 6
0 8
0 9
0 11
0 13
0 14
0 16
0 17
0 18
0 19
0 21
0 24
0 25
0 28
0 29
0 30
0 31
0 35
0 36
0 40
0 45
0 46
0 51
0 52
0 53
0 59
0 60
0 63
0 67
0 69
0 70
0 71
0 72
0 75
0 76
0 77
0 79
0 84
0 86
0 88
0 89
0 90
0 91
0 93
0 94
0 95
0 97
1 2
1 3
1 4
1 7
1 8
1 9
1 11
1 12
1 13
1 14
1 15
1 17
1 21
1 22
1 23
1 25
1 28
1 30
1 31
1 32
1 33
1 40
1 42
1 43
1 44
1 47
1 48
1 49
1 52
1 54
1 55
1 58
1 59
1 60
1 61
1 62
1 65
1 66
1 69
1 72
1 79
1 81
1 85
1 86
1 87
1 89
1 90
1 93
1 94
1 95
1 97
1 98
1 99
2 4
2 6
2 9
2 10
2 13
2 16
2 18
2 20
2 21
2 22
2 23
2 25
2 30
2 31
2 34
2 40
2 41
2 42
2 43
2 45
2 47
2 54
2 56
2 60
2 62
2 64
2 69
2 70
2 73
2 74
2 75
2 78
2 82
2 86
2 88
2 90
2 92
2 93
2 95
2 96
2 97
2 98
2 99
3 6
3 7
3 9
3 12
3 14
3 17
3 18
3 19
3 20
3 22
3 23
3 25
3 26
3 27
3 29
3 30
3 31
3 32
3 34
3 37
3 39
3 40
3 44
3 45
3 46
3 47
3 48
3 49
3 51
3 53
3 55
3 56
3 57
3 58
3 61
3 63
3 69
3 71
3 73
3 74
3 75
3 76
3 78
3 80
3 81
3 82
3 85
3 86
3 87
3 89
3 91
3 92
3 95
3 96
3 97
3 99
4 5
4 6
4 9
4 12
4 14
4 15
4 18
4 20
4 21
4 23
4 26
4 31
4 32
4 33
4 35
4 37
4 39
4 40
4 41
4 44
4 45
4 49
4 52
4 53
4 58
4 59
4 61
4 62
4 63
4 64
4 65
4 69
4 73
4 74
4 75
4 78
4 79
4 80
4 84
4 87
4 88
4 89
4 91
4 92
4 96
5 6
5 7
5 10
5 11
5 12
5 15
5 16
5 18
5 19
5 21
5 22
5 24
5 25
5 26
5 28
5 29
5 31
5 32
5 33
5 34
5 36
5 37
5 39
5 43
5 50
5 52
5 56
5 59
5 62
5 63
5 64
5 65
5 67
5 69
5 70
5 73
5 74
5 75
5 76
5 77
5 78
5 79
5 80
5 82
5 87
5 88
5 90
5 93
5 94
6 7
6 8
6 9
6 10
6 13
6 17
6 18
6 19
6 20
6 23
6 24
6 25
6 26
6 27
6 28
6 29
6 30
6 34
6 36
6 38
6 39
6 40
6 41
6 43
6 44
6 45
6 47
6 48
6 50
6 51
6 55
6 56
6 58
6 61
6 63
6 65
6 66
6 67
6 70
6 76
6 77
6 78
6 79
6 81
6 82
6 91
6 94
6 95
6 98
7 11
7 12
7 13
7 15
7 16
7 17
7 20
7 21
7 22
7 23
7 26
7 28
7 31
7 33
7 42
7 45
7 48
7 49
7 50
7 57
7 58
7 59
7 60
7 61
7 63
7 64
7 66
7 69
7 71
7 75
7 77
7 80
7 82
7 84
7 86
7 88
7 89
7 90
7 91
7 92
7 95
7 98
7 99
8 9
8 10
8 14
8 15
8 17
8 21
8 22
8 23
8 24
8 26
8 27
8 29
8 31
8 32
8 34
8 36
8 39
8 40
8 43
8 44
8 48
8 49
8 51
8 53
8 56
8 58
8 60
8 62
8 63
8 66
8 67
8 72
8 74
8 75
8 77
8 79
8 85
8 89
8 90
8 92
8 93
8 94
8 96
9 10
9 13
9 14
9 15
9 17
9 20
9 21
9 23
9 25
9 26
9 27
9 28
9 29
9 33
9 35
9 36
9 38
9 45
9 46
9 48
9 49
9 50
9 51
9 52
9 53
9 54
9 55
9 56
9 57
9 59
9 62
9 64
9 66
9 68
9 70
9 73
9 76
9 80
9 84
9 85
9 86
9 87
9 90
9 92
9 95
9 96
9 98
10 13
10 17
10 20
10 21
10 22
10 23
10 25
10 28
10 30
10 31
10 32
10 33
10 35
10 43
10 45
10 46
10 52
10 53
10 54
10 56
10 57
10 58
10 60
10 64
10 65
10 70
10 71
10 73
10 74
10 76
10 78
10 79
10 81
10 82
10 85
10 86
10 87
10 88
10 90
10 95
10 96
10 98
10 99
11 12
11 15
11 16
11 17
11 18
11 19
11 20
11 21
11 26
11 30
11 31
11 32
11 35
11 36
11 37
11 40
11 41
11 44
11 47
11 50
11 53
11 55
11 60
11 62
11 68
11 69
11 70
11 74
11 75
11 76
11 77
11 80
11 81
11 83
11 84
11 86
11 89
11 90
11 94
11 95
11 96
11 99
12 14
12 19
12 20
12 22
12 24
12 26
12 28
12 31
12 36
12 37
12 40
12 41
12 44
12 45
12 46
12 47
12 48
12 51
12 52
12 53
12 54
12 57
12 59
12 60
12 61
12 65
12 66
12 67
12 72
12 73
12 75
12 79
12 81
12 82
12 84
12 85
12 86
12 92
12 93
12 94
12 96
12 99
13 14
13 15
13 20
13 22
13 24
13 26
13 27
13 28
13 30
13 32
13 33
13 35
13 36
13 37
13 39
13 41
13 46
13 48
13 50
13 51
13 52
13 55
13 56
13 57
13 58
13 60
13 62
13 65
13 67
13 68
13 71
13 73
13 77
13 78
13 79
13 80
13 88
13 90
13 91
13 96
13 97
13 98
13 99
14 15
14 17
14 18
14 21
14 22
14 28
14 29
14 30
14 32
14 36
14 37
14 38
14 41
14 42
14 43
14 46
14 48
14 51
14 54
14 59
14 60
14 62
14 64
14 65
14 66
14 67
14 71
14 72
14 73
14 76
14 77
14 80
14 82
14 83
14 84
14 88
14 89
14 91
14 94
14 95
14 96
14 97
15 17
15 18
15 19
15 20
15 23
15 24
15 26
15 29
15 32
15 33
15 36
15 40
15 41
15 42
15 46
15 47
15 51
15 56
15 61
15 67
15 69
15 72
15 75
15 78
15 81
15 82
15 83
15 88
15 89
15 91
15 96
15 97
15 98
16 19
16 21
16 22
16 23
16 25
16 27
16 28
16 31
16 33
16 34
16 41
16 43
16 45
16 48
16 50
16 52
16 53
16 54
16 61
16 64
16 65
16 67
16 68
16 71
16 72
16 74
16 76
16 78
16 80
16 82
16 87
16 88
16 89
16 90
16 93
16 95
16 97
17 18
17 19
17 20
17 21
17 23
17 25
17 26
17 28
17 29
17 31
17 35
17 37
17 39
17 41
17 43
17 46
17 47
17 49
17 50
17 51
17 54
17 55
17 56
17 57
17 58
17 60
17 62
17 64
17 65
17 67
17 69
17 75
17 76
17 77
17 78
17 80
17 81
17 84
17 88
17 89
17 91
17 92
17 93
17 98
17 99
18 20
18 21
18 22
18 23
18 26
18 30
18 31
18 32
18 34
18 35
18 36
18 37
18 39
18 42
18 46
18 48
18 49
18 50
18 51
18 52
18 53
18 55
18 59
18 60
18 61
18 64
18 70
18 71
18 72
18 73
18 74
18 76
18 79
18 80
18 82
18 83
18 86
18 91
18 93
18 94
19 20
19 22
19 24
19 25
19 27
19 28
19 30
19 32
19 38
19 39
19 40
19 41
19 43
19 46
19 47
19 48
19 51
19 53
19 54
19 55
19 56
19 59
19 60
19 70
19 71
19 73
19 74
19 75
19 78
19 79
19 84
19 86
19 91
19 92
19 97
20 22
20 24
20 25
20 26
20 27
20 29
20 34
20 37
20 40
20 41
20 44
20 50
20 51
20 56
20 60
20 62
20 63
20 65
20 66
20 68
20 70
20 71
20 75
20 77
20 78
20 81
20 83
20 85
20 87
20 88
20 90
20 91
20 92
20 93
20 95
20 96
20 97
20 98
21 22
21 23
21 24
21 28
21 31
21 33
21 35
21 37
21 44
21 46
21 47
21 48
21 49
21 50
21 52
21 53
21 55
21 57
21 58
21 59
21 60
21 61
21 62
21 64
21 65
21 67
21 68
21 69
21 73
21 75
21 76
21 77
21 78
21 79
21 82
21 85
21 86
21 87
21 91
21 94
21 95
22 23
22 25
22 30
22 35
22 38
22 40
22 41
22 47
22 48
22 50
22 53
22 55
22 58
22 63
22 67
22 68
22 71
22 72
22 73
22 75
22 76
22 77
22 78
22 80
22 82
22 83
22 85
22 86
22 87
22 89
22 91
22 92
22 94
22 95
22 96
22 97
22 98
23 24
23 32
23 33
23 34
23 36
23 38
23 39
23 41
23 42
23 44
23 45
23 46
23 47
23 48
23 49
23 51
23 55
23 56
23 57
23 61
23 62
23 64
23 66
23 68
23 72
23 76
23 77
23 78
23 82
23 83
23 85
23 86
23 89
23 91
23 92
23 93
23 96
23 97
23 98
23 99
24 27
24 29
24 30
24 31
24 32
24 33
24 34
24 35
24 38
24 39
24 43
24 44
24 45
24 47
24 48
24 49
24 50
24 51
24 53
24 61
24 64
24 66
24 68
24 69
24 77
24 82
24 84
24 86
24 87
24 88
24 89
24 91
24 92
24 93
24 94
24 96
24 97
24 99
25 26
25 27
25 32
25 35
25 38
25 46
25 47
25 50
25 55
25 57
25 58
25 60
25 63
25 67
25 69
25 70
25 72
25 74
25 75
25 77
25 78
25 80
25 82
25 83
25 85
25 87
25 91
25 97
25 99
26 27
26 29
26 32
26 34
26 35
26 36
26 37
26 39
26 40
26 42
26 45
26 47
26 53
26 54
26 57
26 58
26 62
26 63
26 65
26 66
26 67
26 68
26 69
26 70
26 71
26 72
26 74
26 75
26 76
26 77
26 78
26 79
26 80
26 82
26 84
26 85
26 88
26 91
26 92
26 94
26 99
27 28
27 30
27 31
27 33
27 34
27 37
27 38
27 43
27 44
27 45
27 46
27 48
27 49
27 50
27 51
27 53
27 54
27 60
27 61
27 64
27 65
27 67
27 68
27 70
27 72
27 73
27 75
27 78
27 83
27 84
27 85
27 86
27 87
27 88
27 91
27 94
27 98
28 31
28 32
28 34
28 35
28 37
28 41
28 42
28 44
28 45
28 58
28 59
28 60
28 62
28 64
28 66
28 69
28 70
28 72
28 75
28 76
28 78
28 81
28 83
28 86
28 89
28 91
28 92
28 94
28 95
28 98
28 99
29 33
29 34
29 37
29 42
29 44
29 47
29 49
29 53
29 54
29 56
29 61
29 65
29 66
29 67
29 68
29 70
29 73
29 74
29 75
29 77
29 78
29 82
29 83
29 86
29 87
29 88
29 89
29 92
29 93
29 94
29 95
29 97
29 98
30 31
30 33
30 35
30 36
30 39
30 40
30 43
30 44
30 45
30 46
30 49
30 50
30 51
30 53
30 54
30 55
30 59
30 61
30 62
30 65
30 66
30 68
30 70
30 73
30 74
30 76
30 77
30 80
30 82
30 87
30 88
30 89
30 90
30 91
30 94
30 97
30 99
31 33
31 36
31 39
31 41
31 43
31 47
31 48
31 53
31 56
31 57
31 59
31 60
31 69
31 76
31 80
31 81
31 83
31 84
31 85
31 87
31 88
31 89
31 91
31 92
31 93
31 94
31 95
31 96
31 97
31 98
31 99
32 35
32 38
32 40
32 44
32 45
32 46
32 51
32 55
32 58
32 60
32 61
32 62
32 65
32 69
32 71
32 73
32 74
32 75
32 76
32 78
32 79
32 80
32 82
32 83
32 86
32 87
32 89
32 90
32 91
32 92
32 93
32 94
32 98
33 38
33 39
33 40
33 41
33 42
33 43
33 44
33 46
33 47
33 49
33 50
33 51
33 52
33 54
33 55
33 60
33 61
33 63
33 64
33 65
33 67
33 68
33 69
33 71
33 73
33 74
33 75
33 77
33 79
33 80
33 83
33 84
33 87
33 89
33 90
33 92
33 93
33 96
33 97
33 98
33 99
34 35
34 36
34 37
34 38
34 40
34 44
34 46
34 49
34 50
34 52
34 55
34 58
34 59
34 62
34 64
34 68
34 69
34 70
34 71
34 75
34 79
34 80
34 82
34 84
34 86
34 87
34 88
34 90
34 92
34 95
34 98
35 39
35 41
35 47
35 48
35 49
35 50
35 51
35 53
35 54
35 55
35 59
35 62
35 64
35 71
35 76
35 78
35 79
35 81
35 82
35 85
35 86
35 88
35 90
35 91
35 97
35 98
36 37
36 39
36 40
36 43
36 45
36 46
36 47
36 49
36 51
36 53
36 54
36 56
36 57
36 58
36 59
36 60
36 61
36 63
36 64
36 67
36 68
36 73
36 75
36 76
36 81
36 84
36 85
36 86
36 89
36 90
36 91
36 97
36 98
37 38
37 39
37 40
37 41
37 42
37 46
37 48
37 49
37 50
37 52
37 53
37 56
37 57
37 62
37 63
37 65
37 66
37 68
37 70
37 77
37 80
37 81
37 82
37 85
37 86
37 87
37 89
37 91
37 92
37 94
37 96
37 97
37 98
37 99
38 40
38 43
38 45
38 46
38 49
38 50
38 51
38 54
38 56
38 61
38 66
38 67
38 68
38 73
38 74
38 75
38 80
38 81
38 82
38 84
38 85
38 86
38 87
38 88
38 90
38 91
38 94
38 95
38 97
39 40
39 41
39 42
39 44
39 47
39 49
39 50
39 51
39 52
39 56
39 60
39 62
39 63
39 64
39 66
39 67
39 68
39 71
39 73
39 75
39 77
39 78
39 81
39 82
39 83
39 85
39 88
39 91
39 93
39 94
39 96
39 98
40 41
40 42
40 43
40 44
40 45
40 48
40 49
40 50
40 51
40 53
40 55
40 58
40 60
40 63
40 64
40 65
40 68
40 73
40 74
40 75
40 79
40 82
40 84
40 86
40 89
40 90
40 92
40 93
40 94
40 97
40 99
41 42
41 43
41 46
41 47
41 48
41 51
41 53
41 54
41 61
41 62
41 64
41 65
41 66
41 68
41 71
41 72
41 73
41 74
41 75
41 76
41 78
41 81
41 82
41 88
41 95
41 96
41 97
41 98
42 43
42 47
42 53
42 55
42 56
42 58
42 59
42 61
42 62
42 65
42 68
42 73
42 77
42 78
42 83
42 84
42 85
42 88
42 90
42 92
42 95
42 98
42 99
43 44
43 46
43 49
43 51
43 52
43 54
43 58
43 59
43 60
43 62
43 63
43 67
43 74
43 75
43 77
43 79
43 84
43 85
43 88
43 90
43 94
43 96
43 97
43 99
44 46
44 48
44 49
44 51
44 52
44 54
44 55
44 56
44 57
44 59
44 61
44 62
44 63
44 65
44 66
44 67
44 68
44 70
44 71
44 74
44 76
44 78
44 79
44 82
44 84
44 86
44 87
44 88
44 89
44 90
44 96
44 97
45 47
45 49
45 51
45 54
45 56
45 57
45 59
45 63
45 64
45 65
45 66
45 67
45 70
45 71
45 72
45 73
45 74
45 77
45 78
45 79
45 80
45 84
45 86
45 87
45 88
45 89
45 91
45 92
45 94
45 95
45 97
45 98
45 99
46 47
46 49
46 50
46 51
46 57
46 60
46 61
46 63
46 64
46 66
46 68
46 72
46 77
46 78
46 79
46 82
46 84
46 88
46 89
46 91
46 92
46 93
46 95
46 96
47 48
47 50
47 51
47 56
47 58
47 64
47 67
47 69
47 73
47 76
47 77
47 80
47 81
47 83
47 84
47 87
47 89
47 90
47 91
47 98
48 49
48 50
48 53
48 55
48 56
48 58
48 61
48 62
48 64
48 68
48 70
48 71
48 73
48 74
48 77
48 78
48 82
48 83
48 86
48 87
48 94
48 95
48 98
49 50
49 53
49 54
49 60
49 62
49 64
49 65
49 67
49 68
49 69
49 70
49 74
49 75
49 77
49 80
49 82
49 84
49 87
49 88
49 90
49 91
49 94
49 98
49 99
50 51
50 52
50 53
50 54
50 55
50 60
50 62
50 64
50 66
50 68
50 69
50 74
50 76
50 77
50 78
50 83
50 84
50 85
50 86
50 87
50 88
50 89
50 93
51 54
51 56
51 57
51 58
51 59
51 60
51 61
51 64
51 67
51 68
51 69
51 71
51 74
51 77
51 78
51 79
51 80
51 83
51 85
51 86
51 87
51 89
51 90
51 93
51 95
52 55
52 56
52 62
52 64
52 65
52 66
52 69
52 71
52 72
52 73
52 75
52 76
52 77
52 78
52 79
52 80
52 81
52 82
52 85
52 86
52 90
52 91
52 93
52 95
52 96
52 97
53 57
53 58
53 59
53 60
53 61
53 62
53 63
53 65
53 66
53 71
53 72
53 74
53 76
53 78
53 80
53 85
53 86
53 89
53 92
53 93
53 94
53 99
54 60
54 61
54 64
54 66
54 69
54 70
54 72
54 73
54 74
54 76
54 79
54 81
54 89
54 93
54 97
54 98
55 56
55 57
55 58
55 61
55 63
55 64
55 65
55 66
55 71
55 72
55 74
55 76
55 77
55 79
55 80
55 84
55 85
55 86
55 87
55 89
55 93
55 95
55 97
55 99
56 59
56 60
56 61
56 63
56 65
56 66
56 67
56 73
56 74
56 75
56 78
56 80
56 82
56 84
56 86
56 88
56 90
56 92
56 94
56 96
56 98
57 58
57 59
57 60
57 61
57 64
57 65
57 70
57 73
57 75
57 77
57 78
57 79
57 80
57 82
57 83
57 86
57 88
57 89
57 91
57 93
57 94
57 95
57 96
57 98
57 99
58 61
58 64
58 65
58 67
58 68
58 72
58 73
58 74
58 76
58 78
58 79
58 82
58 88
58 89
58 90
58 93
58 94
58 97
58 98
58 99
59 60
59 61
59 63
59 66
59 68
59 69
59 71
59 73
59 74
59 77
59 80
59 81
59 82
59 84
59 85
59 87
59 90
59 92
59 95
59 99
60 62
60 64
60 68
60 69
60 70
60 71
60 74
60 76
60 77
60 78
60 80
60 84
60 85
60 87
60 90
60 92
60 94
60 95
60 97
60 98
61 62
61 63
61 67
61 72
61 74
61 76
61 78
61 79
61 85
61 86
61 87
61 88
61 89
61 91
61 97
61 98
62 63
62 65
62 66
62 68
62 69
62 72
62 74
62 76
62 78
62 79
62 82
62 83
62 85
62 87
62 88
62 91
62 93
62 97
62 98
63 65
63 66
63 67
63 68
63 70
63 71
63 72
63 74
63 75
63 76
63 77
63 78
63 80
63 81
63 83
63 84
63 85
63 86
63 91
63 92
63 93
63 94
63 97
63 98
63 99
64 66
64 68
64 69
64 70
64 79
64 85
64 87
64 89
64 96
64 99
65 70
65 71
65 72
65 73
65 76
65 77
65 80
65 83
65 86
65 87
65 94
65 97
65 99
66 69
66 70
66 72
66 73
66 76
66 77
66 78
66 79
66 81
66 84
66 89
66 90
66 92
66 95
66 96
66 99
67 69
67 70
67 71
67 74
67 76
67 79
67 80
67 83
67 87
67 88
67 91
67 93
67 96
67 97
68 70
68 71
68 72
68 74
68 75
68 76
68 77
68 80
68 84
68 86
68 87
68 89
68 90
68 92
68 93
68 94
68 96
68 98
68 99
69 70
69 73
69 75
69 77
69 82
69 83
69 87
69 88
69 89
69 91
69 92
69 96
69 99
70 71
70 74
70 75
70 78
70 79
70 81
70 82
70 83
70 84
70 89
70 90
70 92
70 93
70 95
70 97
71 72
71 74
71 76
71 77
71 78
71 80
71 82
71 84
71 89
71 91
71 94
71 95
71 98
71 99
72 73
72 74
72 75
72 76
72 77
72 78
72 79
72 81
72 82
72 89
72 90
72 91
72 95
72 96
72 97
73 81
73 82
73 87
73 88
73 89
73 93
73 97
73 98
74 77
74 78
74 81
74 85
74 86
74 87
74 88
74 90
74 93
74 95
74 98
75 76
75 77
75 79
75 83
75 85
75 88
75 89
75 95
75 96
75 99
76 77
76 78
76 79
76 80
76 81
76 82
76 85
76 86
76 91
76 92
76 95
76 97
76 99
77 84
77 85
77 87
77 88
77 89
77 90
77 92
77 95
77 96
77 97
77 99
78 79
78 80
78 85
78 91
78 93
78 95
79 80
79 82
79 83
79 85
79 86
79 88
79 90
79 91
79 92
79 93
79 94
79 96
79 98
80 82
80 83
80 85
80 86
80 89
80 92
80 94
80 96
80 98
81 82
81 83
81 85
81 86
81 88
81 92
81 94
81 96
81 97
82 87
82 88
82 90
82 92
82 94
82 95
82 99
83 84
83 85
83 87
83 88
83 90
83 91
83 93
83 95
83 98
83 99
84 85
84 86
84 90
84 92
84 93
84 98
85 88
85 90
85 91
85 92
85 93
85 96
85 97
85 98
86 87
86 88
86 93
86 94
86 96
86 97
86 98
87 90
87 91
87 93
87 96
88 90
88 93
88 99
89 91
89 93
89 96
89 97
89 98
90 96
90 97
91 92
91 95
91 96
91 98
91 99
92 94
92 95
92 96
92 97
93 94
93 95
93 99
94 95
94 97
95 98
95 99
96 97
96 99
98 99
