0 1
0 8
0 12
0 15
0 16
0 17
0 19
0 20
0 24
0 25
0 31
0 35
0 37
0 42
0 46
0 51
0 52
0 55
0 57
0 60
0 68
0 70
0 75
0 76
0 80
0 82
0 84
0 86
0 87
0 93
0 95
1 2
1 4
1 5
1 16
1 18
1 24
1 25
1 26
1 27
1 28
1 29
1 31
1 32
1 33
1 36
1 40
1 43
1 47
1 48
1 50
1 51
1 53
1 55
1 57
1 61
1 65
1 66
1 68
1 71
1 78
1 79
1 82
1 84
1 87
1 89
1 92
1 93
1 95
1 96
1 97
1 99
2 3
2 4
2 6
2 7
2 14
2 15
2 16
2 17
2 18
2 19
2 23
2 24
2 25
2 29
2 37
2 40
2 51
2 54
2 55
2 59
2 62
2 64
2 68
2 69
2 70
2 71
2 76
2 77
2 80
2 81
2 84
2 85
2 86
2 89
2 90
2 93
2 95
2 98
3 5
3 12
3 13
3 14
3 16
3 19
3 20
3 21
3 22
3 35
3 38
3 43
3 48
3 49
3 50
3 54
3 56
3 59
3 60
3 61
3 67
3 70
3 71
3 78
3 79
3 83
3 85
3 87
3 88
3 89
3 90
3 91
3 93
3 95
3 97
3 98
3 99
4 5
4 6
4 8
4 9
4 10
4 11
4 15
4 16
4 20
4 27
4 28
4 31
4 32
4 33
4 39
4 44
4 47
4 49
4 55
4 64
4 69
4 72
4 76
4 83
4 84
4 86
4 88
4 89
4 90
4 91
4 94
4 95
5 7
5 8
5 9
5 11
5 12
5 15
5 17
5 21
5 22
5 23
5 24
5 26
5 28
5 29
5 30
5 32
5 36
5 37
5 39
5 40
5 44
5 47
5 49
5 50
5 51
5 52
5 56
5 57
5 58
5 59
5 60
5 62
5 64
5 65
5 67
5 68
5 70
5 73
5 76
5 78
5 79
5 81
5 83
5 84
5 86
5 87
5 89
6 11
6 12
6 13
6 17
6 18
6 20
6 25
6 27
6 29
6 31
6 33
6 38
6 40
6 42
6 44
6 49
6 52
6 53
6 56
6 59
6 61
6 63
6 64
6 66
6 67
6 71
6 72
6 73
6 74
6 75
6 77
6 80
6 81
6 86
6 90
6 91
6 93
6 95
6 98
7 9
7 13
7 14
7 15
7 17
7 18
7 22
7 30
7 31
7 32
7 34
7 35
7 37
7 39
7 40
7 41
7 42
7 44
7 47
7 50
7 52
7 53
7 54
7 56
7 57
7 62
7 63
7 64
7 65
7 71
7 77
7 79
7 81
7 82
7 83
7 88
7 92
7 93
7 94
7 95
7 96
7 99
8 9
8 13
8 15
8 16
8 17
8 18
8 19
8 22
8 23
8 24
8 27
8 28
8 29
8 31
8 32
8 33
8 34
8 38
8 40
8 43
8 45
8 46
8 48
8 49
8 50
8 52
8 60
8 62
8 63
8 67
8 68
8 72
8 78
8 79
8 82
8 84
8 87
8 88
8 95
8 98
9 11
9 13
9 17
9 18
9 19
9 21
9 23
9 24
9 25
9 27
9 31
9 33
9 35
9 40
9 41
9 42
9 44
9 46
9 47
9 50
9 51
9 52
9 53
9 54
9 56
9 58
9 64
9 83
9 85
9 86
9 87
9 92
9 94
9 96
9 97
9 98
9 99
10 12
10 16
10 18
10 19
10 21
10 22
10 27
10 31
10 32
10 35
10 37
10 38
10 39
10 42
10 45
10 46
10 47
10 48
10 52
10 53
10 62
10 63
10 64
10 65
10 67
10 69
10 73
10 78
10 81
10 84
10 85
10 92
10 96
11 14
11 17
11 18
11 21
11 23
11 29
11 32
11 35
11 36
11 37
11 39
11 41
11 42
11 44
11 46
11 47
11 50
11 53
11 54
11 56
11 59
11 72
11 74
11 79
11 81
11 82
11 83
11 85
11 86
11 89
11 90
11 91
11 92
11 93
11 96
11 98
11 99
12 14
12 18
12 19
12 27
12 28
12 30
12 33
12 37
12 38
12 39
12 43
12 44
12 45
12 49
12 50
12 51
12 54
12 58
12 63
12 64
12 65
12 66
12 67
12 73
12 76
12 77
12 78
12 81
12 83
12 84
12 85
12 87
12 91
12 95
12 96
12 98
13 17
13 19
13 22
13 26
13 27
13 28
13 34
13 35
13 36
13 37
13 42
13 43
13 44
13 45
13 48
13 50
13 52
13 56
13 57
13 63
13 65
13 66
13 69
13 70
13 73
13 74
13 82
13 84
13 87
13 91
13 92
13 93
13 95
13 97
14 15
14 22
14 24
14 25
14 26
14 30
14 37
14 39
14 40
14 41
14 43
14 46
14 47
14 48
14 49
14 50
14 51
14 52
14 54
14 57
14 62
14 63
14 66
14 68
14 69
14 70
14 74
14 76
14 77
14 80
14 84
14 85
14 88
14 89
14 91
14 93
14 97
15 20
15 21
15 22
15 25
15 26
15 29
15 30
15 46
15 52
15 56
15 57
15 58
15 59
15 65
15 66
15 67
15 69
15 71
15 72
15 74
15 75
15 82
15 84
15 85
15 87
15 88
15 89
15 90
15 93
15 94
15 96
15 98
15 99
16 18
16 19
16 21
16 24
16 31
16 38
16 43
16 46
16 48
16 49
16 50
16 54
16 57
16 60
16 62
16 63
16 64
16 68
16 70
16 73
16 75
16 78
16 79
16 80
16 81
16 85
16 89
16 90
16 91
16 94
16 96
17 18
17 21
17 23
17 32
17 33
17 34
17 38
17 41
17 42
17 43
17 47
17 51
17 53
17 55
17 59
17 60
17 61
17 62
17 65
17 66
17 67
17 70
17 71
17 74
17 78
17 79
17 83
17 85
17 86
17 88
17 89
17 90
17 91
17 92
17 94
17 95
17 98
18 24
18 25
18 26
18 27
18 30
18 31
18 32
18 34
18 35
18 36
18 37
18 39
18 42
18 43
18 46
18 48
18 49
18 50
18 51
18 52
18 53
18 57
18 59
18 61
18 62
18 63
18 64
18 68
18 70
18 73
18 75
18 81
18 84
18 89
18 90
18 93
18 94
18 96
18 97
19 21
19 22
19 24
19 26
19 27
19 30
19 34
19 35
19 37
19 40
19 44
19 46
19 47
19 48
19 51
19 56
19 57
19 62
19 63
19 65
19 67
19 68
19 69
19 70
19 73
19 75
19 76
19 78
19 82
19 86
19 87
19 88
19 89
19 91
19 96
19 98
20 21
20 23
20 24
20 26
20 28
20 30
20 32
20 33
20 34
20 42
20 43
20 53
20 55
20 56
20 58
20 65
20 66
20 69
20 70
20 72
20 74
20 77
20 79
20 80
20 81
20 82
20 84
20 86
20 87
20 89
20 90
20 91
21 22
21 27
21 30
21 32
21 33
21 35
21 37
21 42
21 43
21 46
21 47
21 48
21 49
21 52
21 56
21 60
21 61
21 66
21 67
21 69
21 71
21 72
21 74
21 78
21 79
21 80
21 83
21 85
21 86
21 88
21 89
21 90
21 91
21 92
21 93
21 95
21 96
21 97
21 99
22 23
22 26
22 34
22 39
22 40
22 44
22 46
22 47
22 50
22 51
22 52
22 54
22 55
22 58
22 60
22 62
22 64
22 65
22 66
22 67
22 69
22 70
22 76
22 77
22 78
22 83
22 85
22 88
22 89
22 92
22 93
22 95
22 97
22 98
23 25
23 30
23 35
23 42
23 45
23 48
23 49
23 50
23 59
23 60
23 61
23 64
23 65
23 66
23 68
23 69
23 70
23 71
23 74
23 75
23 80
23 81
23 82
23 84
23 88
23 89
23 90
23 92
23 94
23 96
24 25
24 27
24 28
24 36
24 37
24 38
24 40
24 42
24 43
24 44
24 50
24 51
24 55
24 65
24 66
24 76
24 81
24 82
24 83
24 84
24 91
24 93
24 96
25 26
25 32
25 33
25 40
25 43
25 45
25 49
25 51
25 52
25 53
25 57
25 58
25 60
25 63
25 65
25 66
25 71
25 72
25 74
25 76
25 77
25 79
25 80
25 82
25 83
25 87
25 92
25 93
25 94
25 96
26 28
26 30
26 32
26 37
26 38
26 40
26 48
26 49
26 52
26 53
26 54
26 55
26 56
26 60
26 63
26 64
26 67
26 68
26 69
26 71
26 75
26 76
26 82
26 84
26 86
26 87
26 90
26 91
26 92
26 93
26 94
26 96
27 32
27 36
27 38
27 39
27 40
27 41
27 43
27 47
27 48
27 49
27 51
27 53
27 54
27 57
27 61
27 62
27 67
27 69
27 74
27 77
27 80
27 83
27 87
27 90
27 94
27 95
27 96
27 99
28 29
28 35
28 37
28 38
28 39
28 40
28 44
28 45
28 50
28 51
28 55
28 58
28 59
28 60
28 62
28 63
28 64
28 65
28 73
28 75
28 83
28 84
28 86
28 87
28 89
28 91
28 93
28 94
28 96
28 98
28 99
29 31
29 32
29 36
29 38
29 40
29 41
29 46
29 49
29 50
29 53
29 59
29 63
29 68
29 88
29 91
29 92
29 94
29 99
30 31
30 32
30 33
30 34
30 36
30 38
30 39
30 41
30 46
30 48
30 49
30 53
30 61
30 66
30 67
30 68
30 71
30 72
30 73
30 74
30 75
30 76
30 79
30 80
30 83
30 84
30 85
30 86
30 87
30 91
30 92
30 93
30 95
31 33
31 34
31 41
31 43
31 46
31 47
31 50
31 51
31 52
31 53
31 57
31 61
31 62
31 64
31 67
31 68
31 69
31 72
31 76
31 82
31 83
31 91
31 92
31 93
31 95
31 97
32 35
32 37
32 41
32 42
32 43
32 44
32 54
32 59
32 61
32 62
32 63
32 65
32 67
32 70
32 71
32 74
32 76
32 78
32 80
32 81
32 83
32 88
32 90
32 93
32 94
32 99
33 37
33 39
33 41
33 43
33 51
33 53
33 57
33 59
33 66
33 69
33 72
33 73
33 75
33 77
33 90
33 91
33 98
34 36
34 45
34 48
34 50
34 52
34 53
34 54
34 58
34 59
34 60
34 65
34 66
34 68
34 71
34 73
34 77
34 84
34 86
34 96
34 98
34 99
35 39
35 40
35 41
35 43
35 44
35 45
35 48
35 53
35 54
35 56
35 57
35 58
35 59
35 60
35 65
35 66
35 67
35 68
35 71
35 72
35 73
35 76
35 78
35 88
35 92
35 93
35 98
35 99
36 39
36 40
36 48
36 49
36 51
36 54
36 56
36 62
36 63
36 64
36 65
36 67
36 69
36 70
36 71
36 73
36 80
36 83
36 87
36 89
36 91
36 92
36 93
36 95
36 97
36 99
37 39
37 41
37 44
37 47
37 49
37 50
37 52
37 60
37 63
37 69
37 74
37 75
37 76
37 78
37 79
37 80
37 88
37 93
37 96
37 98
37 99
38 39
38 40
38 41
38 45
38 46
38 47
38 48
38 53
38 54
38 56
38 58
38 61
38 66
38 68
38 72
38 73
38 74
38 79
38 82
38 83
38 84
38 88
38 91
38 94
38 98
39 41
39 42
39 43
39 44
39 46
39 49
39 50
39 51
39 57
39 61
39 62
39 64
39 65
39 66
39 67
39 70
39 71
39 72
39 74
39 78
39 79
39 80
39 83
39 85
39 88
39 90
39 91
39 92
39 97
39 98
40 44
40 49
40 51
40 54
40 55
40 56
40 58
40 62
40 63
40 64
40 65
40 66
40 68
40 74
40 79
40 80
40 81
40 86
40 87
40 88
40 90
40 91
40 92
40 97
41 50
41 51
41 52
41 59
41 60
41 61
41 63
41 69
41 70
41 72
41 75
41 77
41 79
41 80
41 83
41 84
41 87
41 91
41 94
41 95
42 43
42 45
42 46
42 48
42 51
42 54
42 55
42 61
42 62
42 68
42 71
42 74
42 78
42 88
42 90
42 93
42 96
42 97
43 45
43 46
43 47
43 49
43 52
43 61
43 63
43 64
43 68
43 70
43 72
43 78
43 81
43 83
43 89
43 91
43 92
43 93
43 94
43 97
43 99
44 49
44 50
44 51
44 57
44 58
44 59
44 64
44 65
44 67
44 68
44 70
44 71
44 72
44 73
44 75
44 77
44 80
44 81
44 85
44 86
44 87
44 90
44 92
44 93
44 95
44 96
44 98
44 99
45 48
45 51
45 57
45 64
45 68
45 70
45 71
45 73
45 76
45 79
45 81
45 85
45 88
45 90
45 92
45 97
46 53
46 61
46 62
46 69
46 73
46 74
46 78
46 81
46 84
46 85
46 87
46 89
46 90
46 91
46 92
46 95
46 99
47 48
47 51
47 52
47 53
47 58
47 59
47 61
47 62
47 64
47 73
47 74
47 80
47 84
47 86
47 98
48 54
48 55
48 56
48 57
48 59
48 61
48 62
48 64
48 68
48 69
48 71
48 72
48 73
48 74
48 75
48 81
48 84
48 85
48 86
48 88
48 89
48 90
48 92
48 93
48 94
48 96
48 97
49 57
49 58
49 70
49 73
49 76
49 79
49 80
49 82
49 87
49 89
49 90
49 93
49 94
49 96
49 99
50 51
50 54
50 55
50 56
50 58
50 62
50 64
50 65
50 68
50 69
50 70
50 71
50 72
50 73
50 75
50 76
50 77
50 78
50 83
50 84
50 85
50 89
50 92
50 93
50 94
50 98
51 72
51 79
51 82
51 83
51 86
51 89
51 91
51 94
51 95
51 96
51 97
51 98
52 54
52 57
52 60
52 62
52 66
52 67
52 68
52 69
52 73
52 76
52 77
52 78
52 79
52 81
52 83
52 85
52 86
52 87
52 88
52 89
52 90
52 92
52 93
52 95
52 97
52 98
52 99
53 55
53 60
53 65
53 67
53 69
53 76
53 78
53 85
53 90
53 92
53 94
53 97
53 98
53 99
54 55
54 57
54 61
54 62
54 72
54 85
54 86
54 88
54 92
54 94
54 96
54 98
54 99
55 58
55 59
55 60
55 61
55 63
55 68
55 69
55 72
55 73
55 77
55 80
55 82
55 83
55 85
55 89
55 96
56 60
56 65
56 66
56 69
56 72
56 74
56 76
56 80
56 81
56 83
56 85
56 86
56 88
56 93
56 94
56 99
57 63
57 64
57 76
57 82
57 84
57 86
57 87
57 88
57 89
57 92
58 62
58 64
58 65
58 66
58 67
58 68
58 70
58 71
58 72
58 75
58 77
58 78
58 80
58 81
58 83
58 85
58 86
58 87
58 88
58 90
58 92
58 93
58 94
58 98
58 99
59 60
59 61
59 63
59 66
59 68
59 70
59 74
59 77
59 81
59 82
59 85
59 88
59 93
59 97
59 99
60 62
60 63
60 64
60 66
60 70
60 71
60 76
60 78
60 85
60 90
60 92
60 94
60 96
60 97
60 99
61 64
61 65
61 67
61 71
61 79
61 83
61 86
61 87
61 88
61 89
61 91
61 92
61 93
61 94
61 97
61 98
61 99
62 65
62 67
62 69
62 73
62 74
62 76
62 81
62 82
62 84
62 85
62 86
62 89
62 91
62 92
62 96
62 99
63 69
63 70
63 71
63 73
63 74
63 75
63 77
63 79
63 85
63 86
63 90
63 94
63 97
64 66
64 67
64 70
64 72
64 74
64 76
64 77
64 78
64 79
64 81
64 82
64 85
64 90
64 92
64 93
64 97
65 66
65 67
65 69
65 70
65 75
65 76
65 80
65 83
65 87
65 90
65 95
65 97
65 98
66 67
66 68
66 69
66 72
66 76
66 80
66 82
66 84
66 85
66 86
66 87
66 88
66 89
66 91
66 92
66 93
66 94
67 69
67 70
67 72
67 76
67 77
67 81
67 82
67 84
67 85
67 86
67 95
67 96
67 97
68 70
68 72
68 76
68 78
68 80
68 82
68 85
68 86
68 87
68 88
68 89
68 90
68 92
68 94
68 95
68 99
69 70
69 73
69 76
69 79
69 80
69 84
69 86
69 87
69 88
69 93
69 96
69 97
70 71
70 72
70 73
70 74
70 75
70 77
70 80
70 81
70 84
70 85
70 92
70 93
70 94
70 96
70 97
71 72
71 73
71 75
71 76
71 78
71 79
71 83
71 85
71 86
71 87
71 93
71 95
71 97
71 98
71 99
72 73
72 75
72 77
72 78
72 84
72 86
72 87
72 89
72 96
72 97
72 99
73 74
73 75
73 76
73 78
73 83
73 84
73 86
73 87
73 91
73 95
73 97
73 99
74 77
74 78
74 81
74 88
74 90
74 95
74 96
75 77
75 79
75 82
75 83
75 85
75 89
75 90
75 91
75 92
75 95
75 98
76 77
76 82
76 84
76 86
76 92
76 94
76 96
76 98
76 99
77 78
77 85
77 92
77 93
77 96
78 80
78 83
78 86
78 87
78 90
78 91
78 92
78 93
78 94
78 95
78 96
78 98
79 80
79 82
79 85
79 87
79 88
79 90
79 94
79 95
79 98
80 81
80 84
80 85
80 90
80 94
80 96
80 97
80 98
81 82
81 83
81 88
81 89
81 93
81 97
81 98
81 99
82 84
82 85
82 88
82 89
82 90
82 91
82 95
82 97
82 98
82 99
83 89
83 90
83 93
83 94
83 98
84 85
84 86
84 87
84 89
84 90
84 92
84 98
85 86
85 94
85 98
86 87
86 89
86 91
86 92
86 96
86 97
86 98
87 95
87 97
87 98
88 89
88 96
88 98
89 90
89 94
89 97
90 92
90 93
90 95
90 96
91 93
91 95
92 95
92 99
93 95
93 98
93 99
94 95
94 97
94 98
94 99
95 99
97 99
