0 1
0 3
0 10
0 12
0 16
0 21
0 23
0 24
0 25
0 31
0 37
0 38
0 39
0 43
0 45
0 46
0 50
0 52
0 56
0 57
0 60
0 61
0 64
0 68
0 71
0 74
0 78
0 83
0 85
0 87
0 88
0 89
0 94
0 97
0 98
1 5
1 7
1 11
1 16
1 18
1 19
1 20
1 21
1 24
1 25
1 26
1 29
1 30
1 37
1 38
1 39
1 43
1 49
1 53
1 56
1 61
1 63
1 64
1 65
1 67
1 70
1 71
1 73
1 74
1 78
1 79
1 81
1 83
1 84
1 85
1 90
1 93
1 98
2 3
2 4
2 9
2 10
2 11
2 12
2 14
2 15
2 17
2 18
2 19
2 22
2 23
2 28
2 29
2 31
2 33
2 34
2 37
2 38
2 41
2 42
2 43
2 45
2 48
2 52
2 55
2 56
2 59
2 63
2 65
2 66
2 67
2 68
2 71
2 75
2 80
2 82
2 83
2 85
2 86
2 87
2 90
2 93
2 94
2 96
2 99
3 6
3 9
3 10
3 14
3 16
3 17
3 18
3 19
3 20
3 21
3 22
3 23
3 24
3 28
3 29
3 30
3 31
3 34
3 35
3 37
3 42
3 45
3 46
3 49
3 56
3 57
3 60
3 61
3 62
3 73
3 74
3 75
3 76
3 77
3 78
3 79
3 84
3 86
3 88
3 89
3 90
3 93
3 94
3 98
4 14
4 18
4 19
4 22
4 23
4 27
4 32
4 33
4 37
4 38
4 40
4 48
4 50
4 53
4 54
4 62
4 63
4 64
4 65
4 67
4 74
4 75
4 76
4 77
4 86
4 88
4 90
4 92
4 95
5 6
5 7
5 9
5 14
5 16
5 24
5 25
5 28
5 30
5 43
5 45
5 46
5 47
5 52
5 54
5 56
5 57
5 58
5 69
5 70
5 71
5 72
5 75
5 76
5 77
5 84
5 85
5 88
5 89
5 90
5 92
5 93
5 94
5 95
5 96
5 97
6 8
6 9
6 12
6 13
6 15
6 19
6 20
6 21
6 23
6 24
6 25
6 29
6 30
6 31
6 32
6 33
6 34
6 38
6 40
6 42
6 44
6 46
6 50
6 52
6 58
6 59
6 64
6 65
6 68
6 69
6 73
6 74
6 77
6 83
6 84
6 87
6 88
6 93
6 95
6 97
7 14
7 15
7 18
7 20
7 22
7 23
7 25
7 28
7 29
7 32
7 34
7 37
7 38
7 41
7 42
7 46
7 50
7 55
7 57
7 62
7 63
7 65
7 66
7 68
7 70
7 71
7 77
7 78
7 79
7 81
7 86
7 89
7 90
7 93
7 94
8 9
8 10
8 11
8 12
8 17
8 19
8 25
8 31
8 37
8 38
8 39
8 40
8 42
8 48
8 50
8 52
8 55
8 56
8 57
8 65
8 67
8 68
8 70
8 71
8 72
8 73
8 74
8 75
8 76
8 78
8 80
8 81
8 90
8 91
8 92
8 93
8 95
8 97
9 15
9 19
9 20
9 21
9 25
9 27
9 28
9 29
9 30
9 32
9 35
9 38
9 41
9 43
9 44
9 46
9 47
9 48
9 50
9 56
9 63
9 65
9 69
9 70
9 75
9 76
9 77
9 79
9 84
9 88
9 92
9 94
9 96
9 99
10 15
10 17
10 21
10 24
10 27
10 28
10 30
10 31
10 32
10 33
10 35
10 37
10 38
10 39
10 40
10 42
10 43
10 45
10 46
10 49
10 52
10 53
10 55
10 57
10 63
10 64
10 72
10 73
10 80
10 82
10 83
10 85
10 87
10 91
10 93
10 98
11 12
11 15
11 19
11 24
11 25
11 27
11 36
11 38
11 41
11 43
11 46
11 52
11 53
11 63
11 66
11 67
11 68
11 69
11 71
11 74
11 77
11 81
11 83
11 88
11 89
11 91
11 93
11 94
11 96
11 97
12 14
12 16
12 18
12 20
12 21
12 23
12 25
12 26
12 28
12 29
12 30
12 32
12 35
12 41
12 47
12 51
12 52
12 57
12 58
12 59
12 60
12 62
12 63
12 68
12 69
12 71
12 72
12 76
12 79
12 81
12 83
12 84
12 87
12 93
12 94
12 95
12 99
13 14
13 15
13 16
13 17
13 18
13 20
13 21
13 22
13 23
13 26
13 27
13 34
13 39
13 40
13 41
13 44
13 46
13 47
13 52
13 53
13 59
13 61
13 63
13 65
13 68
13 72
13 73
13 74
13 77
13 78
13 79
13 81
13 82
13 83
13 86
13 89
13 92
13 93
13 94
13 96
13 97
14 16
14 18
14 20
14 21
14 22
14 24
14 28
14 33
14 34
14 35
14 36
14 38
14 40
14 41
14 42
14 44
14 45
14 48
14 55
14 57
14 58
14 59
14 62
14 63
14 68
14 72
14 74
14 77
14 78
14 84
14 88
14 89
14 94
14 97
15 18
15 19
15 23
15 24
15 25
15 26
15 29
15 30
15 31
15 34
15 35
15 36
15 37
15 38
15 39
15 50
15 55
15 56
15 58
15 62
15 63
15 64
15 67
15 69
15 71
15 75
15 76
15 77
15 78
15 79
15 80
15 82
15 83
15 84
15 86
15 87
15 89
15 93
15 95
15 97
16 17
16 19
16 20
16 22
16 23
16 24
16 26
16 27
16 30
16 35
16 38
16 44
16 45
16 46
16 48
16 49
16 54
16 55
16 57
16 58
16 59
16 61
16 64
16 68
16 71
16 76
16 77
16 81
16 85
16 86
16 87
16 90
16 91
16 92
16 97
16 99
17 20
17 22
17 24
17 25
17 27
17 31
17 35
17 38
17 39
17 44
17 49
17 50
17 52
17 55
17 60
17 61
17 64
17 65
17 66
17 67
17 68
17 69
17 71
17 73
17 75
17 77
17 82
17 86
17 89
17 90
17 95
17 96
18 20
18 22
18 24
18 28
18 31
18 36
18 39
18 41
18 42
18 44
18 46
18 52
18 53
18 54
18 58
18 60
18 61
18 62
18 64
18 67
18 70
18 72
18 76
18 78
18 79
18 80
18 81
18 84
18 87
18 90
18 93
18 94
18 95
18 97
18 98
18 99
19 21
19 23
19 30
19 34
19 36
19 37
19 39
19 40
19 42
19 44
19 45
19 46
19 48
19 49
19 51
19 57
19 60
19 63
19 64
19 65
19 69
19 71
19 72
19 74
19 75
19 76
19 79
19 81
19 85
19 86
19 88
19 90
19 91
19 92
19 95
19 96
19 97
19 99
20 28
20 29
20 30
20 40
20 44
20 45
20 53
20 54
20 64
20 67
20 73
20 77
20 78
20 81
20 83
20 85
20 86
20 87
20 93
20 96
20 98
21 23
21 24
21 26
21 27
21 28
21 31
21 33
21 38
21 39
21 40
21 41
21 44
21 46
21 49
21 50
21 54
21 56
21 58
21 59
21 62
21 70
21 72
21 75
21 77
21 81
21 84
21 85
21 93
21 95
21 98
22 27
22 28
22 30
22 31
22 35
22 37
22 39
22 41
22 48
22 49
22 51
22 53
22 54
22 60
22 62
22 65
22 67
22 68
22 69
22 73
22 74
22 75
22 77
22 78
22 79
22 82
22 83
22 84
22 86
22 91
22 92
22 93
22 95
22 97
22 98
23 27
23 30
23 31
23 38
23 42
23 43
23 49
23 51
23 53
23 54
23 61
23 63
23 64
23 66
23 72
23 74
23 75
23 79
23 81
23 82
23 89
23 91
23 93
23 94
23 97
24 25
24 29
24 35
24 38
24 39
24 41
24 44
24 49
24 50
24 51
24 52
24 56
24 57
24 62
24 69
24 71
24 72
24 73
24 76
24 79
24 83
24 84
24 86
24 87
24 88
24 93
24 94
25 28
25 32
25 35
25 37
25 39
25 48
25 51
25 52
25 55
25 58
25 63
25 64
25 65
25 66
25 67
25 68
25 70
25 72
25 74
25 76
25 77
25 81
25 83
25 84
25 85
25 86
25 87
25 89
25 92
25 93
25 95
25 97
25 98
26 27
26 37
26 42
26 44
26 47
26 49
26 51
26 53
26 55
26 56
26 58
26 59
26 60
26 61
26 68
26 69
26 70
26 75
26 76
26 82
26 83
26 91
26 92
26 94
26 96
26 97
26 99
27 28
27 30
27 32
27 35
27 37
27 38
27 42
27 48
27 49
27 52
27 56
27 59
27 61
27 64
27 65
27 66
27 67
27 68
27 70
27 71
27 74
27 78
27 80
27 87
27 89
27 92
27 94
27 96
27 98
28 31
28 33
28 35
28 43
28 50
28 52
28 53
28 55
28 56
28 57
28 59
28 64
28 66
28 72
28 76
28 78
28 82
28 88
28 97
29 32
29 34
29 35
29 36
29 37
29 39
29 40
29 42
29 43
29 50
29 54
29 55
29 63
29 64
29 65
29 67
29 71
29 72
29 73
29 76
29 77
29 80
29 82
29 84
29 85
29 86
29 87
29 89
29 90
29 91
29 94
30 32
30 34
30 35
30 36
30 39
30 40
30 43
30 46
30 48
30 49
30 50
30 52
30 59
30 60
30 62
30 63
30 64
30 70
30 72
30 73
30 74
30 76
30 79
30 80
30 81
30 83
30 87
30 89
30 92
30 93
30 94
30 95
31 32
31 34
31 37
31 38
31 41
31 42
31 44
31 45
31 46
31 47
31 48
31 51
31 52
31 54
31 55
31 56
31 57
31 59
31 62
31 71
31 72
31 74
31 79
31 83
31 84
31 86
31 87
31 89
31 90
31 96
31 99
32 34
32 35
32 37
32 40
32 41
32 46
32 47
32 49
32 52
32 53
32 54
32 58
32 68
32 71
32 74
32 75
32 79
32 80
32 81
32 83
32 84
32 86
32 88
32 89
32 92
32 93
32 94
32 95
32 97
32 99
33 36
33 37
33 38
33 40
33 42
33 44
33 45
33 47
33 48
33 51
33 52
33 53
33 57
33 58
33 59
33 61
33 64
33 66
33 67
33 80
33 86
33 87
33 90
33 91
33 97
34 35
34 38
34 39
34 42
34 45
34 49
34 50
34 51
34 54
34 57
34 62
34 64
34 65
34 74
34 76
34 77
34 81
34 82
34 86
34 92
34 96
34 98
35 36
35 41
35 45
35 51
35 52
35 55
35 56
35 57
35 59
35 60
35 61
35 62
35 63
35 64
35 66
35 67
35 71
35 80
35 83
35 87
35 88
35 90
35 91
35 97
35 98
35 99
36 40
36 44
36 49
36 50
36 51
36 55
36 58
36 59
36 61
36 63
36 68
36 69
36 70
36 71
36 75
36 77
36 78
36 81
36 83
36 84
36 85
36 88
36 89
36 93
36 94
36 95
36 98
37 41
37 43
37 49
37 54
37 56
37 58
37 60
37 66
37 67
37 70
37 71
37 72
37 73
37 75
37 77
37 78
37 79
37 80
37 83
37 86
37 87
37 94
37 96
37 99
38 39
38 43
38 45
38 47
38 48
38 50
38 56
38 57
38 58
38 59
38 63
38 66
38 67
38 69
38 74
38 76
38 81
38 84
38 86
38 87
38 89
38 90
38 95
38 96
38 97
39 40
39 43
39 46
39 47
39 48
39 51
39 54
39 59
39 63
39 66
39 68
39 71
39 72
39 74
39 75
39 76
39 77
39 80
39 81
39 82
39 84
39 88
39 90
39 92
39 93
39 98
40 42
40 53
40 56
40 60
40 64
40 66
40 68
40 69
40 70
40 71
40 72
40 75
40 77
40 78
40 79
40 80
40 82
40 83
40 84
40 85
40 86
40 87
40 89
40 95
41 46
41 49
41 51
41 56
41 62
41 63
41 64
41 70
41 74
41 76
41 78
41 80
41 81
41 82
41 83
41 84
41 87
41 90
41 91
41 92
41 93
41 95
41 97
41 98
42 47
42 48
42 49
42 52
42 53
42 54
42 55
42 58
42 59
42 62
42 63
42 64
42 66
42 67
42 68
42 69
42 70
42 71
42 74
42 75
42 76
42 83
42 85
42 87
42 89
42 92
42 93
42 95
42 96
42 97
42 98
42 99
43 45
43 46
43 50
43 51
43 52
43 55
43 56
43 60
43 61
43 66
43 70
43 72
43 73
43 74
43 76
43 78
43 82
43 83
43 85
43 88
43 89
43 92
43 94
43 98
43 99
44 46
44 55
44 57
44 59
44 60
44 61
44 62
44 67
44 69
44 72
44 74
44 80
44 85
44 89
44 91
44 97
45 50
45 52
45 53
45 57
45 61
45 62
45 66
45 71
45 73
45 75
45 76
45 79
45 80
45 91
46 49
46 51
46 52
46 56
46 59
46 60
46 61
46 64
46 66
46 67
46 70
46 71
46 74
46 78
46 81
46 86
46 87
46 89
46 91
46 92
46 93
46 95
46 96
46 99
47 53
47 54
47 55
47 62
47 64
47 66
47 69
47 71
47 72
47 73
47 75
47 76
47 77
47 79
47 84
47 85
47 88
47 91
47 93
47 94
47 96
48 50
48 52
48 57
48 58
48 61
48 64
48 65
48 67
48 69
48 73
48 74
48 76
48 78
48 80
48 81
48 83
48 84
48 85
48 86
48 87
48 88
48 90
49 51
49 55
49 56
49 60
49 63
49 65
49 66
49 71
49 77
49 81
49 82
49 83
49 87
49 88
49 89
49 91
49 92
49 94
49 97
49 98
50 54
50 58
50 63
50 66
50 68
50 69
50 70
50 71
50 73
50 76
50 79
50 80
50 82
50 83
50 91
50 93
50 95
50 96
50 97
51 56
51 61
51 66
51 73
51 74
51 82
51 83
51 84
51 89
51 90
51 91
51 93
51 95
51 97
51 99
52 53
52 54
52 56
52 61
52 62
52 63
52 65
52 66
52 69
52 75
52 85
52 92
52 93
52 95
52 96
53 54
53 58
53 60
53 61
53 64
53 65
53 66
53 76
53 81
53 85
53 86
53 87
53 88
53 91
53 96
53 99
54 59
54 60
54 61
54 64
54 67
54 69
54 74
54 77
54 78
54 82
54 84
54 85
54 86
54 92
54 95
54 96
54 97
55 56
55 59
55 61
55 65
55 67
55 71
55 73
55 75
55 76
55 78
55 80
55 81
55 85
55 86
55 89
55 93
55 95
55 97
55 98
56 64
56 65
56 66
56 68
56 70
56 74
56 76
56 80
56 82
56 83
56 84
56 85
56 88
56 89
56 94
56 95
57 59
57 65
57 66
57 67
57 68
57 71
57 73
57 78
57 79
57 80
57 81
57 82
57 83
57 84
57 85
57 89
57 91
57 92
57 94
57 95
58 61
58 62
58 70
58 72
58 74
58 75
58 77
58 78
58 80
58 81
58 85
58 86
58 87
58 89
58 90
58 91
58 93
58 95
58 99
59 60
59 61
59 62
59 71
59 72
59 73
59 75
59 81
59 83
59 84
59 86
59 90
59 91
59 92
59 94
59 95
59 99
60 61
60 63
60 65
60 75
60 77
60 78
60 79
60 80
60 84
60 86
60 89
60 90
60 92
60 94
60 96
60 99
61 65
61 68
61 70
61 74
61 75
61 76
61 77
61 78
61 85
61 86
61 88
61 90
61 93
61 97
62 64
62 67
62 69
62 73
62 78
62 80
62 82
62 84
62 85
62 87
62 88
62 94
62 99
63 67
63 68
63 70
63 71
63 72
63 77
63 78
63 81
63 82
63 84
63 85
63 87
63 88
63 94
63 98
64 66
64 71
64 73
64 74
64 75
64 77
64 79
64 80
64 82
64 84
64 85
64 86
64 89
64 90
64 92
64 95
64 96
64 97
64 98
65 66
65 68
65 70
65 71
65 72
65 77
65 83
65 85
65 86
65 92
65 93
65 97
65 98
66 67
66 70
66 72
66 74
66 75
66 82
66 84
66 87
66 88
66 89
66 95
67 71
67 72
67 73
67 75
67 76
67 79
67 81
67 82
67 83
67 84
67 86
67 88
67 96
67 97
67 99
68 70
68 71
68 72
68 76
68 77
68 78
68 82
68 83
68 85
68 89
68 90
68 91
68 97
68 99
69 72
69 82
69 83
69 88
69 91
69 92
69 94
69 96
69 97
69 99
70 73
70 74
70 75
70 78
70 79
70 80
70 81
70 86
70 88
70 91
70 92
70 93
71 74
71 77
71 79
71 80
71 81
71 82
71 84
71 85
71 86
71 87
71 88
71 89
71 90
71 91
71 92
72 73
72 75
72 76
72 78
72 79
72 88
72 99
73 84
73 85
73 86
73 88
73 89
73 92
73 94
73 96
73 98
74 75
74 76
74 77
74 82
74 84
74 88
74 97
75 78
75 84
75 86
75 89
75 99
76 78
76 79
76 81
76 84
76 85
76 86
76 90
76 93
76 94
76 95
77 80
77 82
77 84
77 87
77 88
77 91
77 94
77 96
77 98
77 99
78 81
78 89
78 91
78 92
78 93
78 94
78 95
78 97
78 98
78 99
79 80
79 84
79 86
79 87
79 88
79 89
79 90
79 93
79 94
79 95
79 99
80 81
80 82
80 83
80 90
80 91
80 92
80 93
80 96
81 86
81 90
81 91
81 92
81 93
81 94
81 95
81 99
82 83
82 84
82 85
82 86
82 87
82 91
82 92
82 93
82 94
82 95
82 97
83 84
83 85
83 89
83 92
83 93
83 96
83 99
84 87
84 88
84 92
84 93
84 94
85 86
85 98
85 99
86 88
86 90
86 91
86 94
86 98
87 88
87 89
87 90
87 91
87 96
88 91
88 93
88 94
88 97
88 98
89 91
89 96
89 97
89 98
89 99
90 91
90 93
90 96
90 98
91 94
91 96
92 93
92 96
92 97
93 94
94 95
94 97
95 97
96 97
96 98
96 99
