0 2
0 5
0 7
0 8
0 9
0 12
0 13
0 14
0 15
0 16
0 23
0 25
0 28
0 32
0 36
0 37
0 40
0 43
0 44
0 45
0 46
0 52
0 54
0 55
0 56
0 57
0 58
0 59
0 61
0 62
0 63
0 68
0 70
0 72
0 74
0 76
0 79
0 81
0 82
0 83
0 86
0 88
0 90
0 93
0 94
0 97
1 2
1 4
1 6
1 7
1 8
1 11
1 13
1 14
1 16
1 20
1 21
1 22
1 26
1 27
1 29
1 31
1 32
1 33
1 34
1 35
1 36
1 38
1 40
1 43
1 44
1 48
1 52
1 53
1 55
1 58
1 60
1 61
1 62
1 63
1 65
1 68
1 69
1 70
1 73
1 76
1 77
1 78
1 81
1 82
1 85
1 95
1 96
1 99
2 3
2 4
2 5
2 6
2 7
2 9
2 10
2 13
2 14
2 15
2 17
2 18
2 19
2 20
2 24
2 28
2 29
2 30
2 32
2 34
2 35
2 36
2 37
2 39
2 40
2 41
2 44
2 47
2 48
2 49
2 50
2 54
2 55
2 56
2 57
2 58
2 60
2 61
2 62
2 63
2 66
2 69
2 70
2 72
2 76
2 77
2 78
2 80
2 84
2 85
2 86
2 87
2 89
2 91
2 92
2 93
2 95
2 96
2 97
2 99
3 8
3 10
3 11
3 16
3 18
3 19
3 21
3 24
3 27
3 29
3 30
3 33
3 35
3 36
3 39
3 47
3 48
3 49
3 51
3 53
3 55
3 56
3 59
3 60
3 61
3 64
3 67
3 70
3 71
3 72
3 75
3 79
3 82
3 85
3 86
3 91
3 92
3 93
3 96
3 99
4 6
4 7
4 8
4 9
4 12
4 13
4 14
4 15
4 16
4 24
4 25
4 27
4 28
4 29
4 32
4 33
4 34
4 35
4 36
4 37
4 38
4 39
4 40
4 42
4 45
4 47
4 51
4 53
4 54
4 55
4 58
4 59
4 60
4 61
4 62
4 65
4 66
4 69
4 73
4 77
4 78
4 79
4 80
4 81
4 82
4 86
4 88
4 90
4 91
4 93
4 95
4 96
4 97
4 98
5 6
5 10
5 11
5 13
5 14
5 18
5 19
5 21
5 22
5 23
5 25
5 26
5 27
5 30
5 32
5 33
5 36
5 38
5 41
5 42
5 44
5 45
5 46
5 47
5 48
5 52
5 53
5 55
5 56
5 58
5 60
5 65
5 66
5 67
5 68
5 69
5 73
5 74
5 76
5 78
5 80
5 81
5 83
5 84
5 85
5 86
5 87
5 88
5 90
5 91
5 92
5 94
5 95
5 98
5 99
6 8
6 10
6 12
6 13
6 15
6 17
6 19
6 20
6 23
6 24
6 25
6 26
6 32
6 33
6 36
6 39
6 43
6 44
6 46
6 47
6 48
6 50
6 51
6 52
6 53
6 54
6 55
6 57
6 59
6 60
6 61
6 62
6 63
6 66
6 74
6 75
6 76
6 79
6 81
6 85
6 86
6 87
6 89
6 90
6 91
6 92
6 95
6 99
7 9
7 10
7 11
7 12
7 14
7 17
7 22
7 26
7 27
7 28
7 29
7 30
7 32
7 33
7 38
7 39
7 41
7 45
7 49
7 50
7 51
7 52
7 54
7 56
7 58
7 62
7 63
7 64
7 66
7 70
7 71
7 73
7 74
7 75
7 76
7 77
7 79
7 80
7 83
7 84
7 85
7 86
7 89
7 90
7 92
7 93
7 98
8 10
8 11
8 12
8 14
8 15
8 16
8 17
8 19
8 20
8 22
8 26
8 30
8 32
8 38
8 39
8 41
8 42
8 43
8 46
8 47
8 48
8 51
8 57
8 58
8 61
8 64
8 70
8 71
8 72
8 74
8 76
8 77
8 79
8 80
8 85
8 86
8 88
8 89
8 91
8 92
8 93
8 94
8 95
8 96
8 99
9 11
9 12
9 13
9 15
9 18
9 19
9 22
9 23
9 25
9 31
9 32
9 33
9 35
9 36
9 40
9 41
9 42
9 43
9 44
9 45
9 50
9 51
9 52
9 54
9 58
9 59
9 60
9 61
9 62
9 64
9 65
9 66
9 70
9 72
9 73
9 76
9 83
9 84
9 85
9 88
9 89
9 90
9 91
9 93
9 94
9 96
10 11
10 12
10 13
10 17
10 20
10 21
10 23
10 24
10 25
10 29
10 31
10 32
10 33
10 34
10 38
10 39
10 40
10 43
10 44
10 47
10 48
10 49
10 54
10 57
10 62
10 65
10 68
10 69
10 70
10 72
10 73
10 77
10 78
10 80
10 81
10 82
10 83
10 84
10 86
10 87
10 88
10 89
10 90
10 92
10 97
10 98
11 12
11 13
11 15
11 16
11 17
11 18
11 19
11 20
11 21
11 23
11 26
11 27
11 28
11 30
11 33
11 35
11 36
11 40
11 42
11 43
11 45
11 46
11 49
11 51
11 52
11 55
11 58
11 60
11 61
11 64
11 66
11 67
11 69
11 70
11 75
11 76
11 79
11 80
11 82
11 83
11 84
11 85
11 88
11 89
11 94
11 95
11 99
12 14
12 15
12 16
12 17
12 18
12 19
12 20
12 22
12 24
12 25
12 27
12 28
12 30
12 31
12 32
12 35
12 38
12 39
12 45
12 46
12 49
12 50
12 51
12 53
12 56
12 58
12 60
12 64
12 65
12 67
12 68
12 69
12 73
12 76
12 81
12 82
12 83
12 85
12 87
12 88
12 89
12 90
12 91
12 93
12 94
12 96
12 97
13 14
13 16
13 18
13 19
13 21
13 23
13 25
13 28
13 29
13 30
13 35
13 36
13 40
13 41
13 42
13 43
13 44
13 45
13 47
13 48
13 49
13 52
13 54
13 56
13 57
13 63
13 65
13 68
13 70
13 73
13 76
13 79
13 80
13 83
13 84
13 86
13 87
13 88
13 89
13 90
13 92
13 93
13 97
13 98
14 15
14 16
14 18
14 19
14 20
14 23
14 24
14 25
14 26
14 28
14 30
14 31
14 33
14 35
14 36
14 39
14 45
14 47
14 49
14 50
14 51
14 53
14 54
14 60
14 62
14 63
14 64
14 68
14 69
14 71
14 76
14 77
14 78
14 79
14 84
14 85
14 87
14 91
14 92
14 95
14 97
14 98
15 16
15 17
15 20
15 22
15 23
15 24
15 29
15 30
15 33
15 34
15 36
15 37
15 38
15 40
15 42
15 43
15 44
15 45
15 47
15 48
15 49
15 54
15 58
15 59
15 62
15 63
15 64
15 65
15 66
15 70
15 76
15 77
15 85
15 87
15 88
15 90
15 91
15 94
15 95
15 97
15 98
16 17
16 22
16 23
16 24
16 25
16 27
16 29
16 30
16 34
16 36
16 37
16 38
16 40
16 41
16 42
16 43
16 46
16 51
16 52
16 54
16 55
16 56
16 57
16 58
16 61
16 62
16 63
16 64
16 66
16 69
16 70
16 71
16 72
16 73
16 74
16 75
16 76
16 77
16 78
16 79
16 81
16 82
16 87
16 89
16 90
16 92
16 93
16 95
17 21
17 22
17 23
17 24
17 25
17 27
17 28
17 29
17 30
17 31
17 35
17 37
17 39
17 40
17 41
17 43
17 44
17 45
17 47
17 49
17 51
17 52
17 54
17 56
17 58
17 59
17 62
17 63
17 64
17 67
17 70
17 72
17 74
17 75
17 76
17 79
17 81
17 85
17 86
17 87
17 89
17 90
17 92
17 94
17 96
17 97
17 98
18 19
18 21
18 24
18 25
18 27
18 31
18 35
18 36
18 37
18 38
18 39
18 40
18 41
18 42
18 43
18 44
18 51
18 53
18 54
18 56
18 57
18 63
18 64
18 67
18 68
18 69
18 70
18 72
18 75
18 77
18 78
18 80
18 81
18 82
18 83
18 87
18 88
18 93
18 96
18 97
18 98
19 24
19 25
19 30
19 33
19 34
19 35
19 39
19 40
19 48
19 51
19 52
19 53
19 54
19 56
19 58
19 60
19 63
19 67
19 68
19 72
19 76
19 77
19 78
19 82
19 83
19 85
19 88
19 89
19 90
19 91
19 92
19 93
19 96
19 97
20 21
20 23
20 26
20 27
20 28
20 29
20 30
20 32
20 34
20 35
20 37
20 38
20 40
20 42
20 43
20 47
20 48
20 49
20 51
20 55
20 57
20 58
20 59
20 62
20 68
20 71
20 72
20 79
20 80
20 81
20 82
20 85
20 89
20 93
20 94
20 95
20 97
21 22
21 24
21 25
21 26
21 28
21 29
21 30
21 32
21 33
21 34
21 35
21 36
21 37
21 38
21 39
21 40
21 41
21 46
21 47
21 48
21 49
21 52
21 54
21 55
21 56
21 66
21 68
21 69
21 70
21 71
21 73
21 74
21 75
21 78
21 79
21 80
21 81
21 82
21 85
21 90
21 91
21 95
21 96
21 97
21 98
22 24
22 25
22 26
22 28
22 29
22 30
22 31
22 32
22 33
22 34
22 36
22 40
22 41
22 42
22 43
22 47
22 48
22 49
22 51
22 53
22 55
22 57
22 60
22 61
22 63
22 65
22 70
22 73
22 74
22 75
22 76
22 77
22 78
22 79
22 85
22 86
22 89
22 90
22 91
22 92
22 93
22 94
22 96
23 26
23 27
23 33
23 34
23 35
23 37
23 38
23 39
23 40
23 41
23 43
23 44
23 46
23 47
23 48
23 50
23 51
23 55
23 59
23 60
23 62
23 64
23 65
23 66
23 70
23 71
23 72
23 75
23 78
23 79
23 81
23 82
23 84
23 86
23 87
23 89
23 92
23 93
23 94
23 98
23 99
24 25
24 27
24 28
24 30
24 31
24 32
24 34
24 35
24 39
24 42
24 46
24 47
24 48
24 49
24 50
24 51
24 52
24 55
24 56
24 57
24 59
24 60
24 63
24 64
24 72
24 74
24 79
24 83
24 86
24 87
24 92
24 93
24 95
24 96
24 98
25 27
25 29
25 30
25 32
25 33
25 37
25 39
25 41
25 42
25 44
25 46
25 48
25 49
25 51
25 52
25 54
25 55
25 60
25 64
25 65
25 66
25 68
25 70
25 73
25 74
25 76
25 77
25 80
25 82
25 83
25 84
25 85
25 86
25 88
25 90
25 92
25 93
25 96
25 97
26 27
26 29
26 30
26 32
26 36
26 39
26 40
26 41
26 42
26 43
26 44
26 45
26 46
26 50
26 52
26 53
26 54
26 55
26 56
26 57
26 58
26 59
26 60
26 63
26 68
26 69
26 70
26 73
26 76
26 77
26 80
26 81
26 83
26 84
26 86
26 87
26 92
26 95
26 96
26 97
26 99
27 28
27 30
27 31
27 32
27 37
27 39
27 40
27 42
27 43
27 44
27 46
27 49
27 50
27 51
27 52
27 55
27 56
27 58
27 60
27 61
27 62
27 67
27 68
27 76
27 79
27 84
27 90
27 92
27 94
27 97
27 98
28 31
28 32
28 34
28 35
28 36
28 37
28 38
28 39
28 40
28 41
28 44
28 45
28 46
28 47
28 48
28 49
28 50
28 53
28 56
28 57
28 58
28 60
28 62
28 64
28 65
28 67
28 68
28 69
28 72
28 74
28 76
28 78
28 79
28 80
28 81
28 83
28 85
28 86
28 87
28 88
28 90
28 91
28 92
28 94
28 95
28 96
28 98
28 99
29 31
29 33
29 35
29 37
29 39
29 40
29 47
29 49
29 51
29 52
29 55
29 56
29 59
29 60
29 62
29 66
29 67
29 68
29 70
29 71
29 73
29 74
29 77
29 78
29 79
29 83
29 84
29 86
29 88
29 96
29 97
29 99
30 33
30 34
30 35
30 36
30 38
30 41
30 42
30 44
30 48
30 49
30 50
30 57
30 58
30 59
30 60
30 61
30 66
30 69
30 70
30 72
30 75
30 76
30 78
30 79
30 81
30 83
30 85
30 86
30 88
30 89
30 93
30 95
30 96
30 97
31 33
31 34
31 36
31 37
31 38
31 39
31 42
31 43
31 44
31 49
31 52
31 55
31 57
31 59
31 60
31 62
31 63
31 70
31 75
31 76
31 77
31 80
31 83
31 84
31 87
31 88
31 89
31 90
31 91
31 92
31 93
31 94
31 96
31 97
31 98
32 36
32 38
32 39
32 46
32 47
32 48
32 49
32 52
32 54
32 55
32 56
32 58
32 59
32 60
32 61
32 65
32 66
32 67
32 68
32 69
32 70
32 74
32 75
32 77
32 78
32 79
32 81
32 82
32 83
32 88
32 92
32 93
32 97
32 98
32 99
33 35
33 38
33 44
33 45
33 49
33 50
33 51
33 53
33 55
33 56
33 57
33 58
33 60
33 61
33 63
33 64
33 65
33 66
33 67
33 68
33 71
33 72
33 73
33 75
33 79
33 80
33 82
33 83
33 85
33 86
33 88
33 90
33 91
33 92
33 98
34 35
34 38
34 40
34 41
34 43
34 45
34 48
34 50
34 52
34 54
34 55
34 56
34 57
34 59
34 61
34 62
34 63
34 65
34 71
34 73
34 75
34 77
34 82
34 83
34 85
34 88
34 93
34 96
34 97
35 36
35 38
35 39
35 41
35 42
35 45
35 49
35 50
35 53
35 54
35 56
35 60
35 62
35 64
35 65
35 66
35 67
35 68
35 69
35 70
35 71
35 72
35 74
35 76
35 78
35 80
35 89
35 90
35 91
35 92
35 95
35 97
36 41
36 43
36 44
36 45
36 50
36 52
36 55
36 57
36 63
36 64
36 68
36 72
36 73
36 77
36 78
36 81
36 82
36 86
36 87
36 91
36 94
36 96
36 97
37 38
37 39
37 40
37 43
37 45
37 46
37 47
37 49
37 51
37 53
37 54
37 55
37 57
37 58
37 60
37 61
37 62
37 65
37 66
37 68
37 69
37 70
37 72
37 73
37 75
37 76
37 78
37 79
37 82
37 85
37 86
37 87
37 89
37 90
37 92
37 93
37 94
37 96
37 97
37 98
37 99
38 39
38 40
38 42
38 43
38 44
38 45
38 47
38 48
38 49
38 52
38 54
38 55
38 56
38 57
38 58
38 60
38 61
38 63
38 65
38 67
38 70
38 71
38 73
38 74
38 76
38 77
38 78
38 85
38 87
38 88
38 90
38 92
38 99
39 40
39 43
39 44
39 46
39 47
39 49
39 50
39 51
39 53
39 55
39 56
39 57
39 58
39 60
39 62
39 63
39 64
39 67
39 69
39 71
39 72
39 73
39 74
39 75
39 76
39 80
39 82
39 84
39 86
39 87
39 88
39 90
39 91
39 93
39 94
39 96
39 98
40 41
40 42
40 47
40 48
40 50
40 52
40 55
40 60
40 62
40 63
40 65
40 66
40 67
40 68
40 72
40 74
40 77
40 86
40 87
40 88
40 90
40 91
40 92
40 94
40 95
40 96
40 98
40 99
41 43
41 44
41 47
41 50
41 52
41 53
41 56
41 58
41 59
41 60
41 61
41 63
41 64
41 67
41 72
41 76
41 77
41 78
41 80
41 83
41 84
41 88
41 89
41 91
41 92
41 93
41 99
42 44
42 45
42 47
42 48
42 49
42 51
42 53
42 54
42 58
42 64
42 66
42 67
42 68
42 72
42 74
42 75
42 78
42 80
42 81
42 83
42 86
42 88
42 96
42 97
43 44
43 45
43 46
43 48
43 49
43 51
43 52
43 53
43 55
43 56
43 57
43 58
43 62
43 65
43 67
43 68
43 74
43 75
43 76
43 77
43 78
43 79
43 80
43 82
43 84
43 85
43 86
43 87
43 88
43 91
43 93
43 99
44 47
44 51
44 53
44 56
44 58
44 60
44 64
44 66
44 67
44 68
44 74
44 75
44 76
44 77
44 78
44 80
44 83
44 84
44 85
44 86
44 87
44 89
44 91
44 94
44 98
44 99
45 46
45 47
45 50
45 51
45 56
45 58
45 59
45 61
45 62
45 66
45 69
45 70
45 71
45 72
45 73
45 75
45 76
45 78
45 80
45 81
45 82
45 83
45 84
45 85
45 86
45 88
45 90
45 92
45 93
45 94
45 96
45 98
46 48
46 49
46 50
46 54
46 56
46 58
46 60
46 61
46 62
46 63
46 64
46 66
46 68
46 69
46 70
46 73
46 74
46 78
46 80
46 81
46 82
46 85
46 91
46 93
46 96
46 97
47 48
47 54
47 55
47 57
47 61
47 62
47 63
47 68
47 69
47 70
47 74
47 76
47 77
47 80
47 81
47 84
47 86
47 88
47 89
47 90
47 91
47 92
47 98
47 99
48 49
48 50
48 51
48 52
48 54
48 55
48 56
48 58
48 61
48 64
48 65
48 66
48 68
48 69
48 70
48 71
48 73
48 74
48 78
48 79
48 82
48 83
48 85
48 86
48 87
48 88
48 90
48 92
48 93
48 97
49 51
49 56
49 59
49 62
49 63
49 65
49 66
49 67
49 68
49 72
49 73
49 74
49 75
49 78
49 79
49 81
49 82
49 83
49 85
49 87
49 92
49 94
49 97
50 52
50 54
50 56
50 60
50 62
50 63
50 66
50 68
50 69
50 70
50 71
50 72
50 73
50 74
50 77
50 78
50 79
50 82
50 84
50 85
50 86
50 87
50 93
50 96
51 52
51 53
51 56
51 57
51 63
51 64
51 65
51 66
51 67
51 75
51 77
51 78
51 79
51 81
51 85
51 86
51 93
51 94
51 95
51 97
51 99
52 53
52 56
52 57
52 58
52 59
52 62
52 63
52 64
52 65
52 66
52 73
52 74
52 75
52 76
52 77
52 83
52 84
52 87
52 88
52 89
52 92
52 94
52 95
52 97
52 99
53 55
53 57
53 58
53 59
53 63
53 64
53 68
53 69
53 71
53 73
53 74
53 75
53 80
53 81
53 85
53 86
53 90
53 91
53 96
53 97
54 66
54 67
54 69
54 70
54 73
54 75
54 80
54 81
54 82
54 83
54 84
54 85
54 89
54 91
54 93
54 95
54 97
54 99
55 56
55 58
55 59
55 60
55 61
55 66
55 69
55 71
55 73
55 74
55 75
55 76
55 77
55 78
55 80
55 83
55 85
55 86
55 87
55 89
55 93
55 94
55 95
55 97
55 98
55 99
56 57
56 60
56 61
56 66
56 68
56 71
56 72
56 75
56 76
56 79
56 80
56 82
56 84
56 87
56 88
56 90
56 91
56 92
56 93
56 95
56 96
56 97
56 98
57 62
57 64
57 65
57 67
57 69
57 71
57 75
57 77
57 80
57 84
57 88
57 90
57 94
57 95
57 96
57 98
58 60
58 61
58 68
58 69
58 70
58 72
58 73
58 75
58 77
58 80
58 81
58 82
58 85
58 86
58 88
58 91
58 94
59 60
59 62
59 63
59 66
59 67
59 71
59 72
59 75
59 80
59 81
59 82
59 86
59 87
59 88
59 90
59 91
59 95
59 97
60 61
60 64
60 68
60 69
60 70
60 71
60 72
60 74
60 75
60 76
60 77
60 79
60 81
60 82
60 84
60 85
60 87
60 93
60 94
61 62
61 63
61 65
61 67
61 68
61 70
61 71
61 73
61 74
61 77
61 80
61 81
61 84
61 87
61 88
61 90
61 91
61 92
61 94
61 95
61 96
61 97
61 98
61 99
62 65
62 66
62 68
62 72
62 73
62 79
62 80
62 81
62 82
62 89
62 90
62 91
62 92
62 93
62 94
62 96
62 97
62 99
63 68
63 69
63 71
63 72
63 73
63 75
63 77
63 80
63 81
63 82
63 85
63 86
63 87
63 88
63 89
63 91
63 92
63 95
63 96
63 97
63 98
64 65
64 69
64 70
64 72
64 74
64 75
64 82
64 83
64 85
64 86
64 88
64 91
64 93
64 94
64 95
64 96
64 97
64 98
64 99
65 68
65 69
65 73
65 74
65 78
65 80
65 86
65 88
65 89
65 93
65 95
65 97
65 98
66 68
66 71
66 72
66 75
66 78
66 83
66 88
66 93
66 95
66 96
66 97
66 98
67 69
67 70
67 71
67 73
67 76
67 77
67 82
67 84
67 88
67 89
67 90
67 93
67 95
67 97
68 69
68 72
68 78
68 80
68 82
68 83
68 84
68 87
68 88
68 91
68 93
68 96
68 97
68 98
69 71
69 72
69 74
69 75
69 76
69 77
69 79
69 80
69 83
69 84
69 86
69 89
69 91
69 92
69 93
69 95
69 97
69 98
70 75
70 76
70 77
70 79
70 80
70 83
70 84
70 85
70 87
70 89
70 92
70 93
70 95
70 96
70 97
71 73
71 74
71 76
71 78
71 79
71 81
71 83
71 84
71 86
71 87
71 92
71 93
71 96
71 97
71 98
71 99
72 73
72 74
72 75
72 77
72 80
72 82
72 83
72 84
72 86
72 94
72 95
72 98
72 99
73 74
73 75
73 76
73 77
73 78
73 81
73 82
73 84
73 89
73 92
73 93
73 95
73 96
73 98
74 75
74 76
74 77
74 78
74 79
74 83
74 84
74 85
74 86
74 87
74 92
74 93
74 95
74 97
74 98
74 99
75 78
75 85
75 86
75 87
75 89
75 94
75 96
75 98
75 99
76 79
76 80
76 82
76 83
76 84
76 85
76 86
76 88
76 96
76 99
77 81
77 82
77 83
77 84
77 85
77 87
77 89
77 92
77 93
77 94
77 95
77 98
77 99
78 80
78 81
78 83
78 84
78 85
78 86
78 87
78 88
78 97
78 98
79 80
79 81
79 82
79 84
79 87
79 90
79 91
79 93
79 94
79 95
79 96
80 81
80 82
80 84
80 85
80 86
80 87
80 88
80 94
80 96
80 98
81 82
81 83
81 85
81 87
81 88
81 91
81 93
81 94
81 96
81 97
81 98
81 99
82 83
82 85
82 86
82 87
82 88
82 92
82 94
82 95
83 85
83 86
83 87
83 89
83 93
83 94
83 96
83 98
84 88
84 89
84 92
84 95
84 98
84 99
85 87
85 88
85 90
85 92
85 93
85 94
85 98
86 88
86 89
86 91
86 97
86 98
86 99
87 90
87 95
87 98
87 99
88 89
88 92
88 94
88 95
88 98
89 94
89 96
89 97
89 98
89 99
90 91
90 96
90 99
91 92
91 95
91 96
91 98
91 99
92 95
92 97
92 98
93 95
93 97
93 99
94 98
95 96
95 98
95 99
96 98
96 99
97 99
98 99
