0 2
0 6
0 7
0 10
0 12
0 13
0 14
0 17
0 18
0 23
0 25
0 27
0 31
0 37
0 40
0 44
0 46
0 48
0 49
0 54
0 55
0 56
0 65
0 66
0 69
0 71
0 72
0 73
0 74
0 75
0 79
0 81
0 82
0 85
0 89
0 94
0 96
0 97
1 4
1 6
1 14
1 15
1 16
1 17
1 24
1 25
1 28
1 30
1 31
1 37
1 38
1 40
1 43
1 49
1 51
1 52
1 56
1 59
1 63
1 65
1 66
1 67
1 71
1 74
1 75
1 77
1 80
1 81
1 82
1 83
1 84
1 86
1 88
1 89
1 90
1 93
1 95
1 96
1 98
2 3
2 6
2 7
2 8
2 9
2 11
2 15
2 17
2 18
2 27
2 28
2 31
2 33
2 35
2 38
2 41
2 42
2 49
2 51
2 52
2 53
2 54
2 55
2 56
2 58
2 59
2 60
2 61
2 63
2 65
2 67
2 73
2 77
2 80
2 81
2 83
2 84
2 92
2 95
2 98
2 99
3 6
3 7
3 8
3 9
3 13
3 14
3 16
3 18
3 22
3 24
3 30
3 32
3 37
3 41
3 47
3 49
3 53
3 54
3 57
3 58
3 63
3 65
3 70
3 71
3 74
3 76
3 77
3 79
3 85
3 88
3 89
3 90
3 94
3 95
3 96
3 97
3 98
3 99
4 5
4 6
4 8
4 11
4 14
4 15
4 16
4 19
4 24
4 27
4 38
4 45
4 48
4 49
4 51
4 55
4 57
4 59
4 60
4 61
4 62
4 64
4 66
4 67
4 68
4 69
4 80
4 81
4 84
4 85
4 93
4 95
4 96
4 97
5 9
5 11
5 12
5 16
5 19
5 20
5 21
5 22
5 25
5 29
5 30
5 31
5 33
5 35
5 37
5 38
5 46
5 47
5 48
5 54
5 58
5 59
5 60
5 62
5 64
5 68
5 71
5 72
5 75
5 83
5 84
5 86
5 89
5 91
5 95
5 97
5 98
5 99
6 7
6 9
6 10
6 14
6 15
6 16
6 24
6 28
6 30
6 31
6 35
6 37
6 42
6 43
6 44
6 54
6 58
6 59
6 60
6 62
6 64
6 66
6 68
6 70
6 73
6 74
6 78
6 79
6 81
6 83
6 84
6 88
6 90
6 91
6 93
6 96
6 99
7 18
7 21
7 22
7 24
7 25
7 26
7 28
7 31
7 33
7 34
7 35
7 37
7 39
7 40
7 43
7 45
7 47
7 49
7 53
7 54
7 56
7 61
7 62
7 65
7 66
7 69
7 70
7 71
7 72
7 73
7 74
7 80
7 81
7 82
7 86
7 87
7 88
7 92
7 94
7 96
7 97
7 98
8 9
8 14
8 15
8 16
8 19
8 21
8 22
8 23
8 24
8 25
8 26
8 27
8 33
8 34
8 39
8 42
8 44
8 46
8 51
8 54
8 58
8 59
8 60
8 61
8 62
8 64
8 67
8 68
8 72
8 76
8 77
8 79
8 80
8 83
8 85
8 89
8 91
8 93
8 95
9 11
9 12
9 13
9 15
9 18
9 22
9 24
9 25
9 27
9 28
9 32
9 34
9 36
9 37
9 39
9 40
9 42
9 45
9 47
9 49
9 50
9 54
9 56
9 58
9 59
9 63
9 66
9 71
9 77
9 80
9 81
9 82
9 86
9 88
9 89
9 91
9 93
9 94
9 99
10 11
10 14
10 19
10 21
10 22
10 25
10 26
10 27
10 29
10 31
10 34
10 38
10 39
10 44
10 46
10 49
10 51
10 53
10 62
10 66
10 69
10 73
10 75
10 76
10 79
10 83
10 85
10 86
10 88
10 89
10 91
10 92
10 95
10 96
10 99
11 13
11 18
11 19
11 20
11 21
11 27
11 30
11 33
11 42
11 43
11 44
11 50
11 56
11 57
11 60
11 62
11 63
11 64
11 66
11 70
11 71
11 72
11 75
11 80
11 86
11 89
11 90
11 92
11 93
11 94
11 96
12 13
12 15
12 16
12 21
12 25
12 26
12 27
12 29
12 30
12 33
12 34
12 37
12 39
12 43
12 47
12 49
12 50
12 52
12 54
12 55
12 57
12 60
12 61
12 65
12 70
12 72
12 74
12 76
12 77
12 78
12 79
12 80
12 81
12 89
12 91
12 95
12 96
12 97
13 19
13 21
13 22
13 23
13 24
13 25
13 28
13 30
13 31
13 33
13 34
13 35
13 38
13 39
13 41
13 42
13 45
13 46
13 47
13 50
13 51
13 52
13 53
13 56
13 58
13 59
13 64
13 65
13 69
13 70
13 71
13 72
13 74
13 76
13 81
13 85
13 89
13 93
13 95
13 96
13 98
13 99
14 19
14 20
14 23
14 25
14 26
14 28
14 29
14 30
14 33
14 36
14 37
14 41
14 43
14 46
14 47
14 48
14 49
14 50
14 51
14 52
14 54
14 57
14 59
14 64
14 68
14 69
14 70
14 73
14 78
14 82
14 84
14 85
14 86
14 88
14 93
14 94
14 95
14 96
14 97
14 98
15 16
15 19
15 20
15 22
15 25
15 26
15 27
15 28
15 32
15 33
15 38
15 40
15 41
15 42
15 44
15 49
15 51
15 53
15 59
15 60
15 61
15 63
15 64
15 67
15 71
15 74
15 75
15 76
15 82
15 88
15 95
16 20
16 22
16 23
16 24
16 25
16 26
16 27
16 28
16 30
16 35
16 37
16 39
16 44
16 46
16 47
16 48
16 53
16 56
16 57
16 58
16 60
16 64
16 66
16 68
16 70
16 72
16 73
16 74
16 78
16 79
16 80
16 81
16 83
16 85
16 89
16 91
16 93
16 94
16 96
16 98
16 99
17 19
17 21
17 22
17 25
17 27
17 28
17 30
17 34
17 37
17 40
17 41
17 43
17 45
17 52
17 55
17 58
17 61
17 62
17 69
17 70
17 71
17 77
17 79
17 82
17 84
17 86
17 89
17 90
17 91
17 94
17 98
18 20
18 22
18 23
18 24
18 29
18 30
18 31
18 34
18 36
18 41
18 45
18 46
18 48
18 49
18 53
18 54
18 58
18 60
18 66
18 67
18 74
18 75
18 76
18 79
18 80
18 84
18 87
18 90
18 92
18 93
18 96
18 97
18 99
19 22
19 23
19 33
19 36
19 39
19 42
19 47
19 48
19 52
19 55
19 57
19 59
19 64
19 66
19 69
19 72
19 74
19 75
19 76
19 78
19 85
19 87
19 93
19 96
19 98
20 21
20 25
20 27
20 28
20 29
20 33
20 34
20 37
20 41
20 42
20 43
20 44
20 46
20 51
20 56
20 57
20 59
20 60
20 62
20 67
20 73
20 75
20 76
20 79
20 80
20 81
20 88
20 89
20 93
20 97
20 99
21 33
21 34
21 39
21 40
21 42
21 49
21 53
21 55
21 57
21 59
21 62
21 63
21 64
21 66
21 67
21 68
21 73
21 75
21 76
21 77
21 81
21 88
21 92
21 94
21 95
21 96
21 97
21 98
21 99
22 25
22 26
22 28
22 31
22 33
22 35
22 38
22 39
22 41
22 43
22 46
22 47
22 48
22 51
22 53
22 56
22 57
22 59
22 60
22 61
22 62
22 63
22 65
22 69
22 73
22 75
22 76
22 78
22 79
22 81
22 82
22 83
22 93
22 98
22 99
23 24
23 29
23 30
23 32
23 37
23 39
23 41
23 45
23 47
23 48
23 49
23 53
23 54
23 55
23 65
23 67
23 76
23 78
23 80
23 81
23 85
23 87
23 88
23 89
23 91
23 92
23 94
23 98
23 99
24 28
24 37
24 41
24 43
24 44
24 46
24 53
24 57
24 59
24 61
24 62
24 63
24 64
24 67
24 68
24 69
24 79
24 81
24 82
24 83
24 84
24 85
24 90
24 91
24 94
24 98
24 99
25 26
25 27
25 30
25 31
25 32
25 33
25 34
25 36
25 39
25 46
25 47
25 48
25 51
25 52
25 54
25 56
25 59
25 60
25 61
25 62
25 63
25 65
25 66
25 70
25 71
25 72
25 74
25 75
25 83
25 84
25 89
25 90
25 91
25 93
25 98
26 27
26 28
26 31
26 37
26 39
26 40
26 41
26 43
26 44
26 45
26 48
26 51
26 52
26 56
26 57
26 60
26 63
26 66
26 67
26 68
26 69
26 71
26 72
26 78
26 79
26 81
26 83
26 84
26 85
26 89
26 92
26 94
26 98
26 99
27 34
27 35
27 36
27 38
27 40
27 41
27 42
27 46
27 47
27 49
27 50
27 55
27 58
27 62
27 63
27 66
27 67
27 70
27 74
27 75
27 76
27 77
27 85
27 86
27 88
27 89
27 94
27 95
28 29
28 36
28 39
28 47
28 50
28 51
28 55
28 59
28 60
28 62
28 64
28 66
28 67
28 71
28 72
28 78
28 79
28 80
28 81
28 82
28 87
28 89
28 90
28 98
28 99
29 31
29 35
29 39
29 41
29 42
29 48
29 49
29 53
29 57
29 58
29 59
29 60
29 61
29 62
29 71
29 74
29 77
29 79
29 82
29 95
29 97
29 98
29 99
30 31
30 33
30 35
30 36
30 38
30 42
30 45
30 47
30 48
30 50
30 51
30 54
30 55
30 58
30 60
30 65
30 66
30 68
30 72
30 74
30 78
30 79
30 83
30 84
30 85
30 90
30 91
30 97
30 99
31 34
31 36
31 38
31 39
31 40
31 41
31 43
31 45
31 48
31 49
31 51
31 52
31 54
31 55
31 59
31 60
31 64
31 76
31 77
31 78
31 81
31 86
31 89
31 91
31 93
31 96
31 99
32 35
32 38
32 40
32 41
32 47
32 50
32 51
32 52
32 54
32 56
32 59
32 66
32 69
32 72
32 74
32 75
32 76
32 84
32 87
32 88
32 92
32 93
32 94
32 97
33 35
33 45
33 48
33 49
33 51
33 52
33 54
33 56
33 58
33 59
33 60
33 63
33 66
33 67
33 68
33 69
33 71
33 73
33 74
33 76
33 77
33 79
33 83
33 85
33 86
33 88
33 89
33 90
33 93
34 36
34 41
34 46
34 49
34 52
34 53
34 56
34 57
34 60
34 62
34 71
34 74
34 75
34 76
34 77
34 79
34 82
34 84
34 91
34 93
34 94
34 95
34 97
34 99
35 42
35 43
35 44
35 45
35 49
35 54
35 59
35 62
35 63
35 64
35 65
35 66
35 68
35 69
35 73
35 74
35 75
35 77
35 78
35 79
35 81
35 83
35 88
35 89
35 90
35 91
35 94
35 97
36 37
36 38
36 39
36 41
36 46
36 48
36 49
36 51
36 64
36 65
36 67
36 68
36 69
36 72
36 76
36 77
36 78
36 81
36 86
36 87
36 89
36 93
36 96
36 97
36 98
36 99
37 38
37 39
37 40
37 41
37 44
37 50
37 53
37 56
37 57
37 62
37 64
37 65
37 66
37 67
37 69
37 70
37 71
37 72
37 74
37 76
37 77
37 80
37 81
37 83
37 84
37 86
37 88
37 90
37 92
37 96
38 40
38 42
38 43
38 44
38 45
38 47
38 49
38 54
38 55
38 57
38 59
38 62
38 63
38 65
38 68
38 77
38 79
38 82
38 86
38 90
38 92
38 94
39 40
39 42
39 43
39 46
39 48
39 51
39 53
39 54
39 56
39 58
39 62
39 63
39 64
39 66
39 68
39 69
39 72
39 73
39 78
39 79
39 81
39 84
39 85
39 87
39 89
39 90
39 94
39 95
39 96
39 98
40 42
40 44
40 47
40 48
40 50
40 51
40 52
40 54
40 58
40 62
40 64
40 65
40 69
40 72
40 76
40 78
40 79
40 82
40 88
40 89
40 90
40 94
40 95
40 96
40 97
41 42
41 43
41 48
41 51
41 52
41 53
41 55
41 58
41 59
41 61
41 63
41 65
41 69
41 70
41 73
41 82
41 86
41 90
41 91
41 98
41 99
42 43
42 49
42 51
42 52
42 53
42 55
42 56
42 59
42 64
42 67
42 69
42 70
42 75
42 79
42 80
42 81
42 82
42 85
42 89
42 91
42 93
42 94
42 97
42 98
42 99
43 44
43 47
43 48
43 49
43 50
43 51
43 53
43 56
43 57
43 59
43 64
43 66
43 68
43 72
43 73
43 77
43 82
43 83
43 85
43 86
43 89
43 90
43 94
43 98
44 47
44 49
44 50
44 55
44 58
44 62
44 63
44 65
44 66
44 67
44 73
44 74
44 75
44 79
44 82
44 83
44 88
44 90
44 98
44 99
45 47
45 49
45 50
45 54
45 55
45 59
45 61
45 66
45 71
45 72
45 75
45 80
45 81
45 82
45 84
45 88
45 89
45 90
45 91
45 92
45 97
45 99
46 49
46 50
46 51
46 53
46 55
46 58
46 59
46 62
46 64
46 65
46 74
46 77
46 78
46 81
46 86
46 88
46 94
46 96
47 50
47 52
47 55
47 58
47 60
47 64
47 66
47 68
47 71
47 72
47 74
47 76
47 77
47 78
47 81
47 83
47 88
47 89
47 90
47 92
47 93
47 94
47 96
47 98
48 49
48 52
48 53
48 54
48 56
48 60
48 61
48 63
48 66
48 67
48 68
48 74
48 78
48 79
48 80
48 81
48 86
48 87
48 92
48 96
48 98
49 53
49 55
49 56
49 59
49 63
49 66
49 67
49 69
49 73
49 76
49 77
49 79
49 83
49 85
49 91
49 96
49 97
49 98
49 99
50 51
50 56
50 57
50 59
50 67
50 69
50 70
50 71
50 73
50 77
50 80
50 85
50 87
50 88
50 89
50 90
50 94
50 98
50 99
51 52
51 55
51 56
51 58
51 62
51 63
51 67
51 71
51 72
51 73
51 74
51 76
51 81
51 82
51 84
51 86
51 88
51 92
51 94
51 97
51 98
52 55
52 57
52 58
52 59
52 60
52 61
52 66
52 67
52 68
52 73
52 74
52 77
52 79
52 81
52 82
52 83
52 90
52 91
52 92
52 93
52 96
53 55
53 56
53 57
53 58
53 60
53 61
53 62
53 63
53 64
53 66
53 68
53 69
53 70
53 73
53 74
53 77
53 79
53 80
53 81
53 82
53 88
53 89
53 95
53 96
53 97
53 99
54 55
54 59
54 64
54 67
54 68
54 69
54 73
54 74
54 77
54 81
54 83
54 85
54 89
54 96
54 97
54 99
55 58
55 64
55 66
55 67
55 70
55 72
55 73
55 75
55 76
55 79
55 80
55 81
55 84
55 89
55 92
55 95
55 98
55 99
56 57
56 58
56 62
56 64
56 66
56 67
56 69
56 72
56 75
56 76
56 77
56 79
56 80
56 81
56 82
56 84
56 87
56 88
56 89
56 90
56 91
56 93
56 97
56 98
56 99
57 59
57 65
57 70
57 72
57 79
57 80
57 82
57 83
57 87
57 88
57 91
57 93
57 95
57 96
57 99
58 63
58 64
58 67
58 69
58 74
58 75
58 76
58 79
58 83
58 84
58 85
58 88
58 89
58 90
58 93
59 60
59 63
59 66
59 67
59 68
59 74
59 76
59 79
59 83
59 84
59 85
59 87
59 89
59 91
59 92
59 95
59 96
59 99
60 61
60 66
60 67
60 69
60 71
60 77
60 78
60 79
60 80
60 83
60 85
60 87
60 88
60 89
60 90
60 93
60 94
60 98
61 64
61 69
61 70
61 72
61 74
61 77
61 78
61 79
61 80
61 82
61 84
61 85
61 89
61 90
61 95
61 99
62 63
62 66
62 67
62 72
62 73
62 74
62 76
62 78
62 80
62 83
62 84
62 85
62 87
62 90
62 93
62 95
62 97
63 64
63 67
63 68
63 70
63 75
63 77
63 80
63 81
63 82
63 84
63 93
63 97
63 98
63 99
64 66
64 67
64 68
64 70
64 71
64 74
64 78
64 81
64 83
64 88
64 91
64 96
64 97
64 98
64 99
65 66
65 68
65 70
65 77
65 81
65 83
65 86
65 90
65 94
65 96
66 70
66 71
66 75
66 78
66 88
66 89
66 94
66 96
67 69
67 73
67 75
67 78
67 81
67 84
67 85
67 89
67 91
67 92
67 93
67 94
67 95
67 96
67 98
68 72
68 76
68 77
68 79
68 80
68 82
68 86
68 87
68 88
68 93
68 95
69 70
69 73
69 74
69 87
69 89
69 92
69 95
69 96
69 98
70 71
70 75
70 78
70 79
70 80
70 82
70 85
70 87
70 89
70 91
70 93
70 98
71 72
71 73
71 76
71 79
71 81
71 82
71 84
71 86
71 88
71 89
71 93
71 94
71 96
71 97
71 98
72 73
72 77
72 78
72 80
72 81
72 85
72 86
72 88
72 89
72 90
72 92
72 94
72 96
73 75
73 76
73 78
73 79
73 86
73 90
73 91
73 92
73 96
73 98
74 76
74 77
74 78
74 81
74 85
74 92
74 94
74 95
74 96
75 76
75 80
75 81
75 82
75 90
75 91
75 94
75 97
75 98
75 99
76 77
76 79
76 80
76 82
76 86
76 88
76 93
76 94
76 97
76 99
77 84
77 86
77 88
77 89
77 90
77 93
77 96
78 82
78 83
78 84
78 93
78 94
78 95
78 98
79 83
79 84
79 87
79 88
79 90
79 94
79 95
79 96
79 97
79 98
80 84
80 86
80 88
80 91
80 96
81 86
81 87
81 92
81 94
81 96
81 97
81 98
81 99
82 86
82 88
82 89
82 90
82 92
82 98
83 84
83 86
83 87
83 92
83 93
83 95
83 97
84 87
84 89
84 90
84 91
84 92
84 94
84 95
84 96
84 98
85 91
85 92
85 95
85 97
86 89
86 90
86 92
86 93
86 95
86 96
86 97
86 99
87 92
87 94
87 96
87 99
88 89
88 90
88 95
88 96
88 99
89 94
89 99
90 93
90 97
90 99
91 92
91 94
91 96
92 94
92 95
92 96
92 98
92 99
93 94
93 96
93 98
94 96
94 97
95 97
96 97
97 98
97 99
98 99
