0 1
0 3
0 4
0 7
0 8
0 9
0 11
0 14
0 15
0 16
0 17
0 18
0 19
0 21
0 23
0 28
0 31
0 32
0 33
0 35
0 40
0 41
0 44
0 45
0 46
0 47
0 51
0 56
0 58
0 59
0 60
0 62
0 64
0 66
0 67
0 68
0 69
0 70
0 73
0 76
0 77
0 78
0 79
0 80
0 82
0 84
0 85
0 87
0 88
0 95
0 97
0 98
0 99
1 2
1 5
1 6
1 7
1 9
1 10
1 11
1 13
1 15
1 16
1 17
1 18
1 19
1 23
1 25
1 27
1 29
1 33
1 34
1 35
1 37
1 40
1 42
1 43
1 44
1 45
1 46
1 47
1 48
1 49
1 50
1 52
1 53
1 58
1 62
1 63
1 65
1 66
1 69
1 71
1 73
1 77
1 81
1 82
1 83
1 84
1 88
1 90
1 94
1 95
1 98
2 3
2 9
2 10
2 12
2 14
2 15
2 17
2 19
2 22
2 23
2 24
2 25
2 26
2 27
2 28
2 32
2 34
2 38
2 41
2 42
2 43
2 45
2 46
2 51
2 55
2 58
2 59
2 63
2 66
2 67
2 68
2 69
2 71
2 74
2 76
2 78
2 80
2 82
2 84
2 87
2 88
2 90
2 91
2 93
2 94
2 95
2 99
3 6
3 10
3 12
3 13
3 15
3 20
3 24
3 26
3 27
3 28
3 33
3 37
3 39
3 40
3 41
3 43
3 44
3 48
3 49
3 53
3 54
3 55
3 57
3 58
3 60
3 64
3 66
3 67
3 68
3 70
3 71
3 75
3 76
3 79
3 83
3 86
3 87
3 89
3 91
3 93
3 95
4 5
4 7
4 8
4 9
4 11
4 13
4 15
4 16
4 17
4 18
4 19
4 21
4 22
4 24
4 26
4 29
4 30
4 33
4 34
4 35
4 36
4 40
4 42
4 43
4 44
4 47
4 49
4 51
4 52
4 54
4 55
4 56
4 57
4 58
4 59
4 60
4 61
4 63
4 70
4 71
4 72
4 74
4 75
4 76
4 79
4 81
4 84
4 85
4 86
4 87
4 90
4 93
4 94
4 96
4 97
4 99
5 7
5 9
5 10
5 11
5 12
5 15
5 16
5 18
5 20
5 22
5 24
5 25
5 26
5 30
5 31
5 33
5 34
5 35
5 36
5 37
5 38
5 46
5 47
5 48
5 51
5 54
5 56
5 58
5 61
5 63
5 64
5 65
5 66
5 70
5 72
5 73
5 74
5 75
5 76
5 79
5 80
5 85
5 92
5 93
5 94
5 96
5 97
6 9
6 11
6 12
6 13
6 14
6 15
6 17
6 18
6 20
6 22
6 23
6 24
6 25
6 30
6 31
6 33
6 35
6 36
6 37
6 40
6 41
6 43
6 44
6 45
6 46
6 48
6 50
6 51
6 52
6 54
6 56
6 57
6 59
6 60
6 62
6 64
6 65
6 69
6 71
6 73
6 74
6 78
6 86
6 90
6 91
6 93
6 94
6 97
6 98
7 8
7 12
7 15
7 19
7 22
7 26
7 27
7 28
7 29
7 30
7 31
7 34
7 36
7 38
7 42
7 45
7 46
7 47
7 48
7 49
7 58
7 60
7 61
7 62
7 63
7 64
7 65
7 69
7 70
7 74
7 75
7 77
7 78
7 79
7 81
7 83
7 84
7 87
7 89
7 90
7 91
7 92
7 95
7 98
8 10
8 11
8 12
8 13
8 14
8 16
8 20
8 23
8 24
8 25
8 27
8 28
8 29
8 30
8 31
8 32
8 35
8 36
8 38
8 39
8 41
8 45
8 46
8 47
8 48
8 49
8 53
8 54
8 57
8 59
8 60
8 63
8 64
8 66
8 67
8 68
8 69
8 71
8 72
8 73
8 75
8 79
8 84
8 88
8 89
8 92
8 93
8 94
8 95
8 96
8 97
9 14
9 15
9 17
9 18
9 19
9 20
9 21
9 26
9 29
9 34
9 36
9 43
9 45
9 46
9 47
9 50
9 51
9 57
9 60
9 62
9 64
9 65
9 66
9 67
9 71
9 72
9 74
9 75
9 77
9 78
9 82
9 85
9 90
9 92
9 93
9 94
9 95
9 98
10 12
10 13
10 14
10 15
10 16
10 18
10 19
10 26
10 34
10 35
10 36
10 38
10 39
10 43
10 47
10 48
10 49
10 50
10 51
10 52
10 54
10 58
10 59
10 60
10 61
10 66
10 76
10 77
10 81
10 82
10 83
10 87
10 89
10 91
10 95
10 98
11 12
11 13
11 15
11 16
11 18
11 19
11 20
11 21
11 22
11 24
11 25
11 26
11 27
11 29
11 32
11 35
11 36
11 38
11 40
11 41
11 42
11 47
11 48
11 50
11 56
11 58
11 61
11 64
11 66
11 67
11 73
11 74
11 77
11 78
11 79
11 80
11 81
11 83
11 85
11 86
11 87
11 89
11 91
11 93
11 94
11 95
11 97
11 98
11 99
12 14
12 15
12 17
12 20
12 24
12 26
12 28
12 30
12 31
12 36
12 37
12 38
12 39
12 40
12 41
12 42
12 43
12 44
12 46
12 50
12 51
12 52
12 54
12 56
12 58
12 60
12 62
12 64
12 65
12 66
12 70
12 72
12 73
12 76
12 79
12 80
12 83
12 84
12 85
12 87
12 93
12 95
12 98
12 99
13 16
13 18
13 21
13 23
13 25
13 26
13 28
13 29
13 31
13 32
13 37
13 38
13 40
13 45
13 48
13 49
13 50
13 53
13 55
13 57
13 58
13 59
13 61
13 64
13 67
13 68
13 71
13 74
13 78
13 80
13 83
13 86
13 88
13 89
13 91
13 96
13 99
14 15
14 17
14 19
14 21
14 22
14 23
14 25
14 27
14 28
14 30
14 31
14 34
14 35
14 36
14 41
14 43
14 49
14 50
14 51
14 52
14 53
14 54
14 57
14 59
14 61
14 62
14 63
14 65
14 66
14 67
14 72
14 73
14 75
14 80
14 81
14 82
14 83
14 84
14 85
14 87
14 92
14 94
14 98
14 99
15 16
15 17
15 19
15 20
15 22
15 25
15 26
15 28
15 30
15 31
15 32
15 37
15 38
15 41
15 42
15 43
15 45
15 47
15 48
15 49
15 51
15 53
15 57
15 60
15 62
15 64
15 65
15 66
15 67
15 68
15 69
15 70
15 72
15 74
15 75
15 77
15 78
15 84
15 87
15 88
15 90
15 92
15 94
15 98
15 99
16 17
16 18
16 20
16 21
16 25
16 26
16 27
16 28
16 30
16 31
16 32
16 35
16 36
16 41
16 42
16 43
16 44
16 47
16 48
16 49
16 50
16 52
16 53
16 54
16 56
16 58
16 59
16 60
16 61
16 62
16 64
16 66
16 71
16 73
16 74
16 75
16 80
16 87
16 88
16 89
16 90
16 94
16 95
16 99
17 18
17 19
17 20
17 21
17 22
17 23
17 24
17 26
17 28
17 29
17 33
17 34
17 35
17 36
17 37
17 38
17 41
17 44
17 49
17 52
17 53
17 54
17 55
17 57
17 62
17 63
17 67
17 68
17 69
17 70
17 72
17 75
17 76
17 77
17 79
17 80
17 83
17 89
17 93
17 94
17 95
17 96
17 97
17 98
18 19
18 22
18 23
18 24
18 25
18 29
18 30
18 31
18 35
18 36
18 37
18 39
18 40
18 42
18 43
18 45
18 46
18 47
18 50
18 52
18 55
18 56
18 58
18 59
18 60
18 61
18 62
18 63
18 64
18 65
18 68
18 69
18 71
18 75
18 80
18 84
18 86
18 92
18 94
18 95
18 98
18 99
19 22
19 23
19 25
19 27
19 29
19 30
19 31
19 34
19 36
19 37
19 41
19 44
19 45
19 47
19 48
19 51
19 52
19 54
19 56
19 58
19 62
19 65
19 66
19 68
19 69
19 70
19 71
19 73
19 74
19 76
19 77
19 78
19 80
19 81
19 84
19 90
19 91
19 99
20 22
20 26
20 27
20 28
20 29
20 30
20 31
20 33
20 36
20 38
20 40
20 45
20 46
20 47
20 48
20 49
20 51
20 52
20 54
20 57
20 59
20 60
20 61
20 62
20 63
20 67
20 68
20 69
20 70
20 71
20 73
20 76
20 78
20 79
20 86
20 87
20 89
20 91
20 96
20 97
20 99
21 22
21 24
21 27
21 28
21 29
21 31
21 33
21 36
21 38
21 39
21 45
21 48
21 51
21 64
21 68
21 70
21 72
21 75
21 76
21 77
21 78
21 79
21 81
21 84
21 85
21 86
21 87
21 91
21 94
21 95
21 96
21 98
21 99
22 23
22 27
22 30
22 31
22 32
22 33
22 36
22 39
22 43
22 44
22 46
22 48
22 51
22 53
22 56
22 60
22 64
22 65
22 66
22 68
22 70
22 75
22 76
22 77
22 79
22 83
22 88
22 90
22 91
22 92
22 95
22 99
23 26
23 27
23 28
23 29
23 32
23 34
23 35
23 45
23 47
23 48
23 50
23 53
23 57
23 59
23 60
23 61
23 63
23 65
23 67
23 68
23 69
23 71
23 72
23 74
23 75
23 76
23 77
23 78
23 79
23 88
23 91
23 93
23 94
23 97
23 99
24 25
24 26
24 27
24 28
24 29
24 30
24 35
24 37
24 39
24 40
24 42
24 43
24 44
24 45
24 46
24 48
24 49
24 53
24 54
24 59
24 62
24 63
24 65
24 68
24 70
24 71
24 72
24 74
24 77
24 78
24 79
24 80
24 81
24 83
24 86
24 87
24 90
24 94
24 97
24 98
24 99
25 27
25 30
25 32
25 34
25 39
25 40
25 41
25 42
25 43
25 51
25 52
25 53
25 54
25 55
25 57
25 58
25 60
25 61
25 62
25 63
25 66
25 68
25 77
25 78
25 81
25 84
25 85
25 91
25 93
25 94
25 95
25 97
25 98
26 28
26 29
26 30
26 33
26 34
26 35
26 38
26 39
26 41
26 43
26 44
26 46
26 47
26 48
26 51
26 53
26 54
26 57
26 59
26 61
26 63
26 64
26 66
26 68
26 69
26 70
26 74
26 75
26 76
26 77
26 78
26 79
26 80
26 82
26 83
26 85
26 86
26 87
26 89
26 90
26 91
26 92
26 95
26 97
27 29
27 31
27 33
27 34
27 35
27 36
27 37
27 39
27 40
27 41
27 44
27 45
27 48
27 50
27 53
27 60
27 62
27 63
27 65
27 66
27 70
27 71
27 73
27 75
27 76
27 77
27 79
27 81
27 82
27 83
27 85
27 86
27 88
27 89
27 90
27 91
27 92
27 93
27 98
28 29
28 30
28 36
28 37
28 40
28 44
28 49
28 50
28 52
28 54
28 56
28 57
28 59
28 60
28 61
28 64
28 65
28 67
28 69
28 71
28 72
28 73
28 77
28 78
28 85
28 86
28 89
28 90
29 31
29 33
29 34
29 35
29 36
29 39
29 41
29 42
29 43
29 47
29 51
29 56
29 58
29 61
29 63
29 65
29 74
29 75
29 79
29 81
29 82
29 83
29 87
29 88
29 89
29 91
29 94
29 95
29 96
29 97
29 98
30 32
30 33
30 34
30 35
30 40
30 41
30 42
30 47
30 50
30 51
30 52
30 54
30 56
30 57
30 60
30 61
30 64
30 67
30 68
30 69
30 70
30 72
30 73
30 74
30 77
30 82
30 87
30 88
30 89
30 91
30 93
30 94
30 97
30 98
31 33
31 38
31 39
31 40
31 41
31 44
31 45
31 50
31 52
31 54
31 56
31 57
31 59
31 61
31 66
31 69
31 70
31 72
31 74
31 75
31 77
31 78
31 79
31 80
31 84
31 85
31 86
31 87
31 92
31 93
31 97
31 98
32 33
32 35
32 37
32 39
32 42
32 43
32 44
32 45
32 48
32 49
32 50
32 52
32 53
32 57
32 59
32 60
32 61
32 64
32 65
32 67
32 68
32 70
32 72
32 73
32 74
32 75
32 76
32 77
32 79
32 80
32 81
32 82
32 84
32 86
32 88
32 92
32 93
33 34
33 38
33 41
33 42
33 43
33 45
33 46
33 48
33 53
33 55
33 57
33 58
33 63
33 64
33 65
33 66
33 67
33 75
33 77
33 78
33 79
33 80
33 81
33 82
33 84
33 88
33 92
33 93
33 95
33 98
34 35
34 37
34 39
34 41
34 42
34 44
34 46
34 48
34 53
34 57
34 59
34 60
34 61
34 62
34 63
34 68
34 70
34 71
34 72
34 73
34 75
34 77
34 78
34 79
34 81
34 82
34 83
34 84
34 85
34 91
34 92
34 93
34 94
34 97
34 99
35 37
35 39
35 40
35 41
35 42
35 44
35 51
35 56
35 57
35 58
35 60
35 62
35 63
35 65
35 66
35 67
35 72
35 75
35 76
35 80
35 82
35 84
35 87
35 88
35 89
35 90
35 91
35 97
36 40
36 41
36 42
36 43
36 46
36 48
36 49
36 51
36 54
36 55
36 59
36 61
36 62
36 64
36 68
36 70
36 71
36 75
36 76
36 77
36 78
36 82
36 86
36 90
36 94
36 97
37 38
37 39
37 41
37 43
37 44
37 45
37 46
37 47
37 48
37 51
37 52
37 55
37 56
37 57
37 58
37 65
37 68
37 71
37 72
37 74
37 76
37 83
37 85
37 87
37 89
37 93
37 94
37 96
37 99
38 39
38 41
38 48
38 53
38 56
38 57
38 58
38 59
38 60
38 61
38 62
38 63
38 69
38 70
38 72
38 73
38 77
38 81
38 83
38 85
38 86
38 87
38 90
38 93
38 95
38 97
38 98
39 41
39 44
39 45
39 49
39 50
39 51
39 52
39 57
39 58
39 61
39 62
39 63
39 64
39 67
39 70
39 71
39 72
39 73
39 75
39 76
39 77
39 79
39 80
39 83
39 84
39 86
39 87
39 89
39 90
39 92
39 94
39 95
39 97
39 98
39 99
40 42
40 43
40 47
40 48
40 49
40 51
40 52
40 53
40 54
40 55
40 56
40 58
40 59
40 61
40 62
40 65
40 67
40 69
40 77
40 79
40 84
40 85
40 87
40 88
40 90
40 91
40 92
40 94
40 97
40 98
41 44
41 46
41 47
41 48
41 50
41 52
41 53
41 54
41 55
41 57
41 59
41 63
41 66
41 69
41 70
41 71
41 72
41 73
41 74
41 77
41 81
41 82
41 84
41 85
41 86
41 88
41 89
41 90
41 95
41 98
42 43
42 44
42 45
42 46
42 48
42 50
42 53
42 55
42 56
42 57
42 58
42 60
42 63
42 66
42 68
42 69
42 71
42 74
42 75
42 76
42 78
42 82
42 87
42 88
42 91
42 95
42 97
43 45
43 46
43 47
43 50
43 52
43 57
43 58
43 59
43 60
43 66
43 69
43 70
43 73
43 74
43 77
43 79
43 80
43 82
43 83
43 84
43 90
43 91
43 92
43 93
43 96
43 98
43 99
44 45
44 47
44 48
44 50
44 54
44 57
44 58
44 59
44 62
44 69
44 70
44 71
44 72
44 73
44 76
44 78
44 81
44 83
44 84
44 85
44 86
44 90
44 91
44 92
44 94
44 96
44 97
44 98
45 49
45 50
45 53
45 54
45 60
45 63
45 66
45 70
45 71
45 72
45 74
45 76
45 80
45 84
45 85
45 87
45 88
45 89
45 90
45 97
45 99
46 49
46 50
46 52
46 53
46 54
46 55
46 60
46 61
46 63
46 64
46 65
46 67
46 69
46 70
46 71
46 72
46 73
46 75
46 77
46 78
46 81
46 82
46 84
46 85
46 86
46 87
46 90
46 93
46 94
46 95
46 96
46 99
47 48
47 51
47 52
47 53
47 54
47 57
47 59
47 60
47 62
47 64
47 67
47 70
47 71
47 78
47 79
47 80
47 83
47 86
47 89
47 92
47 93
47 96
47 97
48 50
48 52
48 54
48 60
48 64
48 66
48 67
48 69
48 70
48 71
48 74
48 76
48 77
48 79
48 81
48 83
48 86
48 88
48 91
48 93
48 94
48 95
48 96
48 98
48 99
49 53
49 55
49 56
49 59
49 60
49 61
49 62
49 64
49 66
49 71
49 72
49 74
49 77
49 78
49 79
49 80
49 81
49 83
49 87
49 90
49 92
49 93
49 94
49 95
50 51
50 54
50 55
50 58
50 63
50 66
50 68
50 69
50 70
50 74
50 79
50 80
50 81
50 82
50 83
50 86
50 87
50 88
50 89
50 90
50 91
50 92
50 94
50 96
50 99
51 52
51 55
51 56
51 57
51 58
51 59
51 69
51 72
51 74
51 76
51 78
51 80
51 81
51 82
51 84
51 85
51 89
51 90
51 92
51 93
51 95
51 96
51 97
51 99
52 53
52 54
52 55
52 56
52 57
52 62
52 63
52 64
52 65
52 66
52 69
52 72
52 75
52 76
52 77
52 79
52 80
52 82
52 84
52 85
52 86
52 87
52 88
52 93
52 94
52 99
53 54
53 60
53 62
53 64
53 68
53 71
53 74
53 75
53 76
53 80
53 82
53 85
53 86
53 88
53 89
53 92
53 93
53 94
53 95
53 97
53 99
54 56
54 57
54 58
54 59
54 60
54 61
54 62
54 65
54 68
54 71
54 73
54 75
54 76
54 78
54 79
54 84
54 85
54 88
54 89
54 92
54 94
54 95
54 98
54 99
55 56
55 57
55 58
55 59
55 61
55 62
55 63
55 65
55 66
55 67
55 68
55 69
55 71
55 73
55 75
55 76
55 78
55 79
55 81
55 83
55 86
55 87
55 91
55 92
55 95
55 96
55 97
56 57
56 58
56 59
56 60
56 62
56 64
56 65
56 66
56 69
56 71
56 72
56 74
56 75
56 76
56 77
56 81
56 83
56 85
56 86
56 93
56 94
56 95
56 97
57 60
57 63
57 67
57 69
57 71
57 72
57 76
57 78
57 79
57 83
57 87
57 88
57 91
57 93
57 97
57 98
57 99
58 60
58 61
58 62
58 63
58 64
58 65
58 66
58 68
58 69
58 71
58 75
58 77
58 80
58 81
58 82
58 83
58 84
58 88
58 89
58 91
58 93
58 97
59 60
59 61
59 63
59 66
59 67
59 69
59 70
59 71
59 73
59 74
59 79
59 80
59 81
59 82
59 83
59 87
59 90
59 92
59 93
59 95
59 98
59 99
60 61
60 62
60 64
60 66
60 69
60 71
60 76
60 79
60 80
60 83
60 85
60 87
60 88
60 92
60 94
60 95
61 65
61 71
61 76
61 77
61 80
61 82
61 83
61 87
61 88
61 89
61 90
61 92
61 94
61 97
61 98
61 99
62 63
62 65
62 67
62 69
62 71
62 74
62 77
62 78
62 80
62 81
62 82
62 83
62 84
62 90
62 92
62 93
62 95
62 97
63 64
63 68
63 70
63 73
63 75
63 78
63 79
63 82
63 83
63 85
63 87
63 88
63 89
63 91
63 92
63 96
63 97
63 98
63 99
64 67
64 68
64 69
64 70
64 71
64 75
64 76
64 77
64 78
64 80
64 82
64 87
64 90
64 92
64 93
64 96
64 97
64 98
65 66
65 67
65 68
65 71
65 72
65 73
65 74
65 79
65 80
65 81
65 84
65 88
65 89
65 90
65 91
65 92
65 94
65 95
65 96
65 97
66 68
66 69
66 74
66 75
66 76
66 77
66 78
66 80
66 81
66 83
66 85
66 86
66 89
66 90
66 91
66 94
66 96
66 97
66 99
67 68
67 69
67 71
67 72
67 73
67 74
67 76
67 78
67 87
67 89
67 92
67 93
67 95
67 96
67 98
68 69
68 73
68 74
68 76
68 77
68 78
68 79
68 80
68 84
68 85
68 88
68 90
68 91
68 94
68 95
68 96
68 99
69 70
69 73
69 74
69 78
69 80
69 81
69 82
69 84
69 86
69 87
69 88
69 91
69 92
69 95
69 97
69 99
70 72
70 73
70 75
70 76
70 78
70 79
70 91
70 92
70 94
70 95
70 97
70 98
71 72
71 75
71 77
71 78
71 79
71 80
71 82
71 83
71 84
71 86
71 90
71 91
71 95
71 96
71 99
72 73
72 74
72 75
72 76
72 81
72 82
72 83
72 84
72 85
72 86
72 89
72 92
72 94
72 99
73 75
73 79
73 81
73 82
73 86
73 89
73 90
73 91
73 92
73 94
73 95
73 97
74 84
74 85
74 86
74 87
74 92
74 93
74 94
74 95
74 98
74 99
75 79
75 86
75 89
75 90
75 91
75 92
75 94
75 96
75 97
75 98
76 78
76 79
76 82
76 89
76 90
76 91
76 94
76 95
76 96
76 97
76 98
77 78
77 79
77 80
77 81
77 84
77 86
77 87
77 88
77 89
77 92
77 93
77 94
77 95
77 97
77 98
78 79
78 84
78 85
78 89
78 90
78 91
78 92
78 95
78 97
79 80
79 82
79 83
79 84
79 85
79 86
79 88
79 89
79 92
79 93
79 98
79 99
80 81
80 83
80 86
80 87
80 91
80 93
80 94
80 96
80 99
81 82
81 84
81 85
81 86
81 87
81 89
81 92
81 93
81 96
81 98
82 87
82 88
82 91
82 92
82 93
82 96
83 84
83 85
83 86
83 87
83 89
83 90
83 91
83 92
83 93
83 94
83 97
83 98
83 99
84 86
84 87
84 89
84 91
84 92
84 93
84 94
84 95
84 97
84 99
85 86
85 88
85 89
85 92
85 94
85 97
85 99
86 87
86 88
86 92
86 93
86 94
86 98
87 88
87 90
87 91
87 92
87 93
87 95
87 97
87 98
87 99
88 90
88 96
88 99
89 90
89 93
89 94
89 98
89 99
90 91
90 93
90 95
91 94
91 96
91 98
92 93
92 94
92 95
92 96
93 94
93 96
93 97
94 95
94 96
94 97
94 99
95 96
95 98
95 99
96 97
