0 5
0 8
0 11
0 12
0 14
0 16
0 19
0 23
0 25
0 28
0 32
0 33
0 35
0 36
0 37
0 38
0 52
0 53
0 54
0 55
0 56
0 60
0 67
0 70
0 72
0 75
0 76
0 77
0 79
0 81
0 84
0 89
0 94
0 96
0 99
1 2
1 7
1 9
1 10
1 12
1 14
1 15
1 19
1 20
1 22
1 23
1 25
1 26
1 28
1 29
1 30
1 31
1 32
1 35
1 36
1 38
1 39
1 40
1 44
1 45
1 47
1 52
1 58
1 62
1 66
1 67
1 73
1 77
1 78
1 80
1 82
1 85
1 86
1 87
1 89
1 92
1 93
1 94
1 95
1 97
1 98
2 7
2 8
2 10
2 12
2 13
2 17
2 21
2 22
2 26
2 27
2 30
2 33
2 34
2 35
2 38
2 42
2 46
2 53
2 54
2 55
2 59
2 63
2 64
2 65
2 68
2 74
2 77
2 79
2 80
2 82
2 90
2 91
2 92
2 95
2 96
3 6
3 12
3 16
3 20
3 21
3 22
3 23
3 24
3 29
3 30
3 32
3 33
3 34
3 37
3 39
3 41
3 42
3 43
3 46
3 48
3 54
3 55
3 56
3 58
3 60
3 62
3 65
3 67
3 68
3 71
3 73
3 75
3 76
3 78
3 79
3 80
3 82
3 83
3 85
3 88
3 89
3 90
3 98
4 6
4 7
4 8
4 11
4 13
4 16
4 17
4 23
4 25
4 26
4 29
4 30
4 32
4 36
4 37
4 39
4 47
4 48
4 49
4 51
4 56
4 57
4 61
4 63
4 65
4 70
4 71
4 72
4 74
4 76
4 78
4 79
4 80
4 82
4 84
4 88
4 89
4 92
4 94
4 95
4 96
4 99
5 6
5 7
5 8
5 10
5 18
5 19
5 24
5 25
5 31
5 33
5 34
5 38
5 39
5 41
5 47
5 51
5 53
5 54
5 55
5 58
5 60
5 62
5 64
5 65
5 68
5 69
5 72
5 73
5 74
5 75
5 76
5 81
5 82
5 85
5 88
5 89
5 90
5 98
6 7
6 13
6 16
6 19
6 20
6 21
6 24
6 27
6 32
6 34
6 35
6 42
6 49
6 51
6 52
6 54
6 55
6 56
6 58
6 59
6 60
6 61
6 62
6 63
6 65
6 66
6 67
6 75
6 76
6 82
6 83
6 84
6 88
6 89
6 91
6 92
6 93
6 95
6 97
6 98
7 8
7 10
7 12
7 13
7 18
7 22
7 24
7 26
7 27
7 29
7 34
7 35
7 36
7 42
7 43
7 49
7 51
7 54
7 55
7 60
7 61
7 63
7 64
7 65
7 68
7 71
7 73
7 76
7 77
7 79
7 85
7 87
7 91
7 93
7 94
8 14
8 17
8 18
8 21
8 26
8 28
8 30
8 35
8 39
8 41
8 42
8 45
8 50
8 53
8 61
8 65
8 70
8 73
8 75
8 79
8 82
8 85
8 94
8 97
8 99
9 10
9 17
9 18
9 24
9 25
9 28
9 29
9 38
9 39
9 41
9 42
9 45
9 46
9 49
9 50
9 51
9 56
9 58
9 59
9 62
9 64
9 67
9 68
9 71
9 73
9 74
9 78
9 80
9 82
9 88
9 89
9 90
9 93
9 95
9 96
10 12
10 13
10 14
10 15
10 16
10 17
10 21
10 22
10 23
10 25
10 27
10 28
10 35
10 36
10 39
10 40
10 44
10 45
10 49
10 50
10 51
10 52
10 55
10 56
10 58
10 59
10 62
10 63
10 65
10 66
10 67
10 71
10 72
10 73
10 77
10 78
10 81
10 83
10 87
10 88
10 89
10 91
10 94
10 97
11 12
11 15
11 16
11 17
11 18
11 20
11 22
11 29
11 30
11 31
11 32
11 36
11 38
11 40
11 42
11 43
11 45
11 48
11 49
11 51
11 54
11 55
11 58
11 60
11 66
11 68
11 71
11 72
11 73
11 74
11 79
11 80
11 81
11 83
11 84
11 89
11 94
12 16
12 20
12 27
12 28
12 30
12 38
12 40
12 41
12 42
12 43
12 45
12 49
12 54
12 60
12 63
12 64
12 65
12 66
12 72
12 73
12 75
12 76
12 80
12 81
12 89
12 93
12 95
12 96
12 97
13 14
13 16
13 18
13 22
13 31
13 35
13 37
13 39
13 41
13 42
13 44
13 53
13 54
13 55
13 57
13 58
13 59
13 60
13 62
13 65
13 68
13 69
13 70
13 73
13 75
13 77
13 78
13 79
13 81
13 82
13 83
13 84
13 85
13 86
13 89
13 90
13 92
13 97
14 15
14 16
14 19
14 24
14 25
14 28
14 30
14 31
14 35
14 36
14 40
14 42
14 43
14 44
14 47
14 51
14 54
14 58
14 59
14 61
14 65
14 74
14 85
14 88
14 91
14 92
14 97
14 99
15 16
15 17
15 20
15 22
15 23
15 26
15 27
15 32
15 35
15 38
15 42
15 51
15 54
15 55
15 57
15 58
15 60
15 61
15 62
15 66
15 69
15 70
15 73
15 75
15 76
15 83
15 85
15 86
15 87
15 89
15 96
15 97
15 98
15 99
16 18
16 19
16 21
16 22
16 24
16 25
16 26
16 30
16 31
16 32
16 35
16 36
16 42
16 44
16 50
16 54
16 55
16 57
16 58
16 59
16 62
16 66
16 68
16 69
16 77
16 78
16 79
16 84
16 87
16 88
16 89
16 90
16 91
17 20
17 22
17 31
17 32
17 38
17 41
17 42
17 44
17 45
17 46
17 47
17 48
17 54
17 56
17 57
17 61
17 64
17 65
17 67
17 69
17 72
17 74
17 77
17 83
17 84
17 85
17 86
17 90
17 92
17 93
17 96
17 98
17 99
18 19
18 21
18 22
18 23
18 24
18 25
18 27
18 30
18 31
18 33
18 37
18 39
18 40
18 41
18 46
18 47
18 48
18 49
18 50
18 51
18 56
18 59
18 60
18 62
18 66
18 67
18 69
18 70
18 71
18 75
18 76
18 77
18 78
18 80
18 81
18 83
18 84
18 86
18 87
18 91
18 92
18 97
19 21
19 27
19 29
19 32
19 35
19 38
19 42
19 44
19 46
19 48
19 49
19 54
19 55
19 58
19 59
19 67
19 71
19 76
19 77
19 78
19 80
19 81
19 84
19 86
19 94
19 97
19 98
20 21
20 22
20 26
20 30
20 34
20 36
20 40
20 41
20 42
20 44
20 45
20 50
20 51
20 54
20 55
20 56
20 58
20 63
20 68
20 70
20 75
20 76
20 77
20 79
20 81
20 89
20 92
20 94
20 95
20 98
21 24
21 30
21 37
21 38
21 43
21 46
21 50
21 51
21 55
21 59
21 60
21 63
21 65
21 67
21 73
21 76
21 77
21 80
21 81
21 82
21 83
21 88
21 89
21 92
21 93
21 94
21 95
21 98
21 99
22 23
22 24
22 26
22 31
22 32
22 33
22 34
22 35
22 36
22 37
22 39
22 41
22 43
22 47
22 48
22 58
22 59
22 60
22 61
22 63
22 67
22 71
22 77
22 78
22 84
22 85
22 87
22 88
22 89
22 91
22 92
22 95
22 96
23 24
23 25
23 26
23 29
23 30
23 32
23 35
23 36
23 38
23 39
23 43
23 47
23 52
23 53
23 54
23 55
23 56
23 57
23 58
23 62
23 66
23 73
23 75
23 77
23 78
23 79
23 83
23 85
23 86
23 87
23 90
23 92
23 93
23 99
24 26
24 28
24 29
24 32
24 33
24 34
24 37
24 38
24 41
24 42
24 43
24 44
24 45
24 46
24 48
24 49
24 55
24 56
24 57
24 62
24 66
24 70
24 71
24 77
24 78
24 79
24 85
24 87
24 88
24 91
24 93
24 95
24 98
25 34
25 38
25 41
25 45
25 46
25 47
25 53
25 58
25 61
25 65
25 66
25 84
25 86
25 91
25 92
25 93
25 94
25 96
25 97
25 98
26 28
26 29
26 33
26 36
26 38
26 41
26 42
26 45
26 46
26 48
26 55
26 56
26 59
26 64
26 65
26 67
26 68
26 76
26 82
26 85
26 87
26 88
26 94
26 99
27 28
27 32
27 34
27 36
27 37
27 38
27 39
27 43
27 46
27 47
27 48
27 57
27 58
27 64
27 77
27 78
27 84
27 85
27 88
27 89
27 91
27 93
27 94
27 95
27 98
28 30
28 34
28 37
28 39
28 40
28 42
28 43
28 45
28 46
28 47
28 51
28 54
28 55
28 58
28 59
28 60
28 62
28 71
28 76
28 77
28 78
28 80
28 85
28 87
28 91
28 97
28 98
28 99
29 32
29 36
29 38
29 41
29 44
29 47
29 48
29 49
29 50
29 51
29 59
29 60
29 66
29 69
29 71
29 73
29 78
29 79
29 82
29 84
29 85
29 88
29 90
29 91
29 94
29 96
30 32
30 33
30 34
30 36
30 37
30 38
30 42
30 43
30 45
30 51
30 54
30 55
30 59
30 62
30 64
30 66
30 68
30 69
30 72
30 74
30 75
30 76
30 77
30 80
30 82
30 83
30 85
30 88
30 91
30 92
30 93
30 94
30 97
30 98
31 33
31 46
31 47
31 48
31 51
31 55
31 56
31 57
31 60
31 61
31 64
31 65
31 66
31 68
31 69
31 70
31 72
31 80
31 85
31 86
31 91
31 92
31 94
31 95
31 97
31 98
31 99
32 33
32 37
32 38
32 39
32 40
32 45
32 49
32 51
32 53
32 56
32 59
32 61
32 64
32 65
32 66
32 69
32 73
32 76
32 78
32 79
32 80
32 82
32 83
32 84
32 85
32 88
32 89
32 92
32 93
32 95
32 96
32 97
33 39
33 40
33 43
33 45
33 46
33 47
33 49
33 51
33 52
33 55
33 56
33 59
33 60
33 62
33 63
33 67
33 68
33 74
33 78
33 82
33 83
33 85
33 86
33 91
33 92
33 95
33 97
33 99
34 38
34 39
34 40
34 42
34 44
34 45
34 49
34 52
34 56
34 60
34 63
34 64
34 66
34 67
34 73
34 76
34 80
34 82
34 85
34 86
34 87
34 93
34 94
34 96
34 98
35 36
35 37
35 39
35 40
35 41
35 42
35 46
35 48
35 50
35 51
35 52
35 55
35 56
35 58
35 59
35 63
35 66
35 67
35 69
35 70
35 72
35 74
35 76
35 81
35 83
35 85
35 87
35 88
35 90
35 96
35 99
36 38
36 42
36 43
36 45
36 46
36 47
36 49
36 51
36 52
36 56
36 57
36 58
36 59
36 62
36 66
36 70
36 71
36 84
36 87
36 91
36 93
36 94
36 95
36 96
36 99
37 39
37 40
37 41
37 46
37 47
37 48
37 50
37 51
37 54
37 56
37 57
37 61
37 63
37 65
37 69
37 70
37 74
37 75
37 76
37 77
37 78
37 81
37 82
37 83
37 87
37 88
37 96
37 97
37 99
38 41
38 45
38 46
38 49
38 52
38 55
38 56
38 57
38 59
38 64
38 67
38 68
38 70
38 71
38 72
38 73
38 74
38 75
38 77
38 81
38 83
38 85
38 89
38 91
38 92
38 93
38 95
38 96
39 45
39 46
39 48
39 49
39 53
39 57
39 59
39 60
39 65
39 66
39 69
39 72
39 73
39 74
39 78
39 81
39 84
39 85
39 87
39 89
39 90
39 92
39 95
39 97
39 98
40 43
40 46
40 47
40 52
40 53
40 54
40 55
40 59
40 64
40 66
40 68
40 70
40 73
40 76
40 78
40 80
40 81
40 84
40 85
40 86
40 91
40 95
41 45
41 48
41 51
41 52
41 55
41 58
41 61
41 62
41 67
41 71
41 73
41 74
41 75
41 78
41 79
41 81
41 82
41 83
41 84
41 85
41 86
41 87
41 90
41 91
41 93
41 94
41 97
41 98
42 46
42 47
42 48
42 55
42 61
42 62
42 64
42 66
42 67
42 71
42 73
42 74
42 75
42 78
42 80
42 83
42 84
42 87
42 88
42 91
42 92
42 97
43 45
43 48
43 50
43 52
43 53
43 57
43 63
43 64
43 65
43 67
43 68
43 71
43 73
43 74
43 75
43 76
43 79
43 82
43 84
43 86
43 87
43 90
43 92
43 93
43 95
43 96
43 98
44 46
44 48
44 51
44 52
44 55
44 58
44 59
44 60
44 61
44 63
44 69
44 70
44 73
44 75
44 79
44 92
44 96
45 47
45 49
45 51
45 52
45 54
45 56
45 57
45 60
45 62
45 63
45 64
45 65
45 66
45 67
45 68
45 69
45 73
45 74
45 75
45 76
45 78
45 80
45 85
45 90
45 94
45 95
45 97
45 98
46 48
46 49
46 53
46 56
46 59
46 68
46 69
46 74
46 75
46 78
46 80
46 81
46 82
46 86
46 89
46 90
46 91
46 94
46 96
46 99
47 50
47 53
47 59
47 61
47 64
47 65
47 71
47 72
47 73
47 83
47 86
47 87
47 90
47 91
47 94
47 96
47 98
48 52
48 54
48 58
48 62
48 64
48 71
48 79
48 83
48 88
48 90
48 92
48 94
49 50
49 54
49 55
49 58
49 66
49 71
49 72
49 79
49 83
49 85
49 86
49 90
49 92
49 93
49 95
50 52
50 53
50 61
50 63
50 69
50 74
50 75
50 79
50 81
50 83
50 86
50 88
50 89
50 90
50 94
50 99
51 52
51 53
51 54
51 55
51 57
51 59
51 61
51 62
51 63
51 66
51 71
51 73
51 74
51 75
51 78
51 79
51 84
51 86
51 87
51 92
51 94
51 97
51 99
52 56
52 57
52 58
52 59
52 61
52 65
52 66
52 69
52 70
52 71
52 72
52 79
52 80
52 84
52 85
52 87
52 90
52 91
52 92
52 93
52 94
52 97
52 99
53 54
53 60
53 61
53 63
53 64
53 65
53 67
53 73
53 76
53 78
53 83
53 85
53 88
53 95
53 96
54 56
54 57
54 58
54 59
54 60
54 65
54 66
54 67
54 70
54 72
54 75
54 80
54 82
54 85
54 86
54 93
54 95
54 96
55 57
55 61
55 62
55 63
55 64
55 67
55 68
55 71
55 72
55 73
55 76
55 77
55 83
55 88
55 89
55 91
55 94
55 96
55 99
56 58
56 60
56 66
56 68
56 69
56 72
56 73
56 75
56 82
56 86
56 88
56 89
56 92
56 95
56 97
56 99
57 58
57 63
57 65
57 67
57 68
57 72
57 73
57 76
57 80
57 81
57 84
57 92
57 99
58 61
58 63
58 68
58 69
58 70
58 76
58 77
58 81
58 83
58 88
58 89
58 90
58 94
58 97
59 61
59 63
59 65
59 70
59 75
59 76
59 79
59 80
59 81
59 84
59 85
59 92
59 93
59 94
59 95
59 98
59 99
60 64
60 65
60 68
60 70
60 75
60 76
60 77
60 84
60 86
60 87
60 90
60 91
60 93
60 94
60 95
60 99
61 64
61 65
61 66
61 67
61 70
61 72
61 74
61 79
61 80
61 81
61 85
61 86
61 88
61 89
61 90
61 91
61 93
61 94
61 95
61 96
62 63
62 64
62 66
62 67
62 70
62 71
62 74
62 75
62 76
62 78
62 79
62 84
62 85
62 89
62 90
62 93
62 96
62 97
62 98
63 66
63 67
63 71
63 72
63 74
63 79
63 80
63 83
63 85
63 86
63 87
63 90
63 91
63 92
63 94
63 95
63 96
63 97
64 65
64 69
64 75
64 78
64 80
64 81
64 85
64 86
64 91
64 92
64 93
64 95
64 98
65 67
65 68
65 70
65 71
65 73
65 76
65 77
65 79
65 80
65 83
65 86
65 87
65 91
65 93
65 98
66 68
66 74
66 79
66 81
66 84
66 88
66 92
67 69
67 75
67 78
67 89
67 90
67 91
67 96
67 99
68 69
68 71
68 72
68 73
68 74
68 80
68 81
68 82
68 83
68 89
68 90
68 92
68 94
68 95
68 96
69 74
69 75
69 76
69 81
69 82
69 87
69 91
69 92
69 96
69 99
70 71
70 74
70 79
70 83
70 84
70 85
70 86
70 88
70 89
70 90
70 92
70 93
70 97
71 73
71 74
71 76
71 80
71 81
71 83
71 90
71 93
71 95
71 97
72 73
72 74
72 75
72 78
72 82
72 83
72 84
72 85
72 87
72 88
72 89
72 93
72 98
73 75
73 79
73 80
73 82
73 84
73 87
73 89
73 92
73 95
73 96
73 97
73 98
74 75
74 79
74 80
74 86
74 90
74 93
74 94
74 95
75 77
75 78
75 79
75 84
75 85
75 89
75 90
75 91
75 92
75 94
75 95
75 96
75 97
75 99
76 78
76 80
76 82
76 84
76 88
76 89
76 90
76 92
76 93
76 94
76 95
76 96
76 97
76 98
77 78
77 80
77 81
77 85
77 89
77 92
77 96
77 98
78 79
78 84
78 85
78 87
78 94
78 96
79 80
79 81
79 83
79 86
79 88
79 93
79 95
80 82
80 83
80 86
80 89
80 94
81 83
81 85
81 89
81 90
81 94
81 95
81 96
81 97
81 99
82 84
82 85
82 86
82 87
82 89
82 90
82 91
82 94
82 96
82 99
83 88
83 91
83 93
83 94
83 95
83 97
83 98
83 99
84 86
84 88
84 89
84 91
84 92
84 95
84 97
85 91
85 94
85 95
85 97
85 98
85 99
86 87
86 91
86 92
86 93
86 97
87 89
87 91
87 94
87 96
87 97
88 89
88 92
88 93
88 98
88 99
89 90
89 91
89 92
89 94
89 95
89 96
89 97
89 98
90 91
90 94
90 96
91 94
91 95
91 97
92 93
92 95
92 98
92 99
93 95
93 99
95 96
95 97
95 98
