0 2
0 4
0 5
0 9
0 10
0 11
0 12
0 13
0 14
0 15
0 17
0 18
0 20
0 23
0 27
0 28
0 34
0 37
0 41
0 42
0 43
0 45
0 47
0 48
0 52
0 53
0 58
0 59
0 64
0 65
0 66
0 68
0 69
0 70
0 72
0 76
0 77
0 82
0 83
0 84
0 85
0 86
0 89
0 92
0 95
0 99
1 2
1 3
1 5
1 7
1 8
1 9
1 10
1 12
1 13
1 14
1 15
1 17
1 18
1 20
1 24
1 26
1 29
1 30
1 35
1 36
1 37
1 39
1 40
1 42
1 43
1 47
1 48
1 52
1 56
1 57
1 59
1 62
1 63
1 64
1 67
1 69
1 70
1 72
1 73
1 74
1 77
1 80
1 83
1 86
1 89
1 90
1 91
1 94
1 96
2 3
2 4
2 5
2 6
2 8
2 9
2 11
2 15
2 18
2 19
2 24
2 25
2 26
2 28
2 33
2 34
2 39
2 41
2 42
2 48
2 49
2 50
2 54
2 55
2 56
2 58
2 61
2 64
2 65
2 66
2 67
2 69
2 71
2 75
2 77
2 79
2 80
2 83
2 86
2 88
2 89
2 91
2 93
3 4
3 5
3 6
3 9
3 10
3 13
3 14
3 15
3 16
3 19
3 22
3 24
3 26
3 27
3 28
3 32
3 37
3 40
3 41
3 43
3 46
3 48
3 49
3 52
3 53
3 56
3 61
3 62
3 68
3 71
3 72
3 73
3 75
3 77
3 80
3 81
3 82
3 83
3 87
3 90
3 91
3 92
3 93
3 95
3 96
3 97
3 98
3 99
4 6
4 7
4 10
4 11
4 13
4 14
4 16
4 18
4 20
4 21
4 22
4 24
4 25
4 26
4 28
4 31
4 35
4 36
4 38
4 40
4 44
4 46
4 47
4 50
4 51
4 52
4 53
4 56
4 57
4 58
4 60
4 61
4 62
4 66
4 68
4 70
4 72
4 74
4 75
4 78
4 80
4 81
4 82
4 84
4 85
4 87
4 89
4 90
4 91
4 92
4 94
4 97
4 98
4 99
5 7
5 11
5 14
5 17
5 18
5 20
5 21
5 22
5 24
5 25
5 27
5 29
5 32
5 33
5 35
5 36
5 37
5 38
5 39
5 41
5 42
5 43
5 44
5 47
5 49
5 54
5 55
5 59
5 60
5 61
5 62
5 65
5 66
5 68
5 71
5 72
5 77
5 79
5 84
5 86
5 89
5 90
5 91
5 94
5 95
5 98
6 7
6 10
6 11
6 12
6 13
6 14
6 15
6 17
6 20
6 21
6 23
6 28
6 29
6 30
6 32
6 33
6 35
6 37
6 38
6 40
6 41
6 42
6 46
6 47
6 48
6 49
6 50
6 51
6 54
6 57
6 58
6 60
6 62
6 63
6 64
6 66
6 70
6 72
6 73
6 75
6 76
6 78
6 79
6 82
6 84
6 87
6 89
6 90
6 92
6 98
6 99
7 12
7 16
7 17
7 22
7 26
7 29
7 31
7 35
7 40
7 43
7 45
7 46
7 48
7 50
7 51
7 53
7 57
7 61
7 62
7 65
7 67
7 71
7 74
7 78
7 79
7 80
7 81
7 82
7 83
7 86
7 87
7 88
7 89
7 91
7 93
7 94
7 97
7 98
7 99
8 11
8 12
8 13
8 18
8 21
8 22
8 23
8 24
8 29
8 30
8 33
8 37
8 40
8 41
8 45
8 48
8 50
8 53
8 54
8 59
8 60
8 62
8 68
8 71
8 72
8 75
8 76
8 77
8 79
8 81
8 83
8 85
8 87
8 88
8 90
8 91
8 92
8 93
8 94
8 96
8 98
9 10
9 14
9 17
9 19
9 21
9 22
9 23
9 24
9 26
9 27
9 30
9 32
9 34
9 35
9 37
9 38
9 44
9 45
9 46
9 47
9 51
9 53
9 57
9 60
9 65
9 68
9 69
9 70
9 71
9 72
9 75
9 76
9 77
9 81
9 83
9 85
9 91
9 93
9 94
9 97
9 99
10 11
10 12
10 13
10 15
10 18
10 19
10 21
10 22
10 24
10 25
10 26
10 30
10 31
10 32
10 34
10 36
10 37
10 38
10 45
10 46
10 51
10 52
10 53
10 55
10 59
10 60
10 61
10 62
10 63
10 64
10 65
10 69
10 70
10 71
10 72
10 73
10 75
10 76
10 78
10 80
10 83
10 85
10 87
10 88
10 90
10 91
10 93
10 95
10 96
11 13
11 14
11 15
11 18
11 21
11 23
11 24
11 26
11 27
11 29
11 30
11 31
11 33
11 35
11 36
11 38
11 39
11 44
11 45
11 48
11 50
11 51
11 52
11 54
11 56
11 58
11 66
11 68
11 69
11 70
11 71
11 73
11 75
11 77
11 78
11 81
11 84
11 85
11 87
11 88
11 89
11 90
11 93
11 94
11 95
11 96
11 99
12 14
12 15
12 16
12 18
12 19
12 22
12 23
12 24
12 25
12 28
12 29
12 32
12 33
12 35
12 38
12 39
12 40
12 43
12 45
12 46
12 47
12 49
12 50
12 51
12 58
12 59
12 61
12 62
12 64
12 65
12 66
12 68
12 69
12 71
12 72
12 74
12 76
12 77
12 78
12 79
12 80
12 82
12 83
12 84
12 89
12 90
12 92
12 93
12 96
12 98
12 99
13 17
13 18
13 20
13 21
13 22
13 25
13 26
13 27
13 30
13 31
13 32
13 35
13 36
13 38
13 41
13 42
13 44
13 46
13 47
13 50
13 51
13 55
13 62
13 63
13 65
13 66
13 67
13 69
13 70
13 71
13 72
13 82
13 83
13 85
13 88
13 91
13 94
13 95
13 96
13 97
13 99
14 15
14 18
14 21
14 23
14 27
14 30
14 31
14 33
14 34
14 35
14 36
14 37
14 38
14 45
14 48
14 52
14 53
14 54
14 55
14 56
14 59
14 61
14 63
14 69
14 70
14 71
14 73
14 74
14 76
14 78
14 79
14 81
14 82
14 84
14 86
14 91
14 94
14 96
15 16
15 17
15 18
15 21
15 24
15 25
15 27
15 28
15 30
15 31
15 32
15 35
15 36
15 37
15 40
15 41
15 42
15 43
15 44
15 45
15 47
15 48
15 51
15 52
15 56
15 57
15 58
15 60
15 61
15 65
15 67
15 68
15 71
15 72
15 73
15 74
15 77
15 81
15 83
15 84
15 85
15 86
15 88
15 94
15 96
15 98
15 99
16 17
16 19
16 21
16 23
16 24
16 25
16 26
16 28
16 29
16 32
16 33
16 36
16 38
16 39
16 40
16 41
16 43
16 46
16 49
16 55
16 56
16 59
16 63
16 65
16 68
16 69
16 74
16 78
16 79
16 80
16 81
16 82
16 83
16 84
16 85
16 87
16 89
16 94
16 96
17 18
17 19
17 20
17 25
17 26
17 28
17 29
17 31
17 32
17 37
17 39
17 40
17 44
17 45
17 47
17 50
17 51
17 52
17 53
17 55
17 57
17 59
17 64
17 66
17 68
17 69
17 74
17 76
17 77
17 78
17 79
17 81
17 82
17 84
17 86
17 87
17 89
17 90
17 96
17 97
18 19
18 20
18 27
18 30
18 32
18 33
18 34
18 37
18 40
18 41
18 42
18 44
18 45
18 49
18 51
18 53
18 54
18 61
18 62
18 64
18 65
18 66
18 67
18 69
18 71
18 72
18 76
18 78
18 79
18 80
18 83
18 84
18 88
18 89
18 92
18 93
18 97
18 98
19 22
19 25
19 26
19 27
19 28
19 29
19 30
19 34
19 39
19 40
19 41
19 42
19 43
19 44
19 45
19 46
19 47
19 49
19 51
19 52
19 54
19 55
19 56
19 58
19 62
19 64
19 65
19 66
19 67
19 68
19 70
19 73
19 74
19 75
19 76
19 79
19 84
19 87
19 88
19 89
19 90
19 93
19 94
19 95
19 99
20 22
20 23
20 26
20 27
20 28
20 29
20 30
20 33
20 44
20 46
20 47
20 50
20 53
20 54
20 56
20 57
20 58
20 59
20 60
20 61
20 62
20 63
20 64
20 65
20 69
20 70
20 73
20 75
20 76
20 78
20 79
20 80
20 85
20 86
20 87
20 89
20 91
20 92
20 93
20 94
20 95
20 97
20 99
21 22
21 24
21 25
21 29
21 30
21 32
21 33
21 35
21 36
21 38
21 40
21 41
21 43
21 46
21 51
21 52
21 53
21 54
21 57
21 58
21 61
21 65
21 67
21 68
21 71
21 72
21 73
21 75
21 76
21 79
21 83
21 84
21 85
21 87
21 91
21 92
21 94
21 95
21 97
21 99
22 24
22 25
22 26
22 27
22 28
22 29
22 33
22 36
22 37
22 39
22 41
22 43
22 47
22 48
22 50
22 51
22 53
22 58
22 60
22 62
22 63
22 64
22 66
22 67
22 70
22 71
22 73
22 77
22 78
22 79
22 80
22 82
22 83
22 84
22 85
22 87
22 90
22 91
22 92
22 97
22 99
23 24
23 26
23 28
23 31
23 33
23 34
23 35
23 37
23 39
23 41
23 43
23 44
23 45
23 47
23 48
23 50
23 51
23 53
23 54
23 57
23 58
23 59
23 61
23 63
23 64
23 65
23 67
23 70
23 74
23 75
23 76
23 77
23 80
23 82
23 83
23 85
23 89
23 94
23 95
23 96
23 97
23 98
23 99
24 25
24 26
24 27
24 28
24 30
24 32
24 37
24 38
24 42
24 43
24 44
24 52
24 53
24 55
24 56
24 58
24 59
24 61
24 63
24 66
24 69
24 71
24 72
24 73
24 76
24 77
24 79
24 82
24 83
24 89
24 90
24 92
24 93
24 94
24 96
24 97
24 98
24 99
25 26
25 28
25 29
25 30
25 32
25 34
25 36
25 37
25 38
25 39
25 40
25 43
25 45
25 47
25 49
25 50
25 51
25 52
25 53
25 54
25 57
25 58
25 61
25 62
25 63
25 65
25 67
25 72
25 74
25 75
25 77
25 80
25 82
25 84
25 90
25 91
25 97
25 98
25 99
26 29
26 31
26 33
26 35
26 36
26 38
26 39
26 41
26 43
26 49
26 52
26 54
26 58
26 63
26 64
26 65
26 66
26 69
26 72
26 74
26 75
26 83
26 84
26 85
26 87
26 91
26 93
27 29
27 32
27 34
27 35
27 39
27 40
27 41
27 44
27 45
27 47
27 48
27 49
27 55
27 57
27 58
27 62
27 65
27 67
27 68
27 69
27 70
27 71
27 72
27 73
27 74
27 75
27 76
27 77
27 80
27 81
27 82
27 84
27 85
27 89
27 92
27 96
27 99
28 29
28 31
28 32
28 33
28 34
28 35
28 36
28 37
28 43
28 44
28 46
28 50
28 51
28 57
28 59
28 61
28 64
28 67
28 69
28 70
28 71
28 72
28 73
28 74
28 76
28 80
28 81
28 86
28 87
28 92
28 94
28 96
28 99
29 32
29 34
29 35
29 36
29 39
29 44
29 45
29 48
29 49
29 50
29 53
29 54
29 56
29 60
29 64
29 66
29 67
29 68
29 69
29 77
29 78
29 79
29 80
29 81
29 82
29 85
29 87
29 88
29 93
29 96
30 36
30 38
30 39
30 41
30 44
30 47
30 50
30 51
30 53
30 59
30 60
30 61
30 64
30 65
30 70
30 71
30 73
30 74
30 75
30 78
30 80
30 81
30 82
30 84
30 85
30 87
30 88
30 90
30 92
30 93
30 94
30 95
30 97
31 32
31 33
31 34
31 37
31 38
31 39
31 42
31 43
31 46
31 51
31 55
31 57
31 59
31 61
31 63
31 64
31 68
31 69
31 71
31 74
31 75
31 86
31 88
31 89
31 90
31 93
31 96
31 98
31 99
32 33
32 35
32 36
32 40
32 44
32 47
32 49
32 51
32 53
32 55
32 56
32 58
32 59
32 60
32 61
32 62
32 65
32 66
32 67
32 71
32 72
32 73
32 77
32 81
32 82
32 83
32 84
32 85
32 86
32 89
32 92
32 93
32 95
33 34
33 35
33 36
33 37
33 39
33 41
33 42
33 43
33 46
33 47
33 50
33 52
33 54
33 55
33 59
33 60
33 61
33 63
33 68
33 70
33 71
33 72
33 73
33 74
33 76
33 77
33 78
33 80
33 81
33 83
33 84
33 85
33 90
33 91
33 93
33 96
33 98
34 35
34 36
34 37
34 38
34 39
34 41
34 42
34 43
34 45
34 46
34 47
34 48
34 51
34 52
34 53
34 55
34 56
34 60
34 61
34 62
34 64
34 65
34 68
34 71
34 73
34 76
34 78
34 79
34 80
34 81
34 84
34 87
34 88
34 92
34 93
34 97
35 37
35 38
35 40
35 41
35 46
35 47
35 48
35 49
35 50
35 53
35 54
35 55
35 56
35 58
35 61
35 63
35 64
35 65
35 66
35 68
35 73
35 74
35 76
35 78
35 81
35 82
35 83
35 84
35 87
35 88
35 89
35 91
35 92
35 93
35 95
35 96
35 99
36 38
36 42
36 44
36 46
36 47
36 48
36 49
36 51
36 52
36 53
36 58
36 60
36 62
36 63
36 66
36 67
36 68
36 69
36 73
36 80
36 84
36 85
36 86
36 87
36 88
36 91
36 92
36 93
36 94
36 96
36 98
37 40
37 47
37 50
37 51
37 53
37 54
37 56
37 57
37 59
37 61
37 63
37 66
37 69
37 70
37 72
37 74
37 76
37 77
37 86
37 89
37 90
37 92
37 94
37 95
37 96
37 99
38 39
38 41
38 42
38 43
38 46
38 48
38 49
38 57
38 58
38 64
38 66
38 68
38 70
38 71
38 74
38 78
38 81
38 82
38 84
38 86
38 88
38 89
38 91
38 94
38 95
38 96
39 41
39 42
39 45
39 48
39 49
39 50
39 54
39 57
39 59
39 60
39 63
39 64
39 65
39 66
39 67
39 69
39 70
39 72
39 74
39 75
39 76
39 77
39 78
39 80
39 81
39 82
39 84
39 86
39 87
39 89
39 90
39 92
39 93
39 94
39 99
40 41
40 43
40 44
40 46
40 47
40 51
40 54
40 58
40 60
40 62
40 63
40 64
40 68
40 69
40 72
40 73
40 74
40 75
40 76
40 77
40 79
40 82
40 83
40 84
40 85
40 87
40 88
40 90
40 92
40 94
40 95
40 97
40 98
40 99
41 44
41 48
41 49
41 52
41 57
41 60
41 61
41 62
41 63
41 66
41 67
41 69
41 70
41 72
41 75
41 77
41 78
41 79
41 81
41 83
41 86
41 88
41 89
41 91
41 93
41 94
41 95
41 96
41 97
42 45
42 46
42 47
42 49
42 52
42 53
42 56
42 57
42 58
42 59
42 63
42 68
42 74
42 75
42 77
42 78
42 80
42 81
42 84
42 85
42 86
42 88
42 89
42 90
42 91
42 92
42 95
42 97
42 98
43 44
43 48
43 49
43 50
43 51
43 52
43 54
43 55
43 57
43 58
43 69
43 73
43 76
43 77
43 78
43 80
43 81
43 83
43 85
43 86
43 87
43 88
43 90
43 92
43 93
43 94
43 95
43 97
43 98
44 45
44 47
44 48
44 50
44 51
44 53
44 55
44 58
44 59
44 60
44 62
44 66
44 72
44 78
44 82
44 84
44 86
44 87
44 92
44 94
45 47
45 50
45 52
45 53
45 54
45 55
45 56
45 57
45 58
45 59
45 63
45 64
45 66
45 69
45 73
45 74
45 76
45 78
45 79
45 81
45 82
45 87
45 88
45 89
45 91
45 92
45 93
45 95
45 96
45 98
46 49
46 51
46 53
46 55
46 56
46 59
46 62
46 66
46 69
46 71
46 72
46 73
46 74
46 75
46 76
46 77
46 81
46 86
46 87
46 88
46 89
46 92
46 95
46 96
46 97
46 99
47 49
47 51
47 53
47 54
47 56
47 57
47 59
47 64
47 65
47 68
47 71
47 73
47 74
47 75
47 77
47 79
47 81
47 83
47 84
47 85
47 86
47 88
47 91
47 97
47 98
48 50
48 52
48 53
48 54
48 58
48 59
48 61
48 62
48 63
48 66
48 67
48 68
48 70
48 71
48 72
48 74
48 77
48 82
48 85
48 89
48 92
48 93
48 95
49 50
49 51
49 52
49 53
49 56
49 57
49 59
49 60
49 62
49 63
49 66
49 67
49 74
49 77
49 81
49 82
49 85
49 87
49 88
49 90
49 91
49 92
49 94
49 96
49 97
49 98
50 51
50 52
50 54
50 58
50 59
50 61
50 62
50 63
50 65
50 67
50 68
50 69
50 70
50 71
50 74
50 75
50 79
50 80
50 82
50 83
50 84
50 86
50 88
50 91
50 92
50 94
50 95
50 96
50 97
50 98
51 52
51 53
51 54
51 55
51 61
51 62
51 63
51 64
51 66
51 69
51 70
51 72
51 76
51 79
51 80
51 82
51 83
51 84
51 86
51 88
51 89
51 95
52 54
52 57
52 58
52 59
52 60
52 61
52 63
52 66
52 71
52 72
52 73
52 77
52 78
52 79
52 80
52 82
52 84
52 85
52 86
52 87
52 88
52 91
52 92
52 94
52 98
52 99
53 54
53 55
53 56
53 57
53 60
53 64
53 66
53 68
53 69
53 71
53 77
53 79
53 80
53 82
53 83
53 85
53 92
53 93
53 97
53 98
54 55
54 60
54 61
54 67
54 68
54 70
54 71
54 74
54 75
54 83
54 85
54 88
54 90
54 91
54 92
54 94
54 95
54 96
54 99
55 57
55 58
55 59
55 67
55 68
55 69
55 75
55 76
55 78
55 79
55 80
55 84
55 85
55 88
55 90
55 94
55 95
55 96
55 97
55 98
55 99
56 58
56 61
56 62
56 64
56 66
56 67
56 68
56 69
56 70
56 71
56 77
56 78
56 80
56 83
56 84
56 91
56 94
56 95
56 96
56 98
56 99
57 59
57 64
57 65
57 66
57 67
57 68
57 72
57 74
57 75
57 76
57 78
57 80
57 81
57 82
57 85
57 88
57 89
57 91
57 95
57 96
57 97
57 99
58 59
58 62
58 63
58 64
58 65
58 68
58 72
58 75
58 76
58 78
58 79
58 87
58 89
58 92
58 93
58 94
58 95
58 96
58 98
58 99
59 60
59 62
59 64
59 65
59 68
59 71
59 72
59 75
59 76
59 81
59 84
59 85
59 86
59 87
59 88
59 89
59 94
59 96
60 62
60 63
60 65
60 68
60 69
60 74
60 75
60 77
60 80
60 81
60 82
60 83
60 87
60 89
60 90
60 94
60 95
60 96
61 63
61 67
61 68
61 71
61 81
61 82
61 84
61 88
61 89
61 90
61 91
61 93
61 94
61 95
61 96
61 99
62 64
62 65
62 66
62 67
62 68
62 71
62 72
62 76
62 80
62 82
62 84
62 86
62 88
62 89
62 92
62 94
62 95
62 96
62 98
62 99
63 65
63 67
63 71
63 74
63 75
63 76
63 77
63 78
63 81
63 82
63 84
63 86
63 87
63 88
63 89
63 91
63 92
63 95
63 97
63 98
63 99
64 67
64 69
64 73
64 74
64 75
64 76
64 77
64 78
64 79
64 82
64 84
64 87
64 88
64 89
64 92
64 93
64 94
64 95
64 98
65 68
65 72
65 75
65 76
65 77
65 78
65 79
65 80
65 81
65 83
65 84
65 87
65 90
65 92
65 93
65 97
65 98
66 68
66 70
66 71
66 74
66 76
66 77
66 82
66 83
66 84
66 85
66 86
66 87
66 88
66 89
66 90
66 93
66 96
66 97
66 99
67 74
67 77
67 79
67 80
67 81
67 84
67 86
67 89
67 92
67 93
67 94
67 95
67 96
68 69
68 72
68 73
68 76
68 79
68 80
68 81
68 82
68 83
68 87
68 92
68 99
69 76
69 78
69 80
69 81
69 82
69 83
69 86
69 89
69 90
69 91
69 93
69 94
69 95
69 97
69 99
70 71
70 72
70 75
70 80
70 81
70 84
70 85
70 87
70 88
70 89
70 93
70 94
70 96
70 97
70 98
70 99
71 72
71 74
71 75
71 76
71 77
71 79
71 80
71 81
71 82
71 83
71 84
71 85
71 86
71 89
71 90
71 91
71 97
71 98
71 99
72 74
72 75
72 76
72 78
72 79
72 81
72 82
72 83
72 85
72 89
72 90
72 93
72 94
72 95
72 98
73 74
73 75
73 77
73 78
73 79
73 80
73 82
73 84
73 85
73 86
73 88
73 89
73 91
73 92
73 94
73 95
73 97
73 98
73 99
74 75
74 77
74 78
74 81
74 83
74 85
74 86
74 88
74 89
74 90
74 92
74 93
74 97
74 98
75 78
75 79
75 80
75 82
75 84
75 92
75 94
75 95
75 97
75 99
76 78
76 79
76 80
76 81
76 82
76 83
76 84
76 89
76 90
76 91
76 92
76 93
76 94
76 95
76 99
77 78
77 80
77 83
77 84
77 85
77 87
77 88
77 90
77 91
77 93
77 94
77 97
77 98
78 80
78 81
78 82
78 83
78 85
78 88
78 89
78 90
78 92
78 94
78 97
79 81
79 83
79 86
79 89
79 92
79 93
79 94
79 97
79 98
79 99
80 83
80 90
80 91
80 92
80 95
80 96
80 97
80 98
80 99
81 82
81 86
81 88
81 92
81 93
81 94
81 97
81 99
82 84
82 85
82 86
82 90
82 91
82 92
82 95
82 99
83 85
83 86
83 87
83 91
83 95
83 96
83 97
83 99
84 86
84 87
84 88
84 89
84 90
84 92
84 93
84 94
84 95
84 96
84 98
84 99
85 86
85 87
85 88
85 90
85 91
85 92
85 93
85 95
85 97
85 98
86 88
86 89
86 90
86 92
86 93
86 94
86 95
86 96
86 99
87 90
87 93
87 94
87 96
87 97
87 98
87 99
88 92
88 93
88 95
88 99
89 92
89 93
89 95
89 96
89 97
89 98
90 93
90 94
90 95
90 97
90 98
91 92
91 93
91 96
91 99
92 96
92 98
93 94
93 97
93 99
94 97
94 98
94 99
95 98
95 99
96 99
98 99
