0 19
0 22
0 26
0 35
0 36
0 39
0 43
0 44
0 53
0 55
0 57
0 59
0 63
0 64
0 69
0 70
0 74
0 75
0 78
0 81
0 87
0 94
0 96
1 5
1 6
1 12
1 25
1 27
1 34
1 35
1 36
1 37
1 42
1 45
1 49
1 51
1 56
1 64
1 67
1 75
1 78
1 85
1 87
1 90
1 94
1 97
1 99
2 5
2 6
2 7
2 10
2 21
2 31
2 42
2 45
2 49
2 63
2 70
2 74
2 78
2 99
3 8
3 12
3 25
3 29
3 32
3 35
3 39
3 45
3 57
3 66
3 72
3 79
3 80
3 82
3 86
3 89
4 10
4 23
4 27
4 29
4 32
4 35
4 37
4 44
4 47
4 49
4 64
4 68
4 71
4 72
4 79
4 81
4 90
4 96
5 6
5 8
5 13
5 24
5 34
5 41
5 43
5 47
5 49
5 50
5 55
5 64
5 75
5 85
5 87
5 90
5 91
6 7
6 11
6 19
6 44
6 50
6 51
6 57
6 65
6 66
6 82
6 86
6 89
6 90
6 99
7 8
7 12
7 15
7 34
7 42
7 53
7 54
7 56
7 58
7 60
7 62
7 64
7 69
7 75
7 80
7 87
7 93
7 95
7 98
8 13
8 16
8 18
8 23
8 25
8 32
8 36
8 46
8 54
8 66
8 68
8 69
8 73
8 77
8 82
8 84
8 90
8 97
9 23
9 29
9 36
9 40
9 42
9 43
9 47
9 49
9 54
9 58
9 63
9 70
9 74
9 75
9 76
9 79
9 83
9 89
9 93
9 94
10 12
10 14
10 28
10 34
10 47
10 48
10 52
10 60
10 65
10 79
10 80
10 81
10 83
10 87
10 97
10 98
11 18
11 19
11 22
11 25
11 29
11 30
11 33
11 40
11 43
11 47
11 61
11 62
11 66
11 68
11 75
11 86
11 91
11 96
12 14
12 19
12 24
12 30
12 31
12 36
12 38
12 39
12 44
12 66
12 67
12 69
12 79
12 80
12 81
12 83
12 96
13 21
13 27
13 35
13 45
13 48
13 55
13 56
13 59
13 62
13 65
13 66
13 73
13 75
13 79
13 98
14 18
14 20
14 24
14 34
14 36
14 38
14 50
14 52
14 58
14 76
14 80
14 82
14 83
14 84
14 95
14 96
15 18
15 22
15 23
15 24
15 25
15 30
15 32
15 36
15 39
15 42
15 49
15 50
15 59
15 66
15 72
15 90
15 96
16 19
16 20
16 23
16 31
16 34
16 35
16 38
16 56
16 65
16 68
16 70
16 73
16 74
16 76
16 77
16 79
16 80
17 20
17 31
17 32
17 35
17 36
17 37
17 48
17 54
17 64
17 68
17 80
17 81
17 87
17 91
17 92
17 96
17 99
18 21
18 23
18 25
18 26
18 28
18 29
18 35
18 37
18 46
18 51
18 52
18 56
18 58
18 66
18 70
18 76
18 82
18 86
18 87
18 96
19 26
19 32
19 33
19 35
19 38
19 39
19 46
19 47
19 52
19 64
19 66
19 71
19 73
19 95
20 22
20 24
20 27
20 38
20 41
20 43
20 51
20 54
20 55
20 62
20 64
20 69
20 74
20 80
20 85
20 86
20 92
20 94
20 95
21 26
21 32
21 33
21 36
21 39
21 41
21 42
21 44
21 45
21 47
21 53
21 57
21 59
21 61
21 63
21 64
21 65
21 68
21 69
21 72
21 78
21 79
21 84
21 88
21 96
21 98
22 25
22 26
22 47
22 55
22 63
22 65
22 66
22 67
22 73
22 87
22 90
22 95
23 32
23 50
23 52
23 57
23 59
23 64
23 69
23 73
23 75
23 76
23 78
23 79
23 82
23 83
23 84
23 85
23 86
23 88
23 90
23 99
24 25
24 32
24 43
24 46
24 47
24 53
24 58
24 60
24 69
24 81
24 84
24 86
24 89
24 93
24 95
24 96
25 27
25 30
25 37
25 38
25 40
25 42
25 43
25 44
25 45
25 60
25 62
25 68
25 71
25 74
25 75
25 78
25 97
25 98
26 31
26 37
26 40
26 53
26 61
26 74
26 76
26 97
27 30
27 35
27 41
27 48
27 50
27 51
27 52
27 53
27 63
27 67
27 71
27 81
27 90
27 91
28 34
28 35
28 40
28 45
28 46
28 48
28 50
28 53
28 56
28 59
28 60
28 68
28 69
28 73
28 75
28 84
28 85
28 88
28 90
28 98
28 99
29 30
29 57
29 59
29 70
29 73
29 74
29 80
29 84
29 92
30 39
30 40
30 41
30 42
30 58
30 69
30 70
30 74
30 87
30 89
30 90
30 94
31 36
31 40
31 50
31 51
31 57
31 61
31 62
31 63
31 64
31 65
31 68
31 73
31 78
31 79
31 84
31 85
31 89
31 91
32 33
32 40
32 43
32 50
32 51
32 56
32 57
32 68
32 77
32 79
32 84
32 95
32 97
33 39
33 40
33 55
33 59
33 62
33 79
33 95
34 35
34 41
34 58
34 65
34 72
34 76
34 86
34 89
34 92
35 39
35 41
35 44
35 47
35 48
35 54
35 59
35 63
35 64
35 67
35 74
35 88
35 89
35 91
35 94
35 98
36 56
36 58
36 68
36 74
36 76
36 77
36 79
36 82
36 84
36 88
37 41
37 44
37 46
37 56
37 57
37 59
37 66
37 68
37 73
37 75
37 80
37 94
38 44
38 49
38 54
38 56
38 61
38 66
38 69
38 76
38 82
38 83
38 86
38 87
38 91
38 94
39 47
39 56
39 60
39 69
39 76
39 79
39 80
39 86
39 89
39 91
39 92
39 96
40 49
40 55
40 57
40 60
40 62
40 66
40 68
40 70
40 85
40 86
40 88
40 94
40 98
40 99
41 45
41 54
41 58
41 60
41 61
41 62
41 63
41 66
41 67
41 71
41 72
41 83
41 85
41 87
41 96
41 97
41 98
42 51
42 54
42 55
42 62
42 63
42 66
42 77
42 78
42 79
42 81
42 83
42 85
43 47
43 50
43 62
43 68
43 69
43 71
43 79
43 81
43 82
43 83
43 98
43 99
44 46
44 50
44 66
44 67
44 68
44 69
44 71
44 82
44 86
44 90
44 95
44 98
45 51
45 61
45 66
45 68
45 70
45 71
45 73
45 77
45 84
45 85
45 92
45 94
45 96
45 99
46 48
46 50
46 51
46 53
46 61
46 64
46 65
46 69
46 83
46 85
46 86
47 57
47 59
47 61
47 76
47 83
47 84
47 85
47 86
47 89
47 90
47 97
48 51
48 54
48 59
48 60
48 62
48 63
48 64
48 66
48 77
48 79
48 82
48 93
49 52
49 56
49 61
49 63
49 64
49 71
49 75
49 78
49 80
49 93
49 94
49 98
49 99
50 54
50 55
50 72
50 77
50 78
50 80
50 90
50 91
50 99
51 55
51 56
51 61
51 69
51 85
51 86
51 88
51 94
51 95
51 96
52 53
52 55
52 63
52 68
52 69
52 70
52 72
52 85
52 89
52 90
53 74
53 81
53 85
53 89
53 90
53 97
54 57
54 59
54 65
54 66
54 69
54 72
54 77
54 80
54 83
54 88
54 89
55 56
55 61
55 65
55 76
55 80
55 81
55 83
55 88
55 95
55 96
55 98
56 57
56 62
56 72
56 75
56 76
56 79
56 81
56 86
56 87
56 90
56 91
56 94
56 95
56 99
57 58
57 60
57 61
57 68
57 78
57 90
57 94
58 60
58 61
58 65
58 69
58 70
58 72
58 74
58 78
58 88
58 89
58 93
58 98
59 60
59 62
59 63
59 66
59 77
59 80
59 81
59 96
59 97
59 98
60 72
60 77
60 84
60 93
61 63
61 66
61 75
61 80
61 83
61 90
61 95
61 99
62 67
62 68
62 70
62 71
62 79
62 82
62 98
62 99
63 65
63 67
63 69
63 71
63 72
63 75
63 89
63 90
63 98
64 66
64 68
64 80
64 84
64 89
65 68
65 72
65 74
65 81
65 85
65 88
65 99
66 70
66 74
66 75
66 78
66 81
66 89
66 91
66 96
67 72
67 75
67 81
67 83
67 84
67 86
67 88
67 93
68 69
68 81
68 84
68 89
68 93
69 72
69 75
69 80
69 82
69 83
69 87
69 89
69 98
70 73
70 77
70 82
70 86
70 89
70 90
71 72
71 73
71 78
71 80
71 87
71 94
72 80
72 86
72 91
72 92
72 94
72 98
73 76
73 77
73 79
73 85
73 93
73 94
73 98
74 75
74 80
74 84
74 85
74 89
74 91
74 95
75 76
75 84
75 86
75 91
75 98
76 79
76 84
76 86
76 88
76 90
76 95
76 96
77 79
77 90
77 92
77 93
78 81
78 82
78 89
78 92
78 93
78 99
79 81
79 83
79 88
79 89
79 96
79 98
80 84
80 88
80 90
81 84
81 85
81 88
81 92
81 94
81 98
81 99
82 84
82 88
82 90
82 92
82 94
83 89
83 92
83 95
83 99
84 88
84 90
85 93
85 94
86 93
86 94
87 91
87 96
88 90
88 95
89 90
90 92
90 98
92 94
92 96
93 94
93 98
94 97
96 97
96 98
97 98
