0 3
0 4
0 5
0 7
0 10
0 12
0 15
0 19
0 22
0 27
0 32
0 38
0 39
0 41
0 49
0 51
0 52
0 55
0 57
0 59
0 61
0 69
0 70
0 77
0 81
0 82
0 84
0 85
0 90
0 95
0 96
0 99
1 5
1 12
1 28
1 30
1 32
1 42
1 44
1 47
1 51
1 52
1 53
1 62
1 65
1 66
1 68
1 70
1 74
1 80
1 81
1 86
1 96
1 97
1 99
2 6
2 19
2 27
2 33
2 35
2 38
2 39
2 41
2 47
2 48
2 60
2 68
2 71
2 73
2 74
2 75
2 77
2 83
2 87
2 92
2 96
3 9
3 11
3 12
3 15
3 17
3 21
3 24
3 27
3 29
3 31
3 32
3 35
3 40
3 43
3 45
3 48
3 49
3 53
3 54
3 55
3 56
3 57
3 62
3 64
3 66
3 69
3 71
3 73
3 74
3 77
3 79
3 81
3 83
3 85
3 89
3 90
3 93
4 9
4 10
4 17
4 18
4 19
4 21
4 22
4 24
4 25
4 29
4 31
4 33
4 38
4 40
4 42
4 49
4 51
4 53
4 55
4 59
4 61
4 62
4 73
4 74
4 75
4 76
4 79
4 90
4 93
4 94
4 96
4 97
5 6
5 9
5 12
5 14
5 19
5 30
5 34
5 39
5 42
5 46
5 47
5 51
5 52
5 54
5 55
5 56
5 60
5 66
5 68
5 70
5 71
5 73
5 74
5 75
5 76
5 77
5 78
5 83
5 84
5 88
5 89
5 90
5 91
5 92
5 95
5 98
6 14
6 16
6 19
6 23
6 25
6 26
6 31
6 35
6 36
6 38
6 46
6 49
6 51
6 59
6 61
6 62
6 67
6 68
6 82
6 83
6 87
6 99
7 15
7 18
7 21
7 22
7 24
7 26
7 27
7 29
7 31
7 33
7 34
7 38
7 40
7 44
7 45
7 48
7 50
7 51
7 58
7 59
7 61
7 63
7 64
7 69
7 79
7 83
7 85
7 91
7 94
7 99
8 12
8 17
8 21
8 29
8 36
8 39
8 41
8 50
8 55
8 56
8 60
8 63
8 70
8 71
8 73
8 78
8 84
8 87
8 90
8 94
9 12
9 14
9 20
9 21
9 23
9 32
9 34
9 35
9 42
9 43
9 47
9 48
9 50
9 51
9 53
9 57
9 62
9 63
9 64
9 67
9 76
9 92
10 14
10 21
10 22
10 24
10 28
10 35
10 39
10 43
10 46
10 47
10 50
10 52
10 56
10 59
10 60
10 61
10 62
10 63
10 64
10 67
10 69
10 72
10 73
10 76
10 85
10 90
10 97
11 13
11 16
11 19
11 20
11 22
11 28
11 32
11 37
11 39
11 40
11 46
11 54
11 55
11 61
11 62
11 65
11 69
11 71
11 76
11 77
11 78
11 80
11 82
11 83
11 85
11 88
11 90
11 93
11 94
11 95
11 98
12 14
12 20
12 21
12 25
12 37
12 38
12 42
12 44
12 46
12 52
12 54
12 57
12 63
12 67
12 74
12 79
12 80
12 81
12 88
12 91
12 93
12 95
13 14
13 18
13 25
13 27
13 35
13 39
13 40
13 42
13 43
13 45
13 51
13 52
13 58
13 65
13 73
13 81
13 83
13 87
13 92
13 93
13 95
13 96
13 98
14 16
14 18
14 27
14 28
14 32
14 39
14 41
14 45
14 46
14 47
14 48
14 49
14 53
14 61
14 64
14 67
14 68
14 72
14 74
14 80
14 86
14 91
14 92
14 99
15 17
15 25
15 28
15 29
15 31
15 35
15 39
15 44
15 53
15 55
15 56
15 58
15 59
15 60
15 62
15 65
15 66
15 74
15 89
15 90
15 97
16 19
16 30
16 32
16 34
16 37
16 42
16 44
16 45
16 46
16 47
16 49
16 50
16 51
16 54
16 61
16 69
16 74
16 75
16 79
16 81
16 84
16 86
16 87
16 95
16 97
16 99
17 19
17 25
17 27
17 28
17 29
17 30
17 31
17 32
17 40
17 41
17 42
17 44
17 47
17 51
17 56
17 59
17 63
17 67
17 68
17 70
17 75
17 82
17 83
17 85
17 87
17 88
17 92
17 98
17 99
18 19
18 20
18 25
18 26
18 28
18 32
18 33
18 38
18 41
18 51
18 53
18 57
18 63
18 64
18 65
18 66
18 73
18 76
18 78
18 82
18 83
18 85
18 87
18 89
18 92
18 95
18 98
19 20
19 22
19 23
19 30
19 31
19 32
19 37
19 41
19 47
19 50
19 53
19 56
19 57
19 60
19 62
19 64
19 75
19 79
19 82
19 83
19 88
19 93
19 94
19 96
20 25
20 29
20 37
20 39
20 40
20 47
20 48
20 51
20 52
20 56
20 57
20 58
20 67
20 69
20 76
20 79
20 84
20 86
20 90
20 92
20 93
20 95
20 96
20 98
20 99
21 22
21 28
21 29
21 30
21 40
21 42
21 44
21 45
21 50
21 52
21 53
21 58
21 61
21 64
21 66
21 70
21 73
21 74
21 79
21 80
21 84
21 87
21 89
21 92
22 23
22 25
22 26
22 30
22 34
22 36
22 41
22 44
22 46
22 48
22 49
22 50
22 51
22 55
22 60
22 69
22 71
22 72
22 73
22 74
22 81
22 85
22 86
22 91
22 92
22 93
22 97
23 26
23 28
23 30
23 32
23 35
23 36
23 37
23 40
23 41
23 42
23 45
23 51
23 52
23 54
23 65
23 66
23 69
23 74
23 79
23 80
23 85
23 86
23 87
23 92
23 93
24 28
24 29
24 30
24 37
24 41
24 43
24 44
24 46
24 47
24 50
24 53
24 59
24 60
24 62
24 63
24 64
24 65
24 75
24 80
24 82
24 85
24 90
24 98
25 26
25 27
25 28
25 30
25 31
25 33
25 34
25 52
25 56
25 62
25 65
25 67
25 75
25 79
25 82
25 85
25 89
25 90
25 91
25 96
25 97
26 29
26 32
26 33
26 34
26 38
26 45
26 49
26 51
26 54
26 58
26 60
26 61
26 66
26 70
26 75
26 79
26 81
26 83
26 95
26 96
26 97
27 28
27 30
27 31
27 36
27 40
27 41
27 42
27 43
27 45
27 47
27 48
27 53
27 54
27 55
27 56
27 62
27 63
27 66
27 74
27 77
27 85
27 97
27 98
28 29
28 37
28 40
28 52
28 54
28 55
28 62
28 67
28 71
28 74
28 76
28 78
28 85
28 87
28 91
28 93
28 95
29 30
29 31
29 32
29 33
29 34
29 35
29 36
29 37
29 38
29 39
29 40
29 42
29 44
29 51
29 55
29 56
29 57
29 61
29 67
29 68
29 72
29 76
29 77
29 78
29 80
29 85
29 87
29 89
29 90
30 33
30 35
30 36
30 43
30 44
30 52
30 53
30 56
30 58
30 60
30 61
30 63
30 64
30 68
30 69
30 70
30 71
30 81
30 83
30 85
30 86
30 87
30 88
30 89
30 96
31 32
31 52
31 56
31 57
31 61
31 62
31 70
31 74
31 75
31 76
31 77
31 83
31 87
31 88
31 89
31 91
31 92
31 93
32 33
32 35
32 38
32 39
32 41
32 44
32 46
32 50
32 51
32 53
32 60
32 64
32 65
32 67
32 72
32 76
32 78
32 90
32 95
32 96
32 98
32 99
33 34
33 35
33 40
33 41
33 46
33 47
33 48
33 50
33 51
33 52
33 60
33 64
33 65
33 69
33 71
33 74
33 78
33 79
33 80
33 82
33 86
33 87
33 88
33 89
33 90
33 93
33 95
33 96
34 37
34 43
34 49
34 51
34 52
34 54
34 63
34 64
34 69
34 71
34 73
34 74
34 77
34 81
34 84
34 86
34 90
34 91
34 94
34 98
34 99
35 41
35 43
35 45
35 47
35 50
35 53
35 56
35 59
35 60
35 64
35 65
35 66
35 67
35 68
35 73
35 76
35 77
35 81
35 86
35 89
35 90
35 91
35 92
35 99
36 39
36 41
36 43
36 46
36 53
36 54
36 58
36 59
36 63
36 69
36 70
36 71
36 72
36 77
36 87
36 88
36 94
37 38
37 43
37 45
37 47
37 49
37 51
37 52
37 54
37 59
37 62
37 70
37 74
37 81
37 82
37 85
37 89
37 91
37 92
37 95
37 96
37 97
37 99
38 42
38 43
38 44
38 46
38 50
38 52
38 53
38 63
38 64
38 65
38 67
38 69
38 73
38 74
38 77
38 78
38 81
38 84
38 85
38 88
38 90
38 92
38 94
38 99
39 47
39 50
39 54
39 55
39 57
39 74
39 78
39 86
39 99
40 42
40 46
40 51
40 57
40 63
40 65
40 67
40 68
40 71
40 73
40 86
40 87
40 98
40 99
41 48
41 54
41 62
41 65
41 73
41 77
41 82
41 84
41 86
41 87
41 93
41 95
42 43
42 48
42 49
42 53
42 57
42 59
42 62
42 63
42 67
42 68
42 76
42 78
42 80
42 81
42 83
42 88
42 91
42 99
43 46
43 55
43 56
43 57
43 61
43 63
43 67
43 70
43 73
43 75
43 81
43 83
43 84
43 86
43 91
43 93
43 99
44 54
44 57
44 59
44 67
44 71
44 80
44 84
44 90
44 92
44 93
44 96
45 51
45 56
45 61
45 63
45 64
45 65
45 66
45 77
45 79
45 80
45 87
45 88
45 95
46 47
46 48
46 57
46 61
46 65
46 68
46 69
46 70
46 77
46 83
46 86
46 87
46 88
46 89
46 91
46 92
46 95
46 96
46 98
47 49
47 51
47 52
47 54
47 57
47 63
47 67
47 70
47 72
47 74
47 79
47 81
47 86
47 87
47 88
47 93
47 96
47 97
47 98
48 50
48 51
48 54
48 55
48 60
48 63
48 65
48 74
48 80
48 81
48 82
48 84
48 88
48 90
48 91
48 92
48 94
49 56
49 57
49 60
49 65
49 72
49 73
49 75
49 77
49 80
49 81
49 82
49 84
49 88
49 90
49 93
50 51
50 54
50 55
50 56
50 58
50 60
50 62
50 64
50 65
50 74
50 76
50 80
50 82
50 83
50 90
50 94
50 96
50 98
50 99
51 54
51 56
51 61
51 66
51 67
51 68
51 70
51 71
51 74
51 75
51 81
51 83
51 92
51 94
51 98
51 99
52 54
52 56
52 60
52 63
52 64
52 66
52 67
52 69
52 71
52 76
52 82
52 88
52 94
53 56
53 57
53 60
53 61
53 64
53 66
53 69
53 75
53 78
53 80
53 82
53 83
53 84
53 87
53 88
53 89
53 90
53 93
53 94
53 97
53 99
54 59
54 63
54 65
54 66
54 67
54 69
54 76
54 78
54 85
54 91
54 92
54 96
54 97
54 98
55 57
55 58
55 62
55 68
55 70
55 72
55 75
55 76
55 79
55 82
55 90
55 93
55 97
56 65
56 67
56 72
56 73
56 74
56 76
56 77
56 78
56 80
56 81
56 83
56 86
56 88
56 92
56 96
57 59
57 61
57 66
57 70
57 71
57 74
57 76
57 78
57 79
57 81
57 84
57 85
57 86
57 93
57 94
57 98
58 59
58 62
58 64
58 65
58 66
58 72
58 75
58 77
58 78
58 79
58 80
58 85
58 86
58 87
58 91
58 93
58 94
58 95
59 60
59 64
59 66
59 68
59 74
59 77
59 78
59 83
59 88
59 92
59 93
59 94
60 66
60 71
60 79
60 87
60 93
60 95
60 96
60 97
61 64
61 72
61 74
61 75
61 77
61 80
61 83
61 85
61 88
61 91
61 92
61 93
61 96
62 65
62 73
62 78
62 79
62 81
62 82
62 90
62 98
62 99
63 66
63 67
63 71
63 76
63 82
63 85
63 92
63 95
63 97
64 74
64 86
64 88
64 90
64 91
64 95
64 99
65 67
65 68
65 72
65 78
65 80
65 82
65 88
65 93
65 94
65 95
65 97
66 72
66 73
66 75
66 77
66 78
66 85
66 87
66 91
66 93
66 97
66 98
67 69
67 76
67 79
67 82
67 83
67 86
67 91
67 94
67 95
67 96
68 69
68 79
68 82
68 85
68 87
68 90
68 91
68 99
69 71
69 80
69 81
69 86
69 87
69 88
69 91
69 93
69 95
69 97
69 99
70 73
70 75
70 77
70 85
70 88
70 92
70 95
70 98
70 99
71 72
71 73
71 77
71 86
71 93
71 97
72 79
72 83
72 84
72 85
72 86
72 90
72 95
73 76
73 78
73 79
73 83
73 86
73 87
73 95
73 98
73 99
74 75
74 78
74 79
74 81
74 84
74 85
74 88
74 89
74 90
74 98
75 77
75 78
75 82
75 89
75 92
75 94
75 97
76 79
76 80
76 83
76 85
76 87
76 96
76 97
76 99
77 78
77 81
77 84
77 86
77 89
77 90
77 93
77 95
77 96
77 97
77 98
77 99
78 79
78 81
78 82
78 88
78 93
78 94
79 81
79 85
79 86
79 87
79 89
79 91
79 95
79 99
80 82
80 84
80 89
80 93
80 97
80 99
81 83
81 84
81 85
81 88
81 89
81 94
81 97
81 99
82 84
82 88
82 91
82 92
82 94
82 95
83 86
83 89
83 97
83 98
84 85
84 88
84 90
84 91
84 92
84 93
84 97
85 88
85 91
85 95
85 97
85 98
85 99
86 88
86 90
86 92
86 93
86 97
87 97
87 98
88 90
88 91
88 95
89 92
89 95
89 97
90 91
90 94
90 95
91 92
91 93
91 94
92 97
93 98
94 97
95 96
96 99
97 98
98 99
