0 5
0 6
0 13
0 14
0 23
0 28
0 29
0 30
0 31
0 35
0 37
0 41
0 45
0 48
0 51
0 52
0 57
0 60
0 62
0 69
0 71
0 77
0 78
0 82
0 88
0 91
0 98
1 7
1 8
1 13
1 17
1 18
1 21
1 25
1 29
1 33
1 38
1 44
1 50
1 53
1 57
1 61
1 63
1 68
1 72
1 74
1 76
1 80
1 83
1 87
1 88
1 89
1 91
1 92
1 95
2 3
2 4
2 5
2 6
2 7
2 8
2 11
2 13
2 18
2 25
2 28
2 35
2 43
2 44
2 55
2 57
2 62
2 63
2 67
2 68
2 78
2 82
2 84
2 86
2 94
2 95
3 4
3 5
3 8
3 9
3 13
3 21
3 25
3 26
3 34
3 37
3 39
3 40
3 42
3 48
3 59
3 63
3 67
3 68
3 69
3 71
3 74
3 75
3 76
3 77
3 82
3 86
3 87
3 92
3 93
3 97
3 99
4 21
4 23
4 30
4 32
4 36
4 37
4 40
4 58
4 60
4 65
4 66
4 68
4 72
4 74
4 75
4 76
4 85
4 92
4 95
4 97
4 99
5 9
5 12
5 14
5 15
5 19
5 22
5 24
5 27
5 29
5 34
5 36
5 38
5 39
5 43
5 45
5 49
5 51
5 54
5 57
5 67
5 68
5 69
5 73
5 76
5 79
5 80
5 84
5 85
5 90
5 92
5 97
5 99
6 7
6 9
6 11
6 20
6 23
6 25
6 30
6 34
6 42
6 45
6 46
6 48
6 52
6 53
6 55
6 56
6 57
6 61
6 64
6 65
6 66
6 69
6 81
6 84
7 10
7 12
7 16
7 17
7 18
7 19
7 24
7 25
7 30
7 31
7 40
7 44
7 49
7 55
7 57
7 62
7 63
7 66
7 70
7 71
7 75
7 76
7 79
7 82
7 87
7 88
7 92
7 95
8 14
8 18
8 20
8 28
8 30
8 33
8 34
8 37
8 40
8 43
8 48
8 49
8 50
8 52
8 56
8 58
8 61
8 63
8 65
8 66
8 74
8 76
8 78
8 81
8 86
8 92
8 94
8 96
8 98
9 10
9 11
9 15
9 18
9 21
9 24
9 29
9 32
9 35
9 41
9 44
9 47
9 49
9 50
9 54
9 62
9 63
9 64
9 66
9 71
9 72
9 73
9 74
9 75
9 76
9 79
9 80
9 92
9 93
9 99
10 11
10 15
10 16
10 17
10 25
10 28
10 36
10 38
10 45
10 46
10 49
10 55
10 57
10 59
10 60
10 65
10 69
10 72
10 76
10 77
10 78
10 83
10 95
10 97
10 99
11 12
11 17
11 18
11 22
11 28
11 29
11 30
11 32
11 33
11 38
11 39
11 44
11 54
11 59
11 60
11 64
11 66
11 69
11 70
11 79
11 80
11 82
11 85
11 89
11 94
11 96
11 98
12 13
12 16
12 19
12 22
12 26
12 28
12 29
12 31
12 32
12 35
12 36
12 41
12 44
12 45
12 49
12 54
12 55
12 56
12 57
12 58
12 60
12 64
12 65
12 70
12 71
12 79
12 80
12 81
12 83
12 85
12 90
12 92
12 95
12 96
12 98
13 14
13 16
13 17
13 19
13 20
13 24
13 30
13 31
13 34
13 38
13 40
13 41
13 43
13 46
13 52
13 57
13 60
13 64
13 65
13 67
13 69
13 70
13 72
13 74
13 77
13 84
13 90
13 94
13 96
13 97
13 98
13 99
14 15
14 20
14 25
14 27
14 31
14 50
14 54
14 57
14 64
14 66
14 69
14 76
14 99
15 16
15 18
15 19
15 20
15 25
15 27
15 33
15 37
15 41
15 42
15 44
15 47
15 48
15 49
15 50
15 61
15 62
15 64
15 65
15 68
15 70
15 72
15 73
15 74
15 75
15 82
15 85
15 93
15 94
15 99
16 17
16 20
16 23
16 29
16 31
16 33
16 36
16 37
16 39
16 44
16 48
16 50
16 55
16 58
16 61
16 63
16 71
16 78
16 81
16 83
16 85
16 86
16 89
16 91
16 92
16 93
16 94
16 97
16 99
17 19
17 22
17 23
17 29
17 36
17 37
17 38
17 40
17 45
17 50
17 54
17 57
17 59
17 66
17 68
17 69
17 71
17 72
17 76
17 79
17 86
17 87
17 89
17 91
17 97
17 98
18 20
18 25
18 27
18 32
18 36
18 38
18 44
18 53
18 55
18 56
18 57
18 69
18 76
18 77
18 80
18 83
18 86
18 88
18 92
18 95
18 97
18 98
19 20
19 22
19 37
19 41
19 44
19 45
19 47
19 50
19 52
19 60
19 62
19 65
19 70
19 72
19 75
19 81
19 82
19 83
19 88
19 90
19 91
19 95
20 21
20 28
20 35
20 36
20 38
20 41
20 47
20 48
20 49
20 50
20 52
20 53
20 55
20 57
20 60
20 62
20 68
20 70
20 71
20 72
20 74
20 83
20 85
20 86
21 24
21 27
21 29
21 33
21 47
21 48
21 49
21 53
21 55
21 62
21 68
21 69
21 75
21 85
21 86
21 88
21 90
21 92
21 93
21 94
21 98
22 23
22 31
22 32
22 35
22 39
22 47
22 49
22 58
22 61
22 62
22 63
22 64
22 65
22 74
22 86
22 90
22 92
22 94
22 97
23 25
23 29
23 35
23 38
23 42
23 43
23 46
23 48
23 49
23 50
23 51
23 62
23 63
23 64
23 68
23 75
23 77
23 83
23 85
23 90
23 98
24 37
24 39
24 40
24 46
24 50
24 57
24 59
24 64
24 65
24 66
24 67
24 76
24 77
24 82
24 86
24 92
24 96
25 28
25 29
25 30
25 31
25 34
25 35
25 39
25 43
25 50
25 57
25 62
25 69
25 70
25 75
25 76
25 77
25 78
25 84
25 86
25 90
25 91
25 92
25 96
26 30
26 31
26 32
26 36
26 45
26 47
26 48
26 50
26 54
26 63
26 66
26 70
26 80
26 83
26 89
26 91
26 94
26 96
26 97
26 98
27 30
27 31
27 38
27 40
27 44
27 52
27 55
27 58
27 61
27 63
27 64
27 68
27 69
27 71
27 73
27 74
27 82
27 87
27 88
27 91
27 92
27 98
28 29
28 31
28 40
28 43
28 46
28 50
28 51
28 56
28 61
28 64
28 66
28 69
28 70
28 72
28 73
28 74
28 75
28 76
28 79
28 80
28 83
28 90
28 99
29 31
29 34
29 36
29 41
29 42
29 47
29 49
29 52
29 58
29 62
29 64
29 68
29 74
29 75
29 77
29 78
29 80
29 81
29 82
29 83
29 87
29 93
29 94
29 95
29 96
29 98
30 32
30 35
30 43
30 47
30 50
30 65
30 66
30 68
30 70
30 71
30 72
30 87
30 90
30 91
30 94
31 34
31 35
31 41
31 46
31 47
31 48
31 50
31 54
31 62
31 65
31 66
31 73
31 74
32 35
32 36
32 40
32 41
32 42
32 44
32 56
32 57
32 58
32 59
32 63
32 64
32 65
32 69
32 74
32 81
32 85
32 86
32 89
33 36
33 38
33 43
33 45
33 46
33 47
33 51
33 53
33 54
33 56
33 58
33 59
33 61
33 62
33 66
33 68
33 69
33 70
33 74
33 81
33 83
33 88
33 89
33 90
33 97
34 45
34 47
34 59
34 63
34 64
34 70
34 71
34 72
34 74
34 79
34 84
34 88
34 90
34 92
34 95
34 96
35 36
35 42
35 48
35 54
35 57
35 59
35 64
35 65
35 66
35 69
35 71
35 75
35 80
35 81
35 82
35 86
35 87
35 88
35 90
35 92
36 37
36 39
36 44
36 45
36 53
36 61
36 67
36 76
36 79
36 80
36 88
36 90
36 92
36 99
37 40
37 46
37 63
37 73
37 75
37 79
37 82
37 87
37 92
37 97
38 40
38 43
38 44
38 46
38 48
38 50
38 59
38 64
38 67
38 68
38 72
38 73
38 74
38 76
38 77
38 78
38 90
38 94
38 96
38 97
38 98
38 99
39 41
39 42
39 43
39 44
39 46
39 50
39 66
39 69
39 75
39 81
39 86
39 89
39 92
39 96
39 99
40 41
40 47
40 49
40 50
40 52
40 54
40 58
40 60
40 61
40 71
40 75
40 76
40 78
40 81
40 85
40 88
40 90
40 95
40 99
41 45
41 46
41 48
41 52
41 54
41 57
41 65
41 71
41 72
41 75
41 78
41 79
41 82
41 86
41 89
41 96
42 48
42 49
42 55
42 60
42 61
42 66
42 68
42 72
42 75
42 77
42 80
42 84
42 89
42 90
42 94
42 98
42 99
43 47
43 53
43 56
43 63
43 64
43 65
43 66
43 73
43 76
43 78
43 79
43 93
43 95
44 51
44 52
44 56
44 65
44 67
44 71
44 74
44 82
44 84
44 88
44 90
44 97
45 47
45 48
45 51
45 59
45 61
45 63
45 66
45 68
45 70
45 73
45 75
45 76
45 79
45 81
45 86
45 92
45 95
45 96
46 50
46 53
46 56
46 75
46 79
46 90
46 92
46 95
46 96
47 48
47 54
47 61
47 66
47 68
47 70
47 71
47 74
47 81
47 84
47 90
47 93
47 98
48 50
48 51
48 52
48 58
48 60
48 63
48 64
48 67
48 68
48 75
48 79
48 80
48 81
48 85
48 91
48 99
49 53
49 61
49 69
49 74
49 76
49 81
49 82
49 83
49 86
49 92
49 94
49 97
49 98
50 51
50 59
50 66
50 75
50 76
50 79
50 86
50 88
50 89
50 99
51 52
51 57
51 61
51 64
51 73
51 74
51 76
51 81
51 82
51 93
51 96
52 60
52 63
52 64
52 74
52 79
52 82
52 83
52 85
52 86
52 91
52 94
52 95
53 54
53 57
53 58
53 60
53 62
53 64
53 65
53 70
53 72
53 76
53 81
53 82
53 86
53 87
53 89
53 91
53 92
53 94
53 98
54 60
54 61
54 63
54 64
54 67
54 69
54 71
54 72
54 76
54 79
54 80
54 83
54 86
54 92
54 96
54 97
54 98
55 58
55 63
55 66
55 68
55 69
55 73
55 81
55 82
55 93
55 96
55 98
55 99
56 57
56 62
56 65
56 66
56 68
56 72
56 74
56 81
56 85
56 93
56 95
56 96
56 99
57 59
57 61
57 69
57 71
57 73
57 75
57 80
57 92
57 93
57 94
57 99
58 59
58 60
58 61
58 65
58 68
58 69
58 75
58 76
58 79
58 82
58 92
58 93
58 98
59 75
59 80
59 83
59 91
59 97
59 99
60 63
60 67
60 69
60 70
60 71
60 73
60 79
60 83
60 86
60 88
60 89
60 91
60 97
60 99
61 63
61 69
61 77
61 87
61 88
61 90
61 94
61 97
62 66
62 68
62 69
62 72
62 73
62 74
62 75
62 77
62 79
62 82
62 84
62 93
62 95
63 65
63 66
63 72
63 73
63 77
63 78
63 79
63 81
63 87
63 88
63 89
63 97
63 99
64 66
64 67
64 68
64 71
64 73
64 81
64 86
64 96
64 98
65 69
65 74
65 75
65 76
65 77
65 80
65 82
65 84
65 85
65 90
65 92
65 95
65 97
66 68
66 69
66 75
66 78
66 83
66 85
66 86
66 87
66 90
66 92
66 93
66 95
66 97
66 98
67 72
67 78
67 79
67 82
67 86
67 92
68 72
68 75
68 78
68 82
68 85
68 92
68 93
68 98
69 70
69 73
69 74
69 80
69 86
70 71
70 74
70 78
70 82
70 84
70 85
70 86
70 90
70 91
70 94
70 96
70 98
70 99
71 75
71 79
71 82
71 84
71 92
71 95
71 97
71 98
72 73
72 78
72 80
72 81
72 83
72 86
72 87
72 88
72 90
72 92
72 94
73 77
73 79
73 80
73 82
73 83
73 84
73 87
73 89
73 95
73 96
74 80
74 82
74 86
74 90
74 91
74 94
74 97
74 99
75 76
75 84
75 85
75 86
75 90
75 93
75 94
76 77
76 78
76 79
76 82
76 83
76 93
76 96
77 79
77 81
77 85
77 88
77 95
77 97
77 98
78 79
78 82
78 88
78 89
78 93
78 99
79 86
79 90
79 93
79 97
79 99
80 81
80 82
80 85
80 86
80 89
80 90
80 99
81 82
81 83
81 85
81 87
81 88
81 94
81 96
81 97
81 98
82 85
82 90
82 92
82 96
83 89
83 93
83 98
83 99
84 90
84 94
84 98
85 88
85 90
85 91
85 92
85 97
85 98
85 99
86 87
86 90
86 93
86 95
87 91
87 95
87 96
88 94
89 92
89 95
89 96
90 92
90 93
91 94
92 96
93 95
93 98
94 95
94 96
96 97
98 99
