0 2
0 3
0 10
0 13
0 17
0 38
0 42
0 44
0 47
0 48
0 49
0 58
0 60
0 63
0 73
0 75
0 79
0 80
0 91
0 92
0 93
0 94
1 4
1 21
1 23
1 35
1 54
1 61
1 62
1 63
1 67
1 69
1 70
1 87
1 93
1 94
2 10
2 11
2 13
2 16
2 30
2 31
2 35
2 38
2 57
2 59
2 70
2 73
2 74
2 81
2 88
2 92
2 93
2 98
3 6
3 30
3 35
3 38
3 48
3 49
3 63
3 67
3 69
3 73
3 79
3 83
3 86
3 88
3 99
4 8
4 19
4 21
4 24
4 31
4 32
4 36
4 37
4 45
4 47
4 51
4 52
4 60
4 64
4 68
4 69
4 73
4 76
4 81
4 82
4 89
4 91
4 96
4 97
5 6
5 13
5 19
5 21
5 25
5 27
5 36
5 37
5 38
5 40
5 42
5 45
5 46
5 47
5 51
5 52
5 53
5 57
5 63
5 70
5 71
5 77
5 79
5 94
6 9
6 12
6 22
6 24
6 32
6 34
6 41
6 42
6 45
6 46
6 48
6 56
6 57
6 59
6 60
6 65
6 66
6 67
6 69
6 81
6 84
6 89
6 95
6 98
7 8
7 13
7 27
7 30
7 36
7 38
7 46
7 55
7 62
7 67
7 73
7 76
7 86
7 92
7 95
8 9
8 10
8 33
8 38
8 39
8 42
8 44
8 46
8 47
8 48
8 49
8 50
8 51
8 52
8 57
8 60
8 62
8 64
8 70
8 75
8 84
8 86
8 95
8 99
9 14
9 21
9 30
9 54
9 60
9 67
9 69
9 71
9 87
9 89
9 90
9 91
9 95
10 11
10 12
10 20
10 31
10 36
10 37
10 40
10 44
10 55
10 57
10 60
10 61
10 64
10 65
10 76
10 81
10 88
10 98
10 99
11 23
11 32
11 35
11 39
11 46
11 54
11 58
11 59
11 67
11 68
11 70
11 71
11 73
11 74
11 79
11 86
11 93
12 15
12 19
12 20
12 35
12 37
12 42
12 47
12 52
12 54
12 58
12 72
12 74
12 77
12 81
12 83
12 85
12 95
12 98
12 99
13 23
13 40
13 41
13 42
13 62
13 64
13 69
13 72
13 91
13 94
13 95
13 98
14 19
14 32
14 33
14 38
14 41
14 45
14 48
14 49
14 53
14 60
14 65
14 66
14 82
14 87
14 90
14 91
14 93
14 95
14 98
15 17
15 26
15 31
15 32
15 37
15 40
15 45
15 46
15 56
15 68
15 74
15 85
15 95
15 97
16 22
16 23
16 27
16 36
16 38
16 41
16 44
16 47
16 50
16 63
16 65
16 68
16 70
16 81
16 83
16 84
16 87
16 92
16 93
16 97
17 19
17 21
17 24
17 33
17 42
17 51
17 54
17 59
17 62
17 73
17 75
17 96
18 23
18 29
18 47
18 56
18 69
18 73
18 79
18 91
18 97
18 99
19 23
19 29
19 32
19 42
19 50
19 54
19 56
19 63
19 65
19 69
19 72
19 74
19 86
19 92
19 99
20 27
20 33
20 43
20 48
20 49
20 56
20 57
20 64
20 68
20 85
20 86
20 92
20 97
21 30
21 35
21 37
21 42
21 43
21 47
21 53
21 55
21 56
21 67
21 75
21 77
21 79
21 88
21 94
22 26
22 27
22 36
22 40
22 43
22 45
22 47
22 54
22 73
22 75
22 78
22 81
22 85
22 86
22 94
22 97
23 24
23 29
23 32
23 43
23 48
23 53
23 55
23 58
23 76
23 78
23 79
23 83
23 96
23 97
23 99
24 25
24 44
24 48
24 50
24 71
24 72
24 75
24 77
24 79
24 83
24 95
25 40
25 41
25 44
25 54
25 57
25 61
25 68
25 69
25 82
25 87
25 89
25 91
25 97
26 30
26 32
26 33
26 38
26 46
26 47
26 52
26 65
26 67
26 73
26 77
26 85
26 86
26 88
26 92
26 93
26 97
27 34
27 42
27 56
27 70
27 73
27 75
27 97
28 32
28 35
28 43
28 45
28 61
28 62
28 63
28 65
28 66
28 67
28 73
28 86
28 87
28 94
28 95
28 98
29 30
29 32
29 35
29 42
29 44
29 55
29 61
29 65
29 66
29 70
29 74
29 76
29 90
29 91
29 94
29 95
30 34
30 45
30 48
30 50
30 56
30 57
30 63
30 69
30 71
30 73
30 77
30 78
30 79
30 81
30 87
30 95
31 45
31 53
31 71
31 77
31 87
31 96
32 33
32 48
32 55
32 57
32 58
32 69
32 70
32 72
32 73
32 78
32 84
32 87
32 88
32 90
32 93
33 42
33 44
33 55
33 57
33 68
33 70
33 79
33 83
33 88
33 93
33 95
34 35
34 37
34 39
34 42
34 47
34 49
34 51
34 63
34 66
34 67
34 78
34 80
34 85
34 91
34 95
35 52
35 55
35 56
35 63
35 66
35 67
35 72
35 75
35 84
35 99
36 40
36 43
36 50
36 52
36 54
36 55
36 56
36 60
36 63
36 68
36 69
36 70
36 73
36 78
36 87
36 92
36 97
36 99
37 39
37 47
37 54
37 58
37 69
37 70
37 71
37 79
37 84
37 90
37 92
37 94
37 96
37 97
37 99
38 43
38 58
38 59
38 61
38 70
38 82
38 94
38 96
39 49
39 70
39 80
39 82
39 84
39 89
39 92
39 96
40 44
40 51
40 54
40 73
40 74
40 78
40 85
40 86
40 88
40 94
40 96
40 98
41 48
41 49
41 51
41 55
41 56
41 68
41 71
41 73
41 78
41 86
41 91
42 43
42 48
42 60
42 65
42 77
42 81
42 90
42 98
43 49
43 51
43 52
43 56
43 57
43 61
43 75
43 78
43 80
43 97
43 99
44 54
44 56
44 60
44 63
44 64
44 71
44 72
44 79
44 80
44 85
44 90
44 92
44 94
44 97
45 46
45 55
45 57
45 59
45 72
45 75
45 79
45 92
45 95
45 97
46 52
46 61
46 70
46 73
46 78
46 86
46 89
46 91
46 95
46 97
47 49
47 53
47 61
47 65
47 66
47 69
47 72
47 78
47 79
47 80
47 81
47 86
47 87
47 89
47 92
48 50
48 57
48 58
48 63
48 67
48 69
48 70
48 72
48 74
48 75
48 86
48 95
48 97
49 51
49 54
49 59
49 67
49 73
49 74
49 77
49 81
49 91
49 92
49 97
49 98
50 55
50 57
50 63
50 67
50 69
50 78
50 79
50 90
50 94
50 95
51 52
51 53
51 54
51 58
51 69
51 73
51 76
51 87
51 94
51 96
51 97
51 99
52 53
52 74
52 89
52 94
52 98
53 58
53 59
53 66
53 72
53 76
53 80
53 81
53 98
54 59
54 63
54 65
54 66
54 69
54 71
55 66
55 69
55 71
55 82
55 87
55 94
55 97
56 57
56 58
56 61
56 64
56 79
56 82
56 86
56 93
57 68
57 71
57 73
57 74
57 80
57 87
58 60
58 69
58 72
58 78
58 79
58 82
58 95
58 99
59 71
59 75
59 99
60 62
60 64
60 65
60 68
60 69
60 71
60 75
60 76
60 80
60 84
60 85
60 86
60 88
60 98
60 99
61 68
61 69
61 71
61 75
61 76
61 77
61 87
61 90
62 64
62 67
62 80
62 84
62 87
62 93
62 98
63 64
63 67
63 75
63 78
63 85
63 96
63 97
64 72
64 73
64 78
64 86
64 88
64 90
64 91
64 93
65 70
65 72
65 73
65 75
65 83
65 98
66 68
66 76
66 81
66 89
66 91
66 92
67 70
67 74
67 79
67 81
67 82
67 85
67 89
67 92
67 96
68 77
68 78
68 79
68 82
68 85
68 90
68 92
69 74
69 77
69 82
69 92
69 97
70 71
70 80
70 85
70 91
70 92
70 97
70 99
71 73
71 85
72 73
72 74
72 84
72 88
72 98
72 99
73 77
73 83
73 86
73 88
73 89
73 92
73 94
74 78
74 89
74 96
74 99
75 76
75 82
75 83
75 87
75 88
75 95
75 98
76 80
76 82
76 87
76 89
76 95
76 97
76 99
77 78
77 89
77 95
77 97
77 98
78 82
78 86
78 90
78 93
79 85
79 95
80 89
81 84
81 86
82 92
82 94
82 95
83 90
83 91
83 95
84 91
85 88
85 92
85 97
86 88
86 92
86 95
86 96
86 99
87 96
87 99
89 94
89 95
94 96
95 98
97 98
