0 10
0 17
0 19
0 22
0 25
0 29
0 33
0 35
0 36
0 40
0 44
0 50
0 58
0 59
0 62
0 63
0 64
0 67
0 70
0 71
0 76
0 88
0 89
0 90
0 96
0 97
0 98
1 7
1 8
1 11
1 13
1 15
1 18
1 23
1 24
1 25
1 26
1 30
1 35
1 43
1 44
1 47
1 50
1 53
1 56
1 57
1 66
1 77
1 83
1 85
1 87
1 88
1 91
1 92
1 93
1 96
1 99
2 6
2 8
2 9
2 10
2 11
2 15
2 22
2 25
2 29
2 31
2 32
2 33
2 34
2 35
2 37
2 39
2 40
2 47
2 50
2 58
2 62
2 63
2 66
2 81
2 84
2 87
2 88
2 91
2 94
2 97
3 6
3 7
3 20
3 25
3 26
3 30
3 31
3 32
3 34
3 41
3 42
3 43
3 44
3 49
3 50
3 51
3 52
3 56
3 57
3 60
3 65
3 71
3 77
3 79
3 84
3 89
4 6
4 7
4 14
4 16
4 18
4 20
4 22
4 23
4 24
4 26
4 32
4 37
4 40
4 41
4 48
4 50
4 51
4 53
4 56
4 57
4 58
4 60
4 66
4 67
4 68
4 73
4 82
4 84
4 88
4 89
4 91
4 98
5 9
5 11
5 15
5 18
5 25
5 30
5 32
5 37
5 40
5 42
5 44
5 53
5 56
5 58
5 60
5 65
5 66
5 67
5 68
5 73
5 88
5 89
5 90
6 7
6 9
6 11
6 14
6 15
6 17
6 21
6 26
6 30
6 32
6 45
6 47
6 53
6 58
6 61
6 66
6 68
6 73
6 76
6 81
6 83
6 89
6 91
6 95
6 96
6 99
7 9
7 11
7 12
7 13
7 15
7 16
7 22
7 23
7 30
7 38
7 41
7 42
7 45
7 46
7 47
7 55
7 57
7 58
7 63
7 70
7 72
7 73
7 77
7 80
7 81
7 90
7 91
7 94
7 96
7 97
8 13
8 15
8 17
8 18
8 22
8 25
8 28
8 34
8 35
8 37
8 41
8 46
8 47
8 51
8 54
8 55
8 60
8 62
8 63
8 66
8 67
8 77
8 80
8 82
8 83
8 85
8 91
8 94
9 12
9 14
9 17
9 19
9 22
9 23
9 24
9 28
9 34
9 36
9 42
9 43
9 45
9 47
9 58
9 59
9 62
9 67
9 74
9 79
9 81
9 83
9 86
9 92
9 97
9 99
10 13
10 14
10 15
10 17
10 20
10 22
10 27
10 31
10 32
10 33
10 35
10 36
10 38
10 41
10 43
10 46
10 48
10 54
10 55
10 58
10 61
10 63
10 64
10 66
10 67
10 72
10 74
10 81
10 87
10 88
10 95
10 96
10 98
11 28
11 39
11 40
11 43
11 45
11 46
11 51
11 53
11 54
11 64
11 66
11 68
11 71
11 76
11 78
11 81
11 86
11 87
11 88
11 93
11 94
11 95
11 98
12 13
12 17
12 20
12 21
12 23
12 25
12 28
12 32
12 41
12 57
12 58
12 61
12 63
12 68
12 71
12 72
12 75
12 79
12 84
12 87
12 88
12 90
12 97
12 98
13 16
13 20
13 23
13 27
13 32
13 33
13 34
13 35
13 37
13 38
13 39
13 44
13 56
13 61
13 62
13 63
13 65
13 66
13 72
13 75
13 77
13 79
13 81
13 83
13 84
13 86
13 89
13 90
13 91
13 96
14 15
14 27
14 28
14 29
14 34
14 35
14 39
14 43
14 47
14 59
14 62
14 63
14 64
14 65
14 66
14 67
14 68
14 69
14 73
14 80
14 86
14 88
14 91
14 93
15 17
15 19
15 21
15 23
15 26
15 28
15 29
15 31
15 34
15 37
15 38
15 41
15 43
15 51
15 52
15 53
15 58
15 62
15 68
15 70
15 71
15 72
15 75
15 79
15 80
15 83
15 94
15 98
16 18
16 20
16 22
16 27
16 30
16 33
16 34
16 37
16 38
16 39
16 40
16 41
16 47
16 48
16 61
16 62
16 64
16 65
16 68
16 69
16 71
16 72
16 74
16 75
16 83
16 86
16 87
16 90
16 95
16 98
16 99
17 19
17 23
17 26
17 28
17 34
17 44
17 45
17 49
17 53
17 63
17 65
17 67
17 70
17 71
17 76
17 77
17 79
17 90
17 92
17 95
17 96
18 19
18 20
18 25
18 30
18 32
18 37
18 38
18 39
18 43
18 46
18 48
18 49
18 55
18 56
18 69
18 74
18 75
18 84
18 85
18 88
18 89
18 90
18 91
18 95
19 20
19 21
19 23
19 25
19 30
19 31
19 32
19 37
19 43
19 45
19 46
19 48
19 49
19 54
19 56
19 62
19 63
19 64
19 66
19 67
19 70
19 72
19 73
19 74
19 75
19 76
19 78
19 80
19 81
19 85
19 89
20 25
20 29
20 33
20 35
20 36
20 37
20 38
20 40
20 43
20 47
20 49
20 52
20 54
20 68
20 75
20 80
20 81
20 83
20 88
20 94
20 96
20 98
20 99
21 25
21 26
21 33
21 34
21 36
21 37
21 38
21 43
21 45
21 50
21 53
21 58
21 60
21 65
21 73
21 75
21 77
21 78
21 79
21 82
21 83
21 85
21 86
21 91
21 93
22 23
22 24
22 33
22 34
22 36
22 41
22 46
22 48
22 51
22 55
22 61
22 71
22 72
22 74
22 76
22 77
22 82
22 87
22 90
22 92
22 93
22 94
22 96
23 26
23 29
23 37
23 38
23 39
23 48
23 55
23 59
23 64
23 65
23 67
23 69
23 73
23 75
23 76
23 79
23 85
23 88
23 90
23 98
24 28
24 30
24 31
24 32
24 34
24 35
24 37
24 38
24 45
24 50
24 56
24 58
24 60
24 61
24 65
24 71
24 79
24 82
24 83
24 85
24 88
24 93
24 94
24 96
24 97
24 99
25 31
25 32
25 36
25 38
25 41
25 43
25 45
25 46
25 48
25 49
25 56
25 58
25 59
25 61
25 67
25 72
25 74
25 79
25 80
25 85
25 93
25 96
25 98
25 99
26 29
26 31
26 32
26 35
26 38
26 40
26 45
26 61
26 64
26 71
26 73
26 74
26 75
26 77
26 78
26 81
26 83
26 87
26 95
27 31
27 34
27 35
27 39
27 42
27 43
27 55
27 56
27 67
27 70
27 72
27 73
27 76
27 80
27 82
27 85
27 88
27 90
27 94
27 95
27 96
27 98
28 30
28 32
28 33
28 34
28 35
28 38
28 42
28 45
28 49
28 56
28 58
28 74
28 79
28 80
28 81
28 86
28 89
28 91
28 94
28 95
29 33
29 34
29 42
29 48
29 52
29 53
29 60
29 61
29 64
29 67
29 68
29 70
29 72
29 74
29 81
29 82
29 83
29 85
29 87
29 88
29 89
29 90
29 97
30 31
30 33
30 35
30 36
30 37
30 40
30 41
30 46
30 47
30 53
30 67
30 75
30 76
30 79
30 83
30 84
30 87
30 91
30 92
30 93
30 96
31 33
31 35
31 38
31 39
31 41
31 42
31 45
31 46
31 50
31 54
31 56
31 61
31 62
31 66
31 71
31 73
31 74
31 77
31 97
32 34
32 36
32 42
32 45
32 49
32 52
32 55
32 63
32 65
32 67
32 69
32 74
32 83
32 86
32 87
32 89
32 90
32 92
32 97
32 99
33 38
33 39
33 42
33 45
33 53
33 55
33 56
33 61
33 67
33 68
33 73
33 74
33 81
33 84
33 86
33 87
33 89
33 94
33 96
33 97
34 36
34 37
34 46
34 49
34 51
34 57
34 60
34 61
34 62
34 80
34 81
34 82
34 83
34 85
34 93
34 95
35 41
35 45
35 48
35 50
35 51
35 54
35 57
35 60
35 67
35 70
35 72
35 73
35 79
35 84
35 95
35 96
35 98
35 99
36 41
36 45
36 49
36 57
36 59
36 63
36 64
36 66
36 70
36 75
36 76
36 77
36 81
36 86
36 87
36 95
36 96
36 98
36 99
37 39
37 42
37 46
37 50
37 52
37 53
37 58
37 59
37 61
37 69
37 74
37 76
37 81
37 84
37 99
38 39
38 42
38 43
38 46
38 51
38 53
38 54
38 56
38 59
38 64
38 65
38 67
38 71
38 75
38 79
38 82
38 84
38 86
38 88
38 95
38 97
38 98
38 99
39 42
39 45
39 52
39 54
39 55
39 57
39 59
39 60
39 61
39 64
39 65
39 69
39 71
39 73
39 74
39 83
39 85
39 87
39 94
40 42
40 43
40 44
40 46
40 47
40 52
40 53
40 59
40 60
40 65
40 67
40 70
40 75
40 78
40 80
40 81
40 82
40 84
40 85
40 87
40 91
40 94
40 98
41 43
41 45
41 57
41 62
41 64
41 67
41 68
41 69
41 74
41 76
41 77
41 79
41 90
41 97
41 98
42 46
42 51
42 52
42 55
42 57
42 58
42 60
42 62
42 65
42 73
42 74
42 75
42 76
42 77
42 83
42 87
42 92
42 99
43 45
43 46
43 48
43 49
43 51
43 54
43 59
43 62
43 63
43 64
43 67
43 68
43 71
43 72
43 73
43 75
43 76
43 80
43 81
43 93
44 47
44 52
44 53
44 55
44 58
44 59
44 61
44 66
44 69
44 71
44 75
44 76
44 79
44 80
44 85
44 87
44 90
44 93
44 99
45 46
45 49
45 52
45 61
45 62
45 65
45 74
45 76
45 79
45 81
45 82
45 84
45 85
45 90
45 96
45 98
45 99
46 47
46 54
46 56
46 57
46 59
46 69
46 70
46 73
46 82
46 83
46 84
46 85
46 86
46 88
47 50
47 62
47 63
47 79
47 82
47 83
47 85
47 89
47 94
47 95
47 99
48 51
48 52
48 53
48 57
48 58
48 67
48 69
48 70
48 72
48 73
48 75
48 78
48 79
48 81
48 88
48 92
48 96
48 99
49 62
49 66
49 67
49 71
49 74
49 75
49 82
49 89
49 92
49 93
49 96
49 98
50 53
50 54
50 57
50 63
50 65
50 69
50 74
50 75
50 76
50 79
50 81
50 85
50 86
50 89
50 97
50 99
51 53
51 55
51 64
51 66
51 71
51 81
51 82
51 83
51 84
51 88
51 93
51 95
51 99
52 54
52 58
52 62
52 70
52 71
52 77
52 78
52 79
52 87
52 89
52 90
52 91
52 92
52 96
53 56
53 59
53 63
53 64
53 66
53 74
53 77
53 78
53 84
53 87
53 91
53 92
53 93
53 95
53 98
53 99
54 56
54 57
54 59
54 61
54 62
54 73
54 76
54 78
54 79
54 84
54 88
54 90
54 96
54 98
54 99
55 64
55 66
55 69
55 74
55 78
55 83
55 87
55 90
55 92
55 94
55 95
56 58
56 62
56 63
56 65
56 67
56 69
56 72
56 79
56 87
56 89
56 91
56 95
56 99
57 58
57 59
57 61
57 64
57 65
57 66
57 72
57 76
57 82
57 83
57 86
57 96
57 98
58 59
58 77
58 79
58 82
58 85
58 86
58 96
58 97
59 63
59 69
59 70
59 76
59 79
59 86
59 88
59 89
59 91
59 93
59 95
60 64
60 66
60 70
60 71
60 76
60 79
60 88
60 90
60 93
60 94
61 65
61 67
61 71
61 75
61 76
61 82
61 83
61 87
61 91
61 95
61 96
61 97
62 64
62 65
62 69
62 76
62 77
62 78
62 80
62 86
62 87
62 91
62 93
62 95
62 96
63 69
63 73
63 75
63 77
63 78
63 79
63 85
63 90
63 92
63 95
64 65
64 70
64 74
64 80
64 81
64 82
64 85
64 88
64 89
64 94
64 98
64 99
65 67
65 69
65 72
65 75
65 76
65 78
65 79
65 81
65 83
65 88
65 96
65 97
65 99
66 68
66 74
66 75
66 77
66 78
66 80
66 83
66 85
66 90
66 94
66 96
66 98
66 99
67 70
67 77
67 82
67 84
67 86
67 91
67 92
67 99
68 71
68 77
68 78
68 86
68 88
68 96
69 79
69 89
69 91
69 93
70 72
70 76
70 78
70 84
70 85
70 88
70 90
70 93
70 94
71 84
71 85
71 86
71 93
72 76
72 80
72 83
72 84
72 88
72 90
72 94
72 96
72 99
73 78
73 79
73 80
73 81
73 84
73 85
73 86
73 88
73 89
73 92
73 95
74 77
74 78
74 80
74 82
74 88
74 90
74 92
75 77
75 82
75 84
75 86
75 89
75 90
75 96
75 98
75 99
76 79
76 85
76 86
76 87
76 90
76 97
77 80
77 83
77 91
77 92
77 93
77 95
77 97
77 98
77 99
78 83
78 85
78 87
78 90
78 91
78 95
79 82
79 84
79 85
79 90
79 92
79 95
80 84
80 88
80 93
80 94
80 98
81 83
81 93
81 95
81 97
82 84
82 90
82 91
82 92
82 94
82 95
82 97
82 99
83 88
83 90
83 91
83 96
83 98
84 87
84 90
84 93
84 95
84 96
85 92
85 93
85 95
85 99
87 91
87 97
87 98
87 99
88 91
88 92
88 93
88 95
88 97
88 98
89 90
89 95
90 92
90 93
90 95
90 98
90 99
91 92
91 95
91 99
92 95
92 96
92 98
92 99
93 95
93 99
94 96
96 97
97 98
97 99
