0 12
0 16
0 19
0 21
0 23
0 25
0 26
0 34
0 42
0 50
0 62
0 63
0 64
0 72
0 75
0 94
0 95
0 96
1 11
1 14
1 18
1 20
1 27
1 28
1 44
1 45
1 53
1 55
1 62
1 65
1 67
1 72
1 79
1 80
1 82
1 87
1 92
1 97
2 7
2 18
2 27
2 30
2 34
2 37
2 45
2 62
2 63
2 65
2 75
2 76
2 81
2 91
3 6
3 9
3 11
3 16
3 19
3 34
3 35
3 38
3 40
3 41
3 54
3 55
3 57
3 61
3 63
3 64
3 72
3 81
3 82
3 85
3 86
3 87
3 98
4 6
4 9
4 17
4 18
4 20
4 24
4 26
4 29
4 36
4 37
4 40
4 43
4 46
4 58
4 62
4 65
4 67
4 81
4 83
4 92
4 93
5 11
5 28
5 30
5 35
5 36
5 38
5 42
5 44
5 47
5 50
5 53
5 64
5 70
5 73
5 82
5 86
5 98
6 7
6 8
6 9
6 14
6 18
6 25
6 32
6 33
6 36
6 37
6 40
6 47
6 53
6 55
6 56
6 57
6 72
6 88
6 93
6 96
7 11
7 27
7 38
7 42
7 50
7 51
7 56
7 64
7 66
7 68
7 74
7 83
7 88
7 90
8 9
8 10
8 12
8 23
8 26
8 30
8 32
8 33
8 34
8 35
8 37
8 53
8 63
8 73
8 87
8 93
8 97
8 99
9 12
9 15
9 17
9 29
9 32
9 42
9 47
9 52
9 58
9 66
9 72
9 78
9 83
9 88
9 97
9 99
10 20
10 32
10 34
10 35
10 39
10 41
10 42
10 43
10 45
10 52
10 58
10 69
10 76
10 90
10 91
10 94
11 16
11 21
11 23
11 31
11 33
11 40
11 41
11 49
11 52
11 54
11 57
11 65
11 66
11 74
11 75
11 76
11 78
11 81
11 94
12 14
12 23
12 24
12 30
12 37
12 46
12 48
12 55
12 57
12 68
12 81
12 92
12 93
12 96
12 99
13 14
13 17
13 18
13 19
13 20
13 28
13 29
13 30
13 38
13 45
13 49
13 53
13 57
13 59
13 62
13 65
13 67
13 71
13 75
13 76
13 80
14 24
14 25
14 28
14 34
14 35
14 36
14 42
14 50
14 56
14 66
14 72
14 77
14 78
14 80
14 85
14 87
14 89
14 91
14 98
15 16
15 20
15 28
15 30
15 48
15 49
15 50
15 54
15 56
15 57
15 59
15 71
15 76
15 84
15 89
15 90
15 92
15 94
16 17
16 29
16 35
16 44
16 55
16 59
16 65
16 66
16 73
16 83
16 87
16 94
16 95
16 99
17 21
17 22
17 24
17 26
17 38
17 44
17 47
17 56
17 60
17 77
17 84
17 90
17 99
18 19
18 27
18 30
18 43
18 44
18 52
18 53
18 55
18 58
18 59
18 65
18 69
18 72
18 80
18 82
19 20
19 24
19 27
19 29
19 33
19 36
19 39
19 45
19 49
19 51
19 54
19 55
19 78
19 79
19 90
19 92
19 93
19 97
20 26
20 56
20 57
20 59
20 61
20 70
20 80
20 87
20 99
21 26
21 29
21 35
21 38
21 44
21 58
21 63
21 66
21 71
21 86
21 96
22 24
22 35
22 44
22 47
22 49
22 72
22 77
22 97
22 98
22 99
23 25
23 33
23 34
23 44
23 48
23 49
23 63
23 64
23 68
23 71
23 72
23 76
23 79
23 84
23 86
23 93
23 95
23 96
24 26
24 31
24 37
24 47
24 52
24 53
24 63
24 67
24 73
24 75
24 76
24 78
24 82
24 90
24 91
24 93
24 99
25 27
25 29
25 59
25 60
25 64
25 68
25 73
25 78
25 79
25 80
25 81
25 82
25 83
25 94
26 31
26 41
26 43
26 45
26 68
26 72
26 74
26 81
26 82
26 86
26 88
26 91
26 95
26 99
27 34
27 36
27 47
27 62
27 78
27 83
27 87
27 88
27 89
27 96
28 30
28 38
28 45
28 53
28 59
28 77
28 84
28 87
28 93
29 33
29 35
29 38
29 39
29 40
29 48
29 52
29 56
29 58
29 62
29 63
29 70
29 72
29 74
29 76
29 84
29 91
29 92
30 32
30 34
30 42
30 50
30 52
30 53
30 54
30 57
30 58
30 65
30 67
30 75
30 79
30 92
30 97
30 99
31 37
31 46
31 48
31 49
31 58
31 71
31 77
31 78
31 79
31 85
31 89
31 90
32 34
32 35
32 39
32 41
32 49
32 51
32 53
32 62
32 68
32 73
32 74
32 81
32 82
32 84
32 87
32 88
32 90
32 98
33 40
33 42
33 45
33 48
33 49
33 60
33 70
33 77
33 81
33 85
33 87
33 92
33 93
33 97
33 99
34 49
34 62
34 63
34 64
34 81
34 86
34 88
34 92
34 97
34 99
35 40
35 41
35 44
35 46
35 48
35 51
35 52
35 54
35 75
35 83
35 85
35 98
36 40
36 55
36 61
36 71
36 79
36 86
36 91
36 93
36 96
37 39
37 46
37 48
37 54
37 55
37 58
37 64
37 69
37 77
37 82
37 90
37 91
37 98
38 39
38 41
38 43
38 49
38 50
38 52
38 58
38 63
38 65
38 81
38 86
38 87
38 94
39 51
39 62
39 63
39 66
39 72
39 73
39 78
39 81
39 84
39 88
39 98
39 99
40 46
40 48
40 49
40 58
40 59
40 64
40 82
40 84
40 86
40 90
41 43
41 44
41 45
41 52
41 55
41 64
41 70
41 73
41 78
41 84
41 86
41 91
42 72
42 78
42 79
42 83
42 91
42 96
43 54
43 56
43 57
43 58
43 71
43 72
43 74
43 75
43 76
43 83
43 87
43 95
43 96
43 98
43 99
44 47
44 52
44 53
44 54
44 58
44 78
44 79
44 80
44 82
44 93
44 94
44 96
45 52
45 60
45 70
45 71
45 72
45 73
45 78
45 79
45 81
45 89
46 48
46 54
46 60
46 61
46 62
46 63
46 83
46 84
46 90
46 91
46 95
46 97
47 48
47 55
47 61
47 62
47 64
47 67
47 68
47 71
47 83
47 91
47 95
47 99
48 52
48 61
48 69
48 71
48 76
48 84
48 85
48 86
49 64
49 70
49 71
49 73
49 80
49 81
49 89
49 91
50 51
50 60
50 62
50 64
50 65
50 68
50 74
50 80
50 84
50 87
50 88
50 89
50 90
51 58
51 62
51 67
51 80
51 91
51 93
51 94
51 99
52 53
52 56
52 61
52 62
52 64
52 65
52 67
52 69
52 72
52 82
52 92
53 58
53 59
53 62
53 64
53 70
53 87
53 91
53 98
54 57
54 59
54 60
54 62
54 67
54 72
54 76
54 79
54 83
54 94
54 97
55 71
55 79
55 83
55 90
55 95
55 96
56 57
56 60
56 73
56 80
56 83
56 84
56 99
57 58
57 60
57 66
57 82
57 96
57 98
58 68
58 69
58 79
58 87
58 93
58 95
58 97
58 98
58 99
59 61
59 67
59 68
59 90
60 65
60 68
60 72
60 80
60 82
60 83
60 89
60 97
61 66
61 68
61 74
61 87
61 89
61 97
62 68
62 84
62 85
62 87
62 88
62 92
62 97
63 73
63 78
63 81
63 82
63 83
63 84
63 93
63 97
64 67
64 70
64 72
64 78
64 85
64 86
64 91
64 92
64 94
64 97
65 75
65 83
65 86
65 98
66 73
66 74
66 75
66 87
66 91
66 94
66 98
67 81
67 83
67 94
68 74
68 77
68 85
68 90
68 94
69 70
69 71
69 77
69 80
69 88
69 91
70 76
70 77
70 78
70 80
70 96
71 84
71 85
71 89
71 91
71 98
72 74
72 78
72 87
72 89
72 90
72 91
72 99
73 75
74 75
74 78
74 83
74 97
75 78
75 79
75 80
75 81
75 82
75 85
75 86
75 92
76 77
76 84
76 87
76 94
76 98
77 79
77 85
77 89
77 92
78 81
78 83
78 87
78 88
78 91
78 98
79 86
79 89
79 91
79 94
80 81
80 88
80 95
81 88
81 91
81 93
82 94
82 95
83 84
83 87
83 89
83 90
83 93
83 96
84 92
84 97
85 99
87 93
87 95
90 94
90 97
91 96
91 97
92 93
92 94
93 97
94 96
