0 1
0 4
0 7
0 8
0 10
0 13
0 17
0 18
0 24
0 25
0 31
0 35
0 36
0 38
0 40
0 41
0 45
0 47
0 50
0 51
0 52
0 53
0 54
0 56
0 59
0 60
0 61
0 63
0 65
0 66
0 67
0 68
0 70
0 72
0 74
0 76
0 77
0 78
0 84
0 86
0 87
0 89
0 90
0 93
0 94
0 97
0 98
0 99
1 2
1 3
1 6
1 11
1 12
1 13
1 20
1 22
1 26
1 27
1 28
1 29
1 30
1 31
1 32
1 33
1 35
1 38
1 45
1 48
1 51
1 52
1 59
1 60
1 61
1 62
1 67
1 71
1 73
1 74
1 78
1 79
1 80
1 86
1 87
1 89
1 93
1 94
1 97
1 98
2 3
2 4
2 5
2 8
2 10
2 11
2 12
2 13
2 20
2 21
2 22
2 23
2 24
2 26
2 27
2 28
2 30
2 31
2 32
2 34
2 38
2 41
2 42
2 43
2 44
2 45
2 46
2 47
2 48
2 51
2 52
2 53
2 55
2 57
2 58
2 61
2 63
2 68
2 73
2 75
2 78
2 79
2 80
2 83
2 84
2 88
2 89
2 92
2 93
2 94
2 95
2 98
3 4
3 5
3 6
3 8
3 9
3 10
3 13
3 14
3 15
3 16
3 18
3 26
3 27
3 28
3 30
3 31
3 32
3 39
3 40
3 43
3 44
3 45
3 46
3 47
3 48
3 50
3 52
3 53
3 55
3 56
3 58
3 59
3 60
3 61
3 64
3 65
3 66
3 71
3 72
3 77
3 78
3 81
3 82
3 87
3 90
3 93
3 94
3 95
4 9
4 12
4 15
4 17
4 23
4 29
4 30
4 32
4 36
4 37
4 43
4 44
4 46
4 48
4 49
4 50
4 53
4 55
4 56
4 57
4 65
4 67
4 68
4 69
4 70
4 71
4 72
4 75
4 76
4 77
4 79
4 80
4 81
4 83
4 84
4 85
4 86
4 87
4 88
4 89
4 91
4 95
4 98
5 7
5 10
5 11
5 15
5 16
5 25
5 26
5 28
5 30
5 31
5 32
5 33
5 34
5 43
5 45
5 47
5 50
5 51
5 53
5 54
5 58
5 60
5 61
5 62
5 67
5 70
5 71
5 72
5 73
5 75
5 77
5 79
5 80
5 81
5 82
5 83
5 84
5 90
5 93
5 94
5 96
5 97
5 98
6 7
6 9
6 11
6 12
6 15
6 16
6 17
6 19
6 20
6 21
6 25
6 26
6 27
6 31
6 32
6 33
6 34
6 36
6 37
6 41
6 42
6 44
6 48
6 49
6 50
6 51
6 55
6 59
6 61
6 62
6 63
6 65
6 66
6 67
6 69
6 82
6 83
6 84
6 87
6 89
6 90
6 91
6 92
6 94
6 96
6 97
6 98
7 10
7 12
7 13
7 14
7 17
7 19
7 20
7 21
7 22
7 23
7 26
7 29
7 30
7 31
7 38
7 39
7 40
7 41
7 43
7 45
7 48
7 49
7 52
7 54
7 57
7 59
7 62
7 64
7 65
7 66
7 68
7 70
7 72
7 73
7 74
7 75
7 76
7 80
7 82
7 83
7 84
7 85
7 86
7 88
7 89
7 90
7 93
7 94
7 99
8 13
8 14
8 16
8 17
8 24
8 26
8 29
8 32
8 36
8 39
8 42
8 44
8 46
8 49
8 50
8 52
8 53
8 54
8 56
8 58
8 59
8 61
8 65
8 66
8 67
8 68
8 70
8 71
8 73
8 75
8 78
8 82
8 83
8 87
8 89
8 93
8 95
8 97
8 98
8 99
9 10
9 16
9 17
9 18
9 19
9 20
9 21
9 22
9 25
9 27
9 29
9 35
9 36
9 37
9 39
9 40
9 41
9 42
9 45
9 47
9 48
9 50
9 51
9 52
9 54
9 55
9 58
9 59
9 61
9 64
9 68
9 70
9 74
9 75
9 78
9 79
9 80
9 81
9 82
9 86
9 89
9 92
9 93
9 95
9 96
9 97
9 98
10 12
10 14
10 17
10 19
10 20
10 21
10 22
10 25
10 29
10 31
10 32
10 33
10 38
10 39
10 40
10 41
10 45
10 48
10 49
10 50
10 54
10 57
10 58
10 59
10 60
10 61
10 77
10 78
10 80
10 81
10 84
10 85
10 88
10 89
10 90
10 92
10 94
10 98
11 13
11 16
11 17
11 20
11 21
11 24
11 27
11 28
11 29
11 30
11 32
11 33
11 34
11 35
11 37
11 38
11 39
11 43
11 44
11 46
11 51
11 55
11 56
11 57
11 59
11 60
11 62
11 63
11 68
11 69
11 72
11 73
11 74
11 77
11 78
11 83
11 87
11 91
11 92
11 93
11 94
11 95
11 97
12 14
12 15
12 19
12 21
12 22
12 25
12 26
12 27
12 29
12 30
12 32
12 36
12 37
12 38
12 40
12 41
12 42
12 43
12 44
12 45
12 47
12 48
12 50
12 51
12 52
12 53
12 55
12 56
12 57
12 58
12 60
12 64
12 66
12 69
12 70
12 71
12 72
12 75
12 77
12 78
12 79
12 82
12 83
12 85
12 87
12 88
12 90
12 97
12 98
13 14
13 17
13 18
13 19
13 20
13 21
13 23
13 24
13 25
13 27
13 28
13 29
13 30
13 32
13 33
13 34
13 39
13 42
13 44
13 49
13 51
13 53
13 55
13 56
13 57
13 58
13 61
13 65
13 66
13 67
13 68
13 69
13 75
13 78
13 83
13 87
13 89
13 92
13 96
13 97
13 99
14 15
14 18
14 19
14 20
14 24
14 27
14 28
14 29
14 30
14 33
14 34
14 35
14 36
14 40
14 44
14 46
14 48
14 49
14 50
14 51
14 55
14 57
14 63
14 65
14 67
14 70
14 72
14 73
14 74
14 76
14 84
14 86
14 88
14 89
14 90
14 94
14 95
14 97
15 16
15 19
15 21
15 23
15 24
15 25
15 26
15 27
15 29
15 30
15 31
15 32
15 33
15 34
15 37
15 38
15 40
15 41
15 43
15 45
15 47
15 49
15 51
15 52
15 54
15 56
15 57
15 58
15 59
15 60
15 62
15 65
15 66
15 70
15 71
15 77
15 82
15 87
15 88
15 90
15 92
15 93
15 94
15 95
15 96
15 98
16 17
16 18
16 19
16 21
16 24
16 25
16 31
16 34
16 37
16 39
16 43
16 45
16 46
16 47
16 48
16 51
16 52
16 53
16 54
16 55
16 57
16 58
16 61
16 63
16 65
16 66
16 69
16 73
16 74
16 75
16 76
16 83
16 87
16 88
16 90
16 91
16 93
16 96
16 97
16 98
17 19
17 21
17 22
17 23
17 24
17 25
17 26
17 27
17 28
17 30
17 31
17 34
17 35
17 38
17 39
17 41
17 42
17 44
17 46
17 48
17 50
17 55
17 58
17 59
17 60
17 61
17 63
17 64
17 65
17 66
17 69
17 70
17 73
17 74
17 75
17 77
17 78
17 80
17 82
17 83
17 85
17 90
17 93
17 94
18 19
18 20
18 21
18 23
18 24
18 26
18 27
18 28
18 31
18 32
18 33
18 35
18 39
18 41
18 45
18 47
18 48
18 49
18 50
18 51
18 56
18 60
18 61
18 64
18 65
18 67
18 68
18 71
18 72
18 74
18 75
18 76
18 79
18 80
18 83
18 85
18 86
18 87
18 88
18 89
18 91
18 92
18 94
18 97
18 98
18 99
19 20
19 22
19 24
19 26
19 27
19 28
19 29
19 31
19 32
19 33
19 34
19 35
19 36
19 37
19 39
19 40
19 41
19 42
19 43
19 51
19 52
19 53
19 55
19 56
19 59
19 61
19 63
19 64
19 65
19 66
19 68
19 69
19 73
19 74
19 76
19 77
19 78
19 80
19 81
19 82
19 83
19 84
19 87
19 89
19 90
19 92
19 93
19 94
19 98
20 21
20 22
20 26
20 28
20 29
20 30
20 31
20 33
20 35
20 37
20 38
20 39
20 40
20 41
20 42
20 47
20 49
20 52
20 53
20 54
20 55
20 56
20 57
20 58
20 59
20 60
20 61
20 62
20 63
20 64
20 66
20 69
20 70
20 72
20 74
20 75
20 78
20 79
20 80
20 81
20 83
20 87
20 89
20 93
20 94
20 95
20 96
20 98
20 99
21 22
21 24
21 26
21 29
21 30
21 31
21 33
21 34
21 38
21 43
21 44
21 45
21 50
21 54
21 56
21 66
21 67
21 69
21 70
21 72
21 75
21 76
21 77
21 79
21 80
21 81
21 82
21 87
21 88
21 89
21 93
21 94
21 95
21 96
22 23
22 24
22 27
22 29
22 30
22 32
22 33
22 35
22 36
22 42
22 43
22 44
22 46
22 48
22 49
22 52
22 53
22 55
22 56
22 58
22 59
22 61
22 64
22 65
22 67
22 68
22 69
22 70
22 71
22 74
22 75
22 80
22 84
22 85
22 86
22 87
22 89
22 92
22 93
22 94
22 97
22 99
23 24
23 26
23 27
23 31
23 33
23 37
23 40
23 41
23 42
23 43
23 45
23 46
23 47
23 48
23 49
23 51
23 55
23 57
23 60
23 65
23 66
23 68
23 70
23 71
23 73
23 79
23 81
23 83
23 85
23 89
23 90
23 91
23 92
23 93
23 94
23 97
23 99
24 27
24 29
24 30
24 33
24 34
24 38
24 39
24 43
24 47
24 48
24 49
24 51
24 52
24 54
24 56
24 57
24 58
24 60
24 61
24 62
24 63
24 64
24 65
24 66
24 69
24 70
24 73
24 75
24 76
24 78
24 81
24 82
24 83
24 85
24 86
24 88
24 89
24 90
24 92
24 93
24 94
24 96
25 27
25 29
25 30
25 34
25 35
25 37
25 38
25 41
25 42
25 45
25 47
25 48
25 49
25 50
25 52
25 53
25 55
25 58
25 59
25 61
25 65
25 67
25 69
25 70
25 71
25 72
25 73
25 74
25 78
25 80
25 82
25 88
25 92
25 93
25 97
25 98
26 29
26 30
26 31
26 33
26 34
26 35
26 37
26 39
26 44
26 47
26 51
26 53
26 56
26 60
26 62
26 63
26 64
26 68
26 69
26 72
26 73
26 74
26 77
26 78
26 83
26 86
26 87
26 88
26 90
26 91
26 93
26 94
26 96
26 97
26 98
27 28
27 31
27 34
27 35
27 36
27 38
27 40
27 41
27 42
27 44
27 45
27 47
27 50
27 51
27 52
27 53
27 54
27 55
27 56
27 57
27 59
27 60
27 62
27 68
27 69
27 71
27 72
27 74
27 75
27 77
27 79
27 81
27 82
27 83
27 86
27 89
27 90
27 91
27 92
27 94
27 96
27 97
27 99
28 29
28 31
28 33
28 34
28 35
28 37
28 38
28 41
28 43
28 45
28 46
28 47
28 50
28 53
28 54
28 57
28 58
28 63
28 65
28 66
28 68
28 69
28 70
28 72
28 74
28 76
28 81
28 87
28 88
28 90
28 91
28 92
28 94
28 95
28 97
28 98
28 99
29 33
29 34
29 36
29 40
29 42
29 44
29 50
29 53
29 55
29 57
29 63
29 64
29 66
29 67
29 69
29 71
29 72
29 75
29 79
29 80
29 81
29 82
29 83
29 84
29 86
29 87
29 89
29 91
29 93
29 94
29 95
29 96
29 98
30 31
30 32
30 33
30 34
30 35
30 36
30 37
30 38
30 40
30 42
30 44
30 48
30 50
30 52
30 55
30 56
30 57
30 58
30 65
30 66
30 68
30 69
30 75
30 76
30 77
30 79
30 83
30 84
30 85
30 86
30 90
30 91
30 92
30 94
30 95
31 32
31 33
31 35
31 36
31 37
31 38
31 41
31 43
31 44
31 48
31 51
31 53
31 57
31 58
31 59
31 61
31 64
31 65
31 66
31 67
31 68
31 70
31 74
31 75
31 77
31 78
31 79
31 81
31 83
31 84
31 92
31 93
31 95
31 96
31 98
31 99
32 33
32 34
32 35
32 41
32 42
32 44
32 46
32 47
32 50
32 52
32 53
32 55
32 57
32 61
32 62
32 63
32 66
32 67
32 69
32 71
32 72
32 75
32 77
32 78
32 84
32 89
32 91
32 92
32 93
32 95
32 96
32 98
33 36
33 39
33 40
33 41
33 43
33 45
33 46
33 47
33 49
33 60
33 61
33 62
33 67
33 68
33 70
33 71
33 72
33 73
33 75
33 82
33 83
33 84
33 86
33 88
33 93
33 96
33 99
34 42
34 43
34 47
34 50
34 52
34 56
34 57
34 59
34 60
34 61
34 62
34 63
34 69
34 70
34 74
34 75
34 83
34 87
34 89
34 90
34 91
34 92
34 93
34 98
35 36
35 37
35 39
35 40
35 41
35 42
35 46
35 50
35 51
35 52
35 54
35 57
35 59
35 62
35 65
35 66
35 68
35 69
35 71
35 72
35 77
35 78
35 79
35 80
35 83
35 84
35 86
35 87
35 90
35 93
35 95
35 97
35 99
36 41
36 45
36 46
36 51
36 52
36 55
36 56
36 60
36 61
36 62
36 63
36 65
36 66
36 67
36 71
36 72
36 75
36 77
36 81
36 83
36 84
36 85
36 86
36 87
36 89
36 91
36 95
36 97
36 99
37 39
37 40
37 44
37 46
37 47
37 48
37 51
37 52
37 53
37 56
37 58
37 61
37 63
37 64
37 67
37 68
37 74
37 78
37 82
37 84
37 86
37 88
37 90
37 92
37 93
37 96
37 97
38 40
38 41
38 46
38 48
38 49
38 50
38 55
38 56
38 60
38 62
38 64
38 65
38 66
38 68
38 72
38 75
38 76
38 78
38 79
38 81
38 83
38 85
38 86
38 87
38 90
38 91
38 92
38 93
38 96
38 98
39 40
39 41
39 43
39 48
39 51
39 52
39 53
39 54
39 55
39 57
39 59
39 61
39 62
39 64
39 65
39 67
39 69
39 70
39 73
39 75
39 79
39 82
39 83
39 86
39 89
39 90
39 91
39 92
39 97
40 41
40 42
40 44
40 45
40 49
40 50
40 51
40 52
40 56
40 57
40 59
40 60
40 64
40 65
40 68
40 69
40 70
40 71
40 72
40 78
40 81
40 83
40 85
40 86
40 87
40 88
40 89
40 90
40 91
40 92
40 93
40 96
40 97
40 98
40 99
41 42
41 43
41 44
41 45
41 48
41 50
41 52
41 54
41 55
41 56
41 59
41 61
41 63
41 64
41 66
41 70
41 71
41 73
41 74
41 76
41 77
41 78
41 81
41 83
41 86
41 87
41 89
41 94
41 95
41 96
41 99
42 43
42 45
42 47
42 49
42 51
42 55
42 57
42 58
42 59
42 60
42 63
42 64
42 68
42 70
42 73
42 76
42 78
42 80
42 86
42 90
42 91
42 92
42 93
42 94
42 96
42 99
43 48
43 49
43 50
43 52
43 53
43 54
43 55
43 56
43 57
43 58
43 60
43 61
43 62
43 63
43 65
43 66
43 67
43 68
43 69
43 72
43 73
43 74
43 75
43 77
43 78
43 79
43 81
43 82
43 84
43 85
43 88
43 89
43 90
43 91
43 92
43 95
43 96
43 97
43 99
44 46
44 47
44 48
44 49
44 50
44 51
44 53
44 54
44 55
44 56
44 58
44 60
44 61
44 63
44 64
44 68
44 72
44 73
44 74
44 75
44 78
44 80
44 82
44 83
44 84
44 88
44 93
44 95
44 99
45 46
45 47
45 50
45 53
45 54
45 56
45 58
45 59
45 60
45 62
45 64
45 65
45 66
45 68
45 69
45 71
45 72
45 73
45 74
45 75
45 77
45 85
45 86
45 87
45 88
45 91
45 92
45 94
45 96
45 98
45 99
46 48
46 49
46 50
46 54
46 56
46 57
46 59
46 60
46 61
46 62
46 63
46 64
46 65
46 66
46 69
46 70
46 75
46 78
46 81
46 82
46 83
46 84
46 86
46 88
46 90
46 94
46 95
46 97
46 98
46 99
47 48
47 49
47 54
47 55
47 57
47 62
47 63
47 65
47 67
47 70
47 71
47 75
47 76
47 78
47 79
47 81
47 82
47 83
47 84
47 86
47 87
47 88
47 89
47 90
47 91
47 92
47 93
47 94
47 95
47 96
47 99
48 49
48 52
48 53
48 54
48 55
48 56
48 57
48 59
48 64
48 66
48 68
48 69
48 70
48 71
48 75
48 76
48 78
48 79
48 81
48 82
48 85
48 87
48 88
48 90
48 96
48 98
49 50
49 52
49 55
49 56
49 58
49 59
49 64
49 65
49 67
49 70
49 72
49 73
49 74
49 77
49 78
49 79
49 83
49 84
49 85
49 86
49 91
49 92
49 93
49 96
49 98
50 53
50 54
50 58
50 59
50 62
50 63
50 64
50 65
50 66
50 67
50 70
50 74
50 75
50 77
50 82
50 84
50 86
50 88
50 89
50 90
50 92
50 94
50 97
51 55
51 56
51 57
51 61
51 63
51 67
51 68
51 70
51 72
51 73
51 75
51 76
51 78
51 79
51 80
51 83
51 84
51 85
51 90
51 93
51 96
51 99
52 59
52 65
52 66
52 67
52 68
52 69
52 70
52 73
52 74
52 76
52 77
52 78
52 79
52 85
52 86
52 90
52 91
52 92
52 95
52 96
52 97
53 54
53 56
53 57
53 58
53 60
53 61
53 62
53 64
53 65
53 66
53 68
53 70
53 71
53 72
53 73
53 76
53 79
53 80
53 81
53 85
53 86
53 87
53 88
53 91
53 93
53 94
53 95
54 56
54 58
54 59
54 60
54 61
54 64
54 65
54 66
54 67
54 68
54 70
54 74
54 75
54 76
54 77
54 78
54 81
54 82
54 83
54 88
54 90
54 93
54 94
54 96
54 97
54 98
54 99
55 58
55 59
55 60
55 61
55 62
55 63
55 65
55 67
55 68
55 70
55 71
55 72
55 74
55 75
55 79
55 80
55 81
55 83
55 84
55 85
55 86
55 90
55 91
55 92
55 93
55 94
55 95
55 98
55 99
56 57
56 60
56 61
56 62
56 63
56 64
56 65
56 66
56 67
56 68
56 70
56 71
56 73
56 76
56 77
56 78
56 84
56 87
56 91
56 92
56 93
56 94
56 96
56 97
56 98
56 99
57 58
57 60
57 61
57 65
57 66
57 67
57 68
57 70
57 72
57 76
57 77
57 78
57 80
57 82
57 84
57 85
57 87
57 88
57 89
57 91
57 95
57 97
58 65
58 66
58 68
58 70
58 71
58 72
58 73
58 75
58 76
58 78
58 79
58 80
58 81
58 85
58 86
58 88
58 97
59 61
59 68
59 69
59 70
59 74
59 76
59 77
59 78
59 79
59 80
59 81
59 82
59 83
59 84
59 86
59 87
59 88
59 91
59 93
59 94
59 95
59 97
60 63
60 65
60 68
60 69
60 73
60 76
60 78
60 87
60 92
60 94
60 95
60 96
60 98
60 99
61 67
61 69
61 71
61 72
61 74
61 76
61 80
61 81
61 84
61 87
61 91
61 94
62 64
62 66
62 67
62 69
62 70
62 71
62 72
62 73
62 74
62 75
62 76
62 77
62 79
62 81
62 82
62 83
62 84
62 85
62 86
62 88
62 89
62 90
62 93
62 95
62 96
62 97
62 98
63 64
63 65
63 67
63 71
63 72
63 74
63 75
63 76
63 78
63 82
63 86
63 93
63 96
63 97
63 99
64 65
64 67
64 69
64 70
64 71
64 72
64 74
64 80
64 83
64 90
64 96
64 98
65 68
65 71
65 72
65 74
65 75
65 80
65 81
65 82
65 84
65 86
65 87
65 89
65 91
65 92
65 93
65 95
65 96
65 98
66 67
66 68
66 69
66 71
66 73
66 76
66 82
66 83
66 86
66 89
66 91
66 93
66 94
66 95
66 97
66 98
66 99
67 71
67 72
67 73
67 74
67 77
67 79
67 81
67 85
67 88
67 90
67 91
67 92
67 94
67 95
67 96
67 97
67 98
68 70
68 71
68 72
68 74
68 75
68 76
68 77
68 80
68 82
68 83
68 88
68 89
68 92
68 93
68 95
68 96
68 97
68 98
69 71
69 72
69 74
69 77
69 79
69 80
69 82
69 83
69 85
69 87
69 90
69 92
69 93
69 94
69 95
69 96
69 98
69 99
70 72
70 74
70 78
70 80
70 83
70 84
70 86
70 88
70 90
70 93
70 94
70 95
70 98
71 74
71 77
71 78
71 79
71 80
71 87
71 88
71 89
71 90
71 94
71 97
71 99
72 76
72 78
72 79
72 82
72 83
72 85
72 86
72 88
72 89
72 90
72 91
72 92
72 93
72 94
72 98
72 99
73 74
73 75
73 80
73 84
73 85
73 86
73 87
73 90
73 91
73 92
73 94
73 95
73 96
73 97
73 98
74 76
74 80
74 84
74 90
74 91
74 92
74 96
74 97
74 98
75 77
75 81
75 82
75 84
75 86
75 87
75 88
75 90
75 91
75 96
75 97
75 99
76 78
76 79
76 80
76 81
76 83
76 84
76 86
76 89
76 91
76 93
76 95
76 97
76 98
76 99
77 78
77 81
77 84
77 86
77 89
77 90
77 91
77 96
77 98
78 79
78 80
78 81
78 83
78 84
78 86
78 87
78 88
78 89
78 90
78 91
78 92
78 93
78 96
78 97
78 98
79 80
79 81
79 84
79 89
79 90
79 91
79 97
79 98
79 99
80 81
80 83
80 84
80 85
80 87
80 88
80 91
80 92
80 94
80 96
80 97
80 99
81 84
81 85
81 89
81 90
81 91
81 92
81 94
81 96
81 97
82 83
82 84
82 86
82 88
82 89
82 91
82 96
82 98
83 85
83 87
83 90
83 91
83 94
83 98
84 87
84 89
84 91
84 93
85 86
85 88
85 90
85 91
85 92
85 96
85 97
86 87
86 92
86 93
86 94
86 96
86 97
86 99
87 88
87 89
87 90
87 91
87 92
87 94
87 95
87 98
87 99
88 89
88 91
88 92
88 93
88 94
88 98
88 99
89 92
89 95
89 97
89 98
89 99
90 94
90 96
90 99
91 92
91 94
91 97
91 98
91 99
92 94
92 95
92 99
93 94
93 96
93 98
94 95
94 99
95 96
95 99
96 97
96 98
97 99
98 99
