0 4
0 9
0 11
0 12
0 13
0 18
0 20
0 22
0 25
0 27
0 28
0 29
0 30
0 32
0 34
0 36
0 37
0 40
0 45
0 50
0 51
0 52
0 53
0 56
0 59
0 61
0 63
0 66
0 67
0 70
0 71
0 73
0 76
0 77
0 79
0 81
0 82
0 85
0 87
0 91
0 94
0 95
0 99
1 3
1 4
1 6
1 7
1 8
1 10
1 13
1 14
1 15
1 17
1 18
1 19
1 20
1 21
1 22
1 23
1 24
1 27
1 30
1 31
1 33
1 35
1 36
1 37
1 39
1 40
1 41
1 42
1 44
1 45
1 46
1 51
1 52
1 54
1 56
1 60
1 61
1 64
1 66
1 67
1 70
1 73
1 74
1 77
1 78
1 79
1 81
1 84
1 86
1 88
1 89
1 91
1 92
1 93
1 98
2 3
2 4
2 5
2 6
2 8
2 10
2 11
2 13
2 14
2 17
2 19
2 20
2 21
2 26
2 28
2 30
2 36
2 38
2 43
2 45
2 46
2 48
2 50
2 51
2 53
2 55
2 58
2 59
2 60
2 61
2 65
2 66
2 68
2 71
2 73
2 74
2 75
2 76
2 77
2 79
2 83
2 84
2 86
2 91
2 95
2 96
2 98
2 99
3 4
3 5
3 7
3 9
3 10
3 13
3 15
3 17
3 19
3 20
3 25
3 29
3 32
3 34
3 40
3 44
3 46
3 48
3 49
3 50
3 55
3 59
3 60
3 61
3 63
3 65
3 69
3 70
3 73
3 77
3 80
3 82
3 83
3 85
3 89
3 92
3 93
3 99
4 6
4 7
4 8
4 9
4 13
4 14
4 17
4 19
4 20
4 22
4 23
4 24
4 25
4 26
4 27
4 28
4 29
4 30
4 32
4 33
4 34
4 35
4 37
4 39
4 41
4 42
4 43
4 45
4 49
4 52
4 53
4 54
4 55
4 58
4 59
4 61
4 62
4 63
4 64
4 65
4 66
4 68
4 69
4 71
4 72
4 75
4 76
4 77
4 78
4 81
4 82
4 87
4 89
4 91
4 92
4 94
4 96
4 99
5 6
5 7
5 8
5 13
5 14
5 15
5 16
5 19
5 21
5 22
5 23
5 24
5 26
5 27
5 30
5 31
5 34
5 35
5 36
5 41
5 42
5 47
5 49
5 50
5 52
5 54
5 55
5 57
5 61
5 63
5 64
5 67
5 69
5 72
5 73
5 74
5 79
5 82
5 83
5 85
5 86
5 92
5 93
5 94
5 96
5 98
5 99
6 9
6 11
6 13
6 17
6 18
6 20
6 22
6 23
6 24
6 25
6 28
6 29
6 30
6 31
6 33
6 34
6 35
6 36
6 37
6 38
6 39
6 40
6 44
6 45
6 49
6 51
6 53
6 54
6 56
6 58
6 59
6 61
6 63
6 64
6 66
6 67
6 71
6 72
6 73
6 77
6 78
6 81
6 85
6 86
6 90
6 91
6 92
6 94
6 95
6 97
6 98
7 8
7 9
7 17
7 21
7 32
7 33
7 39
7 41
7 45
7 46
7 47
7 51
7 55
7 57
7 58
7 61
7 62
7 64
7 65
7 66
7 67
7 70
7 71
7 73
7 74
7 75
7 77
7 79
7 81
7 85
7 86
7 87
7 88
7 89
7 93
7 94
7 95
7 97
7 98
8 10
8 15
8 17
8 20
8 21
8 23
8 24
8 26
8 27
8 30
8 32
8 34
8 35
8 39
8 43
8 46
8 47
8 48
8 49
8 52
8 53
8 56
8 57
8 58
8 60
8 61
8 63
8 64
8 65
8 66
8 67
8 69
8 70
8 72
8 73
8 74
8 76
8 82
8 83
8 85
8 88
8 89
8 91
8 92
8 95
8 96
8 98
9 10
9 17
9 18
9 23
9 25
9 26
9 28
9 32
9 35
9 36
9 37
9 38
9 41
9 46
9 47
9 48
9 49
9 50
9 51
9 53
9 54
9 57
9 60
9 61
9 65
9 66
9 68
9 71
9 72
9 73
9 74
9 80
9 84
9 86
9 88
9 89
9 91
9 93
9 96
9 97
10 12
10 14
10 18
10 19
10 21
10 23
10 25
10 28
10 29
10 32
10 36
10 38
10 42
10 43
10 44
10 45
10 48
10 50
10 51
10 52
10 54
10 56
10 57
10 58
10 59
10 61
10 63
10 65
10 69
10 74
10 82
10 85
10 86
10 87
10 88
10 90
10 91
10 92
10 93
10 94
10 97
10 98
10 99
11 13
11 14
11 16
11 17
11 23
11 25
11 27
11 29
11 33
11 35
11 36
11 38
11 40
11 41
11 42
11 43
11 45
11 48
11 54
11 55
11 56
11 57
11 58
11 60
11 64
11 65
11 68
11 69
11 71
11 72
11 73
11 74
11 78
11 79
11 81
11 82
11 86
11 89
11 92
11 95
11 98
12 15
12 16
12 17
12 19
12 21
12 22
12 23
12 24
12 27
12 28
12 34
12 37
12 38
12 41
12 43
12 45
12 46
12 48
12 49
12 57
12 59
12 60
12 61
12 65
12 66
12 70
12 71
12 74
12 75
12 77
12 78
12 79
12 80
12 81
12 82
12 89
12 90
12 92
12 97
12 98
12 99
13 14
13 16
13 17
13 24
13 31
13 34
13 35
13 38
13 39
13 40
13 41
13 43
13 44
13 46
13 47
13 48
13 49
13 50
13 51
13 54
13 60
13 63
13 64
13 67
13 69
13 71
13 73
13 74
13 76
13 77
13 82
13 83
13 84
13 85
13 86
13 87
13 90
13 92
13 93
13 96
13 98
13 99
14 15
14 16
14 17
14 18
14 19
14 20
14 21
14 29
14 30
14 31
14 32
14 33
14 34
14 35
14 37
14 39
14 43
14 44
14 45
14 46
14 49
14 50
14 51
14 55
14 57
14 58
14 59
14 64
14 65
14 66
14 70
14 71
14 73
14 77
14 78
14 83
14 87
14 89
14 94
14 96
14 97
15 16
15 18
15 19
15 20
15 24
15 26
15 29
15 32
15 35
15 36
15 37
15 38
15 39
15 40
15 44
15 45
15 48
15 52
15 53
15 56
15 57
15 58
15 61
15 62
15 63
15 64
15 65
15 66
15 67
15 68
15 69
15 72
15 73
15 76
15 77
15 82
15 83
15 85
15 86
15 89
15 90
15 91
15 92
15 94
15 96
15 98
16 17
16 18
16 19
16 20
16 21
16 22
16 23
16 25
16 26
16 27
16 28
16 32
16 36
16 38
16 41
16 43
16 45
16 46
16 47
16 48
16 58
16 59
16 60
16 61
16 62
16 63
16 64
16 66
16 67
16 69
16 71
16 72
16 77
16 80
16 81
16 85
16 86
16 87
16 89
16 92
16 93
16 97
16 98
16 99
17 19
17 20
17 21
17 22
17 24
17 28
17 29
17 30
17 32
17 33
17 36
17 38
17 39
17 41
17 42
17 46
17 47
17 48
17 50
17 51
17 52
17 56
17 60
17 61
17 62
17 64
17 65
17 67
17 68
17 70
17 72
17 73
17 78
17 80
17 81
17 82
17 87
17 89
17 91
17 94
17 95
17 98
18 19
18 20
18 21
18 24
18 25
18 26
18 27
18 31
18 32
18 34
18 35
18 36
18 38
18 39
18 40
18 41
18 42
18 43
18 47
18 48
18 49
18 51
18 53
18 55
18 60
18 63
18 65
18 66
18 68
18 69
18 72
18 75
18 79
18 80
18 81
18 82
18 83
18 84
18 85
18 88
18 90
18 92
18 93
18 94
18 97
19 22
19 24
19 27
19 28
19 30
19 32
19 34
19 38
19 39
19 40
19 41
19 42
19 43
19 47
19 48
19 49
19 51
19 52
19 55
19 56
19 58
19 59
19 62
19 65
19 71
19 73
19 78
19 79
19 81
19 82
19 83
19 85
19 86
19 88
19 91
19 94
19 97
19 98
19 99
20 21
20 25
20 26
20 28
20 29
20 30
20 31
20 39
20 40
20 41
20 46
20 47
20 48
20 49
20 50
20 53
20 56
20 58
20 61
20 62
20 63
20 66
20 67
20 69
20 71
20 72
20 74
20 75
20 77
20 78
20 80
20 82
20 83
20 84
20 85
20 87
20 89
20 97
20 99
21 23
21 25
21 26
21 27
21 28
21 29
21 30
21 32
21 34
21 35
21 38
21 40
21 42
21 44
21 45
21 46
21 47
21 48
21 49
21 50
21 51
21 52
21 54
21 59
21 60
21 64
21 66
21 69
21 70
21 72
21 74
21 76
21 78
21 81
21 82
21 86
21 89
21 90
21 92
22 23
22 25
22 26
22 29
22 31
22 33
22 34
22 36
22 38
22 46
22 49
22 52
22 53
22 54
22 59
22 60
22 62
22 67
22 68
22 70
22 73
22 78
22 80
22 81
22 84
22 86
22 88
22 89
22 90
22 92
22 94
22 95
22 96
22 97
22 99
23 24
23 25
23 27
23 30
23 32
23 35
23 40
23 41
23 42
23 44
23 45
23 47
23 51
23 53
23 54
23 59
23 60
23 61
23 64
23 65
23 70
23 72
23 73
23 74
23 75
23 78
23 80
23 83
23 84
23 86
23 88
23 90
23 91
23 92
23 94
23 95
23 97
24 30
24 31
24 33
24 36
24 37
24 39
24 43
24 44
24 45
24 47
24 48
24 50
24 53
24 54
24 56
24 58
24 59
24 62
24 65
24 69
24 75
24 77
24 78
24 80
24 81
24 83
24 84
24 88
24 93
24 95
24 97
24 98
24 99
25 26
25 28
25 29
25 30
25 32
25 36
25 37
25 38
25 39
25 44
25 45
25 48
25 49
25 53
25 54
25 56
25 58
25 60
25 61
25 63
25 66
25 67
25 68
25 73
25 74
25 75
25 76
25 77
25 78
25 79
25 81
25 83
25 84
25 86
25 87
25 88
25 90
25 91
25 95
26 27
26 33
26 34
26 36
26 37
26 40
26 42
26 44
26 46
26 47
26 48
26 49
26 50
26 52
26 53
26 57
26 59
26 61
26 65
26 68
26 69
26 70
26 71
26 73
26 76
26 80
26 84
26 85
26 88
26 92
26 96
27 28
27 29
27 30
27 31
27 32
27 33
27 34
27 35
27 40
27 43
27 44
27 47
27 49
27 50
27 52
27 53
27 56
27 58
27 60
27 62
27 63
27 64
27 65
27 67
27 68
27 71
27 73
27 74
27 75
27 76
27 77
27 78
27 79
27 80
27 82
27 84
27 87
27 88
27 91
27 93
27 95
27 97
27 99
28 29
28 30
28 31
28 32
28 33
28 35
28 38
28 41
28 43
28 45
28 48
28 49
28 50
28 51
28 57
28 59
28 62
28 64
28 67
28 68
28 69
28 70
28 71
28 72
28 73
28 74
28 75
28 78
28 83
28 84
28 89
28 96
28 97
28 98
28 99
29 30
29 34
29 35
29 36
29 37
29 39
29 41
29 42
29 43
29 48
29 49
29 53
29 54
29 57
29 60
29 62
29 63
29 67
29 68
29 69
29 72
29 73
29 74
29 76
29 78
29 80
29 81
29 82
29 88
29 92
29 95
29 97
30 33
30 35
30 38
30 39
30 42
30 46
30 47
30 49
30 50
30 57
30 60
30 61
30 63
30 70
30 75
30 76
30 80
30 82
30 83
30 85
30 86
30 87
30 88
30 91
30 92
30 95
30 97
30 98
30 99
31 32
31 39
31 40
31 41
31 42
31 47
31 49
31 50
31 52
31 54
31 55
31 56
31 61
31 62
31 63
31 64
31 67
31 69
31 75
31 78
31 79
31 80
31 87
31 89
31 90
31 92
31 93
31 94
31 95
32 34
32 37
32 38
32 45
32 47
32 49
32 51
32 53
32 54
32 56
32 59
32 60
32 61
32 62
32 63
32 64
32 65
32 66
32 67
32 68
32 69
32 70
32 71
32 74
32 78
32 79
32 81
32 84
32 85
32 90
32 93
32 94
32 95
32 96
32 97
32 99
33 34
33 37
33 40
33 41
33 42
33 44
33 45
33 47
33 48
33 49
33 56
33 57
33 59
33 62
33 65
33 69
33 74
33 80
33 81
33 83
33 85
33 90
33 92
33 93
33 96
33 99
34 35
34 36
34 40
34 41
34 42
34 44
34 45
34 48
34 51
34 53
34 57
34 58
34 59
34 62
34 63
34 64
34 65
34 66
34 69
34 71
34 73
34 74
34 75
34 78
34 80
34 83
34 84
34 85
34 88
34 90
34 91
34 92
34 93
34 94
34 95
34 96
34 98
35 37
35 38
35 39
35 40
35 42
35 43
35 44
35 45
35 46
35 47
35 51
35 54
35 55
35 57
35 58
35 60
35 67
35 71
35 72
35 76
35 77
35 82
35 84
35 88
35 89
35 90
35 92
35 93
35 94
35 96
35 98
36 37
36 42
36 43
36 45
36 46
36 50
36 51
36 52
36 53
36 54
36 55
36 57
36 61
36 62
36 63
36 66
36 68
36 70
36 72
36 73
36 76
36 77
36 80
36 82
36 83
36 86
36 94
36 96
37 38
37 40
37 43
37 49
37 50
37 52
37 54
37 55
37 56
37 57
37 58
37 59
37 61
37 63
37 65
37 66
37 68
37 69
37 70
37 73
37 75
37 76
37 81
37 82
37 83
37 84
37 85
37 86
37 87
37 89
37 92
37 95
37 97
37 98
38 39
38 40
38 46
38 49
38 50
38 51
38 53
38 54
38 60
38 61
38 63
38 64
38 65
38 67
38 68
38 70
38 71
38 74
38 78
38 79
38 81
38 82
38 83
38 84
38 85
38 88
38 89
38 90
38 91
38 93
38 95
38 97
38 98
38 99
39 40
39 42
39 47
39 48
39 49
39 50
39 52
39 53
39 54
39 55
39 56
39 57
39 58
39 60
39 62
39 63
39 64
39 66
39 69
39 70
39 75
39 77
39 78
39 82
39 83
39 87
39 89
39 95
39 96
39 97
39 99
40 41
40 42
40 43
40 47
40 48
40 49
40 51
40 52
40 53
40 58
40 59
40 64
40 67
40 68
40 69
40 70
40 74
40 76
40 79
40 81
40 82
40 84
40 87
40 88
40 90
40 92
40 93
40 94
40 95
40 96
40 98
41 43
41 44
41 47
41 49
41 52
41 54
41 55
41 60
41 62
41 64
41 65
41 69
41 71
41 72
41 74
41 78
41 80
41 82
41 85
41 87
41 89
41 91
41 93
41 95
41 96
41 97
41 99
42 46
42 48
42 50
42 52
42 54
42 55
42 58
42 59
42 61
42 64
42 65
42 69
42 72
42 74
42 75
42 76
42 78
42 80
42 81
42 82
42 86
42 87
42 88
42 89
42 90
42 92
42 97
42 99
43 44
43 46
43 50
43 51
43 52
43 54
43 56
43 57
43 58
43 59
43 60
43 61
43 62
43 63
43 65
43 66
43 67
43 68
43 69
43 70
43 71
43 72
43 73
43 77
43 78
43 80
43 81
43 83
43 85
43 86
43 87
43 89
43 91
43 92
43 93
43 94
43 95
43 98
43 99
44 46
44 49
44 50
44 62
44 64
44 66
44 70
44 74
44 76
44 77
44 81
44 83
44 84
44 85
44 88
44 90
44 91
44 93
44 94
44 95
44 97
44 98
45 47
45 49
45 50
45 51
45 53
45 57
45 58
45 59
45 60
45 62
45 63
45 68
45 70
45 73
45 74
45 80
45 81
45 82
45 84
45 85
45 87
45 88
45 89
45 91
45 93
45 94
45 98
46 47
46 48
46 49
46 50
46 51
46 54
46 56
46 57
46 58
46 59
46 62
46 63
46 64
46 65
46 68
46 69
46 70
46 71
46 74
46 76
46 79
46 80
46 83
46 84
46 88
46 89
46 90
46 91
46 92
46 94
46 95
46 96
46 98
46 99
47 49
47 50
47 54
47 56
47 58
47 60
47 61
47 62
47 64
47 65
47 66
47 69
47 70
47 73
47 74
47 75
47 81
47 82
47 83
47 84
47 87
47 91
47 93
47 97
47 98
47 99
48 49
48 50
48 55
48 56
48 59
48 60
48 61
48 62
48 67
48 68
48 69
48 70
48 73
48 75
48 76
48 77
48 80
48 82
48 83
48 88
48 92
48 96
48 98
48 99
49 51
49 53
49 54
49 56
49 62
49 65
49 68
49 69
49 70
49 72
49 73
49 76
49 80
49 81
49 82
49 83
49 84
49 85
49 86
49 88
49 90
49 92
49 94
49 95
49 96
49 97
49 98
49 99
50 51
50 54
50 57
50 58
50 60
50 63
50 67
50 69
50 70
50 72
50 75
50 76
50 78
50 83
50 84
50 85
50 86
50 88
50 90
50 92
50 93
50 95
50 99
51 53
51 56
51 58
51 59
51 60
51 62
51 63
51 64
51 70
51 71
51 75
51 78
51 79
51 84
51 85
51 87
51 88
51 90
51 92
51 93
51 94
51 95
51 96
51 97
52 53
52 54
52 56
52 57
52 58
52 60
52 61
52 63
52 64
52 65
52 66
52 68
52 69
52 72
52 78
52 82
52 83
52 84
52 86
52 88
52 89
52 90
52 91
52 93
52 94
52 96
52 98
53 54
53 57
53 61
53 65
53 68
53 69
53 70
53 75
53 76
53 77
53 78
53 79
53 80
53 84
53 86
53 87
53 88
53 89
53 90
53 93
53 94
53 95
53 99
54 57
54 59
54 65
54 66
54 67
54 68
54 70
54 74
54 76
54 79
54 80
54 82
54 84
54 85
54 87
54 88
54 95
54 96
55 57
55 62
55 63
55 64
55 65
55 66
55 68
55 70
55 71
55 72
55 73
55 74
55 76
55 78
55 80
55 81
55 84
55 87
55 88
55 90
55 94
55 95
55 97
55 98
55 99
56 65
56 66
56 67
56 71
56 72
56 73
56 75
56 79
56 83
56 84
56 85
56 86
56 87
56 89
56 92
56 93
56 97
56 98
57 58
57 59
57 61
57 62
57 66
57 68
57 74
57 75
57 77
57 78
57 79
57 83
57 84
57 88
57 89
57 90
57 91
57 94
57 96
57 97
58 61
58 62
58 63
58 64
58 66
58 67
58 68
58 70
58 72
58 74
58 76
58 79
58 81
58 84
58 85
58 88
58 89
58 90
58 91
58 93
58 96
58 99
59 60
59 61
59 62
59 64
59 65
59 66
59 68
59 69
59 73
59 75
59 78
59 80
59 87
59 90
59 91
59 93
59 96
60 61
60 64
60 65
60 66
60 68
60 69
60 70
60 71
60 72
60 73
60 74
60 76
60 77
60 78
60 79
60 83
60 85
60 87
60 89
60 95
60 96
60 99
61 63
61 66
61 67
61 69
61 71
61 72
61 73
61 74
61 76
61 77
61 79
61 80
61 84
61 85
61 86
61 87
61 89
61 96
62 64
62 67
62 68
62 70
62 73
62 75
62 76
62 79
62 80
62 82
62 84
62 86
62 87
62 88
62 89
62 91
62 92
62 94
62 95
62 96
62 97
62 98
63 64
63 68
63 70
63 72
63 73
63 78
63 80
63 81
63 82
63 83
63 84
63 86
63 89
63 90
63 96
63 97
64 65
64 67
64 68
64 70
64 71
64 73
64 74
64 76
64 77
64 78
64 81
64 87
64 89
64 97
65 66
65 67
65 68
65 70
65 71
65 72
65 73
65 77
65 78
65 83
65 85
65 87
65 88
65 89
65 90
65 92
65 94
65 96
66 67
66 68
66 69
66 70
66 71
66 72
66 77
66 78
66 79
66 81
66 84
66 86
66 87
66 88
66 89
66 90
66 91
66 93
66 94
66 95
66 96
66 97
66 99
67 69
67 73
67 75
67 78
67 79
67 80
67 81
67 83
67 84
67 86
67 89
67 93
67 94
67 96
67 98
68 70
68 71
68 72
68 79
68 80
68 82
68 84
68 85
68 87
68 89
68 90
68 91
68 93
68 96
69 72
69 74
69 76
69 77
69 78
69 79
69 81
69 82
69 83
69 84
69 85
69 89
69 94
69 97
70 72
70 74
70 75
70 77
70 80
70 82
70 84
70 90
70 91
70 92
70 93
70 94
70 95
70 98
71 72
71 74
71 77
71 78
71 81
71 82
71 83
71 84
71 85
71 90
71 92
71 93
71 94
71 95
71 97
71 98
71 99
72 73
72 74
72 78
72 81
72 82
72 84
72 86
72 89
72 93
72 94
72 95
72 96
72 99
73 75
73 76
73 78
73 79
73 82
73 85
73 86
73 88
73 89
73 92
73 93
73 94
73 95
73 97
73 99
74 78
74 81
74 86
74 88
74 90
74 92
74 96
74 97
74 99
75 80
75 81
75 89
75 91
75 92
75 95
75 96
75 98
75 99
76 79
76 80
76 82
76 85
76 87
76 89
76 91
76 92
76 93
76 95
76 98
76 99
77 78
77 83
77 84
77 90
77 91
77 93
77 95
77 97
78 79
78 81
78 82
78 85
78 87
78 88
78 89
78 90
78 94
78 96
78 97
78 98
79 81
79 82
79 83
79 84
79 87
79 88
79 89
79 90
79 91
79 94
79 95
79 98
79 99
80 81
80 85
80 90
80 91
80 92
80 93
80 95
80 98
80 99
81 83
81 84
81 86
81 88
81 94
81 95
81 98
81 99
82 83
82 84
82 86
82 87
82 88
82 89
82 92
82 93
82 94
82 95
82 96
82 97
82 98
82 99
83 85
83 86
83 91
83 92
83 93
83 94
83 95
83 96
83 98
83 99
84 85
84 87
84 90
84 94
84 95
84 96
84 98
84 99
85 86
85 87
85 89
85 90
85 91
85 92
85 93
85 95
85 98
86 87
86 92
86 96
86 97
87 90
87 91
87 92
87 94
87 95
87 97
87 98
87 99
88 93
89 90
89 91
89 93
89 94
89 95
89 96
90 91
90 93
90 95
90 97
90 98
91 92
91 93
91 96
91 99
92 93
92 94
92 98
92 99
93 94
93 95
93 97
93 99
94 96
94 98
95 98
95 99
96 98
97 99
98 99
