0 1
0 2
0 4
0 6
0 9
0 10
0 11
0 12
0 14
0 15
0 16
0 18
0 22
0 23
0 24
0 25
0 26
0 27
0 29
0 30
0 31
0 32
0 35
0 37
0 38
0 41
0 42
0 43
0 46
0 47
0 48
0 50
0 52
0 54
0 56
0 57
0 58
0 59
0 63
0 65
0 66
0 67
0 70
0 72
0 73
0 76
0 77
0 79
0 80
0 84
0 85
0 87
0 88
0 92
0 93
0 94
0 95
0 96
0 97
1 2
1 3
1 4
1 5
1 7
1 9
1 12
1 13
1 16
1 17
1 18
1 19
1 20
1 22
1 23
1 24
1 25
1 26
1 27
1 28
1 29
1 30
1 31
1 33
1 34
1 37
1 38
1 40
1 41
1 43
1 45
1 46
1 48
1 49
1 50
1 52
1 53
1 55
1 56
1 57
1 59
1 60
1 63
1 64
1 66
1 67
1 68
1 69
1 70
1 71
1 74
1 75
1 76
1 78
1 79
1 80
1 81
1 82
1 84
1 87
1 89
1 93
1 94
1 96
1 97
1 98
1 99
2 3
2 5
2 6
2 8
2 9
2 11
2 15
2 17
2 18
2 19
2 22
2 23
2 24
2 25
2 26
2 28
2 30
2 31
2 33
2 34
2 36
2 38
2 40
2 41
2 44
2 46
2 47
2 48
2 50
2 52
2 54
2 55
2 56
2 57
2 58
2 59
2 60
2 62
2 63
2 64
2 65
2 67
2 69
2 71
2 74
2 75
2 76
2 77
2 80
2 82
2 83
2 84
2 85
2 88
2 89
2 90
2 93
2 94
2 96
2 98
2 99
3 4
3 6
3 7
3 9
3 10
3 12
3 13
3 14
3 15
3 17
3 20
3 21
3 22
3 23
3 24
3 26
3 27
3 28
3 30
3 31
3 32
3 34
3 35
3 36
3 37
3 38
3 39
3 40
3 41
3 43
3 44
3 46
3 48
3 50
3 51
3 52
3 54
3 58
3 59
3 60
3 64
3 65
3 66
3 67
3 69
3 70
3 74
3 75
3 77
3 84
3 85
3 89
3 90
3 93
3 94
3 96
3 97
4 5
4 6
4 7
4 9
4 10
4 12
4 14
4 15
4 18
4 19
4 20
4 21
4 23
4 24
4 26
4 29
4 30
4 31
4 35
4 37
4 38
4 39
4 40
4 41
4 43
4 44
4 45
4 47
4 48
4 50
4 51
4 53
4 55
4 56
4 58
4 60
4 63
4 64
4 65
4 69
4 70
4 71
4 73
4 74
4 75
4 76
4 79
4 80
4 81
4 82
4 84
4 85
4 88
4 89
4 90
4 91
4 93
4 95
4 97
4 99
5 6
5 8
5 10
5 11
5 12
5 14
5 17
5 18
5 22
5 23
5 24
5 27
5 28
5 29
5 30
5 31
5 35
5 36
5 37
5 40
5 43
5 44
5 47
5 48
5 49
5 50
5 51
5 55
5 58
5 59
5 60
5 61
5 62
5 63
5 64
5 66
5 68
5 69
5 70
5 71
5 72
5 74
5 76
5 78
5 82
5 83
5 85
5 88
5 92
5 93
5 94
5 96
5 98
5 99
6 8
6 10
6 11
6 12
6 13
6 14
6 16
6 17
6 18
6 19
6 20
6 21
6 24
6 25
6 26
6 30
6 31
6 32
6 34
6 35
6 36
6 37
6 39
6 40
6 41
6 43
6 44
6 45
6 47
6 49
6 50
6 53
6 55
6 56
6 60
6 62
6 63
6 64
6 65
6 66
6 67
6 68
6 71
6 72
6 73
6 74
6 75
6 77
6 78
6 82
6 83
6 87
6 88
6 92
6 93
6 95
6 96
6 97
6 99
7 8
7 10
7 11
7 12
7 13
7 14
7 16
7 17
7 21
7 22
7 23
7 24
7 25
7 29
7 30
7 34
7 35
7 36
7 37
7 38
7 39
7 42
7 43
7 45
7 46
7 48
7 50
7 52
7 53
7 55
7 56
7 59
7 60
7 61
7 63
7 64
7 65
7 69
7 71
7 72
7 74
7 76
7 78
7 80
7 81
7 82
7 85
7 88
7 89
7 90
7 91
7 93
7 94
7 95
7 96
8 9
8 10
8 11
8 13
8 17
8 19
8 21
8 22
8 23
8 24
8 25
8 26
8 27
8 28
8 29
8 30
8 31
8 32
8 34
8 35
8 36
8 37
8 39
8 42
8 43
8 44
8 45
8 46
8 48
8 55
8 56
8 57
8 58
8 59
8 61
8 62
8 63
8 64
8 66
8 67
8 68
8 69
8 70
8 71
8 74
8 75
8 76
8 77
8 78
8 79
8 81
8 82
8 83
8 84
8 86
8 89
8 91
8 92
8 95
8 96
8 97
8 99
9 10
9 11
9 12
9 13
9 14
9 15
9 16
9 20
9 21
9 22
9 23
9 24
9 26
9 29
9 30
9 31
9 33
9 34
9 37
9 38
9 39
9 40
9 41
9 42
9 43
9 44
9 45
9 46
9 48
9 49
9 50
9 51
9 52
9 53
9 55
9 59
9 63
9 64
9 65
9 67
9 68
9 69
9 70
9 71
9 73
9 75
9 76
9 77
9 79
9 80
9 81
9 82
9 84
9 86
9 89
9 90
9 91
9 92
9 94
9 95
9 97
9 98
10 15
10 16
10 18
10 25
10 27
10 28
10 30
10 31
10 32
10 33
10 35
10 37
10 38
10 39
10 41
10 44
10 45
10 46
10 49
10 51
10 53
10 54
10 56
10 57
10 58
10 59
10 61
10 62
10 65
10 69
10 72
10 75
10 77
10 80
10 81
10 82
10 85
10 86
10 89
10 91
10 92
10 94
10 95
10 96
10 98
10 99
11 13
11 14
11 15
11 18
11 19
11 22
11 23
11 24
11 26
11 28
11 31
11 33
11 34
11 35
11 38
11 39
11 40
11 41
11 43
11 44
11 48
11 50
11 52
11 53
11 54
11 55
11 57
11 61
11 62
11 63
11 66
11 67
11 68
11 69
11 70
11 71
11 74
11 75
11 77
11 80
11 83
11 85
11 86
11 87
11 88
11 89
11 92
11 94
11 96
11 98
11 99
12 13
12 14
12 18
12 19
12 20
12 21
12 22
12 24
12 25
12 27
12 28
12 29
12 31
12 32
12 33
12 34
12 35
12 36
12 37
12 39
12 41
12 42
12 43
12 48
12 50
12 51
12 52
12 53
12 58
12 59
12 60
12 62
12 63
12 64
12 66
12 67
12 69
12 70
12 71
12 73
12 75
12 84
12 87
12 88
12 89
12 93
12 94
12 95
12 96
12 99
13 14
13 15
13 16
13 18
13 19
13 21
13 23
13 24
13 25
13 28
13 29
13 30
13 31
13 33
13 34
13 35
13 36
13 37
13 38
13 41
13 43
13 45
13 46
13 47
13 51
13 52
13 53
13 54
13 56
13 57
13 59
13 60
13 61
13 62
13 63
13 64
13 65
13 66
13 67
13 68
13 69
13 70
13 71
13 73
13 74
13 76
13 77
13 79
13 80
13 81
13 82
13 84
13 86
13 87
13 88
13 89
13 93
13 95
13 97
13 98
14 15
14 16
14 18
14 19
14 21
14 22
14 26
14 27
14 29
14 30
14 31
14 32
14 35
14 38
14 39
14 40
14 41
14 42
14 44
14 47
14 49
14 51
14 53
14 54
14 55
14 58
14 59
14 60
14 61
14 65
14 67
14 73
14 78
14 80
14 81
14 82
14 83
14 85
14 87
14 88
14 89
14 90
14 92
14 95
14 97
14 98
14 99
15 17
15 18
15 19
15 21
15 22
15 25
15 26
15 27
15 29
15 31
15 33
15 36
15 37
15 38
15 39
15 47
15 48
15 50
15 51
15 52
15 53
15 54
15 55
15 56
15 60
15 62
15 64
15 66
15 68
15 69
15 70
15 71
15 72
15 73
15 75
15 76
15 77
15 78
15 81
15 82
15 84
15 85
15 89
15 91
15 93
15 94
15 95
15 96
15 97
15 98
16 18
16 19
16 20
16 21
16 22
16 23
16 24
16 26
16 27
16 30
16 31
16 32
16 33
16 35
16 36
16 39
16 41
16 42
16 45
16 46
16 48
16 49
16 50
16 51
16 53
16 54
16 58
16 59
16 60
16 61
16 65
16 67
16 68
16 69
16 75
16 76
16 79
16 80
16 81
16 84
16 85
16 86
16 89
16 90
16 93
16 96
16 97
16 98
16 99
17 18
17 19
17 20
17 23
17 26
17 28
17 29
17 33
17 37
17 38
17 40
17 41
17 43
17 45
17 46
17 49
17 50
17 52
17 55
17 57
17 60
17 61
17 63
17 64
17 65
17 67
17 68
17 69
17 74
17 75
17 76
17 77
17 79
17 80
17 82
17 83
17 84
17 90
17 94
17 96
17 97
17 99
18 19
18 20
18 21
18 26
18 27
18 28
18 31
18 33
18 35
18 38
18 39
18 40
18 42
18 44
18 45
18 47
18 49
18 51
18 52
18 54
18 55
18 57
18 58
18 59
18 60
18 61
18 62
18 63
18 65
18 67
18 69
18 70
18 71
18 72
18 73
18 74
18 75
18 78
18 81
18 83
18 84
18 86
18 90
18 92
18 93
18 94
18 95
18 96
18 98
18 99
19 20
19 21
19 22
19 24
19 25
19 27
19 28
19 33
19 34
19 35
19 37
19 38
19 39
19 41
19 44
19 46
19 47
19 48
19 51
19 52
19 53
19 54
19 55
19 56
19 58
19 60
19 61
19 62
19 68
19 79
19 81
19 84
19 85
19 88
19 93
19 94
19 96
19 98
19 99
20 21
20 24
20 25
20 27
20 28
20 29
20 30
20 31
20 32
20 34
20 35
20 36
20 37
20 38
20 41
20 42
20 43
20 44
20 46
20 51
20 53
20 54
20 56
20 59
20 60
20 61
20 63
20 64
20 65
20 67
20 69
20 70
20 72
20 73
20 75
20 77
20 78
20 79
20 81
20 82
20 84
20 85
20 87
20 88
20 92
20 94
20 95
20 96
20 97
20 98
20 99
21 22
21 23
21 27
21 28
21 29
21 31
21 32
21 33
21 36
21 37
21 42
21 46
21 47
21 49
21 50
21 56
21 58
21 59
21 60
21 61
21 63
21 64
21 65
21 66
21 74
21 76
21 77
21 79
21 82
21 83
21 86
21 89
21 90
21 94
21 99
22 23
22 24
22 25
22 28
22 29
22 30
22 32
22 33
22 35
22 36
22 37
22 40
22 42
22 43
22 46
22 47
22 48
22 49
22 51
22 53
22 56
22 59
22 61
22 62
22 63
22 64
22 65
22 66
22 67
22 69
22 72
22 73
22 74
22 75
22 76
22 77
22 83
22 84
22 85
22 86
22 87
22 89
22 90
22 91
22 92
22 93
22 94
22 95
22 99
23 24
23 27
23 28
23 30
23 31
23 32
23 33
23 34
23 39
23 40
23 43
23 45
23 46
23 47
23 48
23 49
23 51
23 52
23 53
23 54
23 55
23 56
23 57
23 58
23 60
23 61
23 62
23 63
23 64
23 66
23 69
23 70
23 71
23 72
23 73
23 74
23 75
23 77
23 79
23 80
23 81
23 82
23 83
23 89
23 91
23 93
23 94
23 96
23 97
23 98
24 25
24 27
24 28
24 29
24 31
24 34
24 36
24 37
24 38
24 40
24 44
24 51
24 52
24 53
24 54
24 56
24 57
24 58
24 59
24 62
24 63
24 64
24 65
24 66
24 67
24 68
24 69
24 70
24 75
24 78
24 79
24 80
24 84
24 85
24 86
24 87
24 88
24 89
24 91
24 92
24 95
24 96
24 97
24 98
24 99
25 28
25 29
25 30
25 31
25 32
25 33
25 36
25 37
25 41
25 42
25 44
25 46
25 47
25 50
25 51
25 52
25 54
25 55
25 56
25 57
25 58
25 61
25 62
25 63
25 64
25 68
25 69
25 71
25 72
25 73
25 74
25 75
25 76
25 78
25 79
25 82
25 86
25 87
25 88
25 89
25 92
25 93
25 94
25 95
25 97
26 27
26 28
26 30
26 31
26 32
26 34
26 35
26 36
26 37
26 41
26 43
26 46
26 48
26 50
26 52
26 54
26 56
26 58
26 59
26 60
26 61
26 62
26 63
26 64
26 65
26 68
26 69
26 70
26 72
26 73
26 74
26 75
26 76
26 78
26 80
26 81
26 82
26 83
26 84
26 85
26 86
26 88
26 90
26 91
26 93
26 95
26 96
26 97
26 99
27 29
27 30
27 31
27 38
27 39
27 41
27 43
27 44
27 46
27 51
27 52
27 54
27 55
27 57
27 58
27 59
27 60
27 61
27 65
27 66
27 67
27 68
27 69
27 70
27 71
27 72
27 74
27 75
27 77
27 79
27 81
27 84
27 87
27 89
27 93
27 94
27 96
27 97
28 30
28 33
28 34
28 36
28 37
28 39
28 42
28 43
28 44
28 46
28 47
28 49
28 51
28 52
28 54
28 55
28 58
28 59
28 60
28 62
28 64
28 66
28 68
28 72
28 73
28 75
28 76
28 77
28 79
28 81
28 82
28 85
28 86
28 89
28 90
28 91
28 94
28 95
28 96
28 97
28 99
29 31
29 34
29 35
29 36
29 37
29 41
29 42
29 44
29 47
29 48
29 50
29 51
29 52
29 53
29 55
29 56
29 58
29 60
29 61
29 64
29 65
29 66
29 67
29 70
29 71
29 72
29 73
29 74
29 75
29 78
29 80
29 81
29 82
29 83
29 84
29 86
29 87
29 91
29 92
29 95
29 96
29 97
29 98
30 35
30 36
30 37
30 38
30 39
30 40
30 41
30 42
30 44
30 45
30 46
30 49
30 52
30 56
30 58
30 59
30 60
30 61
30 62
30 68
30 69
30 71
30 75
30 76
30 77
30 78
30 79
30 80
30 81
30 82
30 85
30 87
30 88
30 91
30 92
30 94
30 95
30 97
30 98
30 99
31 32
31 33
31 36
31 37
31 38
31 39
31 43
31 44
31 45
31 47
31 48
31 49
31 50
31 51
31 53
31 55
31 56
31 57
31 59
31 61
31 63
31 64
31 66
31 67
31 68
31 69
31 70
31 71
31 73
31 74
31 75
31 76
31 78
31 79
31 82
31 84
31 86
31 89
31 92
31 93
31 95
31 96
31 97
31 98
32 36
32 37
32 38
32 39
32 41
32 42
32 43
32 44
32 45
32 46
32 48
32 49
32 50
32 51
32 57
32 58
32 59
32 61
32 62
32 63
32 65
32 66
32 67
32 68
32 70
32 72
32 73
32 74
32 75
32 77
32 78
32 79
32 80
32 81
32 82
32 84
32 85
32 86
32 87
32 91
32 92
32 93
32 94
32 95
32 99
33 34
33 35
33 38
33 40
33 41
33 44
33 45
33 49
33 51
33 52
33 54
33 56
33 58
33 59
33 61
33 62
33 65
33 67
33 68
33 69
33 70
33 71
33 74
33 75
33 76
33 78
33 81
33 84
33 85
33 86
33 89
33 92
33 93
33 95
33 96
33 97
33 99
34 37
34 38
34 41
34 44
34 47
34 49
34 51
34 52
34 53
34 54
34 56
34 58
34 59
34 62
34 63
34 64
34 68
34 70
34 71
34 73
34 74
34 79
34 80
34 83
34 86
34 87
34 88
34 89
34 91
34 93
34 94
34 99
35 38
35 40
35 42
35 44
35 45
35 47
35 49
35 50
35 51
35 54
35 56
35 57
35 59
35 60
35 61
35 62
35 64
35 66
35 67
35 68
35 69
35 70
35 72
35 74
35 76
35 77
35 78
35 79
35 81
35 82
35 83
35 84
35 86
35 87
35 88
35 89
35 90
35 98
36 37
36 38
36 40
36 41
36 45
36 47
36 48
36 50
36 52
36 53
36 54
36 56
36 58
36 59
36 60
36 63
36 64
36 65
36 66
36 69
36 71
36 75
36 76
36 77
36 78
36 79
36 80
36 81
36 82
36 86
36 87
36 89
36 90
36 91
36 93
36 94
36 95
36 96
36 97
36 98
36 99
37 39
37 40
37 42
37 43
37 44
37 45
37 48
37 54
37 56
37 58
37 63
37 65
37 66
37 67
37 68
37 69
37 71
37 74
37 76
37 77
37 78
37 81
37 83
37 84
37 85
37 86
37 89
37 90
37 91
37 92
37 93
37 94
37 95
37 96
37 97
37 99
38 39
38 43
38 46
38 47
38 51
38 52
38 54
38 55
38 56
38 57
38 58
38 59
38 63
38 70
38 71
38 74
38 75
38 76
38 77
38 78
38 79
38 80
38 82
38 83
38 85
38 87
38 88
38 90
38 91
38 92
38 93
38 94
38 96
38 99
39 41
39 42
39 43
39 44
39 45
39 46
39 47
39 50
39 51
39 53
39 55
39 56
39 58
39 61
39 63
39 64
39 67
39 69
39 71
39 72
39 77
39 79
39 80
39 82
39 84
39 85
39 87
39 90
39 91
39 93
39 94
39 96
39 97
39 99
40 42
40 43
40 44
40 45
40 48
40 49
40 50
40 51
40 52
40 53
40 54
40 57
40 58
40 59
40 61
40 62
40 63
40 64
40 66
40 69
40 70
40 71
40 72
40 76
40 77
40 78
40 79
40 80
40 82
40 84
40 85
40 88
40 91
40 92
40 93
40 94
40 95
40 96
40 97
40 99
41 42
41 44
41 47
41 49
41 52
41 53
41 54
41 56
41 59
41 60
41 63
41 64
41 65
41 69
41 70
41 71
41 72
41 75
41 77
41 78
41 79
41 80
41 81
41 84
41 86
41 87
41 88
41 89
41 90
41 91
41 92
41 94
41 96
41 99
42 43
42 45
42 46
42 49
42 51
42 55
42 56
42 58
42 62
42 63
42 65
42 68
42 71
42 72
42 73
42 75
42 77
42 78
42 79
42 80
42 81
42 83
42 84
42 87
42 88
42 90
42 91
42 93
42 94
42 96
42 98
42 99
43 45
43 51
43 52
43 53
43 56
43 57
43 58
43 59
43 61
43 62
43 65
43 68
43 69
43 71
43 75
43 78
43 79
43 81
43 82
43 83
43 86
43 87
43 88
43 90
43 91
43 92
43 93
43 94
43 95
43 96
43 98
43 99
44 46
44 50
44 53
44 55
44 57
44 60
44 61
44 62
44 65
44 66
44 67
44 68
44 69
44 70
44 71
44 73
44 74
44 78
44 80
44 82
44 84
44 86
44 88
44 89
44 93
44 94
44 97
44 98
45 47
45 48
45 52
45 53
45 54
45 55
45 57
45 59
45 63
45 65
45 66
45 72
45 74
45 76
45 77
45 81
45 87
45 88
45 89
45 91
45 92
45 94
45 95
45 96
45 98
45 99
46 48
46 49
46 52
46 53
46 57
46 58
46 61
46 62
46 64
46 65
46 66
46 68
46 72
46 73
46 74
46 76
46 78
46 79
46 80
46 81
46 82
46 83
46 84
46 86
46 88
46 89
46 90
46 91
46 92
46 93
46 94
46 95
46 96
46 97
46 98
46 99
47 48
47 49
47 51
47 52
47 57
47 58
47 60
47 61
47 62
47 63
47 64
47 65
47 66
47 68
47 71
47 73
47 76
47 77
47 78
47 79
47 80
47 81
47 84
47 85
47 86
47 88
47 90
47 93
47 97
48 49
48 50
48 52
48 54
48 55
48 56
48 57
48 58
48 60
48 61
48 62
48 63
48 71
48 72
48 75
48 76
48 77
48 78
48 79
48 80
48 82
48 84
48 85
48 87
48 90
48 92
48 95
48 98
48 99
49 50
49 53
49 55
49 56
49 57
49 58
49 59
49 60
49 62
49 66
49 67
49 71
49 73
49 74
49 75
49 78
49 80
49 82
49 83
49 85
49 86
49 91
49 92
49 93
49 99
50 52
50 54
50 55
50 57
50 58
50 60
50 61
50 62
50 65
50 68
50 69
50 70
50 71
50 73
50 74
50 77
50 78
50 80
50 83
50 84
50 85
50 87
50 89
50 90
50 91
50 93
50 94
50 97
51 52
51 53
51 54
51 56
51 57
51 58
51 59
51 60
51 61
51 62
51 64
51 65
51 66
51 67
51 68
51 69
51 73
51 76
51 77
51 79
51 81
51 83
51 85
51 86
51 87
51 88
51 89
51 96
51 97
51 98
51 99
52 54
52 55
52 57
52 58
52 59
52 60
52 63
52 64
52 66
52 67
52 69
52 70
52 72
52 73
52 74
52 77
52 78
52 79
52 80
52 81
52 82
52 84
52 85
52 86
52 90
52 92
52 93
52 96
52 98
52 99
53 54
53 56
53 57
53 58
53 60
53 61
53 65
53 66
53 67
53 70
53 71
53 72
53 73
53 74
53 75
53 76
53 79
53 81
53 84
53 87
53 88
53 91
53 93
53 94
53 95
53 97
54 59
54 60
54 61
54 62
54 64
54 65
54 68
54 71
54 72
54 74
54 76
54 77
54 78
54 79
54 81
54 82
54 84
54 85
54 86
54 87
54 88
54 89
54 92
54 93
54 94
54 95
54 96
54 97
54 98
54 99
55 56
55 57
55 58
55 61
55 62
55 63
55 65
55 66
55 69
55 71
55 72
55 75
55 76
55 77
55 78
55 80
55 81
55 83
55 85
55 87
55 88
55 89
55 91
55 92
55 93
55 94
55 95
55 97
55 98
56 57
56 58
56 61
56 62
56 63
56 64
56 65
56 66
56 67
56 69
56 70
56 72
56 73
56 74
56 75
56 76
56 78
56 80
56 81
56 82
56 83
56 84
56 86
56 87
56 88
56 89
56 90
56 92
56 94
56 97
56 98
56 99
57 59
57 61
57 62
57 63
57 64
57 66
57 69
57 70
57 71
57 72
57 75
57 77
57 79
57 80
57 81
57 82
57 84
57 86
57 89
57 92
57 99
58 61
58 62
58 63
58 64
58 68
58 71
58 72
58 77
58 80
58 82
58 83
58 84
58 87
58 88
58 93
58 94
58 95
58 97
58 99
59 60
59 63
59 64
59 65
59 67
59 68
59 72
59 73
59 74
59 82
59 83
59 84
59 85
59 86
59 87
59 88
59 91
59 94
59 95
59 98
60 61
60 62
60 64
60 65
60 67
60 68
60 69
60 72
60 74
60 76
60 77
60 78
60 79
60 80
60 81
60 82
60 84
60 85
60 86
60 89
60 92
60 94
60 95
60 96
60 99
61 62
61 66
61 68
61 71
61 75
61 78
61 79
61 80
61 81
61 82
61 86
61 88
61 91
61 92
61 93
61 95
61 96
61 97
61 98
61 99
62 65
62 66
62 67
62 68
62 69
62 70
62 72
62 73
62 76
62 82
62 83
62 84
62 86
62 88
62 89
62 92
62 93
62 94
62 96
62 98
63 64
63 66
63 67
63 68
63 70
63 71
63 72
63 78
63 79
63 80
63 81
63 82
63 84
63 85
63 87
63 90
63 94
63 95
63 98
63 99
64 65
64 67
64 68
64 69
64 70
64 73
64 74
64 76
64 77
64 78
64 80
64 81
64 82
64 84
64 88
64 89
64 90
64 91
64 93
64 94
64 95
64 97
64 98
64 99
65 66
65 68
65 69
65 70
65 71
65 72
65 73
65 75
65 78
65 79
65 81
65 82
65 85
65 88
65 93
65 94
65 97
65 98
65 99
66 67
66 69
66 70
66 71
66 72
66 73
66 74
66 78
66 81
66 82
66 83
66 84
66 87
66 88
66 89
66 93
66 96
66 97
66 99
67 70
67 72
67 74
67 75
67 76
67 80
67 81
67 83
67 85
67 86
67 87
67 91
67 92
67 93
67 94
67 95
68 69
68 70
68 71
68 72
68 74
68 75
68 76
68 77
68 78
68 80
68 83
68 85
68 88
68 90
68 91
68 95
68 96
68 98
68 99
69 70
69 71
69 72
69 74
69 77
69 78
69 79
69 81
69 82
69 83
69 85
69 86
69 87
69 88
69 89
69 92
69 94
69 97
69 98
69 99
70 73
70 74
70 75
70 76
70 78
70 81
70 83
70 85
70 86
70 87
70 89
70 90
70 92
70 93
70 94
70 95
70 97
70 98
70 99
71 72
71 78
71 80
71 81
71 84
71 85
71 88
71 90
71 92
71 94
71 95
71 96
71 97
72 73
72 76
72 77
72 78
72 79
72 81
72 82
72 83
72 86
72 90
72 92
72 94
72 97
72 99
73 76
73 77
73 78
73 79
73 81
73 83
73 86
73 88
73 89
73 90
73 93
73 95
73 96
73 98
73 99
74 75
74 76
74 77
74 79
74 81
74 82
74 83
74 84
74 85
74 86
74 87
74 88
74 89
74 91
74 92
74 93
74 97
74 99
75 76
75 78
75 79
75 82
75 83
75 84
75 85
75 86
75 87
75 89
75 91
75 92
75 94
75 96
75 99
76 79
76 81
76 82
76 83
76 84
76 85
76 86
76 87
76 88
76 89
76 90
76 91
76 93
76 94
76 95
76 97
76 99
77 82
77 83
77 84
77 87
77 90
77 91
77 92
77 93
77 95
77 96
77 98
78 79
78 81
78 85
78 86
78 87
78 90
78 91
78 92
78 95
78 97
78 99
79 80
79 81
79 82
79 84
79 86
79 87
79 90
79 94
79 95
79 96
79 97
79 98
80 83
80 87
80 90
80 91
80 96
80 97
80 98
80 99
81 82
81 85
81 87
81 88
81 89
81 90
81 92
81 93
81 97
81 98
82 83
82 84
82 85
82 87
82 88
82 89
82 91
82 92
82 94
82 95
82 97
82 98
83 84
83 86
83 89
83 90
83 91
83 93
83 94
83 96
83 98
84 85
84 86
84 87
84 88
84 90
84 92
84 94
84 95
84 96
84 98
85 89
85 90
85 92
85 95
85 96
85 97
85 99
86 87
86 89
86 90
86 92
86 93
86 94
86 95
86 96
86 97
86 99
87 90
87 96
87 98
87 99
88 90
88 91
88 92
88 94
88 95
88 96
88 98
88 99
89 91
89 93
89 97
90 93
90 94
90 95
90 96
91 97
91 98
91 99
92 93
92 95
92 97
93 94
93 95
93 97
93 98
93 99
94 95
94 98
94 99
95 98
96 97
96 99
97 98
98 99
