0 1
0 2
0 3
0 4
0 10
0 12
0 13
0 20
0 21
0 23
0 24
0 26
0 29
0 31
0 32
0 33
0 35
0 39
0 41
0 43
0 49
0 50
0 54
0 56
0 60
0 61
0 62
0 66
0 70
0 71
0 75
0 76
0 77
0 79
0 80
0 82
0 83
0 88
0 92
0 93
0 95
0 98
0 99
1 2
1 3
1 4
1 7
1 8
1 12
1 16
1 25
1 28
1 29
1 30
1 31
1 34
1 36
1 37
1 38
1 39
1 40
1 43
1 44
1 45
1 46
1 47
1 48
1 51
1 55
1 56
1 57
1 58
1 59
1 61
1 65
1 66
1 68
1 70
1 73
1 75
1 81
1 82
1 83
1 85
1 87
1 89
1 92
1 93
1 95
1 98
2 9
2 10
2 11
2 13
2 15
2 17
2 19
2 21
2 23
2 24
2 26
2 29
2 32
2 34
2 35
2 36
2 37
2 39
2 41
2 42
2 43
2 47
2 48
2 50
2 51
2 54
2 56
2 57
2 59
2 60
2 62
2 63
2 65
2 69
2 71
2 73
2 82
2 83
2 84
2 85
2 87
2 89
2 90
2 92
2 96
2 98
2 99
3 5
3 6
3 7
3 11
3 14
3 19
3 20
3 21
3 23
3 26
3 27
3 29
3 30
3 32
3 38
3 41
3 45
3 47
3 48
3 50
3 57
3 58
3 60
3 61
3 62
3 63
3 64
3 65
3 66
3 68
3 69
3 70
3 71
3 72
3 73
3 74
3 75
3 76
3 78
3 79
3 80
3 82
3 88
3 89
3 91
3 94
3 95
3 96
4 6
4 8
4 16
4 18
4 20
4 21
4 22
4 24
4 25
4 26
4 27
4 28
4 29
4 30
4 34
4 36
4 37
4 38
4 39
4 40
4 41
4 42
4 44
4 45
4 46
4 49
4 51
4 52
4 53
4 54
4 55
4 56
4 57
4 58
4 59
4 60
4 65
4 70
4 74
4 77
4 79
4 80
4 83
4 86
4 87
4 88
4 89
4 90
4 93
4 94
4 97
4 99
5 6
5 7
5 8
5 9
5 10
5 12
5 13
5 15
5 16
5 18
5 22
5 23
5 25
5 26
5 27
5 28
5 29
5 33
5 34
5 35
5 39
5 40
5 44
5 45
5 47
5 48
5 49
5 50
5 52
5 53
5 54
5 55
5 56
5 57
5 60
5 61
5 62
5 66
5 74
5 85
5 89
5 92
5 94
5 95
5 98
5 99
6 9
6 13
6 14
6 15
6 17
6 20
6 23
6 28
6 29
6 30
6 31
6 33
6 35
6 36
6 38
6 41
6 42
6 43
6 46
6 47
6 49
6 50
6 51
6 53
6 54
6 55
6 56
6 57
6 59
6 61
6 66
6 70
6 73
6 74
6 75
6 76
6 78
6 82
6 85
6 86
6 87
6 91
6 94
6 97
6 99
7 8
7 9
7 11
7 12
7 13
7 14
7 15
7 18
7 19
7 20
7 22
7 26
7 27
7 30
7 31
7 33
7 34
7 37
7 38
7 39
7 40
7 41
7 43
7 46
7 47
7 48
7 50
7 52
7 54
7 55
7 56
7 59
7 60
7 61
7 63
7 64
7 65
7 68
7 69
7 71
7 75
7 76
7 78
7 83
7 85
7 86
7 89
7 90
7 94
7 96
7 98
7 99
8 9
8 10
8 11
8 12
8 13
8 14
8 16
8 17
8 19
8 21
8 22
8 23
8 25
8 26
8 28
8 30
8 32
8 35
8 36
8 37
8 40
8 44
8 47
8 48
8 53
8 54
8 56
8 60
8 65
8 68
8 70
8 71
8 74
8 78
8 79
8 80
8 82
8 84
8 85
8 89
8 91
8 92
8 93
8 94
8 95
8 97
9 11
9 13
9 19
9 20
9 23
9 24
9 27
9 28
9 31
9 33
9 34
9 35
9 37
9 39
9 40
9 42
9 43
9 48
9 49
9 50
9 56
9 59
9 61
9 64
9 65
9 68
9 69
9 71
9 72
9 78
9 84
9 85
9 91
9 94
9 95
9 96
9 97
9 99
10 11
10 12
10 13
10 14
10 16
10 17
10 19
10 21
10 23
10 25
10 26
10 30
10 34
10 37
10 38
10 39
10 40
10 42
10 45
10 46
10 48
10 50
10 51
10 56
10 58
10 60
10 61
10 63
10 64
10 65
10 66
10 67
10 69
10 70
10 72
10 74
10 75
10 76
10 79
10 84
10 85
10 86
10 87
10 89
10 92
10 93
10 95
11 14
11 15
11 16
11 18
11 19
11 21
11 22
11 27
11 28
11 29
11 31
11 32
11 33
11 35
11 41
11 42
11 43
11 44
11 45
11 46
11 47
11 49
11 50
11 51
11 53
11 58
11 63
11 66
11 70
11 72
11 73
11 75
11 77
11 79
11 81
11 83
11 84
11 85
11 88
11 90
11 91
11 93
11 96
11 97
12 13
12 14
12 15
12 16
12 18
12 21
12 22
12 24
12 35
12 38
12 40
12 46
12 47
12 48
12 49
12 50
12 51
12 52
12 53
12 54
12 56
12 57
12 58
12 61
12 63
12 64
12 65
12 73
12 74
12 75
12 76
12 78
12 79
12 81
12 82
12 83
12 84
12 87
12 88
12 89
12 90
12 91
12 94
12 97
13 14
13 15
13 17
13 22
13 26
13 28
13 29
13 30
13 31
13 32
13 33
13 34
13 35
13 36
13 38
13 39
13 42
13 43
13 44
13 46
13 47
13 49
13 53
13 55
13 56
13 57
13 61
13 62
13 64
13 67
13 68
13 69
13 71
13 72
13 75
13 76
13 77
13 78
13 79
13 80
13 82
13 83
13 84
13 86
13 90
13 92
13 93
13 94
13 98
13 99
14 19
14 20
14 21
14 22
14 23
14 24
14 29
14 31
14 32
14 34
14 40
14 44
14 45
14 49
14 50
14 52
14 56
14 58
14 61
14 64
14 67
14 70
14 72
14 74
14 75
14 81
14 82
14 88
14 94
14 95
14 97
14 99
15 16
15 17
15 19
15 21
15 25
15 28
15 29
15 40
15 41
15 45
15 47
15 50
15 53
15 54
15 55
15 56
15 57
15 58
15 61
15 64
15 68
15 74
15 76
15 78
15 79
15 86
15 89
15 91
15 95
15 97
16 19
16 20
16 22
16 23
16 24
16 25
16 26
16 27
16 30
16 31
16 34
16 36
16 39
16 41
16 42
16 43
16 44
16 49
16 53
16 58
16 59
16 60
16 61
16 65
16 66
16 68
16 69
16 72
16 74
16 75
16 77
16 78
16 79
16 83
16 84
16 85
16 86
16 87
16 91
16 94
16 96
16 97
16 98
16 99
17 18
17 20
17 21
17 25
17 26
17 27
17 28
17 30
17 32
17 33
17 35
17 36
17 38
17 39
17 40
17 41
17 42
17 45
17 46
17 48
17 49
17 50
17 51
17 54
17 65
17 66
17 67
17 71
17 73
17 74
17 80
17 83
17 89
17 90
17 91
17 92
17 94
17 95
17 99
18 19
18 21
18 24
18 30
18 32
18 33
18 35
18 36
18 40
18 41
18 42
18 44
18 49
18 50
18 52
18 53
18 54
18 55
18 58
18 61
18 65
18 66
18 67
18 69
18 72
18 73
18 74
18 77
18 78
18 80
18 81
18 83
18 84
18 87
18 88
18 89
18 91
18 93
18 96
18 99
19 21
19 23
19 24
19 25
19 27
19 28
19 30
19 33
19 36
19 40
19 47
19 50
19 51
19 55
19 59
19 60
19 61
19 62
19 65
19 68
19 70
19 71
19 72
19 73
19 77
19 78
19 80
19 82
19 87
19 91
19 92
19 93
19 94
19 97
19 98
19 99
20 21
20 25
20 28
20 32
20 33
20 34
20 36
20 37
20 38
20 40
20 41
20 42
20 43
20 44
20 47
20 48
20 49
20 50
20 51
20 52
20 53
20 54
20 56
20 59
20 60
20 61
20 63
20 66
20 67
20 68
20 69
20 72
20 73
20 74
20 76
20 77
20 78
20 79
20 80
20 85
20 86
20 87
20 90
20 91
20 94
20 97
20 99
21 23
21 26
21 27
21 28
21 31
21 32
21 33
21 34
21 39
21 40
21 45
21 47
21 48
21 49
21 50
21 51
21 52
21 53
21 54
21 55
21 57
21 59
21 60
21 67
21 68
21 72
21 73
21 75
21 77
21 78
21 79
21 81
21 82
21 83
21 90
21 92
21 95
21 96
21 97
21 99
22 23
22 24
22 25
22 26
22 30
22 31
22 32
22 33
22 34
22 35
22 37
22 39
22 47
22 48
22 51
22 54
22 55
22 56
22 60
22 65
22 66
22 69
22 71
22 72
22 74
22 75
22 78
22 82
22 83
22 86
22 87
22 88
22 90
22 91
22 93
22 95
22 98
23 25
23 27
23 29
23 30
23 31
23 33
23 37
23 38
23 40
23 41
23 42
23 44
23 45
23 47
23 48
23 50
23 51
23 54
23 56
23 58
23 60
23 63
23 66
23 69
23 71
23 75
23 81
23 82
23 84
23 85
23 86
23 87
23 88
23 89
23 90
23 91
23 92
23 95
23 97
23 98
23 99
24 25
24 26
24 28
24 29
24 30
24 31
24 33
24 34
24 36
24 37
24 38
24 39
24 40
24 42
24 44
24 47
24 48
24 50
24 57
24 61
24 62
24 64
24 66
24 67
24 68
24 69
24 70
24 78
24 79
24 80
24 84
24 85
24 89
24 90
24 91
24 92
24 95
24 96
24 97
24 98
25 26
25 27
25 31
25 32
25 33
25 34
25 39
25 41
25 42
25 43
25 44
25 50
25 55
25 56
25 59
25 60
25 69
25 71
25 72
25 76
25 77
25 80
25 82
25 83
25 84
25 85
25 86
25 88
25 89
25 95
25 96
25 97
25 98
25 99
26 28
26 30
26 33
26 34
26 36
26 38
26 41
26 44
26 45
26 46
26 48
26 49
26 50
26 52
26 57
26 61
26 63
26 66
26 69
26 70
26 71
26 75
26 76
26 79
26 81
26 82
26 85
26 86
26 90
26 91
26 92
26 93
26 94
26 95
26 98
27 28
27 29
27 31
27 32
27 38
27 39
27 40
27 41
27 44
27 45
27 46
27 47
27 48
27 50
27 51
27 53
27 56
27 59
27 65
27 67
27 68
27 69
27 70
27 72
27 73
27 76
27 77
27 79
27 80
27 82
27 85
27 88
27 89
27 90
27 91
27 92
27 93
27 94
27 96
27 98
28 31
28 34
28 35
28 38
28 40
28 41
28 46
28 47
28 49
28 52
28 53
28 54
28 56
28 58
28 60
28 61
28 64
28 66
28 67
28 70
28 71
28 77
28 80
28 81
28 82
28 83
28 86
28 87
28 88
28 90
28 94
28 97
28 99
29 30
29 34
29 36
29 39
29 40
29 41
29 42
29 43
29 44
29 45
29 46
29 47
29 48
29 50
29 51
29 52
29 53
29 62
29 65
29 69
29 71
29 72
29 75
29 76
29 77
29 78
29 79
29 80
29 82
29 83
29 88
29 89
29 92
29 93
29 95
29 99
30 31
30 33
30 35
30 39
30 43
30 45
30 50
30 51
30 54
30 55
30 56
30 57
30 58
30 62
30 69
30 71
30 72
30 75
30 77
30 82
30 83
30 89
30 90
30 91
30 92
30 95
30 96
30 98
31 35
31 39
31 41
31 42
31 43
31 44
31 45
31 46
31 47
31 48
31 49
31 53
31 54
31 62
31 64
31 65
31 67
31 73
31 74
31 75
31 76
31 79
31 80
31 81
31 82
31 83
31 85
31 86
31 90
31 91
31 92
31 94
31 95
31 99
32 34
32 39
32 40
32 41
32 42
32 43
32 47
32 52
32 56
32 60
32 63
32 70
32 75
32 76
32 77
32 80
32 81
32 82
32 83
32 86
32 87
32 88
32 89
32 90
32 92
32 93
32 94
32 97
32 98
32 99
33 35
33 36
33 37
33 42
33 44
33 45
33 46
33 47
33 49
33 51
33 52
33 53
33 54
33 57
33 60
33 62
33 63
33 65
33 66
33 67
33 68
33 71
33 73
33 78
33 81
33 82
33 84
33 88
33 89
33 90
33 93
33 96
33 97
33 98
33 99
34 36
34 37
34 38
34 41
34 43
34 46
34 49
34 50
34 51
34 52
34 53
34 57
34 58
34 59
34 62
34 65
34 67
34 68
34 70
34 72
34 74
34 77
34 79
34 80
34 81
34 82
34 85
34 93
34 95
35 38
35 39
35 42
35 43
35 45
35 46
35 48
35 49
35 50
35 51
35 52
35 53
35 54
35 58
35 61
35 66
35 68
35 70
35 71
35 73
35 76
35 80
35 83
35 84
35 85
35 86
35 90
35 91
35 92
35 93
35 94
35 98
35 99
36 38
36 42
36 44
36 46
36 48
36 49
36 52
36 53
36 54
36 56
36 59
36 67
36 68
36 71
36 72
36 73
36 74
36 75
36 78
36 79
36 80
36 82
36 84
36 85
36 87
36 91
36 92
36 94
36 95
36 96
36 99
37 42
37 43
37 45
37 46
37 48
37 49
37 52
37 54
37 56
37 57
37 59
37 62
37 70
37 74
37 78
37 81
37 82
37 83
37 85
37 86
37 87
37 90
37 94
37 98
37 99
38 39
38 40
38 42
38 43
38 48
38 50
38 51
38 52
38 53
38 54
38 55
38 56
38 57
38 62
38 63
38 65
38 67
38 71
38 72
38 74
38 78
38 81
38 83
38 86
38 88
38 89
38 93
38 94
38 95
38 96
38 99
39 40
39 43
39 45
39 48
39 51
39 54
39 55
39 56
39 57
39 58
39 60
39 62
39 65
39 68
39 69
39 71
39 72
39 73
39 77
39 79
39 80
39 84
39 86
39 87
39 88
39 89
39 90
39 91
39 94
39 95
39 96
39 99
40 41
40 42
40 43
40 44
40 46
40 48
40 49
40 50
40 52
40 54
40 55
40 56
40 60
40 61
40 62
40 65
40 67
40 69
40 72
40 73
40 74
40 75
40 78
40 79
40 80
40 81
40 82
40 83
40 84
40 85
40 90
40 91
40 93
40 94
40 98
40 99
41 45
41 46
41 48
41 49
41 53
41 54
41 55
41 58
41 59
41 63
41 65
41 66
41 70
41 71
41 74
41 77
41 85
41 88
41 89
41 90
41 91
41 92
41 93
41 96
41 97
41 98
42 43
42 46
42 47
42 49
42 50
42 51
42 53
42 54
42 55
42 56
42 57
42 58
42 60
42 62
42 64
42 66
42 70
42 75
42 78
42 79
42 86
42 88
42 90
42 91
42 92
42 96
42 97
42 99
43 46
43 49
43 51
43 53
43 54
43 57
43 61
43 62
43 64
43 66
43 67
43 68
43 70
43 73
43 77
43 78
43 79
43 82
43 83
43 84
43 86
43 89
43 90
43 91
43 93
43 94
43 95
43 97
43 98
43 99
44 47
44 48
44 50
44 52
44 53
44 57
44 58
44 59
44 60
44 62
44 64
44 66
44 68
44 71
44 74
44 76
44 77
44 79
44 82
44 85
44 86
44 91
44 93
44 95
44 96
44 98
45 46
45 48
45 53
45 55
45 56
45 58
45 60
45 61
45 62
45 63
45 65
45 66
45 69
45 71
45 72
45 75
45 76
45 77
45 78
45 82
45 83
45 84
45 85
45 86
45 87
45 88
45 89
45 90
45 93
45 94
45 98
45 99
46 47
46 49
46 50
46 51
46 54
46 56
46 57
46 62
46 67
46 69
46 73
46 77
46 79
46 81
46 83
46 84
46 85
46 86
46 87
46 89
46 90
46 91
46 94
46 95
46 96
46 98
46 99
47 49
47 50
47 51
47 52
47 53
47 56
47 59
47 60
47 62
47 63
47 66
47 68
47 69
47 71
47 73
47 74
47 76
47 77
47 80
47 82
47 84
47 85
47 86
47 88
47 89
47 93
47 94
47 96
47 97
48 49
48 51
48 52
48 53
48 58
48 59
48 61
48 63
48 64
48 66
48 67
48 68
48 69
48 71
48 76
48 79
48 80
48 81
48 83
48 85
48 87
48 89
48 92
48 93
48 94
48 96
48 99
49 50
49 52
49 54
49 56
49 57
49 60
49 63
49 64
49 65
49 66
49 67
49 68
49 70
49 72
49 75
49 77
49 78
49 80
49 81
49 87
49 88
49 89
49 90
49 93
49 94
49 96
50 52
50 54
50 55
50 58
50 59
50 60
50 61
50 62
50 63
50 65
50 68
50 69
50 71
50 75
50 77
50 78
50 79
50 80
50 81
50 83
50 85
50 88
50 89
50 92
50 93
50 94
50 95
50 97
50 99
51 53
51 54
51 55
51 58
51 59
51 61
51 62
51 64
51 66
51 67
51 68
51 72
51 76
51 77
51 78
51 81
51 83
51 85
51 87
51 89
51 96
51 97
51 99
52 53
52 54
52 55
52 57
52 59
52 64
52 66
52 68
52 69
52 70
52 72
52 75
52 78
52 79
52 84
52 92
52 94
52 97
53 54
53 55
53 56
53 58
53 60
53 65
53 66
53 68
53 69
53 72
53 73
53 74
53 75
53 76
53 79
53 80
53 83
53 84
53 88
53 89
53 91
53 93
53 94
53 95
53 96
54 57
54 59
54 61
54 63
54 66
54 68
54 69
54 71
54 75
54 77
54 80
54 85
54 89
54 91
54 94
54 97
54 98
55 56
55 57
55 60
55 61
55 62
55 63
55 64
55 65
55 67
55 72
55 73
55 76
55 79
55 81
55 82
55 85
55 88
55 89
55 91
55 93
55 94
55 96
55 97
55 99
56 59
56 61
56 64
56 65
56 67
56 69
56 72
56 74
56 76
56 77
56 81
56 83
56 84
56 85
56 89
56 90
56 91
56 92
56 93
56 96
56 97
56 99
57 58
57 60
57 62
57 63
57 65
57 66
57 67
57 73
57 74
57 78
57 80
57 84
57 87
57 88
57 90
57 91
57 95
57 96
57 98
57 99
58 62
58 63
58 66
58 68
58 69
58 70
58 71
58 77
58 78
58 79
58 80
58 81
58 82
58 83
58 87
58 88
58 89
58 90
58 91
58 92
58 94
58 95
58 96
58 97
58 98
58 99
59 63
59 64
59 66
59 67
59 68
59 70
59 71
59 72
59 73
59 74
59 76
59 80
59 82
59 83
59 88
59 89
59 90
59 91
59 92
59 95
60 61
60 62
60 63
60 65
60 69
60 72
60 74
60 75
60 76
60 77
60 80
60 81
60 84
60 85
60 90
60 91
60 93
60 94
60 97
60 99
61 63
61 65
61 66
61 67
61 68
61 69
61 70
61 72
61 73
61 77
61 80
61 81
61 83
61 86
61 88
61 92
61 93
61 94
61 95
61 96
61 97
61 99
62 66
62 67
62 69
62 71
62 74
62 75
62 76
62 78
62 83
62 85
62 86
62 89
62 90
62 91
62 92
62 97
63 66
63 67
63 68
63 69
63 73
63 74
63 77
63 78
63 79
63 80
63 81
63 82
63 84
63 86
63 88
63 91
63 93
63 95
63 96
63 99
64 65
64 69
64 70
64 71
64 72
64 73
64 75
64 77
64 79
64 81
64 83
64 85
64 87
64 89
64 90
64 94
64 95
64 97
64 99
65 67
65 68
65 70
65 71
65 72
65 74
65 76
65 77
65 78
65 80
65 82
65 83
65 84
65 86
65 88
65 90
65 91
65 97
66 70
66 71
66 75
66 76
66 77
66 84
66 85
66 88
66 90
66 94
66 97
66 98
67 68
67 70
67 73
67 74
67 75
67 77
67 78
67 79
67 80
67 82
67 84
67 86
67 88
67 89
67 92
67 94
67 96
67 98
68 69
68 71
68 74
68 75
68 76
68 79
68 80
68 83
68 86
68 89
68 90
68 91
68 92
68 95
68 96
68 97
68 98
69 70
69 71
69 72
69 76
69 77
69 79
69 82
69 84
69 87
69 89
69 90
69 92
69 93
69 94
69 95
69 96
69 99
70 72
70 74
70 75
70 76
70 80
70 81
70 82
70 83
70 84
70 86
70 87
70 90
70 95
70 97
70 98
70 99
71 72
71 73
71 74
71 75
71 78
71 79
71 81
71 84
71 87
71 88
71 90
71 91
71 92
71 93
71 94
71 95
71 96
71 97
72 74
72 75
72 77
72 78
72 80
72 81
72 82
72 83
72 85
72 86
72 87
72 90
72 94
72 97
72 99
73 74
73 76
73 77
73 79
73 82
73 87
73 90
73 94
73 99
74 76
74 77
74 81
74 82
74 86
74 87
74 88
74 90
74 92
74 93
74 94
74 95
74 96
74 98
74 99
75 78
75 80
75 81
75 83
75 85
75 86
75 89
75 92
75 93
75 94
75 97
76 80
76 84
76 85
76 87
76 88
76 89
76 90
76 91
76 93
76 94
76 96
76 98
76 99
77 78
77 82
77 83
77 85
77 86
77 88
77 90
77 95
77 98
77 99
78 80
78 88
78 89
78 91
78 92
78 93
78 95
78 96
78 98
78 99
79 82
79 84
79 87
79 90
79 91
79 95
79 97
79 99
80 81
80 83
80 84
80 85
80 89
80 91
80 95
80 96
80 97
81 83
81 84
81 93
81 94
81 96
81 98
81 99
82 83
82 84
82 87
82 90
82 95
82 96
82 99
83 85
83 87
83 91
83 93
83 94
83 96
84 88
84 94
84 96
84 97
84 98
85 86
85 87
85 96
85 98
85 99
86 90
86 93
86 99
87 93
87 96
87 97
87 98
88 90
88 92
88 94
88 95
88 97
88 98
88 99
89 93
89 95
89 96
89 97
89 99
90 93
90 94
90 95
91 93
91 94
91 95
91 97
92 94
92 97
93 98
94 96
95 98
96 97
96 98
