0 1
0 7
0 9
0 13
0 14
0 15
0 17
0 18
0 19
0 20
0 26
0 30
0 31
0 32
0 35
0 41
0 47
0 49
0 51
0 52
0 56
0 60
0 62
0 63
0 64
0 65
0 67
0 70
0 71
0 72
0 73
0 88
0 91
0 95
0 99
1 3
1 6
1 10
1 11
1 12
1 16
1 22
1 24
1 28
1 29
1 36
1 37
1 51
1 56
1 60
1 65
1 66
1 68
1 74
1 76
1 78
1 81
1 82
1 84
1 87
1 88
1 98
2 4
2 5
2 8
2 15
2 16
2 20
2 21
2 22
2 36
2 39
2 40
2 47
2 58
2 64
2 66
2 71
2 73
2 74
2 75
2 78
2 87
2 91
2 92
2 95
2 99
3 6
3 8
3 10
3 11
3 14
3 17
3 19
3 25
3 26
3 30
3 32
3 35
3 45
3 46
3 47
3 49
3 51
3 53
3 55
3 56
3 59
3 61
3 66
3 74
3 75
3 81
3 83
3 85
3 95
3 97
4 6
4 9
4 10
4 11
4 14
4 15
4 17
4 30
4 31
4 41
4 42
4 47
4 49
4 51
4 52
4 57
4 58
4 63
4 69
4 74
4 75
4 85
4 88
4 91
4 94
4 95
4 96
4 97
4 98
4 99
5 12
5 14
5 17
5 21
5 25
5 26
5 31
5 43
5 44
5 50
5 51
5 52
5 64
5 67
5 68
5 70
5 74
5 79
5 80
5 86
5 87
5 88
5 89
5 90
5 92
5 96
5 98
6 10
6 13
6 15
6 18
6 22
6 23
6 27
6 28
6 29
6 32
6 34
6 36
6 43
6 44
6 50
6 58
6 59
6 60
6 65
6 71
6 72
6 74
6 77
6 80
6 81
6 84
6 85
6 92
6 97
7 16
7 17
7 24
7 29
7 30
7 33
7 34
7 43
7 45
7 55
7 58
7 59
7 60
7 61
7 62
7 65
7 66
7 69
7 72
7 76
7 77
7 79
7 80
7 93
7 96
7 97
8 12
8 13
8 14
8 16
8 17
8 20
8 21
8 28
8 32
8 36
8 40
8 43
8 45
8 46
8 47
8 50
8 53
8 55
8 59
8 60
8 63
8 64
8 65
8 67
8 69
8 70
8 71
8 74
8 76
8 79
8 83
8 84
8 85
8 88
8 91
8 95
8 97
8 99
9 10
9 12
9 14
9 17
9 22
9 29
9 30
9 35
9 37
9 46
9 47
9 48
9 50
9 51
9 53
9 57
9 67
9 70
9 73
9 74
9 76
9 78
9 83
9 85
9 87
9 88
9 89
9 90
10 13
10 16
10 17
10 20
10 22
10 25
10 29
10 33
10 36
10 37
10 39
10 54
10 56
10 58
10 66
10 70
10 71
10 72
10 75
10 78
10 80
10 81
10 92
10 93
10 96
11 13
11 14
11 19
11 23
11 24
11 32
11 38
11 42
11 43
11 46
11 49
11 52
11 55
11 57
11 58
11 62
11 63
11 66
11 69
11 72
11 73
11 77
11 81
11 87
11 89
11 98
11 99
12 14
12 17
12 19
12 20
12 22
12 31
12 39
12 41
12 44
12 45
12 46
12 47
12 48
12 49
12 55
12 61
12 74
12 75
12 76
12 77
12 79
12 81
12 83
12 89
12 91
12 94
12 96
12 99
13 18
13 19
13 20
13 21
13 26
13 28
13 30
13 32
13 33
13 34
13 40
13 45
13 47
13 49
13 53
13 56
13 58
13 60
13 61
13 67
13 69
13 70
13 71
13 72
13 73
13 75
13 77
13 79
13 83
13 84
13 91
13 95
14 16
14 19
14 25
14 29
14 33
14 35
14 42
14 46
14 48
14 49
14 50
14 51
14 55
14 58
14 61
14 62
14 66
14 68
14 72
14 75
14 77
14 78
14 80
14 84
14 87
14 93
14 95
14 96
15 18
15 19
15 22
15 27
15 29
15 30
15 31
15 34
15 36
15 40
15 42
15 44
15 45
15 51
15 52
15 54
15 55
15 60
15 62
15 67
15 83
15 84
15 87
15 90
15 92
15 97
15 98
16 17
16 18
16 23
16 26
16 34
16 35
16 37
16 41
16 43
16 45
16 46
16 47
16 53
16 57
16 60
16 62
16 65
16 67
16 70
16 75
16 76
16 77
16 80
16 81
16 83
16 84
16 86
16 92
16 95
17 20
17 21
17 30
17 31
17 36
17 39
17 42
17 51
17 54
17 56
17 59
17 62
17 63
17 66
17 70
17 74
17 76
17 79
17 82
17 83
17 86
17 87
17 88
17 89
17 92
17 93
17 94
17 98
18 21
18 22
18 25
18 27
18 30
18 31
18 37
18 43
18 47
18 49
18 50
18 51
18 55
18 56
18 60
18 62
18 65
18 74
18 87
18 88
18 96
19 23
19 29
19 31
19 32
19 33
19 34
19 36
19 40
19 42
19 45
19 46
19 49
19 55
19 59
19 61
19 62
19 66
19 67
19 68
19 69
19 71
19 75
19 76
19 77
19 79
19 80
19 83
19 93
19 94
20 23
20 25
20 27
20 31
20 38
20 42
20 44
20 45
20 52
20 53
20 58
20 61
20 62
20 67
20 69
20 70
20 72
20 75
20 77
20 78
20 80
20 82
20 86
20 88
20 94
21 22
21 33
21 35
21 36
21 43
21 49
21 50
21 51
21 58
21 59
21 75
21 76
21 79
21 88
21 91
21 93
22 26
22 31
22 33
22 35
22 39
22 40
22 41
22 43
22 45
22 46
22 48
22 49
22 52
22 53
22 57
22 62
22 65
22 70
22 77
22 78
22 80
22 90
22 91
22 94
22 95
23 29
23 30
23 32
23 35
23 36
23 39
23 41
23 42
23 44
23 46
23 53
23 54
23 56
23 58
23 65
23 68
23 76
23 78
23 81
23 82
23 94
23 95
23 96
23 97
23 99
24 26
24 27
24 30
24 31
24 32
24 33
24 34
24 37
24 42
24 47
24 51
24 58
24 61
24 62
24 63
24 71
24 72
24 77
24 82
24 85
24 91
24 93
24 98
25 26
25 32
25 36
25 37
25 43
25 46
25 52
25 53
25 55
25 58
25 59
25 60
25 74
25 75
25 80
25 81
25 83
25 85
25 86
25 87
25 90
25 92
25 96
26 30
26 31
26 34
26 37
26 42
26 48
26 49
26 52
26 55
26 63
26 64
26 68
26 69
26 72
26 74
26 77
26 82
26 83
26 86
26 89
26 96
26 98
27 29
27 31
27 33
27 36
27 40
27 41
27 43
27 46
27 49
27 52
27 58
27 59
27 60
27 66
27 67
27 71
27 73
27 76
27 77
27 82
27 85
27 96
27 97
28 35
28 36
28 37
28 42
28 43
28 45
28 49
28 56
28 62
28 65
28 68
28 70
28 74
28 85
28 88
28 91
29 32
29 33
29 36
29 37
29 39
29 40
29 45
29 50
29 52
29 56
29 59
29 61
29 64
29 65
29 66
29 69
29 72
29 75
29 88
29 91
29 92
29 93
29 95
30 34
30 38
30 39
30 44
30 51
30 55
30 58
30 64
30 73
30 74
30 78
30 80
30 81
30 82
30 85
30 88
30 91
30 93
30 95
31 34
31 35
31 38
31 40
31 42
31 44
31 50
31 51
31 53
31 56
31 59
31 63
31 64
31 65
31 67
31 71
31 74
31 75
31 77
31 79
31 82
31 83
31 85
31 88
31 92
31 98
32 36
32 37
32 38
32 41
32 43
32 50
32 67
32 71
32 72
32 77
32 78
32 80
32 87
32 88
32 89
32 95
32 96
32 98
33 35
33 36
33 41
33 44
33 46
33 48
33 63
33 64
33 65
33 68
33 69
33 72
33 73
33 76
33 80
33 83
33 88
33 89
33 92
33 93
33 94
34 37
34 39
34 42
34 47
34 52
34 54
34 57
34 64
34 65
34 67
34 73
34 77
34 82
34 84
34 85
34 88
34 89
34 91
34 94
34 95
34 98
35 39
35 41
35 42
35 45
35 47
35 48
35 49
35 53
35 58
35 60
35 61
35 67
35 74
35 75
35 82
35 86
35 87
35 90
35 95
35 98
36 45
36 48
36 50
36 53
36 54
36 58
36 62
36 63
36 64
36 65
36 67
36 68
36 70
36 71
36 74
36 75
36 80
36 87
36 88
36 89
36 90
36 92
36 94
36 95
36 98
37 38
37 39
37 40
37 42
37 48
37 54
37 55
37 60
37 64
37 70
37 73
37 77
37 80
37 81
37 85
37 94
38 41
38 42
38 54
38 55
38 59
38 62
38 65
38 67
38 69
38 71
38 72
38 77
38 79
38 83
38 87
38 94
39 42
39 49
39 50
39 55
39 57
39 59
39 60
39 66
39 68
39 72
39 76
39 81
39 82
39 87
39 95
40 44
40 45
40 47
40 48
40 54
40 59
40 64
40 67
40 74
40 81
40 82
40 87
40 90
40 91
40 95
41 42
41 46
41 48
41 49
41 50
41 51
41 52
41 56
41 59
41 60
41 62
41 64
41 72
41 73
41 76
41 80
41 84
41 87
41 94
42 51
42 60
42 65
42 66
42 67
42 72
42 80
42 87
42 94
42 96
42 99
43 46
43 50
43 54
43 60
43 65
43 67
43 70
43 72
43 73
43 77
43 78
43 84
43 85
43 87
43 90
43 96
44 49
44 50
44 57
44 60
44 61
44 62
44 67
44 71
44 72
44 73
44 76
44 78
44 79
44 87
44 92
44 93
44 94
44 99
45 47
45 51
45 52
45 55
45 57
45 67
45 70
45 71
45 78
45 81
45 82
45 83
45 87
45 92
45 97
45 99
46 47
46 52
46 64
46 67
46 69
46 70
46 73
46 74
46 77
46 78
46 82
46 91
46 95
47 48
47 49
47 51
47 53
47 54
47 57
47 63
47 64
47 65
47 66
47 69
47 73
47 75
47 76
47 83
47 84
47 85
47 86
47 89
47 92
47 96
47 99
48 57
48 60
48 61
48 62
48 63
48 65
48 68
48 69
48 70
48 71
48 73
48 74
48 75
48 81
48 85
48 93
48 95
48 96
48 98
49 51
49 56
49 57
49 58
49 59
49 60
49 63
49 64
49 65
49 67
49 68
49 71
49 77
49 87
49 88
49 89
49 91
49 93
49 96
49 98
50 53
50 55
50 56
50 57
50 60
50 64
50 68
50 70
50 75
50 76
50 79
50 80
50 81
50 84
50 85
50 89
50 90
50 94
51 53
51 57
51 60
51 69
51 79
51 81
51 82
51 87
51 89
51 94
52 55
52 57
52 59
52 66
52 71
52 72
52 73
52 75
52 81
52 85
52 88
52 93
52 94
52 96
53 58
53 59
53 60
53 63
53 64
53 65
53 67
53 75
53 78
53 80
53 81
53 82
53 89
53 93
54 60
54 62
54 63
54 68
54 70
54 72
54 75
54 83
54 84
54 85
54 91
54 95
54 98
54 99
55 59
55 68
55 71
55 72
55 73
55 77
55 81
55 83
55 87
55 90
55 92
55 94
55 96
55 98
56 59
56 62
56 64
56 72
56 74
56 76
56 77
56 78
56 79
56 82
56 85
56 86
56 89
56 90
56 93
57 64
57 69
57 70
57 73
57 74
57 75
57 80
57 84
57 88
57 96
57 98
58 59
58 60
58 62
58 67
58 70
58 73
58 75
58 90
58 92
58 95
58 97
59 61
59 64
59 66
59 68
59 71
59 72
59 76
59 77
59 78
59 82
59 83
59 86
59 89
59 91
59 92
59 94
59 95
59 98
60 78
60 80
60 83
60 90
60 96
61 66
61 67
61 69
61 70
61 72
61 77
61 79
61 81
61 91
61 95
61 98
61 99
62 65
62 67
62 68
62 70
62 73
62 77
62 78
62 87
62 88
62 92
62 93
62 98
62 99
63 74
63 76
63 79
63 80
63 81
63 85
63 86
63 92
63 93
63 94
64 65
64 70
64 72
64 76
64 80
64 82
64 86
64 87
64 93
65 66
65 69
65 71
65 72
65 73
65 78
65 80
65 81
65 82
65 87
65 92
65 94
65 96
65 99
66 68
66 70
66 71
66 72
66 77
66 79
66 82
66 84
66 87
66 88
66 91
66 98
67 73
67 79
67 81
67 88
67 90
67 91
67 92
67 97
67 98
68 71
68 73
68 75
68 78
68 83
68 90
68 94
68 97
69 70
69 72
69 76
69 77
69 79
69 83
69 86
69 88
69 96
70 71
70 72
70 76
70 78
70 80
70 81
70 85
70 88
70 90
70 93
70 94
70 95
70 96
70 98
71 72
71 76
71 80
71 81
71 82
71 84
71 86
71 88
71 90
71 91
71 96
72 74
72 76
72 81
72 83
72 84
72 90
72 93
72 96
72 97
73 77
73 82
73 87
73 88
73 91
73 99
74 77
74 79
74 82
74 85
74 86
74 91
74 93
74 97
74 98
74 99
75 76
75 79
75 81
75 84
75 91
75 98
76 77
76 80
76 81
76 85
76 89
76 93
76 95
76 97
76 99
77 83
77 86
77 91
78 81
78 86
78 88
78 89
78 90
78 93
78 94
78 97
78 98
78 99
79 86
79 91
79 93
79 99
80 81
80 86
80 97
81 84
81 88
81 91
81 94
81 98
82 87
82 89
82 92
82 95
82 96
82 99
83 88
83 89
83 90
83 93
83 94
83 95
83 96
83 98
84 85
84 86
84 89
84 94
84 95
84 98
84 99
85 86
85 87
85 91
85 92
85 96
86 88
86 94
87 88
87 92
87 93
87 94
88 91
88 98
89 92
90 91
90 93
90 98
91 92
91 95
92 93
92 99
93 96
94 96
94 97
94 98
96 98
96 99
97 98
