0 3
0 10
0 11
0 12
0 14
0 17
0 20
0 23
0 25
0 28
0 31
0 34
0 40
0 42
0 45
0 47
0 50
0 51
0 53
0 55
0 56
0 57
0 64
0 67
0 69
0 75
0 78
0 81
0 84
0 88
0 91
0 93
0 96
0 98
1 2
1 3
1 5
1 9
1 11
1 13
1 14
1 16
1 20
1 29
1 32
1 33
1 35
1 38
1 43
1 44
1 47
1 48
1 49
1 55
1 58
1 59
1 60
1 61
1 63
1 64
1 65
1 67
1 73
1 75
1 78
1 82
1 86
1 89
1 94
1 96
1 99
2 4
2 6
2 9
2 11
2 18
2 25
2 29
2 39
2 40
2 43
2 44
2 50
2 54
2 56
2 59
2 64
2 66
2 67
2 68
2 72
2 77
2 80
2 83
2 86
2 87
2 90
2 91
2 92
2 93
2 95
2 97
3 16
3 17
3 18
3 23
3 24
3 27
3 29
3 31
3 33
3 38
3 48
3 49
3 53
3 56
3 72
3 74
3 75
3 81
3 86
3 91
3 98
4 9
4 11
4 19
4 20
4 23
4 26
4 27
4 33
4 35
4 38
4 40
4 41
4 47
4 49
4 57
4 59
4 61
4 65
4 70
4 75
4 79
4 80
4 82
4 85
4 88
4 99
5 6
5 10
5 14
5 16
5 17
5 21
5 22
5 23
5 26
5 29
5 34
5 39
5 47
5 48
5 54
5 56
5 65
5 68
5 71
5 76
5 83
5 86
5 87
5 93
5 94
5 95
5 96
6 10
6 13
6 14
6 18
6 19
6 21
6 23
6 25
6 33
6 37
6 39
6 43
6 44
6 48
6 49
6 60
6 66
6 68
6 71
6 72
6 78
6 79
6 80
6 81
6 82
6 83
6 84
6 85
6 87
6 90
6 97
7 8
7 9
7 14
7 18
7 19
7 21
7 24
7 28
7 32
7 40
7 42
7 50
7 54
7 56
7 63
7 66
7 70
7 72
7 73
7 75
7 78
7 85
7 88
7 89
7 94
7 98
7 99
8 11
8 13
8 19
8 22
8 23
8 24
8 25
8 27
8 36
8 44
8 48
8 50
8 52
8 53
8 56
8 58
8 64
8 67
8 72
8 74
8 78
8 83
8 84
8 85
8 89
8 90
8 94
8 96
9 10
9 11
9 13
9 15
9 23
9 24
9 26
9 37
9 40
9 56
9 59
9 61
9 62
9 70
9 72
9 75
9 77
9 78
9 82
9 83
9 86
9 91
9 92
9 98
9 99
10 15
10 17
10 20
10 21
10 23
10 26
10 28
10 31
10 32
10 35
10 39
10 40
10 41
10 42
10 44
10 49
10 59
10 68
10 72
10 83
10 89
10 90
10 91
10 92
10 93
10 95
10 99
11 12
11 16
11 17
11 21
11 27
11 31
11 34
11 35
11 38
11 40
11 43
11 50
11 57
11 72
11 74
11 77
11 79
11 81
11 84
11 85
11 87
11 88
11 91
11 93
11 94
11 98
12 15
12 16
12 17
12 20
12 28
12 29
12 31
12 34
12 37
12 38
12 45
12 46
12 51
12 60
12 61
12 62
12 65
12 71
12 73
12 80
12 93
12 94
12 97
12 99
13 15
13 16
13 20
13 21
13 26
13 27
13 28
13 29
13 30
13 32
13 33
13 34
13 36
13 37
13 38
13 41
13 44
13 45
13 48
13 51
13 52
13 55
13 56
13 57
13 58
13 59
13 62
13 64
13 66
13 72
13 80
13 85
13 89
13 91
13 99
14 15
14 16
14 18
14 20
14 28
14 35
14 40
14 47
14 49
14 62
14 67
14 76
14 77
14 78
14 82
14 85
14 88
14 92
14 97
14 98
15 18
15 22
15 24
15 28
15 29
15 31
15 38
15 39
15 45
15 46
15 50
15 61
15 67
15 77
15 79
15 83
15 87
15 92
15 94
15 97
15 98
16 18
16 22
16 27
16 29
16 30
16 35
16 38
16 40
16 43
16 48
16 50
16 51
16 52
16 59
16 64
16 66
16 67
16 73
16 79
16 86
16 89
16 97
16 98
17 18
17 20
17 21
17 22
17 28
17 31
17 33
17 35
17 39
17 46
17 47
17 61
17 62
17 67
17 68
17 75
17 78
17 84
17 85
17 88
17 89
17 91
17 92
17 94
17 96
18 20
18 22
18 28
18 30
18 42
18 46
18 56
18 57
18 63
18 65
18 67
18 72
18 73
18 74
18 76
18 77
18 82
18 86
18 87
18 88
18 90
18 94
18 96
19 22
19 23
19 24
19 26
19 36
19 37
19 44
19 48
19 62
19 67
19 70
19 71
19 74
19 76
19 79
19 80
19 83
19 87
19 88
19 90
19 92
19 94
19 96
19 98
20 24
20 26
20 29
20 32
20 38
20 43
20 48
20 49
20 53
20 57
20 68
20 69
20 74
20 75
20 83
20 84
20 89
20 92
20 95
21 23
21 29
21 30
21 36
21 38
21 44
21 46
21 48
21 51
21 53
21 56
21 68
21 70
21 72
21 74
21 78
21 80
21 82
21 85
21 87
21 91
21 96
22 25
22 30
22 32
22 36
22 42
22 44
22 47
22 48
22 50
22 54
22 56
22 58
22 60
22 61
22 62
22 70
22 71
22 75
22 76
22 78
22 81
22 83
22 84
22 88
22 89
22 90
22 94
23 30
23 31
23 33
23 34
23 40
23 41
23 43
23 45
23 46
23 47
23 48
23 53
23 55
23 56
23 60
23 68
23 69
23 72
23 75
23 77
23 80
23 81
23 84
23 90
23 91
23 92
23 96
23 98
23 99
24 26
24 31
24 34
24 35
24 36
24 39
24 41
24 42
24 43
24 44
24 47
24 49
24 55
24 56
24 58
24 60
24 63
24 64
24 70
24 73
24 77
24 84
24 89
24 94
24 96
24 97
25 27
25 34
25 37
25 41
25 42
25 43
25 45
25 47
25 50
25 52
25 64
25 67
25 68
25 69
25 72
25 75
25 77
25 78
25 79
25 80
25 81
25 83
25 86
25 89
25 90
25 92
26 29
26 30
26 33
26 36
26 46
26 48
26 49
26 55
26 56
26 57
26 60
26 66
26 70
26 71
26 72
26 76
26 79
26 80
26 82
26 83
26 85
26 91
26 92
26 99
27 28
27 29
27 30
27 34
27 35
27 38
27 39
27 47
27 53
27 61
27 62
27 66
27 67
27 68
27 72
27 74
27 76
27 77
27 80
27 81
27 89
27 93
28 29
28 36
28 40
28 43
28 45
28 46
28 49
28 53
28 55
28 58
28 59
28 60
28 61
28 63
28 68
28 72
28 76
28 79
28 80
28 90
28 91
28 92
28 93
28 95
28 96
28 98
29 31
29 36
29 37
29 38
29 40
29 44
29 47
29 60
29 61
29 64
29 67
29 73
29 75
29 78
29 79
29 80
29 83
29 84
29 88
29 89
29 99
30 31
30 32
30 33
30 34
30 35
30 41
30 44
30 45
30 56
30 64
30 66
30 73
30 75
30 76
30 77
30 78
30 83
30 97
31 36
31 39
31 40
31 41
31 44
31 47
31 48
31 50
31 59
31 60
31 61
31 62
31 67
31 73
31 82
31 86
31 90
32 34
32 40
32 41
32 43
32 46
32 48
32 49
32 51
32 63
32 72
32 73
32 74
32 76
32 77
32 78
32 85
32 98
33 34
33 38
33 42
33 47
33 52
33 54
33 55
33 56
33 59
33 64
33 67
33 68
33 70
33 71
33 74
33 78
33 79
33 80
33 87
33 89
33 91
33 92
33 95
33 98
33 99
34 35
34 36
34 37
34 38
34 43
34 45
34 46
34 68
34 70
34 73
34 75
34 76
34 77
34 78
34 82
34 92
34 94
34 96
34 98
35 42
35 50
35 61
35 62
35 66
35 67
35 68
35 69
35 73
35 77
35 81
35 84
35 85
35 89
35 93
35 94
35 95
35 99
36 38
36 39
36 42
36 44
36 52
36 58
36 64
36 65
36 66
36 69
36 72
36 75
36 90
36 91
36 92
36 95
36 97
36 99
37 39
37 41
37 50
37 53
37 58
37 60
37 61
37 64
37 67
37 75
37 77
37 81
37 82
37 83
37 88
37 89
37 93
37 97
38 43
38 44
38 54
38 56
38 61
38 64
38 65
38 71
38 72
38 75
38 80
38 82
38 84
38 98
39 40
39 43
39 63
39 64
39 67
39 70
39 71
39 81
39 82
39 88
39 91
39 96
39 99
40 42
40 49
40 50
40 52
40 53
40 55
40 56
40 57
40 61
40 64
40 67
40 69
40 70
40 76
40 80
40 81
40 83
40 86
40 87
40 92
40 98
41 43
41 44
41 45
41 46
41 47
41 50
41 51
41 56
41 61
41 62
41 63
41 66
41 68
41 71
41 76
41 78
41 79
41 81
41 92
41 98
41 99
42 49
42 50
42 54
42 58
42 59
42 67
42 69
42 70
42 76
42 77
42 80
42 83
42 89
42 90
42 93
42 95
42 96
42 99
43 49
43 57
43 61
43 68
43 69
43 71
43 75
43 77
43 82
43 83
43 87
43 88
43 89
43 90
43 91
43 93
43 98
44 48
44 50
44 53
44 62
44 63
44 64
44 65
44 67
44 68
44 69
44 70
44 75
44 78
44 80
44 83
44 85
44 86
44 91
44 92
44 94
44 95
45 47
45 49
45 52
45 54
45 57
45 66
45 78
45 84
45 91
45 92
45 98
46 50
46 52
46 53
46 59
46 64
46 65
46 68
46 71
46 76
46 78
46 83
46 87
46 93
46 94
46 95
47 54
47 61
47 67
47 70
47 71
47 72
47 73
47 74
47 78
47 79
47 81
47 85
47 87
47 92
47 96
47 97
48 49
48 50
48 54
48 57
48 60
48 62
48 73
48 75
48 77
48 78
48 79
48 82
48 84
48 85
48 91
48 95
48 96
48 97
49 56
49 57
49 62
49 64
49 65
49 75
49 76
49 80
49 81
49 84
49 87
49 89
49 90
49 92
49 93
50 53
50 57
50 58
50 67
50 75
50 76
50 79
50 81
50 84
50 86
50 91
50 92
50 93
50 95
50 97
50 98
50 99
51 53
51 54
51 63
51 66
51 73
51 74
51 75
51 78
51 79
51 83
51 84
51 92
51 98
52 54
52 57
52 62
52 65
52 66
52 74
52 77
52 80
52 81
52 82
52 86
52 87
52 88
52 91
52 94
52 96
52 97
52 98
52 99
53 59
53 64
53 66
53 67
53 70
53 72
53 73
53 79
53 87
53 94
53 98
53 99
54 69
54 73
54 80
54 82
54 85
54 86
54 88
54 95
54 97
55 56
55 59
55 62
55 66
55 67
55 68
55 74
55 77
55 81
55 82
55 84
55 85
55 89
55 93
55 98
56 60
56 61
56 65
56 71
56 72
56 77
56 80
56 81
56 95
56 96
56 99
57 59
57 65
57 71
57 72
57 77
57 78
57 82
57 83
57 88
57 89
57 90
57 97
57 99
58 60
58 63
58 65
58 70
58 78
58 80
58 82
58 84
58 88
58 90
58 95
58 97
59 60
59 61
59 64
59 69
59 74
59 76
59 77
59 78
59 80
59 86
59 89
59 91
59 92
59 94
59 95
59 97
59 99
60 64
60 65
60 72
60 78
60 84
60 85
60 86
60 87
60 92
60 94
60 95
60 99
61 65
61 67
61 69
61 72
61 73
61 77
61 85
61 87
61 88
61 89
61 93
62 65
62 67
62 68
62 71
62 73
62 77
62 78
62 95
62 98
63 70
63 74
63 77
63 81
63 82
63 86
63 89
63 91
63 94
63 99
64 66
64 69
64 75
64 76
64 77
64 78
64 79
64 82
64 94
64 97
65 68
65 72
65 82
65 98
65 99
66 72
66 75
66 80
66 85
66 86
66 92
66 97
67 70
67 71
67 73
67 74
67 77
67 83
67 87
67 88
67 90
67 93
67 94
68 73
68 74
68 77
68 79
68 82
68 83
68 85
68 88
68 89
68 91
68 92
68 98
69 79
69 82
69 83
69 84
69 87
69 89
69 99
70 74
70 77
70 83
70 85
70 87
70 89
70 91
70 97
71 74
71 76
71 86
71 91
71 95
71 99
72 75
72 76
72 80
72 82
72 86
72 88
72 89
72 91
72 95
72 96
72 99
73 75
73 80
73 81
73 84
73 93
73 97
73 98
73 99
74 75
74 77
74 84
74 86
74 88
74 92
74 95
75 78
75 81
75 83
75 91
75 92
75 94
75 95
75 96
76 79
76 81
76 83
76 85
76 91
76 92
76 93
76 97
77 79
77 83
77 84
77 86
77 98
77 99
78 86
78 88
78 90
78 91
78 96
78 97
78 98
79 80
79 83
79 85
79 94
79 96
80 81
80 82
80 94
80 98
80 99
81 82
81 83
81 85
81 87
81 89
81 91
81 94
81 96
82 84
82 86
82 87
82 88
82 89
82 92
82 93
82 97
82 98
82 99
83 87
83 90
83 92
83 93
83 94
83 97
84 88
84 89
84 91
84 93
84 96
84 97
84 98
85 86
85 88
85 91
86 87
86 91
86 92
86 97
86 98
86 99
87 89
87 90
87 92
87 94
87 96
87 99
88 89
88 95
88 96
88 97
88 99
89 91
89 92
89 94
89 98
90 93
90 96
90 99
91 93
91 96
91 97
91 99
92 95
92 97
93 94
93 97
93 98
96 98
98 99
