0 1
0 3
0 4
0 5
0 6
0 7
0 15
0 17
0 18
0 20
0 21
0 26
0 27
0 33
0 35
0 39
0 44
0 45
0 55
0 56
0 57
0 66
0 72
0 74
0 75
0 78
0 80
0 82
0 88
0 90
0 92
0 96
0 97
1 5
1 6
1 8
1 9
1 10
1 12
1 14
1 20
1 26
1 28
1 33
1 34
1 37
1 41
1 42
1 45
1 50
1 59
1 60
1 62
1 65
1 73
1 76
1 78
1 79
1 85
1 86
1 90
1 91
1 94
1 98
2 4
2 8
2 9
2 11
2 16
2 18
2 19
2 21
2 23
2 24
2 25
2 31
2 32
2 34
2 39
2 45
2 53
2 54
2 55
2 59
2 63
2 67
2 69
2 70
2 73
2 76
2 78
2 84
2 87
2 90
2 92
2 95
2 96
2 99
3 4
3 12
3 17
3 19
3 22
3 25
3 26
3 28
3 29
3 30
3 41
3 49
3 51
3 55
3 60
3 63
3 68
3 69
3 71
3 72
3 76
3 79
3 85
3 92
3 94
3 99
4 6
4 8
4 9
4 11
4 12
4 13
4 15
4 17
4 18
4 20
4 27
4 29
4 30
4 31
4 41
4 42
4 53
4 57
4 61
4 67
4 70
4 71
4 78
4 79
4 81
4 85
4 90
5 14
5 21
5 29
5 30
5 36
5 43
5 45
5 47
5 60
5 61
5 63
5 65
5 66
5 70
5 82
5 87
5 90
5 96
6 7
6 8
6 13
6 19
6 21
6 28
6 31
6 38
6 41
6 47
6 49
6 53
6 55
6 60
6 65
6 66
6 68
6 71
6 75
6 81
6 84
6 85
6 86
6 88
6 93
6 94
6 95
7 9
7 15
7 16
7 19
7 20
7 21
7 25
7 41
7 44
7 47
7 48
7 49
7 55
7 62
7 69
7 72
7 74
7 75
7 79
7 82
7 85
7 86
7 94
7 95
7 97
8 11
8 13
8 14
8 20
8 22
8 23
8 24
8 25
8 29
8 33
8 34
8 37
8 40
8 41
8 48
8 54
8 56
8 57
8 61
8 64
8 65
8 66
8 68
8 71
8 76
8 78
8 83
8 87
8 95
8 97
8 99
9 11
9 13
9 14
9 17
9 21
9 24
9 26
9 32
9 33
9 45
9 46
9 47
9 48
9 53
9 55
9 60
9 61
9 68
9 71
9 73
9 75
9 76
9 83
9 84
9 86
9 87
9 89
9 91
9 93
9 96
9 97
9 98
10 13
10 21
10 24
10 25
10 26
10 28
10 29
10 30
10 31
10 39
10 42
10 48
10 49
10 50
10 52
10 54
10 56
10 62
10 64
10 65
10 66
10 69
10 74
10 75
10 76
10 77
10 78
10 80
10 84
10 85
10 91
10 92
10 93
10 97
10 98
11 13
11 16
11 24
11 25
11 42
11 44
11 46
11 47
11 48
11 50
11 53
11 58
11 61
11 63
11 66
11 67
11 78
11 81
11 83
11 85
11 88
11 94
11 96
12 13
12 20
12 23
12 24
12 41
12 42
12 44
12 45
12 46
12 47
12 48
12 50
12 55
12 60
12 62
12 66
12 68
12 72
12 80
12 81
12 83
12 88
12 90
12 93
12 94
13 15
13 17
13 21
13 23
13 24
13 26
13 30
13 34
13 38
13 41
13 44
13 47
13 50
13 51
13 57
13 58
13 60
13 61
13 63
13 66
13 67
13 71
13 72
13 83
13 86
13 88
13 90
13 92
13 95
14 18
14 20
14 21
14 22
14 24
14 25
14 26
14 28
14 37
14 41
14 45
14 53
14 55
14 58
14 68
14 73
14 79
14 82
14 84
14 85
14 88
14 98
15 16
15 17
15 20
15 24
15 30
15 31
15 37
15 38
15 42
15 46
15 50
15 53
15 57
15 58
15 59
15 66
15 67
15 72
15 75
15 80
15 82
15 85
15 93
15 94
15 95
15 96
15 98
16 18
16 19
16 21
16 23
16 28
16 32
16 33
16 34
16 39
16 42
16 43
16 46
16 52
16 55
16 56
16 59
16 60
16 66
16 69
16 76
16 77
16 81
16 86
16 90
16 95
17 21
17 24
17 25
17 33
17 34
17 40
17 46
17 52
17 54
17 61
17 66
17 73
17 75
17 81
17 90
17 93
18 23
18 24
18 25
18 30
18 32
18 33
18 36
18 38
18 43
18 48
18 50
18 51
18 54
18 63
18 66
18 69
18 70
18 72
18 73
18 74
18 77
18 81
18 84
18 90
18 93
18 96
18 99
19 20
19 22
19 32
19 35
19 37
19 38
19 42
19 46
19 47
19 48
19 51
19 57
19 62
19 68
19 69
19 71
19 72
19 78
19 84
19 87
19 88
19 92
19 97
20 22
20 23
20 24
20 25
20 32
20 33
20 35
20 36
20 39
20 40
20 42
20 43
20 46
20 47
20 49
20 50
20 60
20 61
20 64
20 66
20 72
20 75
20 78
20 81
20 83
20 86
20 89
20 90
20 93
20 97
21 22
21 28
21 29
21 32
21 36
21 41
21 45
21 46
21 51
21 56
21 59
21 62
21 63
21 76
21 79
21 81
21 83
21 84
21 85
21 89
21 90
21 91
21 92
21 95
22 23
22 25
22 26
22 30
22 31
22 37
22 55
22 57
22 60
22 70
22 71
22 75
22 76
22 79
22 80
22 81
22 85
22 86
22 87
22 89
23 30
23 31
23 32
23 34
23 38
23 39
23 45
23 49
23 50
23 55
23 59
23 60
23 61
23 62
23 63
23 66
23 70
23 71
23 73
23 74
23 77
23 79
23 80
23 81
23 82
23 84
23 89
23 91
23 93
23 94
23 97
23 98
24 28
24 29
24 42
24 46
24 48
24 50
24 54
24 56
24 59
24 61
24 65
24 66
24 68
24 71
24 76
24 80
24 93
24 96
24 98
25 26
25 29
25 30
25 31
25 37
25 45
25 51
25 55
25 57
25 58
25 60
25 61
25 66
25 69
25 75
25 76
25 82
25 96
25 97
25 98
26 27
26 29
26 31
26 32
26 35
26 37
26 41
26 43
26 48
26 53
26 56
26 59
26 61
26 64
26 65
26 66
26 67
26 68
26 72
26 75
26 76
26 83
26 87
26 89
26 90
26 92
26 97
27 28
27 32
27 37
27 42
27 45
27 47
27 51
27 53
27 55
27 57
27 63
27 66
27 67
27 72
27 73
27 74
27 75
27 77
27 84
27 87
27 88
27 89
28 33
28 36
28 37
28 40
28 42
28 43
28 44
28 45
28 47
28 53
28 54
28 58
28 65
28 78
28 79
28 84
28 85
28 88
28 89
28 94
28 97
29 34
29 37
29 40
29 47
29 49
29 50
29 54
29 57
29 60
29 62
29 66
29 68
29 72
29 76
29 85
29 86
29 87
29 89
29 90
29 91
29 94
29 95
29 97
29 99
30 31
30 32
30 33
30 34
30 35
30 41
30 44
30 45
30 47
30 49
30 51
30 54
30 58
30 73
30 84
30 86
30 87
30 88
30 89
30 91
30 93
30 99
31 35
31 40
31 41
31 44
31 45
31 46
31 50
31 51
31 53
31 55
31 57
31 63
31 67
31 68
31 71
31 76
31 79
31 80
31 81
31 82
31 83
31 86
31 87
31 88
31 89
31 92
32 33
32 34
32 39
32 40
32 41
32 43
32 45
32 47
32 48
32 50
32 57
32 69
32 73
32 74
32 75
32 77
32 78
32 81
32 86
32 88
32 95
32 97
32 99
33 36
33 38
33 40
33 42
33 43
33 45
33 53
33 54
33 55
33 57
33 61
33 71
33 72
33 73
33 74
33 76
33 79
33 80
33 86
33 87
33 88
33 90
33 91
33 92
33 95
33 97
33 98
33 99
34 36
34 39
34 40
34 42
34 43
34 48
34 49
34 50
34 53
34 55
34 60
34 61
34 62
34 65
34 66
34 77
34 78
34 79
34 81
34 83
34 85
34 86
34 95
34 99
35 36
35 38
35 41
35 43
35 45
35 52
35 57
35 62
35 64
35 66
35 69
35 73
35 77
35 87
35 90
35 92
35 96
36 38
36 39
36 41
36 44
36 45
36 48
36 56
36 59
36 66
36 73
36 74
36 76
36 80
36 84
36 88
36 89
36 90
37 45
37 47
37 53
37 57
37 59
37 62
37 63
37 64
37 65
37 67
37 71
37 72
37 75
37 76
37 83
37 84
37 85
38 39
38 41
38 42
38 46
38 47
38 50
38 60
38 61
38 64
38 71
38 73
38 76
38 78
38 86
38 87
38 88
38 91
38 94
38 95
39 41
39 42
39 44
39 52
39 53
39 56
39 60
39 61
39 65
39 67
39 68
39 71
39 75
39 77
39 78
39 81
39 82
39 86
39 88
39 98
39 99
40 43
40 48
40 49
40 50
40 52
40 54
40 55
40 59
40 62
40 66
40 67
40 68
40 71
40 74
40 77
40 79
40 82
40 86
40 92
40 94
40 96
41 42
41 43
41 48
41 49
41 54
41 55
41 56
41 57
41 61
41 64
41 66
41 67
41 71
41 74
41 75
41 80
41 81
41 84
41 94
41 97
42 43
42 50
42 51
42 52
42 54
42 56
42 64
42 65
42 75
42 76
42 79
42 81
42 84
42 87
42 88
43 44
43 47
43 48
43 52
43 54
43 57
43 61
43 66
43 67
43 68
43 71
43 73
43 74
43 78
43 79
43 80
43 81
43 82
43 83
43 84
43 88
43 90
43 92
44 55
44 63
44 64
44 65
44 68
44 70
44 71
44 73
44 80
44 83
44 85
44 95
44 96
44 98
45 52
45 54
45 56
45 59
45 63
45 64
45 66
45 67
45 72
45 73
45 76
45 81
45 83
45 84
45 86
45 88
45 90
45 94
45 99
46 47
46 48
46 51
46 55
46 57
46 60
46 65
46 66
46 72
46 73
46 79
46 83
46 85
46 92
46 97
46 98
47 56
47 59
47 61
47 64
47 65
47 67
47 73
47 75
47 77
47 79
47 80
47 82
47 83
47 84
47 90
47 98
48 51
48 55
48 57
48 58
48 63
48 67
48 69
48 70
48 72
48 73
48 74
48 83
48 85
48 87
48 92
48 99
49 50
49 51
49 52
49 53
49 55
49 57
49 60
49 61
49 63
49 66
49 75
49 83
49 84
49 85
49 87
49 89
49 91
49 95
50 52
50 55
50 56
50 57
50 59
50 61
50 69
50 70
50 78
50 81
50 82
50 94
50 97
50 99
51 54
51 55
51 58
51 64
51 71
51 76
51 80
51 83
51 84
51 93
51 97
51 99
52 53
52 58
52 60
52 65
52 67
52 68
52 76
52 79
52 80
52 81
52 96
53 59
53 60
53 68
53 70
53 74
53 77
53 80
53 82
53 83
53 87
53 90
53 92
53 93
54 59
54 60
54 62
54 73
54 80
54 82
54 83
54 85
54 86
54 87
55 56
55 64
55 69
55 71
55 81
55 82
55 83
55 86
55 87
55 95
55 96
56 69
56 79
56 83
56 86
56 87
56 88
56 92
56 97
57 58
57 59
57 60
57 64
57 66
57 67
57 68
57 70
57 71
57 74
57 75
57 80
57 87
57 92
57 93
57 94
58 60
58 64
58 71
58 72
58 74
58 77
58 80
58 81
58 82
58 83
58 88
58 92
58 97
59 61
59 67
59 68
59 76
59 81
59 82
59 84
59 85
59 88
59 89
59 91
59 92
60 69
60 72
60 73
60 74
60 76
60 78
60 79
60 81
60 88
60 92
60 97
60 98
61 63
61 65
61 68
61 74
61 79
61 80
61 82
61 83
61 85
61 86
61 87
61 93
61 99
62 65
62 66
62 68
62 69
62 72
62 74
62 75
62 77
62 78
62 79
62 80
63 64
63 68
63 70
63 71
63 80
63 81
63 83
63 88
63 98
64 65
64 67
64 74
64 75
64 76
64 79
64 80
64 85
64 88
64 89
64 96
65 69
65 71
65 79
65 80
65 81
65 86
65 88
65 91
65 94
65 96
65 97
65 99
66 69
66 70
66 77
66 81
66 82
66 86
66 88
66 90
66 99
67 68
67 70
67 72
67 75
67 77
67 78
67 80
67 87
67 88
67 90
67 94
67 96
67 98
68 69
68 73
68 76
68 80
68 86
68 87
68 90
68 99
69 72
69 78
69 82
69 84
69 90
69 91
69 92
69 93
69 97
69 98
70 76
70 83
70 85
70 86
70 87
70 89
70 91
70 92
70 95
71 72
71 75
71 76
71 77
71 79
71 80
71 83
71 84
71 86
71 87
71 90
71 96
71 97
72 75
72 77
72 80
72 81
72 83
72 84
72 94
72 95
72 96
73 80
73 81
73 82
73 84
73 88
73 89
73 91
73 92
73 93
73 96
73 97
73 98
73 99
74 90
74 94
74 96
75 79
75 85
75 95
76 78
76 79
76 87
76 90
76 92
76 94
76 99
77 81
77 83
77 86
77 90
77 91
77 93
77 94
77 99
78 84
78 87
79 82
79 83
79 86
79 89
79 94
79 98
80 84
80 85
80 87
80 90
80 94
80 96
81 83
81 84
81 85
81 88
81 89
81 92
81 93
81 95
82 90
82 95
82 97
82 99
83 86
83 88
83 91
84 85
84 86
84 89
84 90
84 91
84 94
84 96
85 90
85 91
85 92
85 94
85 95
85 98
85 99
86 87
86 90
86 96
87 91
87 92
87 95
88 90
88 94
88 97
88 98
89 94
90 91
90 92
90 97
91 94
92 96
92 98
94 96
94 98
95 99
96 97
96 99
97 99
98 99
