0 3
0 4
0 5
0 6
0 7
0 11
0 12
0 14
0 16
0 17
0 20
0 26
0 27
0 30
0 31
0 35
0 37
0 38
0 39
0 45
0 49
0 52
0 53
0 55
0 57
0 59
0 64
0 65
0 67
0 68
0 70
0 74
0 75
0 78
0 82
0 83
0 85
0 89
0 90
0 92
0 93
0 95
0 96
1 6
1 7
1 11
1 13
1 14
1 20
1 24
1 29
1 31
1 32
1 35
1 36
1 40
1 42
1 43
1 47
1 48
1 50
1 52
1 53
1 57
1 65
1 66
1 68
1 69
1 76
1 79
1 80
1 84
1 85
1 86
1 88
1 89
1 92
1 93
1 95
1 96
1 97
1 98
2 3
2 6
2 7
2 9
2 10
2 12
2 13
2 15
2 18
2 21
2 22
2 27
2 29
2 31
2 34
2 39
2 40
2 41
2 44
2 46
2 50
2 55
2 56
2 57
2 61
2 63
2 64
2 65
2 71
2 74
2 75
2 80
2 81
2 84
2 92
2 94
2 96
3 8
3 9
3 10
3 12
3 15
3 19
3 20
3 22
3 25
3 27
3 30
3 31
3 34
3 38
3 39
3 40
3 41
3 44
3 47
3 53
3 54
3 56
3 57
3 58
3 59
3 63
3 68
3 71
3 74
3 77
3 79
3 80
3 84
3 85
3 89
3 96
3 97
3 99
4 5
4 6
4 7
4 8
4 9
4 11
4 12
4 19
4 25
4 26
4 27
4 35
4 36
4 38
4 42
4 44
4 46
4 47
4 49
4 52
4 54
4 55
4 57
4 59
4 62
4 68
4 69
4 70
4 71
4 72
4 74
4 75
4 79
4 84
4 85
4 87
4 88
4 89
4 90
4 91
4 92
4 93
4 94
5 6
5 8
5 9
5 11
5 13
5 14
5 16
5 17
5 18
5 19
5 21
5 22
5 26
5 27
5 28
5 31
5 33
5 36
5 38
5 39
5 40
5 44
5 48
5 49
5 51
5 52
5 53
5 54
5 55
5 56
5 58
5 61
5 67
5 71
5 72
5 83
5 87
5 88
5 89
5 90
5 91
5 92
5 94
5 95
5 96
5 97
5 98
5 99
6 10
6 12
6 15
6 16
6 17
6 18
6 20
6 22
6 23
6 24
6 26
6 28
6 33
6 34
6 36
6 39
6 42
6 43
6 46
6 47
6 55
6 57
6 58
6 59
6 60
6 61
6 64
6 71
6 73
6 74
6 75
6 76
6 77
6 79
6 82
6 84
6 85
6 89
6 90
6 97
6 99
7 8
7 15
7 18
7 21
7 22
7 24
7 25
7 26
7 28
7 30
7 33
7 34
7 36
7 39
7 41
7 44
7 47
7 55
7 59
7 61
7 62
7 63
7 64
7 66
7 67
7 70
7 72
7 74
7 77
7 78
7 83
7 84
7 86
7 87
7 88
7 89
7 90
7 91
7 96
7 97
8 9
8 12
8 16
8 17
8 19
8 20
8 22
8 23
8 25
8 26
8 27
8 28
8 29
8 30
8 37
8 40
8 41
8 42
8 44
8 49
8 53
8 58
8 61
8 63
8 69
8 70
8 71
8 79
8 81
8 83
8 84
8 85
8 90
8 91
8 92
8 93
8 96
9 10
9 13
9 14
9 16
9 18
9 20
9 26
9 28
9 31
9 32
9 34
9 35
9 36
9 42
9 43
9 44
9 46
9 51
9 58
9 59
9 66
9 67
9 78
9 81
9 83
9 84
9 89
9 91
9 92
9 95
9 96
10 13
10 15
10 25
10 26
10 28
10 29
10 34
10 35
10 37
10 39
10 45
10 46
10 47
10 48
10 49
10 51
10 53
10 61
10 68
10 70
10 71
10 72
10 74
10 75
10 77
10 78
10 80
10 81
10 82
10 83
10 86
10 88
10 89
10 90
10 91
10 92
10 94
10 95
10 96
10 98
10 99
11 13
11 18
11 25
11 26
11 28
11 29
11 30
11 31
11 37
11 41
11 45
11 46
11 49
11 50
11 54
11 61
11 62
11 64
11 67
11 70
11 74
11 75
11 77
11 79
11 80
11 85
11 86
11 90
11 93
11 94
11 97
11 98
11 99
12 16
12 18
12 20
12 23
12 24
12 27
12 30
12 34
12 37
12 39
12 41
12 45
12 46
12 50
12 51
12 52
12 55
12 61
12 62
12 63
12 78
12 79
12 80
12 81
12 85
12 86
12 91
12 94
12 97
12 98
12 99
13 17
13 18
13 22
13 23
13 25
13 27
13 31
13 32
13 33
13 34
13 36
13 37
13 38
13 40
13 41
13 45
13 46
13 48
13 50
13 55
13 56
13 57
13 59
13 60
13 61
13 63
13 66
13 68
13 69
13 70
13 74
13 75
13 82
13 84
13 89
13 90
13 92
13 93
13 96
13 97
13 99
14 15
14 17
14 20
14 24
14 27
14 28
14 32
14 34
14 35
14 36
14 37
14 38
14 41
14 47
14 48
14 50
14 51
14 52
14 62
14 72
14 73
14 77
14 79
14 80
14 82
14 84
14 85
14 87
14 88
14 94
14 95
14 98
15 17
15 20
15 21
15 22
15 27
15 28
15 31
15 33
15 34
15 35
15 44
15 45
15 47
15 49
15 56
15 59
15 62
15 64
15 65
15 69
15 72
15 76
15 77
15 79
15 80
15 84
15 88
15 89
15 93
15 94
15 96
15 98
16 19
16 20
16 23
16 25
16 27
16 30
16 43
16 45
16 47
16 48
16 49
16 50
16 51
16 52
16 53
16 56
16 57
16 61
16 62
16 67
16 70
16 71
16 73
16 74
16 75
16 79
16 81
16 85
16 89
16 90
16 95
16 96
16 98
17 18
17 20
17 21
17 22
17 23
17 28
17 34
17 35
17 39
17 40
17 42
17 43
17 45
17 53
17 54
17 56
17 59
17 60
17 61
17 64
17 66
17 69
17 70
17 77
17 80
17 81
17 82
17 86
17 87
17 94
17 95
17 97
18 19
18 20
18 22
18 23
18 27
18 31
18 38
18 39
18 41
18 43
18 44
18 47
18 51
18 57
18 60
18 65
18 67
18 70
18 71
18 73
18 75
18 77
18 79
18 80
18 81
18 83
18 85
18 90
18 91
18 95
18 96
18 98
19 20
19 22
19 23
19 25
19 26
19 27
19 30
19 34
19 36
19 42
19 47
19 48
19 51
19 52
19 56
19 58
19 60
19 61
19 62
19 63
19 68
19 69
19 70
19 71
19 72
19 75
19 76
19 78
19 79
19 81
19 84
19 86
19 90
19 92
19 93
19 96
19 99
20 25
20 26
20 27
20 28
20 30
20 31
20 33
20 36
20 38
20 43
20 44
20 45
20 51
20 53
20 55
20 58
20 60
20 62
20 64
20 65
20 66
20 67
20 72
20 77
20 80
20 83
20 86
20 89
20 91
20 92
20 93
20 96
20 98
20 99
21 25
21 27
21 28
21 29
21 30
21 31
21 34
21 45
21 46
21 48
21 50
21 57
21 58
21 59
21 60
21 68
21 72
21 79
21 81
21 87
21 89
21 91
21 93
21 94
21 96
21 99
22 24
22 33
22 35
22 37
22 38
22 40
22 43
22 45
22 51
22 52
22 58
22 62
22 63
22 65
22 66
22 67
22 70
22 71
22 73
22 74
22 75
22 76
22 80
22 81
22 83
22 95
23 25
23 29
23 30
23 31
23 33
23 35
23 36
23 39
23 40
23 41
23 49
23 51
23 52
23 53
23 56
23 58
23 63
23 64
23 66
23 70
23 74
23 76
23 78
23 79
23 80
23 81
23 83
23 86
23 91
23 92
23 93
23 96
23 98
24 26
24 27
24 29
24 33
24 34
24 35
24 37
24 39
24 42
24 44
24 46
24 47
24 48
24 55
24 61
24 63
24 66
24 69
24 72
24 73
24 76
24 77
24 80
24 84
24 86
24 87
24 88
24 92
24 93
24 94
24 98
25 29
25 30
25 32
25 33
25 36
25 38
25 40
25 47
25 48
25 52
25 53
25 55
25 56
25 58
25 59
25 60
25 62
25 63
25 66
25 67
25 68
25 69
25 71
25 75
25 78
25 83
25 85
25 87
25 89
25 93
25 96
25 97
25 98
25 99
26 27
26 28
26 29
26 30
26 34
26 39
26 43
26 44
26 48
26 49
26 50
26 54
26 55
26 56
26 60
26 61
26 62
26 63
26 64
26 68
26 69
26 72
26 73
26 75
26 76
26 78
26 80
26 83
26 87
26 88
26 91
26 99
27 29
27 30
27 32
27 33
27 36
27 41
27 42
27 43
27 45
27 49
27 51
27 53
27 54
27 62
27 64
27 70
27 71
27 72
27 76
27 85
27 86
27 90
27 91
27 94
27 96
27 98
28 29
28 31
28 35
28 36
28 37
28 38
28 39
28 40
28 45
28 52
28 53
28 55
28 57
28 58
28 60
28 61
28 64
28 65
28 66
28 70
28 72
28 73
28 74
28 80
28 81
28 82
28 86
28 87
28 91
28 93
28 94
29 30
29 32
29 33
29 35
29 37
29 39
29 40
29 45
29 47
29 49
29 51
29 53
29 56
29 57
29 63
29 66
29 67
29 70
29 71
29 74
29 78
29 80
29 81
29 83
29 84
29 88
29 92
29 95
29 98
30 35
30 43
30 46
30 49
30 55
30 59
30 64
30 66
30 67
30 69
30 71
30 72
30 73
30 74
30 75
30 78
30 81
30 83
30 85
30 86
30 87
30 90
30 93
30 94
30 95
30 98
30 99
31 35
31 40
31 44
31 45
31 49
31 52
31 56
31 59
31 60
31 65
31 66
31 69
31 70
31 73
31 74
31 81
31 85
31 87
31 91
31 97
31 98
32 33
32 34
32 39
32 40
32 42
32 44
32 46
32 49
32 55
32 56
32 57
32 58
32 64
32 67
32 69
32 72
32 73
32 74
32 76
32 78
32 79
32 83
32 84
32 85
32 87
32 88
32 91
32 92
32 93
32 96
32 99
33 34
33 38
33 45
33 48
33 50
33 51
33 54
33 56
33 61
33 62
33 67
33 70
33 71
33 73
33 75
33 76
33 77
33 78
33 80
33 88
33 89
33 92
33 94
33 95
33 96
33 98
33 99
34 38
34 39
34 41
34 42
34 43
34 48
34 55
34 57
34 58
34 60
34 61
34 65
34 67
34 70
34 72
34 76
34 78
34 85
34 86
34 87
34 88
34 90
34 91
34 92
34 94
34 95
35 36
35 37
35 39
35 40
35 41
35 42
35 43
35 44
35 48
35 53
35 54
35 55
35 56
35 57
35 62
35 63
35 64
35 65
35 66
35 67
35 70
35 72
35 74
35 75
35 77
35 78
35 82
35 83
35 85
35 86
35 87
35 89
35 94
35 96
35 97
35 98
35 99
36 40
36 41
36 44
36 45
36 56
36 59
36 60
36 66
36 67
36 68
36 69
36 71
36 73
36 74
36 76
36 77
36 79
36 84
36 86
36 87
36 88
36 89
36 95
36 97
37 40
37 43
37 44
37 47
37 48
37 50
37 51
37 52
37 53
37 54
37 58
37 59
37 60
37 66
37 67
37 72
37 73
37 75
37 82
37 91
37 94
37 96
37 98
37 99
38 39
38 42
38 43
38 44
38 47
38 48
38 50
38 52
38 55
38 56
38 59
38 62
38 67
38 68
38 70
38 71
38 73
38 74
38 77
38 78
38 84
38 85
38 87
38 88
38 89
38 91
38 98
39 43
39 44
39 48
39 49
39 50
39 55
39 57
39 58
39 64
39 66
39 68
39 70
39 71
39 72
39 75
39 79
39 81
39 83
39 85
39 86
39 87
39 88
39 91
39 97
39 98
40 42
40 51
40 52
40 55
40 56
40 60
40 61
40 65
40 67
40 68
40 70
40 71
40 73
40 76
40 77
40 78
40 80
40 88
40 93
40 96
40 97
40 99
41 43
41 47
41 49
41 54
41 55
41 56
41 59
41 61
41 66
41 71
41 75
41 76
41 77
41 79
41 80
41 84
41 85
41 87
41 89
41 92
42 43
42 45
42 50
42 52
42 54
42 55
42 58
42 59
42 62
42 65
42 68
42 69
42 70
42 71
42 72
42 75
42 77
42 78
42 80
42 83
42 88
42 92
42 93
42 96
42 97
43 44
43 50
43 51
43 52
43 54
43 55
43 56
43 58
43 61
43 62
43 63
43 64
43 65
43 68
43 70
43 74
43 80
43 81
43 84
43 88
43 89
43 91
43 92
43 94
43 96
43 98
44 48
44 52
44 53
44 54
44 55
44 58
44 59
44 61
44 63
44 66
44 68
44 70
44 74
44 78
44 79
44 85
44 88
44 90
44 91
44 93
44 97
44 99
45 46
45 52
45 54
45 59
45 62
45 70
45 73
45 74
45 77
45 80
45 81
45 82
45 83
45 86
45 87
45 88
45 90
45 92
45 94
45 95
45 98
45 99
46 49
46 50
46 52
46 55
46 57
46 59
46 60
46 66
46 68
46 72
46 75
46 77
46 79
46 81
46 82
46 84
46 90
46 95
46 99
47 60
47 61
47 64
47 65
47 67
47 68
47 69
47 71
47 72
47 77
47 81
47 83
47 84
47 86
47 89
47 92
48 50
48 54
48 56
48 61
48 62
48 65
48 68
48 71
48 74
48 81
48 83
48 84
48 86
48 87
48 91
48 92
48 94
48 95
49 50
49 51
49 56
49 65
49 67
49 69
49 73
49 74
49 76
49 79
49 82
49 85
49 93
49 99
50 51
50 53
50 55
50 59
50 67
50 70
50 74
50 76
50 77
50 80
50 83
50 86
50 88
50 90
50 93
50 96
50 98
51 52
51 54
51 55
51 57
51 59
51 61
51 65
51 71
51 75
51 78
51 80
51 84
52 56
52 57
52 59
52 60
52 61
52 63
52 64
52 66
52 67
52 68
52 69
52 71
52 73
52 78
52 87
52 89
52 91
52 93
52 95
52 99
53 54
53 55
53 57
53 59
53 60
53 62
53 63
53 64
53 67
53 68
53 69
53 70
53 72
53 76
53 77
53 79
53 80
53 81
53 82
53 83
53 87
53 91
53 92
53 94
53 95
53 96
53 99
54 56
54 58
54 63
54 64
54 68
54 70
54 77
54 82
54 83
54 85
54 87
54 89
54 90
54 93
54 95
54 96
54 99
55 59
55 60
55 69
55 75
55 76
55 77
55 78
55 79
55 82
55 84
55 88
55 90
55 91
55 96
55 98
55 99
56 62
56 64
56 66
56 67
56 68
56 70
56 72
56 73
56 75
56 76
56 77
56 79
56 80
56 81
56 84
56 90
56 91
56 92
56 93
56 97
57 58
57 60
57 70
57 71
57 72
57 75
57 76
57 77
57 78
57 79
57 80
57 81
57 83
57 84
57 86
57 87
57 88
57 95
58 59
58 60
58 61
58 62
58 66
58 69
58 73
58 74
58 80
58 84
58 86
58 87
58 90
58 92
58 98
59 60
59 63
59 64
59 65
59 68
59 70
59 71
59 74
59 76
59 77
59 79
59 81
59 85
59 86
59 94
59 95
60 61
60 62
60 63
60 67
60 68
60 72
60 73
60 76
60 83
60 86
60 88
60 94
61 66
61 69
61 71
61 75
61 76
61 77
61 83
61 84
61 85
61 89
61 93
61 94
61 95
61 97
62 65
62 66
62 69
62 70
62 71
62 73
62 74
62 76
62 80
62 81
62 82
62 84
62 87
62 94
62 96
62 97
62 98
63 67
63 69
63 71
63 82
63 83
63 85
63 88
63 90
63 95
63 97
63 99
64 67
64 70
64 75
64 83
64 84
64 87
64 88
64 92
64 95
64 99
65 68
65 78
65 79
65 81
65 82
65 84
65 88
65 89
65 92
65 93
65 95
65 98
65 99
66 69
66 72
66 76
66 78
66 79
66 81
66 91
66 92
66 94
66 95
66 96
66 97
66 99
67 72
67 74
67 79
67 81
67 82
67 84
67 86
67 89
67 90
67 91
67 95
67 99
68 71
68 76
68 77
68 78
68 79
68 80
68 82
68 86
68 88
68 90
68 91
68 92
68 93
68 99
69 75
69 78
69 80
69 81
69 83
69 84
69 86
69 94
69 97
69 98
70 74
70 78
70 79
70 83
70 85
70 88
70 91
70 92
70 93
70 98
70 99
71 77
71 78
71 79
71 82
71 83
71 84
71 87
71 88
71 91
71 92
71 96
72 74
72 81
72 84
72 85
72 86
72 87
72 88
72 92
72 94
72 97
73 74
73 76
73 79
73 81
73 82
73 84
73 86
73 87
73 93
73 97
73 98
73 99
74 75
74 76
74 77
74 78
74 80
74 82
74 85
74 86
74 89
74 92
74 93
74 96
74 98
75 77
75 79
75 83
75 84
75 88
75 92
75 93
75 94
75 95
75 96
75 98
76 77
76 79
76 81
76 83
76 84
76 86
76 88
76 89
76 91
76 95
76 99
77 81
77 83
77 85
77 86
77 88
77 89
77 93
77 98
77 99
78 79
78 80
78 83
78 85
78 87
78 88
78 90
78 91
78 96
78 98
78 99
79 80
79 81
79 82
79 86
79 95
79 99
80 82
80 84
80 87
80 90
80 92
81 82
81 85
81 90
81 91
81 94
81 97
82 83
82 86
82 89
82 91
82 92
82 98
83 86
83 87
83 89
83 94
83 95
83 98
84 88
84 94
84 95
85 92
85 94
85 97
85 98
86 88
86 89
86 91
86 93
86 96
86 97
87 88
87 89
87 90
87 96
87 97
87 98
87 99
88 89
88 91
88 93
88 94
88 97
88 99
89 90
89 91
89 93
90 94
90 97
91 93
91 97
91 99
92 93
92 94
92 95
92 96
92 97
92 98
93 96
93 97
93 98
93 99
94 95
94 96
94 99
95 96
95 99
96 97
96 99
97 98
98 99
