0 4
0 5
0 15
0 18
0 28
0 31
0 33
0 37
0 40
0 47
0 51
0 66
0 70
0 78
0 80
0 81
0 85
0 89
0 97
0 99
1 7
1 8
1 9
1 10
1 12
1 17
1 28
1 33
1 34
1 46
1 51
1 53
1 55
1 56
1 64
1 69
1 76
1 79
1 80
1 82
1 87
1 91
1 94
2 6
2 9
2 16
2 18
2 28
2 29
2 30
2 32
2 33
2 38
2 39
2 40
2 46
2 54
2 56
2 62
2 68
2 72
2 73
2 85
2 87
2 89
2 91
2 93
2 96
2 98
3 4
3 5
3 8
3 9
3 10
3 17
3 20
3 21
3 24
3 25
3 30
3 44
3 49
3 50
3 52
3 54
3 55
3 56
3 58
3 59
3 60
3 65
3 73
3 75
3 77
3 78
3 79
3 87
3 90
3 92
3 93
4 6
4 7
4 8
4 13
4 17
4 20
4 22
4 23
4 26
4 27
4 35
4 37
4 49
4 51
4 52
4 58
4 60
4 64
4 67
4 68
4 69
4 70
4 71
4 78
4 79
4 80
4 87
4 88
4 90
4 92
4 93
4 94
4 97
5 7
5 9
5 10
5 12
5 15
5 17
5 22
5 23
5 24
5 28
5 32
5 33
5 35
5 36
5 38
5 42
5 45
5 46
5 47
5 48
5 50
5 56
5 57
5 63
5 81
5 83
5 86
5 88
5 93
5 98
6 7
6 9
6 10
6 12
6 14
6 24
6 29
6 31
6 32
6 46
6 47
6 54
6 57
6 64
6 66
6 67
6 68
6 71
6 74
6 79
6 81
6 86
6 89
6 91
6 93
6 95
6 96
6 98
6 99
7 10
7 12
7 13
7 20
7 23
7 24
7 25
7 30
7 34
7 37
7 43
7 44
7 45
7 46
7 50
7 51
7 55
7 62
7 65
7 68
7 71
7 78
7 81
7 84
7 93
7 97
7 99
8 10
8 11
8 14
8 17
8 22
8 23
8 24
8 25
8 31
8 43
8 52
8 53
8 54
8 55
8 56
8 58
8 59
8 61
8 65
8 66
8 68
8 69
8 71
8 82
8 83
8 84
8 89
9 12
9 13
9 14
9 15
9 19
9 20
9 21
9 23
9 28
9 29
9 35
9 37
9 42
9 44
9 50
9 55
9 59
9 66
9 68
9 69
9 74
9 77
9 80
9 86
9 89
9 91
9 94
9 95
9 96
9 97
9 98
9 99
10 14
10 17
10 18
10 21
10 23
10 26
10 27
10 31
10 36
10 43
10 45
10 50
10 51
10 52
10 54
10 55
10 56
10 57
10 61
10 63
10 64
10 67
10 68
10 70
10 72
10 76
10 77
10 78
10 82
10 83
10 89
10 92
10 97
10 98
11 12
11 18
11 21
11 24
11 27
11 28
11 38
11 39
11 44
11 48
11 49
11 55
11 66
11 74
11 77
11 79
11 89
11 93
11 94
11 99
12 13
12 14
12 16
12 19
12 32
12 36
12 37
12 38
12 41
12 42
12 46
12 57
12 60
12 61
12 62
12 64
12 67
12 70
12 71
12 72
12 75
12 76
12 78
12 91
12 92
12 97
13 17
13 20
13 22
13 24
13 33
13 35
13 37
13 39
13 44
13 46
13 51
13 54
13 56
13 57
13 62
13 64
13 65
13 70
13 74
13 77
13 80
13 89
13 90
13 92
13 93
13 96
13 97
14 15
14 17
14 18
14 20
14 21
14 25
14 28
14 31
14 35
14 36
14 37
14 40
14 42
14 45
14 46
14 54
14 57
14 58
14 63
14 65
14 66
14 67
14 73
14 78
14 79
14 86
14 92
14 94
14 95
14 99
15 19
15 22
15 23
15 27
15 29
15 32
15 33
15 38
15 43
15 49
15 51
15 52
15 54
15 58
15 66
15 70
15 74
15 79
15 83
15 86
15 87
15 91
15 94
15 98
16 19
16 23
16 24
16 26
16 27
16 28
16 30
16 35
16 38
16 46
16 50
16 51
16 53
16 56
16 57
16 61
16 62
16 66
16 67
16 71
16 72
16 74
16 75
16 77
16 80
16 84
16 87
16 88
16 92
16 93
17 19
17 21
17 22
17 23
17 24
17 25
17 32
17 39
17 44
17 46
17 47
17 51
17 54
17 61
17 65
17 66
17 68
17 72
17 74
17 78
17 82
17 83
17 99
18 20
18 25
18 27
18 34
18 35
18 38
18 41
18 42
18 43
18 44
18 46
18 48
18 51
18 52
18 53
18 64
18 65
18 69
18 71
18 73
18 76
18 77
18 83
18 91
18 93
18 94
18 95
18 97
19 20
19 21
19 24
19 26
19 28
19 29
19 31
19 34
19 36
19 43
19 46
19 48
19 52
19 57
19 59
19 60
19 61
19 63
19 68
19 84
19 85
19 86
19 87
19 94
19 97
19 99
20 26
20 27
20 32
20 33
20 39
20 40
20 41
20 45
20 48
20 52
20 54
20 56
20 59
20 60
20 61
20 63
20 65
20 68
20 72
20 77
20 78
20 79
20 83
20 89
20 91
20 95
20 98
20 99
21 23
21 32
21 44
21 46
21 47
21 49
21 54
21 57
21 61
21 63
21 64
21 70
21 76
21 77
21 78
21 80
21 82
21 84
21 92
21 93
21 95
22 28
22 34
22 37
22 38
22 42
22 46
22 48
22 52
22 53
22 55
22 57
22 61
22 66
22 71
22 74
22 77
22 79
22 80
22 83
22 85
22 88
22 91
22 92
22 96
22 97
22 98
22 99
23 24
23 27
23 35
23 36
23 37
23 41
23 45
23 47
23 53
23 56
23 57
23 58
23 61
23 64
23 65
23 72
23 76
23 78
23 79
23 80
23 83
23 84
23 85
23 86
23 88
23 93
24 30
24 31
24 34
24 41
24 42
24 44
24 45
24 48
24 52
24 53
24 56
24 62
24 64
24 66
24 69
24 73
24 76
24 77
24 82
24 84
24 90
24 92
25 26
25 28
25 30
25 36
25 41
25 43
25 44
25 46
25 51
25 55
25 65
25 72
25 74
25 79
25 80
25 81
25 84
25 85
25 86
25 87
25 94
25 95
25 96
25 97
26 28
26 29
26 31
26 32
26 34
26 36
26 42
26 44
26 48
26 50
26 55
26 56
26 73
26 78
26 79
26 86
26 88
26 94
26 95
27 28
27 30
27 34
27 35
27 39
27 41
27 45
27 48
27 51
27 52
27 53
27 57
27 58
27 59
27 60
27 61
27 66
27 68
27 75
27 76
27 78
27 85
27 87
27 89
27 90
27 95
27 96
27 97
28 30
28 33
28 41
28 43
28 47
28 57
28 58
28 64
28 65
28 73
28 74
28 83
28 85
28 87
28 88
28 89
28 94
28 99
29 33
29 34
29 36
29 37
29 38
29 52
29 55
29 59
29 69
29 72
29 73
29 74
29 81
29 82
29 83
29 86
29 92
30 31
30 34
30 35
30 36
30 38
30 43
30 44
30 45
30 46
30 48
30 49
30 51
30 53
30 57
30 59
30 69
30 76
30 78
30 80
30 83
30 84
30 87
30 89
30 92
30 93
30 96
31 33
31 34
31 36
31 37
31 43
31 44
31 46
31 47
31 48
31 52
31 53
31 57
31 59
31 64
31 66
31 79
31 81
31 85
31 98
32 33
32 35
32 36
32 40
32 41
32 43
32 44
32 50
32 51
32 55
32 57
32 65
32 68
32 72
32 74
32 77
32 78
32 85
32 87
32 88
32 90
32 92
32 93
32 97
32 99
33 36
33 43
33 50
33 51
33 52
33 53
33 57
33 58
33 59
33 62
33 64
33 66
33 68
33 70
33 71
33 75
33 77
33 79
33 82
33 83
33 85
33 94
33 97
34 37
34 46
34 50
34 55
34 56
34 57
34 60
34 62
34 63
34 66
34 76
34 80
34 82
34 84
34 85
34 87
34 89
34 90
34 92
34 93
34 94
34 95
34 96
34 97
35 36
35 45
35 46
35 47
35 52
35 59
35 61
35 69
35 75
35 77
35 91
35 94
36 37
36 40
36 43
36 45
36 47
36 51
36 52
36 53
36 54
36 55
36 56
36 69
36 75
36 87
36 89
36 90
36 94
36 96
37 39
37 42
37 49
37 50
37 51
37 58
37 63
37 64
37 65
37 68
37 69
37 73
37 85
37 87
37 92
37 96
37 97
37 98
37 99
38 40
38 41
38 55
38 56
38 58
38 62
38 65
38 66
38 67
38 69
38 73
38 75
38 76
38 77
38 80
38 82
38 85
38 90
38 91
38 93
38 96
38 99
39 42
39 44
39 47
39 50
39 52
39 55
39 60
39 64
39 65
39 67
39 70
39 74
39 78
39 79
39 83
39 86
39 87
39 90
39 92
39 93
39 96
40 46
40 59
40 68
40 70
40 75
40 78
40 83
40 89
40 91
40 92
40 93
40 95
40 96
41 48
41 50
41 51
41 53
41 60
41 65
41 74
41 76
41 77
41 80
41 81
41 83
41 86
41 89
41 91
41 92
41 93
41 95
41 96
42 45
42 53
42 62
42 66
42 70
42 74
42 75
42 76
42 78
42 83
42 85
42 86
42 87
42 88
42 89
42 90
42 93
42 95
42 96
43 44
43 48
43 50
43 55
43 60
43 63
43 68
43 71
43 73
43 74
43 82
43 86
43 88
43 91
43 94
43 95
43 96
44 46
44 55
44 59
44 63
44 67
44 70
44 71
44 72
44 77
44 78
44 81
44 82
44 83
44 90
44 92
44 95
44 98
45 46
45 58
45 59
45 62
45 64
45 65
45 67
45 69
45 72
45 74
45 82
45 85
45 90
45 94
46 52
46 53
46 57
46 58
46 59
46 61
46 64
46 67
46 71
46 75
46 80
46 82
46 84
46 87
46 88
46 91
46 93
46 95
46 96
46 97
47 48
47 52
47 54
47 57
47 59
47 60
47 64
47 68
47 75
47 79
47 84
47 88
47 96
47 99
48 51
48 56
48 57
48 61
48 63
48 64
48 65
48 84
48 87
48 90
48 91
48 94
48 97
49 50
49 51
49 55
49 56
49 57
49 60
49 67
49 68
49 71
49 73
49 74
49 76
49 79
49 82
49 90
49 93
49 94
49 97
49 98
50 54
50 56
50 60
50 62
50 73
50 74
50 77
50 80
50 82
50 86
50 88
50 89
50 99
51 65
51 66
51 76
51 81
51 82
51 87
51 94
51 96
51 97
52 54
52 55
52 60
52 65
52 68
52 74
52 75
52 76
52 77
52 80
52 81
52 83
52 84
52 88
52 91
52 94
52 96
53 55
53 57
53 62
53 68
53 70
53 72
53 73
53 74
53 85
53 91
53 92
53 93
53 94
53 95
53 96
54 57
54 59
54 60
54 61
54 62
54 63
54 64
54 66
54 69
54 70
54 71
54 73
54 75
54 78
54 80
54 88
54 91
54 94
54 95
54 97
54 98
54 99
55 65
55 67
55 68
55 71
55 81
55 88
55 94
55 98
56 57
56 61
56 64
56 65
56 68
56 70
56 75
56 77
56 78
56 80
56 81
56 86
56 97
57 58
57 60
57 67
57 88
57 89
57 93
57 96
57 97
58 65
58 74
58 83
58 85
58 88
58 94
58 95
58 96
58 99
59 62
59 64
59 65
59 70
59 73
59 77
59 93
59 95
60 64
60 66
60 71
60 72
60 76
60 80
60 81
60 82
60 83
60 86
60 90
60 92
60 96
60 99
61 62
61 63
61 64
61 66
61 68
61 72
61 74
61 80
61 81
61 82
61 83
61 84
61 85
61 86
61 87
61 91
61 94
62 66
62 74
62 75
62 77
62 93
62 96
63 64
63 68
63 70
63 72
63 74
63 87
63 90
63 91
63 93
63 94
63 98
64 67
64 69
64 72
64 74
64 87
64 95
64 96
65 67
65 68
65 69
65 72
65 74
65 81
65 84
65 85
65 87
65 88
65 91
66 75
66 76
66 78
66 79
66 80
66 86
66 98
66 99
67 68
67 73
67 75
67 77
67 80
67 84
67 85
67 86
67 94
68 69
68 73
68 80
68 81
68 82
68 83
68 85
68 86
68 87
68 89
68 92
68 98
68 99
69 75
69 80
69 82
69 84
69 90
69 92
69 93
69 96
70 71
70 73
70 75
70 77
70 81
70 83
70 84
70 85
70 88
70 91
71 72
71 73
71 74
71 82
71 83
71 86
71 88
71 90
71 95
72 81
72 84
72 86
72 91
72 97
72 99
73 76
73 78
73 82
73 85
73 87
73 91
73 93
73 95
73 96
73 98
73 99
74 76
74 78
74 79
74 80
74 81
74 85
74 89
74 97
74 98
75 80
75 81
75 82
75 88
75 91
75 92
75 99
76 77
76 80
76 83
76 85
76 97
77 80
77 82
77 84
77 87
77 89
77 93
77 94
77 96
77 99
78 80
78 82
78 84
78 85
78 95
79 81
79 82
79 83
79 87
79 93
79 96
79 97
79 98
79 99
80 81
80 83
80 84
80 86
80 88
80 90
80 93
80 98
81 87
81 91
81 95
82 83
82 84
82 89
83 89
83 92
83 94
83 95
84 86
84 95
84 98
85 87
85 90
85 92
86 88
86 99
87 88
87 89
87 91
87 95
88 90
88 93
88 94
88 97
88 98
88 99
89 92
89 93
89 94
89 96
90 91
90 92
90 93
90 97
90 98
92 93
92 98
93 95
94 95
94 96
95 99
96 98
96 99
97 98
