0 1
0 2
0 3
0 4
0 5
0 6
0 7
0 9
0 11
0 14
0 15
0 16
0 18
0 19
0 22
0 26
0 27
0 29
0 31
0 32
0 33
0 35
0 36
0 38
0 42
0 43
0 44
0 49
0 50
0 51
0 53
0 54
0 55
0 58
0 59
0 60
0 62
0 63
0 66
0 68
0 70
0 71
0 72
0 73
0 74
0 77
0 84
0 85
0 86
0 87
0 88
0 89
0 90
0 91
0 92
0 94
0 95
0 97
0 99
1 2
1 4
1 6
1 7
1 8
1 9
1 12
1 14
1 15
1 16
1 17
1 18
1 19
1 25
1 26
1 28
1 29
1 34
1 37
1 39
1 40
1 41
1 42
1 43
1 45
1 46
1 49
1 50
1 52
1 53
1 55
1 56
1 57
1 60
1 63
1 64
1 65
1 66
1 70
1 71
1 72
1 73
1 76
1 78
1 79
1 81
1 83
1 86
1 87
1 88
1 89
1 90
1 91
1 92
1 95
1 96
1 97
1 98
1 99
2 4
2 5
2 6
2 7
2 8
2 9
2 10
2 12
2 13
2 14
2 16
2 17
2 18
2 20
2 21
2 22
2 23
2 24
2 25
2 31
2 32
2 34
2 37
2 42
2 45
2 46
2 47
2 49
2 50
2 51
2 52
2 53
2 54
2 55
2 57
2 58
2 59
2 64
2 65
2 66
2 67
2 68
2 69
2 72
2 73
2 74
2 76
2 77
2 80
2 81
2 82
2 85
2 87
2 88
2 89
2 90
2 92
2 93
2 94
2 96
2 98
3 4
3 5
3 6
3 7
3 9
3 10
3 12
3 13
3 16
3 17
3 18
3 20
3 22
3 23
3 24
3 25
3 26
3 28
3 29
3 32
3 33
3 34
3 35
3 36
3 37
3 42
3 48
3 49
3 53
3 54
3 56
3 64
3 66
3 67
3 70
3 71
3 78
3 80
3 81
3 82
3 84
3 87
3 88
3 89
3 90
3 95
3 96
3 99
4 9
4 12
4 14
4 15
4 17
4 18
4 21
4 22
4 23
4 25
4 26
4 29
4 30
4 31
4 32
4 33
4 36
4 39
4 40
4 41
4 42
4 43
4 46
4 47
4 48
4 49
4 50
4 51
4 52
4 54
4 55
4 56
4 60
4 62
4 63
4 64
4 65
4 66
4 67
4 69
4 71
4 72
4 73
4 74
4 75
4 77
4 78
4 79
4 80
4 81
4 82
4 85
4 91
4 92
4 93
4 94
4 95
4 97
5 6
5 8
5 9
5 10
5 15
5 16
5 21
5 22
5 25
5 26
5 30
5 33
5 34
5 37
5 38
5 39
5 40
5 41
5 42
5 43
5 44
5 45
5 46
5 47
5 49
5 50
5 51
5 53
5 54
5 55
5 56
5 58
5 60
5 61
5 62
5 63
5 64
5 65
5 68
5 70
5 71
5 72
5 76
5 77
5 78
5 79
5 80
5 81
5 83
5 84
5 85
5 87
5 88
5 90
5 91
5 92
5 93
5 94
5 96
5 97
5 98
5 99
6 7
6 9
6 12
6 13
6 14
6 15
6 16
6 17
6 18
6 19
6 20
6 21
6 23
6 25
6 26
6 27
6 28
6 29
6 31
6 32
6 35
6 36
6 37
6 38
6 39
6 40
6 42
6 43
6 45
6 50
6 54
6 55
6 56
6 60
6 63
6 64
6 66
6 68
6 70
6 71
6 74
6 76
6 77
6 79
6 80
6 83
6 84
6 90
6 94
6 95
6 96
6 98
6 99
7 9
7 10
7 13
7 14
7 16
7 17
7 19
7 20
7 21
7 22
7 23
7 25
7 26
7 27
7 31
7 33
7 36
7 38
7 39
7 41
7 43
7 44
7 47
7 50
7 51
7 53
7 57
7 58
7 59
7 63
7 67
7 68
7 71
7 74
7 76
7 77
7 78
7 79
7 82
7 83
7 84
7 87
7 88
7 89
7 90
7 91
7 94
7 95
7 96
7 98
8 16
8 19
8 20
8 23
8 24
8 25
8 26
8 31
8 33
8 34
8 37
8 38
8 39
8 40
8 44
8 45
8 48
8 49
8 50
8 51
8 53
8 54
8 55
8 56
8 57
8 58
8 59
8 60
8 61
8 62
8 63
8 64
8 65
8 69
8 71
8 74
8 75
8 76
8 78
8 79
8 81
8 87
8 88
8 89
8 90
8 92
8 93
8 94
8 95
8 96
8 98
9 15
9 16
9 18
9 19
9 20
9 22
9 27
9 28
9 29
9 30
9 32
9 34
9 35
9 37
9 38
9 40
9 41
9 42
9 43
9 44
9 49
9 50
9 54
9 55
9 56
9 57
9 58
9 61
9 63
9 67
9 68
9 69
9 70
9 71
9 72
9 74
9 75
9 76
9 78
9 79
9 80
9 81
9 82
9 83
9 84
9 85
9 86
9 87
9 88
9 90
9 91
9 92
9 93
9 94
9 96
9 97
9 98
9 99
10 11
10 13
10 14
10 15
10 17
10 19
10 20
10 22
10 23
10 24
10 25
10 27
10 29
10 31
10 32
10 33
10 34
10 35
10 36
10 37
10 39
10 41
10 42
10 43
10 44
10 45
10 46
10 48
10 51
10 52
10 53
10 54
10 57
10 58
10 61
10 63
10 64
10 65
10 68
10 71
10 73
10 74
10 75
10 78
10 79
10 80
10 82
10 83
10 87
10 88
10 89
10 90
10 93
10 98
10 99
11 12
11 13
11 16
11 18
11 20
11 21
11 22
11 23
11 24
11 25
11 30
11 31
11 34
11 36
11 37
11 39
11 41
11 42
11 43
11 46
11 47
11 50
11 51
11 52
11 56
11 57
11 60
11 61
11 62
11 65
11 66
11 68
11 70
11 71
11 73
11 74
11 75
11 76
11 77
11 79
11 80
11 83
11 85
11 86
11 88
11 89
11 90
11 91
11 93
11 94
11 97
11 98
12 14
12 15
12 18
12 19
12 26
12 28
12 29
12 30
12 31
12 33
12 35
12 37
12 38
12 40
12 41
12 42
12 43
12 45
12 46
12 47
12 49
12 51
12 53
12 55
12 56
12 57
12 58
12 59
12 61
12 62
12 63
12 66
12 67
12 68
12 69
12 71
12 74
12 75
12 76
12 77
12 78
12 79
12 82
12 84
12 85
12 86
12 89
12 90
12 91
12 92
12 97
12 98
12 99
13 15
13 16
13 17
13 18
13 20
13 21
13 23
13 24
13 28
13 30
13 31
13 32
13 33
13 35
13 36
13 39
13 40
13 42
13 43
13 44
13 45
13 46
13 48
13 49
13 50
13 52
13 54
13 55
13 56
13 57
13 58
13 61
13 62
13 63
13 66
13 67
13 68
13 69
13 71
13 72
13 73
13 75
13 76
13 79
13 80
13 83
13 84
13 85
13 86
13 87
13 88
13 89
13 90
13 92
13 93
13 94
13 98
14 16
14 17
14 19
14 21
14 25
14 27
14 37
14 38
14 40
14 42
14 43
14 44
14 45
14 48
14 51
14 52
14 53
14 54
14 56
14 57
14 58
14 60
14 61
14 62
14 64
14 67
14 71
14 72
14 75
14 78
14 81
14 82
14 83
14 84
14 85
14 86
14 87
14 89
14 92
14 93
14 94
14 95
14 97
14 99
15 16
15 17
15 18
15 19
15 20
15 21
15 22
15 23
15 24
15 25
15 26
15 29
15 30
15 31
15 32
15 35
15 36
15 37
15 39
15 41
15 43
15 44
15 46
15 47
15 49
15 50
15 51
15 56
15 58
15 60
15 62
15 63
15 64
15 65
15 67
15 68
15 72
15 73
15 74
15 75
15 76
15 77
15 78
15 79
15 80
15 82
15 84
15 85
15 87
15 88
15 92
15 93
15 94
15 95
15 96
15 97
15 98
15 99
16 18
16 19
16 20
16 21
16 24
16 26
16 28
16 29
16 33
16 34
16 35
16 36
16 37
16 38
16 39
16 41
16 45
16 46
16 51
16 52
16 53
16 55
16 57
16 59
16 62
16 63
16 64
16 67
16 68
16 70
16 72
16 73
16 74
16 75
16 76
16 77
16 78
16 81
16 82
16 84
16 85
16 86
16 87
16 88
16 89
16 91
16 95
16 96
16 97
17 19
17 20
17 21
17 22
17 23
17 26
17 27
17 28
17 30
17 32
17 33
17 35
17 36
17 37
17 39
17 41
17 43
17 44
17 45
17 48
17 50
17 53
17 54
17 56
17 57
17 60
17 61
17 62
17 63
17 64
17 65
17 66
17 68
17 69
17 70
17 71
17 73
17 75
17 76
17 78
17 79
17 80
17 82
17 83
17 84
17 85
17 87
17 89
17 90
17 92
17 95
17 97
17 98
18 19
18 22
18 24
18 26
18 29
18 30
18 31
18 32
18 33
18 35
18 39
18 40
18 41
18 42
18 43
18 45
18 46
18 47
18 48
18 50
18 52
18 53
18 56
18 57
18 59
18 60
18 62
18 63
18 64
18 65
18 66
18 67
18 71
18 72
18 73
18 75
18 77
18 78
18 79
18 80
18 82
18 83
18 85
18 87
18 88
18 91
18 92
18 95
18 97
18 98
19 20
19 21
19 23
19 26
19 27
19 29
19 30
19 31
19 32
19 34
19 35
19 37
19 39
19 42
19 43
19 44
19 48
19 49
19 51
19 54
19 55
19 58
19 59
19 60
19 61
19 62
19 63
19 65
19 66
19 70
19 73
19 74
19 75
19 76
19 77
19 79
19 81
19 82
19 83
19 85
19 86
19 87
19 90
19 91
19 92
19 93
19 97
20 22
20 25
20 27
20 29
20 30
20 32
20 33
20 34
20 36
20 37
20 38
20 41
20 43
20 47
20 50
20 53
20 54
20 55
20 56
20 57
20 58
20 60
20 61
20 62
20 64
20 66
20 67
20 68
20 72
20 76
20 80
20 81
20 82
20 86
20 88
20 89
20 90
20 92
20 93
20 94
20 95
20 97
20 99
21 22
21 25
21 28
21 29
21 32
21 33
21 34
21 35
21 38
21 40
21 42
21 43
21 44
21 45
21 47
21 49
21 51
21 54
21 56
21 58
21 59
21 60
21 62
21 63
21 66
21 67
21 69
21 70
21 73
21 74
21 76
21 77
21 79
21 82
21 83
21 84
21 85
21 86
21 88
21 91
21 93
21 94
21 99
22 23
22 24
22 26
22 27
22 28
22 30
22 31
22 34
22 36
22 38
22 39
22 41
22 42
22 43
22 44
22 46
22 47
22 48
22 50
22 53
22 54
22 55
22 56
22 61
22 62
22 63
22 64
22 66
22 69
22 72
22 74
22 75
22 77
22 81
22 82
22 83
22 84
22 85
22 86
22 87
22 90
22 91
22 93
22 95
22 96
22 99
23 24
23 25
23 26
23 27
23 28
23 29
23 31
23 32
23 33
23 34
23 36
23 37
23 38
23 40
23 42
23 47
23 48
23 50
23 51
23 53
23 58
23 59
23 60
23 61
23 63
23 67
23 69
23 71
23 72
23 75
23 76
23 78
23 79
23 80
23 81
23 85
23 87
23 88
23 89
23 92
23 93
23 95
23 96
23 97
23 99
24 26
24 27
24 29
24 30
24 32
24 33
24 34
24 36
24 37
24 39
24 43
24 44
24 45
24 46
24 47
24 49
24 50
24 51
24 52
24 54
24 55
24 56
24 57
24 59
24 62
24 63
24 65
24 66
24 69
24 70
24 71
24 72
24 73
24 74
24 75
24 76
24 78
24 79
24 83
24 84
24 88
24 89
24 92
24 94
24 95
24 97
24 98
25 27
25 28
25 31
25 32
25 35
25 36
25 37
25 40
25 41
25 42
25 43
25 44
25 45
25 46
25 47
25 50
25 52
25 53
25 55
25 56
25 58
25 59
25 60
25 63
25 64
25 65
25 68
25 69
25 71
25 72
25 73
25 74
25 76
25 77
25 79
25 80
25 81
25 84
25 85
25 86
25 87
25 88
25 89
25 90
25 91
25 92
25 94
25 98
25 99
26 29
26 31
26 32
26 36
26 37
26 38
26 39
26 40
26 43
26 44
26 45
26 47
26 48
26 53
26 54
26 55
26 56
26 57
26 60
26 62
26 64
26 65
26 67
26 68
26 69
26 70
26 71
26 73
26 75
26 76
26 77
26 78
26 79
26 85
26 87
26 90
26 92
26 93
26 94
26 97
26 98
27 28
27 29
27 30
27 31
27 32
27 33
27 35
27 38
27 41
27 42
27 44
27 45
27 46
27 47
27 49
27 50
27 51
27 52
27 53
27 54
27 56
27 57
27 59
27 60
27 62
27 64
27 65
27 67
27 70
27 73
27 74
27 75
27 76
27 78
27 80
27 83
27 84
27 86
27 90
27 94
27 95
27 96
27 97
28 29
28 30
28 31
28 32
28 33
28 36
28 37
28 38
28 39
28 40
28 42
28 43
28 44
28 45
28 46
28 48
28 49
28 51
28 52
28 53
28 54
28 55
28 57
28 58
28 59
28 60
28 61
28 62
28 64
28 65
28 68
28 70
28 71
28 72
28 74
28 78
28 79
28 80
28 82
28 83
28 84
28 85
28 86
28 89
28 91
28 92
28 93
28 97
28 98
29 32
29 34
29 35
29 37
29 44
29 46
29 49
29 52
29 53
29 57
29 59
29 60
29 61
29 63
29 65
29 66
29 67
29 68
29 71
29 73
29 74
29 75
29 78
29 79
29 80
29 81
29 82
29 83
29 84
29 85
29 86
29 87
29 89
29 90
29 91
29 92
29 94
29 95
29 96
29 97
29 98
30 34
30 35
30 36
30 37
30 39
30 40
30 42
30 45
30 47
30 49
30 50
30 53
30 55
30 56
30 57
30 59
30 60
30 61
30 63
30 65
30 66
30 69
30 70
30 72
30 73
30 76
30 77
30 79
30 83
30 84
30 85
30 88
30 89
30 92
30 93
30 94
30 95
30 99
31 32
31 33
31 37
31 39
31 43
31 44
31 45
31 48
31 49
31 50
31 52
31 53
31 55
31 56
31 57
31 58
31 59
31 60
31 61
31 63
31 64
31 67
31 68
31 70
31 71
31 72
31 73
31 75
31 76
31 79
31 84
31 85
31 87
31 92
31 93
31 95
31 96
31 97
31 98
31 99
32 33
32 34
32 38
32 41
32 42
32 43
32 44
32 45
32 47
32 49
32 50
32 51
32 53
32 54
32 56
32 58
32 59
32 60
32 61
32 62
32 63
32 67
32 68
32 69
32 70
32 71
32 72
32 73
32 74
32 75
32 78
32 79
32 81
32 82
32 83
32 84
32 85
32 86
32 87
32 88
32 90
32 91
32 92
32 93
32 96
33 35
33 37
33 38
33 40
33 42
33 43
33 44
33 49
33 50
33 51
33 53
33 55
33 56
33 57
33 59
33 61
33 63
33 69
33 70
33 76
33 78
33 81
33 83
33 85
33 87
33 89
33 90
33 91
33 92
33 94
33 95
33 96
33 97
33 99
34 35
34 36
34 38
34 40
34 43
34 45
34 47
34 51
34 52
34 53
34 55
34 57
34 58
34 61
34 62
34 64
34 67
34 69
34 70
34 73
34 75
34 76
34 80
34 81
34 83
34 84
34 85
34 86
34 88
34 89
34 92
34 93
34 94
34 95
34 98
34 99
35 36
35 38
35 39
35 40
35 41
35 42
35 44
35 45
35 48
35 51
35 53
35 54
35 56
35 58
35 59
35 61
35 62
35 63
35 67
35 69
35 70
35 71
35 72
35 73
35 74
35 77
35 78
35 79
35 80
35 83
35 85
35 87
35 88
35 92
35 94
35 95
35 97
35 98
35 99
36 37
36 38
36 40
36 41
36 42
36 43
36 44
36 46
36 48
36 51
36 52
36 53
36 54
36 55
36 59
36 60
36 61
36 63
36 64
36 65
36 66
36 67
36 72
36 73
36 74
36 75
36 78
36 81
36 82
36 83
36 84
36 85
36 87
36 88
36 91
36 93
36 94
36 95
37 38
37 42
37 46
37 47
37 51
37 52
37 55
37 56
37 59
37 60
37 61
37 64
37 65
37 70
37 71
37 72
37 73
37 74
37 76
37 77
37 78
37 79
37 81
37 85
37 87
37 88
37 89
37 92
37 94
37 95
37 96
37 97
37 98
37 99
38 41
38 42
38 43
38 45
38 46
38 47
38 49
38 51
38 52
38 53
38 54
38 55
38 56
38 57
38 58
38 60
38 65
38 70
38 72
38 74
38 77
38 78
38 79
38 80
38 81
38 83
38 84
38 85
38 86
38 87
38 90
38 91
38 92
38 93
38 95
38 96
38 98
39 43
39 44
39 45
39 46
39 48
39 50
39 53
39 54
39 56
39 67
39 68
39 70
39 71
39 72
39 73
39 76
39 77
39 79
39 80
39 81
39 82
39 84
39 85
39 87
39 88
39 89
39 90
39 91
39 92
39 93
39 94
39 98
40 41
40 42
40 44
40 46
40 49
40 51
40 52
40 53
40 54
40 55
40 56
40 57
40 61
40 63
40 64
40 66
40 69
40 71
40 72
40 74
40 75
40 77
40 78
40 80
40 81
40 83
40 87
40 88
40 89
40 90
40 91
40 92
40 93
40 95
40 98
40 99
41 43
41 44
41 45
41 48
41 49
41 53
41 57
41 59
41 62
41 63
41 64
41 66
41 67
41 69
41 71
41 72
41 74
41 76
41 78
41 81
41 82
41 85
41 86
41 89
41 90
41 92
41 93
41 94
41 96
41 97
42 43
42 46
42 48
42 50
42 51
42 52
42 53
42 54
42 56
42 57
42 58
42 60
42 62
42 64
42 65
42 66
42 67
42 68
42 70
42 71
42 72
42 74
42 75
42 77
42 79
42 83
42 85
42 87
42 89
42 90
42 91
42 95
42 98
42 99
43 44
43 45
43 48
43 49
43 50
43 51
43 52
43 53
43 55
43 59
43 66
43 67
43 68
43 70
43 71
43 72
43 77
43 79
43 80
43 81
43 83
43 84
43 85
43 87
43 89
43 90
43 92
43 93
43 94
43 96
43 97
43 98
44 50
44 52
44 53
44 54
44 56
44 57
44 61
44 63
44 65
44 66
44 69
44 70
44 71
44 72
44 73
44 75
44 76
44 77
44 78
44 80
44 81
44 82
44 83
44 84
44 85
44 86
44 87
44 88
44 89
44 90
44 91
44 92
44 93
44 94
44 95
44 97
45 46
45 47
45 50
45 51
45 52
45 54
45 55
45 56
45 57
45 59
45 61
45 65
45 66
45 67
45 69
45 70
45 72
45 73
45 76
45 77
45 78
45 80
45 82
45 83
45 84
45 85
45 86
45 88
45 91
45 94
45 95
45 96
45 98
46 47
46 48
46 50
46 51
46 52
46 53
46 54
46 55
46 56
46 57
46 58
46 59
46 62
46 63
46 66
46 70
46 71
46 72
46 73
46 75
46 76
46 78
46 79
46 80
46 81
46 82
46 84
46 85
46 87
46 88
46 89
46 91
46 93
46 94
46 95
46 96
46 97
46 98
46 99
47 48
47 50
47 52
47 53
47 54
47 56
47 57
47 60
47 63
47 64
47 65
47 67
47 68
47 69
47 71
47 74
47 76
47 79
47 82
47 84
47 85
47 86
47 87
47 88
47 89
47 91
47 92
47 93
47 94
47 97
47 98
48 51
48 53
48 55
48 56
48 57
48 59
48 60
48 63
48 64
48 66
48 68
48 70
48 71
48 73
48 74
48 75
48 77
48 78
48 80
48 82
48 83
48 86
48 87
48 88
48 89
48 92
48 93
48 95
48 96
48 97
48 98
49 52
49 55
49 56
49 57
49 58
49 59
49 60
49 61
49 64
49 65
49 66
49 68
49 69
49 70
49 71
49 72
49 73
49 74
49 75
49 76
49 77
49 78
49 79
49 80
49 81
49 82
49 84
49 85
49 87
49 89
49 90
49 91
49 92
49 94
49 95
49 96
49 98
49 99
50 52
50 56
50 58
50 59
50 61
50 62
50 64
50 66
50 67
50 68
50 71
50 72
50 74
50 76
50 77
50 78
50 79
50 82
50 83
50 84
50 85
50 86
50 88
50 90
50 92
50 94
50 95
50 97
51 52
51 56
51 57
51 60
51 62
51 63
51 65
51 66
51 68
51 69
51 70
51 71
51 72
51 73
51 74
51 77
51 78
51 81
51 82
51 83
51 84
51 85
51 88
51 89
51 90
51 91
51 94
51 95
51 97
51 98
51 99
52 56
52 58
52 61
52 64
52 65
52 66
52 67
52 68
52 69
52 70
52 71
52 72
52 73
52 74
52 75
52 77
52 79
52 80
52 81
52 86
52 88
52 89
52 90
52 91
52 93
52 95
52 96
52 97
52 98
52 99
53 54
53 55
53 57
53 59
53 61
53 62
53 63
53 64
53 68
53 71
53 72
53 74
53 75
53 76
53 80
53 82
53 84
53 85
53 87
53 89
53 92
53 95
53 97
53 98
54 55
54 56
54 58
54 59
54 62
54 63
54 64
54 65
54 67
54 71
54 74
54 77
54 78
54 80
54 81
54 82
54 86
54 89
54 92
54 93
54 94
54 95
54 96
54 98
54 99
55 56
55 57
55 63
55 65
55 66
55 67
55 72
55 73
55 74
55 76
55 77
55 78
55 79
55 80
55 81
55 82
55 84
55 85
55 86
55 89
55 90
55 91
55 92
55 93
55 94
55 98
55 99
56 57
56 58
56 60
56 61
56 62
56 63
56 65
56 66
56 67
56 68
56 69
56 71
56 72
56 74
56 77
56 78
56 80
56 83
56 85
56 88
56 89
56 90
56 92
56 94
56 95
56 98
57 58
57 63
57 66
57 68
57 71
57 73
57 74
57 75
57 76
57 78
57 79
57 80
57 81
57 83
57 85
57 87
57 88
57 91
57 92
57 94
57 96
57 97
57 99
58 59
58 60
58 61
58 62
58 63
58 64
58 66
58 67
58 69
58 70
58 71
58 72
58 74
58 75
58 80
58 82
58 84
58 86
58 87
58 95
58 99
59 61
59 62
59 64
59 65
59 66
59 67
59 70
59 71
59 72
59 75
59 78
59 80
59 82
59 83
59 84
59 85
59 86
59 87
59 89
59 91
59 94
59 95
59 96
59 99
60 62
60 65
60 67
60 69
60 70
60 71
60 75
60 80
60 81
60 83
60 84
60 85
60 86
60 88
60 89
60 94
60 95
60 98
61 62
61 65
61 66
61 67
61 69
61 70
61 71
61 72
61 75
61 78
61 79
61 80
61 81
61 82
61 83
61 84
61 85
61 87
61 88
61 90
61 92
61 93
61 97
62 64
62 65
62 66
62 69
62 71
62 72
62 76
62 78
62 82
62 83
62 85
62 86
62 87
62 89
62 90
62 91
62 92
62 93
62 97
62 98
62 99
63 64
63 67
63 68
63 69
63 71
63 74
63 75
63 78
63 79
63 80
63 81
63 83
63 85
63 86
63 88
63 89
63 91
63 92
63 94
63 95
63 96
63 98
63 99
64 65
64 67
64 68
64 69
64 72
64 75
64 76
64 78
64 79
64 80
64 81
64 82
64 84
64 85
64 86
64 87
64 90
64 92
64 93
64 95
64 97
65 68
65 70
65 73
65 74
65 75
65 76
65 78
65 79
65 80
65 82
65 84
65 87
65 91
65 95
65 97
65 98
66 67
66 68
66 70
66 71
66 72
66 73
66 74
66 75
66 76
66 77
66 79
66 80
66 81
66 82
66 83
66 84
66 85
66 86
66 87
66 89
66 93
66 94
66 96
66 99
67 68
67 69
67 70
67 71
67 75
67 76
67 77
67 78
67 80
67 81
67 84
67 85
67 89
67 90
67 92
67 93
67 94
67 95
67 96
67 98
68 72
68 74
68 75
68 76
68 81
68 83
68 85
68 87
68 90
68 91
68 93
69 70
69 71
69 72
69 73
69 74
69 76
69 78
69 79
69 82
69 85
69 86
69 94
69 98
69 99
70 72
70 76
70 77
70 78
70 79
70 80
70 81
70 82
70 83
70 84
70 85
70 90
70 92
70 93
70 94
70 95
70 96
70 99
71 72
71 74
71 75
71 76
71 78
71 80
71 81
71 84
71 86
71 91
71 92
71 94
71 95
71 96
71 97
71 98
71 99
72 74
72 75
72 79
72 80
72 81
72 83
72 84
72 87
72 89
72 93
72 97
72 98
73 74
73 75
73 79
73 80
73 81
73 83
73 84
73 86
73 89
73 90
73 91
73 95
74 76
74 77
74 79
74 80
74 82
74 85
74 87
74 89
74 90
74 91
74 93
74 94
74 96
74 97
74 98
74 99
75 76
75 78
75 79
75 81
75 84
75 85
75 86
75 88
75 90
75 91
75 92
75 93
75 94
75 96
75 97
76 77
76 78
76 82
76 87
76 88
76 90
76 92
76 94
76 96
76 97
76 98
77 79
77 80
77 82
77 84
77 88
77 90
77 93
77 94
77 95
77 96
77 97
77 98
77 99
78 79
78 82
78 83
78 84
78 87
78 90
78 91
78 94
78 95
78 97
79 80
79 81
79 82
79 84
79 85
79 86
79 87
79 89
79 90
79 91
79 92
79 93
79 94
79 96
79 98
79 99
80 81
80 82
80 83
80 85
80 86
80 87
80 88
80 91
80 92
80 93
80 94
80 96
80 98
81 82
81 86
81 87
81 89
81 91
81 92
81 93
81 95
81 96
81 98
81 99
82 84
82 85
82 87
82 88
82 94
82 95
82 96
82 98
82 99
83 84
83 85
83 86
83 89
83 90
83 93
83 94
83 96
83 97
84 85
84 86
84 89
84 90
84 92
84 96
84 99
85 86
85 90
85 92
85 93
85 94
85 96
85 99
86 87
86 89
86 92
86 93
86 95
86 96
86 97
86 98
87 88
87 89
87 90
87 91
87 92
87 93
87 94
87 95
87 96
87 97
87 99
88 90
88 91
88 92
88 94
88 96
89 90
89 92
89 94
89 96
89 97
89 99
90 91
90 93
90 94
90 95
90 96
90 97
90 99
91 92
91 93
91 95
91 99
92 93
92 94
92 96
92 97
92 98
92 99
94 95
94 97
94 98
94 99
95 96
95 97
96 97
96 99
97 98
97 99
98 99
