0 2
0 5
0 7
0 8
0 9
0 11
0 13
0 14
0 18
0 20
0 21
0 22
0 23
0 26
0 27
0 28
0 29
0 31
0 33
0 38
0 39
0 40
0 43
0 44
0 45
0 48
0 56
0 58
0 61
0 63
0 66
0 67
0 68
0 71
0 77
0 80
0 82
0 83
0 84
0 85
0 86
0 87
0 88
0 89
0 98
1 3
1 4
1 7
1 13
1 17
1 18
1 19
1 21
1 23
1 24
1 28
1 30
1 32
1 34
1 35
1 38
1 40
1 43
1 45
1 50
1 52
1 56
1 60
1 65
1 67
1 70
1 71
1 78
1 84
1 87
1 89
1 90
1 92
1 95
1 97
2 8
2 10
2 12
2 15
2 17
2 20
2 26
2 30
2 32
2 35
2 39
2 42
2 43
2 47
2 49
2 52
2 54
2 56
2 59
2 60
2 62
2 63
2 64
2 67
2 69
2 70
2 73
2 75
2 77
2 78
2 79
2 81
2 82
2 83
2 85
2 89
2 92
2 94
2 96
2 97
3 4
3 6
3 7
3 8
3 24
3 25
3 27
3 28
3 31
3 35
3 36
3 39
3 41
3 43
3 44
3 45
3 46
3 48
3 49
3 56
3 58
3 59
3 60
3 65
3 66
3 69
3 70
3 71
3 73
3 74
3 76
3 79
3 81
3 82
3 84
3 86
3 87
3 90
3 95
3 97
3 99
4 8
4 12
4 15
4 17
4 18
4 21
4 23
4 24
4 26
4 28
4 32
4 33
4 38
4 39
4 41
4 45
4 48
4 49
4 50
4 51
4 54
4 56
4 57
4 58
4 59
4 62
4 64
4 66
4 67
4 70
4 78
4 79
4 80
4 81
4 83
4 84
4 88
4 90
4 93
4 98
5 6
5 7
5 8
5 9
5 11
5 12
5 15
5 16
5 17
5 18
5 20
5 23
5 27
5 32
5 33
5 34
5 40
5 42
5 45
5 52
5 53
5 56
5 57
5 59
5 60
5 62
5 63
5 64
5 70
5 71
5 74
5 75
5 76
5 78
5 81
5 82
5 83
5 85
5 86
5 88
5 92
5 93
5 94
5 96
6 7
6 8
6 9
6 11
6 16
6 21
6 23
6 26
6 27
6 33
6 34
6 35
6 41
6 42
6 43
6 45
6 49
6 52
6 56
6 60
6 63
6 64
6 65
6 66
6 67
6 74
6 77
6 78
6 79
6 80
6 86
6 87
6 89
6 90
6 94
6 98
7 8
7 9
7 22
7 25
7 32
7 35
7 36
7 37
7 40
7 44
7 45
7 46
7 47
7 50
7 51
7 52
7 54
7 58
7 59
7 62
7 64
7 65
7 67
7 68
7 71
7 72
7 78
7 81
7 83
7 84
7 87
7 90
7 91
7 92
7 99
8 10
8 11
8 14
8 17
8 19
8 23
8 27
8 30
8 31
8 32
8 36
8 39
8 40
8 41
8 44
8 48
8 49
8 52
8 53
8 54
8 58
8 59
8 60
8 61
8 62
8 63
8 64
8 65
8 67
8 68
8 71
8 72
8 74
8 76
8 77
8 78
8 80
8 84
8 86
8 87
8 88
8 91
8 94
8 98
9 10
9 11
9 13
9 14
9 16
9 21
9 22
9 23
9 31
9 37
9 38
9 39
9 40
9 42
9 46
9 47
9 49
9 50
9 53
9 56
9 58
9 59
9 61
9 65
9 66
9 67
9 73
9 75
9 77
9 79
9 81
9 86
9 88
9 89
9 93
9 95
9 96
9 97
10 11
10 13
10 16
10 21
10 25
10 26
10 28
10 30
10 32
10 34
10 35
10 38
10 39
10 42
10 45
10 49
10 50
10 52
10 54
10 57
10 58
10 59
10 62
10 66
10 67
10 70
10 74
10 76
10 77
10 78
10 81
10 83
10 89
10 92
10 94
10 96
10 97
10 98
11 12
11 14
11 15
11 21
11 22
11 24
11 25
11 26
11 27
11 28
11 32
11 34
11 38
11 41
11 42
11 43
11 46
11 47
11 49
11 53
11 54
11 58
11 60
11 64
11 66
11 71
11 75
11 76
11 77
11 80
11 82
11 84
11 86
11 87
11 91
11 96
11 98
12 13
12 17
12 19
12 20
12 21
12 23
12 25
12 33
12 34
12 36
12 37
12 41
12 42
12 43
12 44
12 46
12 60
12 62
12 63
12 66
12 67
12 69
12 76
12 78
12 81
12 83
12 90
12 93
12 98
12 99
13 21
13 22
13 26
13 28
13 32
13 33
13 36
13 38
13 42
13 44
13 45
13 47
13 48
13 49
13 50
13 51
13 54
13 57
13 60
13 63
13 64
13 66
13 67
13 73
13 74
13 75
13 80
13 81
13 82
13 83
13 84
13 85
13 88
13 89
13 90
13 91
13 92
13 93
13 94
13 95
13 98
14 15
14 17
14 18
14 20
14 21
14 22
14 23
14 26
14 29
14 30
14 32
14 34
14 37
14 40
14 42
14 45
14 48
14 50
14 54
14 55
14 59
14 63
14 65
14 67
14 68
14 69
14 71
14 72
14 75
14 78
14 79
14 81
14 82
14 83
14 84
14 88
14 90
14 91
14 92
14 93
14 97
14 98
15 18
15 22
15 23
15 26
15 28
15 31
15 37
15 42
15 43
15 47
15 49
15 54
15 55
15 56
15 58
15 62
15 66
15 68
15 69
15 70
15 73
15 74
15 75
15 76
15 79
15 80
15 81
15 83
15 88
15 89
15 91
15 92
15 93
15 97
15 99
16 19
16 20
16 21
16 22
16 24
16 25
16 32
16 35
16 36
16 37
16 38
16 39
16 40
16 41
16 46
16 47
16 48
16 50
16 53
16 55
16 56
16 58
16 63
16 65
16 68
16 69
16 71
16 75
16 77
16 81
16 85
16 92
16 94
16 99
17 18
17 24
17 26
17 29
17 30
17 35
17 36
17 39
17 47
17 51
17 53
17 58
17 62
17 64
17 67
17 70
17 71
17 74
17 75
17 78
17 80
17 82
17 86
17 87
17 89
17 90
17 92
17 93
17 96
17 97
17 98
18 20
18 21
18 23
18 24
18 25
18 26
18 35
18 36
18 37
18 41
18 42
18 44
18 45
18 51
18 54
18 56
18 60
18 62
18 64
18 66
18 67
18 68
18 72
18 73
18 75
18 76
18 77
18 78
18 79
18 80
18 82
18 85
18 86
18 91
18 93
18 94
18 96
18 99
19 20
19 22
19 24
19 25
19 28
19 34
19 35
19 38
19 39
19 40
19 45
19 46
19 48
19 49
19 51
19 52
19 53
19 54
19 56
19 60
19 64
19 65
19 66
19 68
19 69
19 70
19 73
19 74
19 75
19 76
19 77
19 79
19 81
19 89
19 95
19 97
20 26
20 27
20 29
20 30
20 36
20 38
20 41
20 45
20 48
20 50
20 53
20 54
20 55
20 56
20 57
20 61
20 63
20 64
20 67
20 69
20 71
20 73
20 75
20 79
20 82
20 84
20 87
20 90
20 91
20 92
20 93
20 96
20 97
20 98
21 22
21 25
21 32
21 50
21 53
21 56
21 59
21 60
21 61
21 64
21 65
21 68
21 69
21 70
21 71
21 74
21 76
21 81
21 82
21 83
21 89
21 91
21 92
21 95
21 96
21 99
22 23
22 24
22 27
22 29
22 31
22 37
22 40
22 46
22 47
22 51
22 53
22 54
22 55
22 56
22 57
22 62
22 63
22 68
22 69
22 71
22 75
22 80
22 84
22 85
22 87
22 88
22 93
22 95
22 96
23 24
23 27
23 30
23 31
23 36
23 38
23 43
23 45
23 47
23 50
23 52
23 53
23 57
23 58
23 59
23 61
23 62
23 67
23 72
23 74
23 76
23 85
23 86
23 89
23 91
23 93
23 96
23 99
24 25
24 28
24 29
24 34
24 37
24 39
24 40
24 45
24 46
24 47
24 48
24 50
24 58
24 60
24 66
24 70
24 72
24 73
24 74
24 78
24 79
24 80
24 84
24 85
24 87
24 89
24 92
24 94
24 98
25 28
25 30
25 31
25 33
25 35
25 36
25 37
25 39
25 42
25 45
25 46
25 48
25 53
25 56
25 59
25 61
25 64
25 68
25 69
25 75
25 76
25 78
25 79
25 80
25 81
25 82
25 85
25 87
25 89
25 95
25 97
26 27
26 29
26 30
26 34
26 35
26 36
26 40
26 41
26 44
26 53
26 55
26 57
26 59
26 61
26 62
26 64
26 65
26 68
26 69
26 70
26 74
26 78
26 79
26 85
26 86
26 87
26 88
26 95
26 96
26 99
27 28
27 31
27 34
27 36
27 39
27 40
27 43
27 46
27 48
27 50
27 52
27 53
27 59
27 60
27 61
27 67
27 72
27 73
27 74
27 76
27 78
27 83
27 84
27 85
27 87
27 88
27 89
27 94
27 99
28 31
28 45
28 50
28 52
28 53
28 56
28 57
28 63
28 64
28 66
28 67
28 68
28 75
28 77
28 91
28 93
28 94
28 95
29 31
29 33
29 34
29 35
29 36
29 37
29 39
29 40
29 41
29 42
29 43
29 50
29 52
29 53
29 56
29 58
29 61
29 63
29 68
29 71
29 72
29 73
29 79
29 80
29 86
29 87
29 88
29 95
29 96
29 97
29 98
29 99
30 36
30 37
30 38
30 39
30 46
30 50
30 52
30 53
30 56
30 60
30 62
30 65
30 66
30 69
30 70
30 72
30 76
30 80
30 81
30 89
30 90
30 93
30 94
30 98
31 32
31 34
31 35
31 43
31 45
31 48
31 54
31 56
31 57
31 60
31 61
31 62
31 64
31 65
31 66
31 69
31 73
31 75
31 78
31 84
31 93
31 94
31 95
31 97
31 98
32 37
32 38
32 39
32 42
32 43
32 45
32 49
32 51
32 52
32 53
32 57
32 59
32 61
32 63
32 68
32 69
32 70
32 71
32 72
32 79
32 84
32 86
32 88
32 90
32 97
32 98
32 99
33 34
33 36
33 41
33 42
33 43
33 44
33 48
33 49
33 53
33 55
33 56
33 57
33 58
33 59
33 60
33 61
33 65
33 70
33 71
33 78
33 82
33 83
33 85
33 86
33 87
33 89
33 91
33 92
33 93
33 94
33 95
33 99
34 35
34 39
34 40
34 46
34 47
34 48
34 49
34 50
34 57
34 59
34 64
34 68
34 74
34 80
34 84
34 85
34 86
34 87
34 90
34 91
34 95
34 96
34 97
35 37
35 39
35 41
35 42
35 46
35 47
35 50
35 57
35 58
35 71
35 72
35 75
35 76
35 77
35 79
35 81
35 86
35 87
35 89
35 96
35 97
36 41
36 43
36 45
36 51
36 52
36 58
36 60
36 61
36 62
36 71
36 74
36 75
36 80
36 81
36 82
36 84
36 85
36 89
36 94
36 98
37 38
37 43
37 44
37 46
37 50
37 53
37 57
37 62
37 63
37 65
37 67
37 76
37 78
37 82
37 83
37 87
37 88
37 90
37 94
37 96
37 97
37 99
38 39
38 40
38 42
38 43
38 44
38 47
38 51
38 52
38 53
38 57
38 58
38 61
38 62
38 64
38 66
38 70
38 71
38 72
38 74
38 76
38 77
38 81
38 82
38 83
38 85
38 86
38 89
38 90
38 92
38 93
38 94
38 95
38 97
38 98
39 42
39 43
39 44
39 45
39 47
39 49
39 53
39 54
39 56
39 57
39 58
39 59
39 61
39 63
39 66
39 68
39 76
39 89
39 90
39 91
39 92
39 93
39 96
39 97
39 99
40 42
40 45
40 47
40 52
40 53
40 55
40 56
40 57
40 58
40 61
40 63
40 67
40 68
40 69
40 71
40 72
40 75
40 79
40 89
40 90
40 99
41 47
41 49
41 56
41 59
41 60
41 63
41 66
41 68
41 69
41 70
41 73
41 75
41 76
41 79
41 80
41 82
41 83
41 90
41 95
41 96
41 99
42 43
42 44
42 45
42 48
42 49
42 54
42 59
42 70
42 72
42 73
42 76
42 77
42 78
42 79
42 84
42 87
42 88
42 93
42 96
42 97
43 44
43 46
43 50
43 52
43 53
43 57
43 58
43 59
43 60
43 61
43 62
43 63
43 64
43 65
43 67
43 71
43 73
43 74
43 75
43 78
43 80
43 81
43 82
43 89
43 90
43 92
43 97
43 98
43 99
44 53
44 56
44 57
44 59
44 60
44 63
44 67
44 69
44 70
44 72
44 78
44 80
44 87
44 89
44 91
44 94
44 96
44 98
44 99
45 48
45 49
45 51
45 54
45 58
45 72
45 73
45 74
45 80
45 81
45 84
45 85
45 95
45 96
46 48
46 49
46 53
46 54
46 70
46 77
46 78
46 80
46 82
46 83
46 85
46 86
46 93
46 96
46 97
47 50
47 53
47 55
47 57
47 60
47 61
47 62
47 63
47 64
47 66
47 68
47 70
47 71
47 74
47 75
47 77
47 79
47 82
47 83
47 87
47 88
47 89
47 90
47 92
47 93
47 95
47 96
47 97
48 52
48 55
48 56
48 57
48 58
48 61
48 62
48 63
48 64
48 67
48 68
48 69
48 70
48 74
48 81
48 86
48 88
48 89
48 90
48 93
48 94
48 95
48 97
48 98
49 51
49 54
49 56
49 57
49 58
49 60
49 62
49 63
49 64
49 66
49 68
49 69
49 75
49 77
49 78
49 79
49 81
49 83
49 91
49 92
49 93
49 95
49 97
49 98
49 99
50 53
50 54
50 55
50 59
50 60
50 63
50 64
50 67
50 71
50 73
50 74
50 75
50 78
50 81
50 83
50 85
50 88
50 90
50 91
50 94
50 96
50 99
51 53
51 55
51 57
51 60
51 62
51 65
51 67
51 68
51 69
51 73
51 80
51 81
51 83
51 85
51 89
51 90
51 91
51 97
52 54
52 58
52 59
52 60
52 61
52 62
52 64
52 65
52 66
52 67
52 68
52 71
52 73
52 76
52 77
52 78
52 80
52 81
52 84
52 89
52 90
52 92
52 94
52 99
53 54
53 55
53 56
53 58
53 59
53 64
53 66
53 67
53 68
53 71
53 73
53 74
53 77
53 78
53 81
53 85
53 86
53 88
53 89
53 91
53 95
54 55
54 56
54 57
54 60
54 68
54 69
54 71
54 72
54 73
54 77
54 79
54 80
54 84
54 86
54 88
54 90
54 97
54 98
54 99
55 57
55 59
55 60
55 62
55 63
55 66
55 69
55 70
55 71
55 74
55 75
55 76
55 77
55 80
55 83
55 85
55 86
55 87
55 90
55 91
55 92
55 95
55 99
56 58
56 62
56 63
56 64
56 65
56 66
56 67
56 69
56 79
56 93
56 95
56 96
56 97
57 62
57 65
57 67
57 69
57 70
57 78
57 80
57 83
57 84
57 85
57 86
57 92
57 94
57 99
58 59
58 66
58 67
58 70
58 71
58 74
58 76
58 77
58 80
58 83
58 86
58 87
58 88
58 89
58 91
58 95
58 96
58 98
58 99
59 60
59 61
59 62
59 64
59 65
59 66
59 67
59 69
59 72
59 79
59 82
59 83
59 86
59 90
59 93
59 95
59 97
60 61
60 64
60 65
60 69
60 74
60 75
60 77
60 81
60 82
60 83
60 84
60 85
60 89
60 90
60 92
60 94
60 96
60 98
60 99
61 64
61 65
61 69
61 71
61 73
61 75
61 77
61 81
61 83
61 84
61 95
61 96
61 97
61 99
62 63
62 67
62 68
62 69
62 73
62 77
62 84
62 86
62 89
62 94
62 97
63 64
63 65
63 67
63 70
63 71
63 72
63 77
63 78
63 82
63 83
63 85
63 86
63 88
63 92
63 93
63 96
64 65
64 66
64 68
64 70
64 71
64 73
64 75
64 77
64 80
64 84
64 86
64 87
64 88
64 90
64 93
64 94
64 98
64 99
65 68
65 70
65 72
65 73
65 74
65 79
65 80
65 81
65 82
65 85
65 87
65 94
65 98
65 99
66 67
66 70
66 72
66 73
66 76
66 82
66 83
66 84
66 85
66 87
66 89
66 92
66 93
66 94
66 95
67 69
67 71
67 73
67 76
67 78
67 80
67 82
67 84
67 85
67 87
67 88
67 93
67 95
67 96
67 99
68 69
68 70
68 73
68 74
68 80
68 81
68 83
68 84
68 85
68 91
68 92
68 94
68 95
68 97
68 98
68 99
69 71
69 72
69 73
69 74
69 76
69 78
69 84
69 86
69 89
69 93
69 94
70 71
70 73
70 77
70 81
70 82
70 84
70 86
70 87
70 93
70 94
70 95
70 97
70 99
71 72
71 75
71 80
71 84
71 92
71 94
71 97
72 74
72 76
72 77
72 78
72 81
72 84
72 86
72 88
72 89
72 92
72 96
72 99
73 76
73 77
73 78
73 79
73 81
73 82
73 83
73 84
73 85
73 88
73 89
73 90
73 91
73 92
73 94
73 96
74 75
74 78
74 79
74 82
74 85
74 86
74 90
74 95
74 97
75 79
75 81
75 83
75 84
75 87
75 91
75 93
75 99
76 79
76 86
76 87
76 88
76 92
76 94
77 78
77 79
77 84
77 85
77 93
77 96
77 99
78 81
78 85
78 87
78 88
78 90
78 93
78 94
78 97
78 98
79 81
79 82
79 86
79 87
79 90
79 91
79 95
79 99
80 81
80 84
80 88
80 90
80 92
80 99
81 91
81 93
81 94
81 96
81 97
81 99
82 84
82 88
83 84
83 85
83 86
83 89
83 90
83 92
83 97
83 98
83 99
84 88
84 90
84 94
84 95
84 96
84 98
84 99
85 89
85 90
85 94
85 95
85 96
85 97
85 98
85 99
86 87
86 92
86 94
86 96
86 98
86 99
87 89
87 91
87 93
87 94
87 95
87 96
87 97
88 89
88 93
88 94
88 95
88 96
89 90
89 96
90 91
90 96
91 92
91 98
92 95
93 95
94 96
95 99
96 98
97 98
