0 5
0 8
0 10
0 13
0 15
0 16
0 17
0 19
0 20
0 22
0 25
0 26
0 33
0 36
0 37
0 38
0 39
0 41
0 47
0 48
0 51
0 56
0 60
0 61
0 64
0 65
0 68
0 73
0 74
0 76
0 77
0 78
0 79
0 83
0 84
0 87
0 93
0 96
0 97
0 98
0 99
1 4
1 5
1 6
1 10
1 11
1 12
1 15
1 20
1 25
1 26
1 28
1 30
1 31
1 35
1 36
1 38
1 40
1 41
1 45
1 48
1 51
1 52
1 53
1 54
1 55
1 57
1 63
1 65
1 66
1 68
1 69
1 72
1 73
1 77
1 79
1 81
1 82
1 83
1 84
1 86
1 87
1 88
1 92
1 94
1 95
1 96
1 97
2 12
2 13
2 14
2 16
2 17
2 18
2 22
2 23
2 25
2 26
2 27
2 34
2 37
2 39
2 40
2 41
2 42
2 43
2 44
2 45
2 46
2 47
2 48
2 49
2 55
2 57
2 58
2 60
2 61
2 62
2 63
2 64
2 65
2 67
2 68
2 69
2 70
2 72
2 73
2 74
2 76
2 77
2 79
2 83
2 88
2 90
2 92
2 97
2 99
3 4
3 5
3 8
3 18
3 21
3 22
3 23
3 25
3 31
3 33
3 37
3 38
3 42
3 43
3 47
3 49
3 51
3 55
3 56
3 57
3 59
3 64
3 65
3 66
3 69
3 72
3 75
3 76
3 77
3 79
3 82
3 84
3 90
3 92
3 94
3 95
3 99
4 5
4 6
4 8
4 9
4 14
4 15
4 17
4 18
4 19
4 23
4 26
4 27
4 28
4 29
4 30
4 37
4 39
4 40
4 41
4 44
4 56
4 57
4 65
4 66
4 72
4 76
4 77
4 82
4 83
4 84
4 90
4 92
4 93
4 98
4 99
5 6
5 8
5 9
5 10
5 12
5 14
5 16
5 17
5 18
5 21
5 22
5 24
5 27
5 28
5 31
5 34
5 36
5 39
5 43
5 47
5 49
5 53
5 55
5 58
5 59
5 62
5 63
5 65
5 71
5 72
5 75
5 76
5 91
5 97
5 98
5 99
6 15
6 24
6 29
6 30
6 33
6 34
6 41
6 42
6 43
6 45
6 46
6 49
6 53
6 55
6 57
6 59
6 61
6 62
6 63
6 64
6 65
6 69
6 70
6 72
6 75
6 76
6 77
6 80
6 84
6 86
6 88
6 92
6 96
6 97
7 8
7 10
7 11
7 15
7 19
7 22
7 23
7 24
7 26
7 29
7 36
7 38
7 40
7 41
7 46
7 47
7 50
7 53
7 54
7 56
7 62
7 63
7 68
7 72
7 73
7 76
7 85
7 86
7 89
7 91
7 93
7 94
7 98
8 10
8 13
8 15
8 20
8 21
8 22
8 27
8 28
8 30
8 33
8 34
8 36
8 37
8 38
8 45
8 46
8 47
8 49
8 50
8 52
8 55
8 56
8 58
8 59
8 60
8 65
8 66
8 68
8 70
8 81
8 82
8 88
8 90
8 95
8 96
8 97
8 99
9 12
9 14
9 15
9 21
9 22
9 23
9 27
9 29
9 33
9 34
9 38
9 39
9 40
9 42
9 43
9 45
9 46
9 49
9 51
9 53
9 55
9 56
9 58
9 61
9 62
9 66
9 72
9 73
9 76
9 80
9 81
9 83
9 85
9 97
9 98
10 11
10 12
10 13
10 17
10 18
10 20
10 21
10 22
10 23
10 24
10 25
10 27
10 32
10 34
10 35
10 38
10 41
10 46
10 47
10 53
10 54
10 56
10 59
10 62
10 64
10 66
10 69
10 79
10 83
10 84
10 86
10 88
10 89
10 91
10 92
10 94
10 95
10 98
11 12
11 13
11 19
11 22
11 24
11 32
11 33
11 34
11 35
11 38
11 39
11 40
11 42
11 43
11 44
11 46
11 51
11 52
11 54
11 56
11 58
11 59
11 60
11 66
11 69
11 70
11 71
11 72
11 73
11 77
11 81
11 82
11 83
11 87
11 89
11 90
11 91
11 95
12 16
12 21
12 27
12 33
12 34
12 37
12 38
12 41
12 43
12 45
12 46
12 48
12 49
12 50
12 51
12 54
12 55
12 59
12 60
12 64
12 65
12 66
12 67
12 68
12 70
12 76
12 82
12 84
12 85
12 87
12 90
12 92
12 98
13 14
13 18
13 20
13 21
13 22
13 23
13 24
13 25
13 26
13 27
13 29
13 34
13 35
13 37
13 39
13 42
13 43
13 45
13 46
13 52
13 55
13 56
13 58
13 59
13 60
13 61
13 64
13 65
13 67
13 73
13 74
13 76
13 77
13 80
13 81
13 83
13 86
13 92
13 94
13 97
14 16
14 20
14 22
14 26
14 27
14 28
14 29
14 32
14 42
14 44
14 46
14 47
14 48
14 49
14 51
14 54
14 56
14 57
14 61
14 62
14 64
14 66
14 67
14 68
14 71
14 74
14 75
14 76
14 77
14 78
14 82
14 84
14 86
14 88
14 90
14 91
14 93
14 94
14 97
14 98
15 18
15 20
15 23
15 24
15 36
15 38
15 39
15 42
15 43
15 45
15 47
15 48
15 52
15 55
15 56
15 60
15 61
15 62
15 65
15 66
15 70
15 72
15 75
15 76
15 77
15 80
15 85
15 88
15 91
15 92
15 95
15 98
15 99
16 17
16 18
16 20
16 22
16 25
16 26
16 27
16 28
16 29
16 31
16 37
16 39
16 41
16 42
16 43
16 45
16 49
16 51
16 52
16 53
16 55
16 57
16 60
16 61
16 65
16 78
16 79
16 80
16 81
16 84
16 85
16 88
16 92
16 94
16 97
16 98
17 20
17 22
17 26
17 27
17 31
17 34
17 37
17 41
17 43
17 44
17 47
17 49
17 55
17 59
17 61
17 63
17 68
17 75
17 89
17 91
17 92
17 94
17 95
17 96
18 21
18 22
18 24
18 26
18 30
18 32
18 33
18 38
18 43
18 48
18 60
18 61
18 64
18 65
18 66
18 76
18 77
18 79
18 81
18 82
18 83
18 85
18 86
18 92
18 93
18 97
19 20
19 25
19 30
19 31
19 32
19 33
19 36
19 40
19 44
19 45
19 46
19 47
19 49
19 50
19 52
19 53
19 54
19 55
19 57
19 58
19 59
19 61
19 63
19 67
19 73
19 76
19 78
19 79
19 83
19 85
19 86
19 87
19 89
19 92
19 94
19 97
20 21
20 23
20 25
20 26
20 27
20 29
20 31
20 32
20 37
20 39
20 41
20 42
20 48
20 49
20 51
20 56
20 59
20 60
20 61
20 64
20 65
20 67
20 71
20 72
20 76
20 77
20 78
20 80
20 81
20 83
20 85
20 88
20 89
20 93
20 95
20 96
20 98
21 23
21 25
21 29
21 30
21 31
21 45
21 46
21 47
21 48
21 49
21 51
21 53
21 54
21 55
21 56
21 62
21 63
21 64
21 69
21 71
21 77
21 80
21 88
21 89
21 92
21 98
22 24
22 25
22 28
22 31
22 32
22 33
22 39
22 40
22 42
22 48
22 50
22 51
22 52
22 58
22 61
22 62
22 64
22 65
22 70
22 73
22 76
22 83
22 86
22 87
22 88
22 89
22 91
22 92
22 93
22 97
22 98
23 24
23 27
23 30
23 32
23 38
23 39
23 40
23 45
23 48
23 53
23 54
23 57
23 58
23 59
23 62
23 70
23 72
23 73
23 75
23 77
23 79
23 80
23 83
23 86
23 88
23 95
24 25
24 26
24 29
24 30
24 31
24 32
24 34
24 35
24 36
24 40
24 42
24 45
24 46
24 47
24 48
24 53
24 55
24 56
24 58
24 68
24 70
24 72
24 73
24 75
24 76
24 77
24 79
24 83
24 85
24 86
24 87
24 93
24 96
25 27
25 29
25 34
25 35
25 36
25 39
25 41
25 43
25 44
25 46
25 47
25 50
25 52
25 53
25 54
25 58
25 63
25 64
25 65
25 69
25 76
25 77
25 79
25 82
25 85
25 87
25 88
25 94
25 95
25 96
26 27
26 33
26 38
26 40
26 41
26 45
26 46
26 48
26 52
26 53
26 55
26 58
26 63
26 64
26 66
26 78
26 79
26 80
26 81
26 85
26 86
26 88
26 91
26 94
26 95
26 96
26 97
27 34
27 35
27 36
27 37
27 38
27 39
27 40
27 41
27 42
27 44
27 45
27 47
27 50
27 51
27 54
27 56
27 57
27 58
27 60
27 62
27 71
27 74
27 75
27 76
27 77
27 79
27 80
27 82
27 83
27 84
27 85
27 89
27 95
27 99
28 29
28 31
28 32
28 33
28 36
28 39
28 41
28 43
28 44
28 47
28 48
28 51
28 56
28 68
28 69
28 70
28 72
28 75
28 76
28 78
28 79
28 80
28 82
28 86
28 99
29 30
29 31
29 32
29 34
29 36
29 38
29 40
29 41
29 46
29 47
29 49
29 50
29 56
29 60
29 62
29 66
29 68
29 69
29 73
29 74
29 76
29 80
29 83
29 84
29 85
29 87
29 90
29 91
29 93
29 95
30 31
30 32
30 34
30 35
30 38
30 44
30 46
30 47
30 49
30 55
30 56
30 58
30 59
30 61
30 63
30 64
30 65
30 66
30 67
30 71
30 74
30 75
30 77
30 79
30 80
30 82
30 85
30 94
30 95
30 98
31 32
31 36
31 42
31 43
31 44
31 50
31 52
31 53
31 55
31 56
31 57
31 58
31 59
31 60
31 61
31 62
31 63
31 64
31 70
31 72
31 73
31 74
31 76
31 78
31 82
31 87
31 88
31 90
31 91
31 92
31 96
31 97
32 33
32 34
32 37
32 42
32 51
32 52
32 54
32 55
32 56
32 61
32 65
32 66
32 67
32 68
32 69
32 72
32 78
32 87
32 88
32 93
32 96
32 99
33 34
33 38
33 39
33 40
33 45
33 46
33 48
33 49
33 54
33 55
33 56
33 57
33 59
33 60
33 61
33 62
33 66
33 68
33 80
33 82
33 84
33 86
33 88
33 90
33 91
33 94
33 97
33 99
34 35
34 41
34 44
34 47
34 48
34 52
34 53
34 54
34 56
34 59
34 61
34 62
34 63
34 64
34 67
34 70
34 73
34 74
34 80
34 84
34 86
34 88
34 89
34 90
34 93
34 95
35 37
35 38
35 39
35 41
35 46
35 47
35 52
35 53
35 54
35 56
35 57
35 60
35 61
35 63
35 64
35 66
35 69
35 72
35 73
35 76
35 80
35 81
35 83
35 84
35 85
35 88
35 90
35 91
35 93
35 94
35 98
35 99
36 38
36 42
36 43
36 45
36 47
36 48
36 51
36 54
36 56
36 58
36 59
36 60
36 61
36 63
36 65
36 67
36 68
36 72
36 73
36 76
36 79
36 81
36 82
36 84
36 88
36 92
36 93
36 95
36 96
36 97
37 38
37 39
37 41
37 43
37 48
37 50
37 51
37 53
37 57
37 61
37 64
37 68
37 70
37 74
37 75
37 76
37 83
37 85
37 89
37 90
37 91
37 92
37 93
37 98
38 43
38 44
38 46
38 48
38 49
38 54
38 55
38 62
38 65
38 70
38 71
38 73
38 74
38 76
38 80
38 82
38 83
38 84
38 89
38 90
38 94
38 97
39 41
39 42
39 48
39 50
39 54
39 58
39 63
39 66
39 67
39 71
39 72
39 74
39 75
39 79
39 80
39 81
39 83
39 91
39 92
39 94
39 97
39 98
39 99
40 41
40 42
40 43
40 45
40 46
40 56
40 58
40 59
40 60
40 61
40 66
40 67
40 70
40 72
40 73
40 81
40 82
40 83
40 85
40 86
40 87
40 92
40 94
40 96
41 42
41 44
41 47
41 48
41 49
41 54
41 56
41 57
41 58
41 59
41 61
41 65
41 71
41 72
41 73
41 76
41 77
41 78
41 79
41 80
41 83
41 85
41 88
41 89
41 98
42 43
42 45
42 51
42 55
42 58
42 61
42 64
42 65
42 73
42 77
42 79
42 80
42 81
42 83
42 88
42 89
42 90
42 96
42 98
42 99
43 50
43 51
43 52
43 53
43 54
43 55
43 57
43 58
43 59
43 63
43 64
43 67
43 75
43 76
43 78
43 80
43 81
43 82
43 86
43 90
43 92
43 93
43 95
43 96
44 47
44 51
44 54
44 58
44 59
44 62
44 65
44 66
44 69
44 70
44 73
44 77
44 79
44 82
44 84
44 85
44 86
44 87
44 90
44 92
44 93
44 96
45 46
45 48
45 60
45 65
45 66
45 68
45 69
45 70
45 74
45 75
45 81
45 85
45 90
45 93
45 96
45 97
46 48
46 50
46 53
46 58
46 60
46 61
46 66
46 69
46 70
46 76
46 77
46 80
46 83
46 85
46 88
46 89
46 94
46 95
46 96
46 97
46 99
47 48
47 50
47 52
47 58
47 59
47 61
47 66
47 70
47 75
47 79
47 81
47 86
47 92
47 93
47 98
47 99
48 51
48 54
48 56
48 57
48 59
48 60
48 63
48 72
48 75
48 80
48 81
48 83
48 85
48 86
48 89
48 91
48 93
48 94
48 95
48 97
48 98
48 99
49 52
49 55
49 61
49 62
49 63
49 64
49 65
49 66
49 67
49 68
49 70
49 73
49 74
49 77
49 79
49 81
49 85
49 89
49 90
49 91
49 93
50 51
50 55
50 56
50 58
50 62
50 67
50 68
50 70
50 73
50 74
50 75
50 76
50 77
50 82
50 85
50 86
50 88
50 93
50 95
50 98
50 99
51 54
51 57
51 59
51 64
51 67
51 69
51 74
51 75
51 78
51 79
51 84
51 86
51 90
51 91
51 96
52 57
52 58
52 60
52 61
52 65
52 66
52 67
52 69
52 71
52 73
52 74
52 78
52 81
52 83
52 88
52 89
52 90
52 94
53 54
53 61
53 63
53 64
53 65
53 66
53 68
53 69
53 75
53 76
53 79
53 80
53 83
53 85
53 86
53 88
53 89
53 91
53 92
53 93
53 96
53 97
53 98
53 99
54 58
54 67
54 70
54 71
54 72
54 75
54 78
54 82
54 83
54 85
54 93
55 64
55 65
55 69
55 70
55 72
55 74
55 75
55 80
55 81
55 82
55 83
55 84
55 92
56 57
56 59
56 60
56 72
56 76
56 84
56 87
56 88
56 93
57 61
57 62
57 63
57 64
57 66
57 67
57 69
57 73
57 75
57 76
57 77
57 81
57 83
57 85
57 87
57 92
57 93
57 95
57 97
58 59
58 67
58 72
58 73
58 74
58 77
58 78
58 79
58 80
58 81
58 83
58 84
58 85
58 87
58 89
58 90
58 92
58 97
58 98
59 61
59 63
59 65
59 72
59 75
59 77
59 80
59 82
59 83
59 84
59 86
59 91
59 93
59 95
59 97
59 99
60 65
60 66
60 69
60 70
60 71
60 72
60 76
60 77
60 82
60 83
60 85
60 88
60 89
60 91
60 93
60 95
60 97
60 99
61 67
61 69
61 71
61 74
61 82
61 83
61 91
61 96
62 64
62 73
62 74
62 76
62 78
62 79
62 81
62 83
62 84
62 85
62 87
62 88
62 92
62 93
62 95
62 96
62 98
62 99
63 67
63 69
63 70
63 73
63 74
63 81
63 85
63 93
63 96
64 65
64 66
64 67
64 68
64 69
64 73
64 74
64 76
64 77
64 79
64 80
64 81
64 83
64 89
64 94
64 97
65 67
65 69
65 70
65 72
65 73
65 76
65 77
65 79
65 88
65 92
65 94
65 97
65 98
66 67
66 69
66 71
66 72
66 74
66 76
66 77
66 80
66 85
66 87
66 88
66 93
66 98
66 99
67 68
67 70
67 71
67 72
67 75
67 77
67 81
67 84
67 90
67 92
67 94
67 97
68 73
68 74
68 77
68 79
68 80
68 83
68 84
68 87
68 90
68 92
68 94
68 95
69 74
69 75
69 77
69 85
69 93
69 94
69 98
70 73
70 75
70 76
70 77
70 79
70 80
70 81
70 82
70 84
70 93
70 95
70 98
71 80
71 82
71 86
71 87
71 89
71 91
71 92
71 93
71 99
72 75
72 80
72 82
72 85
72 95
73 74
73 75
73 77
73 78
73 80
73 82
73 84
73 89
73 95
73 98
73 99
74 77
74 79
74 87
74 88
74 90
74 91
74 92
74 97
74 98
74 99
75 76
75 78
75 80
75 81
75 84
75 90
76 79
76 80
76 81
76 83
76 85
76 86
76 90
76 91
76 94
76 97
77 79
77 82
77 84
77 85
77 86
77 92
77 94
77 96
77 98
78 83
78 85
78 86
78 89
78 93
78 97
78 98
78 99
79 83
79 87
79 90
79 91
79 94
79 96
79 99
80 86
80 93
80 94
80 95
80 96
80 99
81 83
81 84
81 85
81 87
81 89
81 91
81 92
81 94
81 95
81 98
82 90
82 91
82 92
82 94
83 85
83 88
83 91
83 94
83 95
83 97
84 87
84 93
84 95
84 98
85 92
85 94
85 97
85 98
85 99
86 95
86 97
86 98
87 98
87 99
88 90
88 91
88 95
88 97
88 98
88 99
89 91
89 92
89 95
89 98
89 99
90 91
90 96
90 98
90 99
91 97
92 93
92 97
92 98
93 94
93 99
94 96
94 97
94 98
95 97
96 97
