0 6
0 8
0 9
0 11
0 14
0 15
0 19
0 21
0 28
0 32
0 34
0 37
0 51
0 59
0 65
0 66
0 70
0 72
0 78
0 85
0 92
0 94
0 95
0 96
1 6
1 18
1 22
1 27
1 31
1 33
1 40
1 42
1 49
1 56
1 58
1 61
1 73
1 77
1 80
1 82
1 84
1 89
1 92
1 95
1 98
2 4
2 26
2 27
2 29
2 32
2 39
2 47
2 48
2 49
2 69
2 73
2 76
2 83
2 91
2 94
2 97
3 7
3 9
3 11
3 13
3 19
3 21
3 36
3 44
3 46
3 47
3 50
3 53
3 57
3 61
3 70
3 71
3 73
3 85
3 93
3 96
4 9
4 12
4 13
4 14
4 27
4 31
4 53
4 55
4 60
4 64
4 65
4 70
4 71
4 74
4 78
4 85
4 90
4 91
4 99
5 9
5 11
5 18
5 21
5 28
5 40
5 43
5 52
5 53
5 54
5 66
5 74
5 76
5 83
5 84
5 87
5 90
6 7
6 8
6 12
6 14
6 18
6 21
6 28
6 40
6 44
6 45
6 46
6 55
6 61
6 67
6 78
6 81
6 85
6 86
6 88
6 89
6 93
6 95
7 10
7 12
7 15
7 17
7 19
7 21
7 22
7 24
7 26
7 29
7 30
7 31
7 47
7 52
7 56
7 58
7 59
7 62
7 67
7 80
7 81
7 87
7 88
7 89
7 92
7 93
8 12
8 19
8 27
8 30
8 32
8 33
8 37
8 42
8 43
8 46
8 51
8 52
8 61
8 62
8 63
8 77
8 83
8 86
8 90
8 96
8 99
9 13
9 15
9 17
9 21
9 23
9 37
9 43
9 57
9 61
9 63
9 64
9 68
9 69
9 84
9 86
9 88
9 89
9 92
10 11
10 13
10 17
10 20
10 26
10 30
10 32
10 34
10 36
10 45
10 47
10 48
10 57
10 69
10 73
10 78
10 79
10 84
10 87
10 94
11 12
11 29
11 31
11 32
11 39
11 40
11 42
11 51
11 56
11 62
11 65
11 66
11 67
11 72
11 76
11 88
11 92
12 17
12 20
12 25
12 31
12 37
12 41
12 44
12 50
12 56
12 66
12 67
12 77
12 83
12 84
12 98
13 14
13 15
13 26
13 27
13 35
13 38
13 40
13 41
13 50
13 56
13 57
13 59
13 64
13 66
13 67
13 69
13 81
13 83
13 90
13 91
13 98
14 15
14 30
14 35
14 37
14 38
14 39
14 40
14 46
14 51
14 61
14 73
14 88
14 90
14 92
14 95
14 99
15 17
15 24
15 27
15 33
15 36
15 39
15 40
15 42
15 45
15 52
15 57
15 71
15 78
15 81
15 87
15 90
16 19
16 21
16 22
16 30
16 42
16 49
16 50
16 54
16 59
16 65
16 72
16 75
16 90
16 91
16 92
16 93
16 98
17 20
17 21
17 22
17 23
17 28
17 37
17 43
17 45
17 53
17 56
17 59
17 61
17 64
17 71
17 73
17 78
17 81
17 82
17 93
17 98
18 23
18 26
18 29
18 33
18 38
18 42
18 56
18 62
18 72
18 73
18 81
18 82
18 84
18 87
18 92
18 96
19 25
19 27
19 37
19 39
19 52
19 54
19 56
19 60
19 61
19 62
19 80
19 82
19 88
19 93
20 43
20 67
20 74
20 78
20 83
20 94
20 97
21 23
21 30
21 36
21 46
21 50
21 69
21 83
21 87
21 88
21 93
22 29
22 38
22 54
22 69
22 87
23 24
23 49
23 52
23 57
23 61
23 62
23 63
23 64
23 66
23 77
23 82
23 87
24 42
24 47
24 53
24 57
24 74
24 76
24 83
24 90
24 95
25 32
25 43
25 45
25 47
25 51
25 52
25 53
25 55
25 57
25 59
25 62
25 65
25 66
25 67
25 70
25 71
25 82
25 86
26 33
26 34
26 43
26 53
26 55
26 63
26 65
26 83
26 85
26 86
26 89
26 91
26 92
26 95
26 98
27 38
27 39
27 40
27 41
27 50
27 53
27 55
27 63
27 67
27 75
27 76
27 77
27 78
27 82
27 89
27 96
28 29
28 30
28 41
28 44
28 50
28 57
28 59
28 65
28 78
28 80
28 90
28 91
28 98
29 33
29 34
29 38
29 58
29 60
29 61
29 62
29 65
29 66
29 70
29 79
29 84
29 89
29 91
29 97
30 37
30 44
30 46
30 49
30 54
30 57
30 60
30 61
30 66
30 71
30 78
30 83
30 86
30 91
31 32
31 38
31 39
31 41
31 43
31 49
31 54
31 61
31 64
31 66
31 69
31 75
31 76
31 81
31 93
31 95
32 34
32 35
32 37
32 41
32 44
32 45
32 47
32 50
32 56
32 58
32 63
32 64
32 77
32 95
33 35
33 37
33 41
33 48
33 59
33 64
33 65
33 66
33 71
33 81
33 83
33 87
33 89
33 96
34 39
34 44
34 58
34 64
34 65
34 66
34 78
34 79
34 81
34 82
34 85
34 99
35 36
35 37
35 40
35 41
35 45
35 50
35 52
35 57
35 59
35 63
35 64
35 68
35 70
35 73
35 78
35 81
35 82
35 93
35 94
35 97
36 38
36 45
36 46
36 55
36 61
36 64
36 67
36 73
36 74
36 75
36 77
36 81
36 84
36 94
36 96
36 97
37 46
37 51
37 65
37 67
37 68
37 69
37 74
37 79
37 85
37 88
37 93
37 95
38 40
38 47
38 49
38 50
38 53
38 55
38 60
38 65
38 67
38 68
38 89
38 99
39 40
39 43
39 53
39 56
39 65
39 68
39 74
39 83
39 84
40 48
40 49
40 55
40 58
40 65
40 71
40 82
40 84
40 86
40 88
40 90
40 92
40 95
41 42
41 49
41 61
41 62
41 92
41 94
42 47
42 51
42 55
42 56
42 61
42 62
42 66
42 67
42 72
42 73
42 74
42 75
42 76
42 98
43 46
43 49
43 50
43 52
43 55
43 63
43 71
43 75
43 82
43 96
43 97
44 46
44 47
44 53
44 54
44 55
44 70
44 76
44 80
44 81
44 86
44 94
45 49
45 50
45 51
45 55
45 64
45 68
45 71
45 77
45 79
45 85
45 86
45 91
45 95
45 96
45 99
46 56
46 64
46 73
46 77
46 80
46 95
46 97
46 99
47 55
47 58
47 64
47 65
47 69
47 81
47 87
47 88
47 89
47 91
47 93
47 95
48 56
48 62
48 63
48 66
48 68
48 72
48 80
48 89
48 96
49 51
49 56
49 57
49 58
49 75
49 78
49 82
49 87
49 89
50 53
50 61
50 62
50 64
50 73
50 76
50 89
50 98
50 99
51 53
51 56
51 58
51 63
51 67
51 68
51 71
51 85
51 89
51 95
52 53
52 55
52 58
52 63
52 68
52 76
52 78
52 83
52 94
52 98
53 54
53 61
53 64
53 65
53 84
53 85
53 86
53 90
54 63
54 64
54 66
54 69
54 78
54 79
54 82
55 56
55 69
55 76
55 82
55 85
55 88
55 91
55 95
55 96
56 76
56 90
56 92
56 93
56 95
56 96
56 98
57 62
57 65
57 68
57 83
57 85
57 94
57 96
57 99
58 62
58 68
58 73
58 76
58 77
58 85
58 86
58 87
58 88
58 93
58 96
58 97
58 99
59 62
59 66
59 69
59 77
59 82
59 86
59 87
59 91
59 94
59 96
59 99
60 63
60 66
60 67
60 71
60 72
60 81
60 86
60 87
60 92
60 98
61 65
61 68
61 71
61 74
61 75
61 79
61 83
62 66
62 74
62 82
62 83
62 94
63 66
63 71
63 74
63 76
63 79
63 81
63 82
63 89
63 95
63 96
63 99
64 68
64 70
64 71
64 76
64 91
65 67
65 69
65 77
65 78
65 95
66 69
66 77
66 79
66 85
66 94
66 95
67 74
67 79
67 81
67 89
67 92
67 94
68 74
68 76
68 77
68 83
68 84
68 88
68 93
69 81
69 83
69 84
69 91
70 76
70 83
70 94
70 99
71 78
71 85
71 88
71 91
71 92
71 94
71 98
72 75
72 79
72 80
72 82
72 83
72 84
72 85
72 88
72 92
72 97
73 88
73 90
74 87
74 99
75 79
75 83
75 89
75 93
75 96
76 78
76 88
76 96
76 98
77 80
77 81
77 82
77 84
77 93
77 95
78 79
78 83
78 84
78 88
78 91
78 97
78 99
79 86
79 92
79 93
80 86
80 88
80 96
81 83
81 90
81 95
81 96
82 83
82 90
82 91
82 93
82 95
83 84
83 96
84 96
85 91
85 94
86 87
86 94
87 91
87 97
87 99
88 93
88 98
89 90
89 95
89 99
92 93
92 96
93 94
93 99
94 97
94 98
96 97
97 98
98 99
