0 1
0 2
0 3
0 4
0 5
0 7
0 10
0 12
0 13
0 14
0 16
0 20
0 22
0 23
0 24
0 26
0 27
0 28
0 31
0 32
0 34
0 40
0 43
0 45
0 46
0 47
0 48
0 51
0 52
0 54
0 55
0 57
0 59
0 60
0 62
0 63
0 64
0 68
0 70
0 71
0 72
0 76
0 77
0 78
0 83
0 85
0 86
0 90
0 94
0 95
1 7
1 8
1 12
1 13
1 16
1 17
1 19
1 21
1 22
1 25
1 26
1 27
1 28
1 30
1 32
1 35
1 36
1 38
1 39
1 42
1 45
1 46
1 50
1 51
1 52
1 53
1 54
1 56
1 58
1 63
1 69
1 74
1 75
1 76
1 78
1 79
1 81
1 82
1 83
1 85
1 92
1 93
1 95
1 96
1 97
1 98
2 8
2 11
2 13
2 14
2 16
2 18
2 19
2 20
2 22
2 25
2 27
2 31
2 32
2 33
2 34
2 35
2 36
2 39
2 40
2 43
2 44
2 45
2 50
2 52
2 56
2 57
2 58
2 63
2 66
2 67
2 71
2 74
2 75
2 76
2 78
2 80
2 82
2 84
2 96
2 98
3 4
3 5
3 7
3 9
3 10
3 13
3 14
3 15
3 17
3 19
3 20
3 21
3 23
3 26
3 33
3 36
3 38
3 43
3 44
3 46
3 48
3 52
3 54
3 55
3 56
3 57
3 58
3 61
3 63
3 64
3 66
3 67
3 69
3 70
3 71
3 74
3 75
3 79
3 82
3 83
3 87
3 91
3 92
3 94
3 97
3 99
4 5
4 8
4 9
4 11
4 12
4 14
4 15
4 17
4 19
4 22
4 25
4 26
4 27
4 28
4 29
4 31
4 32
4 38
4 40
4 44
4 47
4 48
4 49
4 54
4 64
4 65
4 66
4 68
4 69
4 71
4 74
4 78
4 79
4 81
4 82
4 83
4 84
4 85
4 87
4 88
4 90
4 91
4 92
4 97
4 98
5 6
5 7
5 8
5 10
5 11
5 13
5 16
5 17
5 18
5 21
5 22
5 23
5 25
5 26
5 29
5 32
5 34
5 35
5 37
5 38
5 41
5 42
5 43
5 44
5 47
5 48
5 50
5 51
5 54
5 56
5 57
5 61
5 68
5 69
5 70
5 71
5 74
5 75
5 76
5 78
5 79
5 81
5 84
5 86
5 89
5 90
5 94
5 97
5 99
6 7
6 9
6 11
6 12
6 13
6 15
6 16
6 17
6 18
6 19
6 21
6 22
6 25
6 28
6 29
6 31
6 32
6 33
6 34
6 35
6 37
6 38
6 40
6 43
6 44
6 45
6 47
6 48
6 52
6 53
6 56
6 57
6 59
6 60
6 62
6 63
6 64
6 68
6 69
6 70
6 72
6 74
6 77
6 78
6 79
6 83
6 84
6 85
6 86
6 90
6 93
6 94
6 95
6 96
6 97
7 9
7 10
7 14
7 15
7 18
7 19
7 21
7 23
7 25
7 26
7 28
7 31
7 32
7 39
7 40
7 42
7 44
7 46
7 47
7 48
7 54
7 55
7 56
7 59
7 60
7 61
7 63
7 64
7 65
7 68
7 70
7 71
7 72
7 73
7 77
7 78
7 81
7 83
7 84
7 85
7 87
7 88
7 90
7 92
7 93
7 95
7 96
7 97
7 99
8 9
8 13
8 14
8 17
8 19
8 21
8 22
8 23
8 25
8 26
8 27
8 28
8 30
8 31
8 33
8 34
8 35
8 36
8 37
8 39
8 44
8 45
8 47
8 49
8 52
8 53
8 54
8 55
8 56
8 61
8 63
8 68
8 69
8 70
8 71
8 73
8 77
8 83
8 84
8 86
8 89
8 92
8 94
8 97
8 98
9 10
9 12
9 13
9 14
9 16
9 24
9 29
9 30
9 32
9 33
9 34
9 37
9 38
9 41
9 42
9 43
9 44
9 45
9 46
9 47
9 48
9 49
9 50
9 52
9 53
9 54
9 56
9 59
9 62
9 63
9 64
9 65
9 67
9 71
9 75
9 76
9 77
9 79
9 80
9 83
9 85
9 87
9 88
9 90
9 91
9 95
9 96
9 98
9 99
10 12
10 14
10 19
10 24
10 25
10 27
10 28
10 30
10 31
10 33
10 34
10 38
10 39
10 41
10 44
10 46
10 47
10 49
10 50
10 51
10 52
10 53
10 54
10 55
10 56
10 57
10 58
10 62
10 63
10 64
10 66
10 67
10 69
10 70
10 71
10 77
10 78
10 80
10 83
10 86
10 88
10 92
10 94
10 96
10 98
11 12
11 16
11 19
11 21
11 23
11 24
11 25
11 28
11 30
11 31
11 32
11 35
11 36
11 38
11 39
11 41
11 42
11 43
11 46
11 48
11 52
11 58
11 62
11 63
11 67
11 68
11 71
11 73
11 74
11 75
11 78
11 79
11 80
11 81
11 82
11 83
11 85
11 86
11 87
11 88
11 89
11 92
11 93
11 95
11 96
11 98
12 13
12 14
12 18
12 19
12 20
12 21
12 23
12 24
12 29
12 34
12 36
12 37
12 39
12 40
12 41
12 44
12 46
12 47
12 49
12 50
12 51
12 55
12 57
12 62
12 67
12 72
12 73
12 75
12 76
12 77
12 78
12 79
12 80
12 81
12 83
12 84
12 86
12 87
12 88
12 89
12 96
12 97
12 99
13 16
13 18
13 20
13 21
13 22
13 24
13 25
13 28
13 30
13 32
13 34
13 38
13 39
13 41
13 44
13 46
13 48
13 52
13 58
13 59
13 60
13 62
13 65
13 66
13 67
13 71
13 72
13 73
13 76
13 78
13 80
13 81
13 83
13 84
13 85
13 87
13 89
13 97
13 99
14 15
14 18
14 19
14 21
14 27
14 29
14 32
14 34
14 37
14 39
14 40
14 41
14 42
14 43
14 49
14 52
14 54
14 55
14 56
14 60
14 62
14 63
14 67
14 68
14 69
14 70
14 71
14 72
14 75
14 78
14 79
14 80
14 81
14 82
14 84
14 87
14 89
14 90
14 92
14 98
14 99
15 17
15 18
15 20
15 21
15 22
15 23
15 25
15 31
15 32
15 33
15 37
15 39
15 40
15 43
15 44
15 45
15 51
15 52
15 55
15 57
15 60
15 61
15 62
15 63
15 65
15 66
15 71
15 74
15 79
15 81
15 83
15 86
15 90
15 91
15 92
15 94
16 17
16 21
16 23
16 26
16 28
16 30
16 31
16 34
16 35
16 36
16 37
16 38
16 39
16 40
16 42
16 44
16 47
16 51
16 53
16 54
16 56
16 57
16 58
16 61
16 62
16 65
16 67
16 69
16 71
16 74
16 78
16 80
16 82
16 83
16 85
16 87
16 90
16 91
16 94
16 96
16 97
16 99
17 19
17 22
17 23
17 26
17 27
17 30
17 33
17 35
17 42
17 43
17 44
17 45
17 46
17 48
17 50
17 51
17 52
17 53
17 55
17 56
17 58
17 59
17 61
17 64
17 65
17 67
17 69
17 70
17 72
17 73
17 75
17 76
17 77
17 80
17 83
17 88
17 91
17 92
17 94
17 95
17 96
17 97
17 98
18 22
18 24
18 25
18 27
18 28
18 29
18 30
18 35
18 37
18 39
18 41
18 43
18 44
18 45
18 47
18 48
18 49
18 51
18 54
18 55
18 58
18 59
18 62
18 63
18 65
18 66
18 67
18 68
18 70
18 71
18 73
18 79
18 81
18 85
18 92
18 93
18 96
18 99
19 20
19 26
19 27
19 29
19 34
19 38
19 39
19 42
19 44
19 45
19 47
19 48
19 50
19 51
19 52
19 57
19 58
19 59
19 61
19 62
19 63
19 66
19 68
19 71
19 72
19 74
19 75
19 76
19 77
19 78
19 80
19 85
19 86
19 87
19 88
19 91
19 94
19 99
20 21
20 22
20 23
20 24
20 25
20 27
20 30
20 32
20 33
20 34
20 36
20 37
20 40
20 44
20 45
20 46
20 47
20 49
20 53
20 55
20 56
20 58
20 59
20 60
20 61
20 63
20 65
20 66
20 67
20 68
20 69
20 72
20 73
20 74
20 75
20 77
20 79
20 80
20 81
20 82
20 84
20 85
20 89
20 90
20 91
20 92
20 95
20 96
20 97
20 98
20 99
21 25
21 28
21 32
21 33
21 35
21 36
21 39
21 40
21 41
21 42
21 43
21 44
21 46
21 47
21 49
21 50
21 51
21 52
21 53
21 54
21 57
21 61
21 62
21 64
21 65
21 66
21 69
21 70
21 72
21 73
21 74
21 76
21 78
21 81
21 82
21 83
21 86
21 90
21 93
21 94
21 97
22 23
22 27
22 31
22 34
22 35
22 37
22 41
22 42
22 43
22 46
22 47
22 50
22 53
22 55
22 56
22 58
22 59
22 63
22 65
22 66
22 67
22 69
22 70
22 72
22 73
22 74
22 76
22 77
22 78
22 79
22 83
22 84
22 86
22 88
22 92
22 94
22 95
22 96
22 97
22 98
22 99
23 26
23 29
23 30
23 35
23 38
23 40
23 41
23 43
23 47
23 48
23 49
23 50
23 52
23 53
23 54
23 56
23 57
23 63
23 67
23 73
23 75
23 77
23 78
23 79
23 80
23 84
23 85
23 86
23 87
23 89
23 90
23 91
23 92
23 93
23 97
23 99
24 31
24 34
24 35
24 38
24 39
24 40
24 41
24 45
24 46
24 48
24 53
24 55
24 56
24 57
24 58
24 62
24 64
24 70
24 71
24 72
24 73
24 74
24 75
24 76
24 77
24 80
24 81
24 85
24 86
24 87
24 88
24 89
24 90
24 91
24 92
24 93
24 94
24 95
24 98
24 99
25 27
25 28
25 35
25 36
25 38
25 42
25 45
25 46
25 47
25 48
25 52
25 53
25 55
25 57
25 58
25 59
25 60
25 61
25 63
25 69
25 71
25 73
25 74
25 76
25 77
25 79
25 81
25 82
25 87
25 88
25 89
25 91
25 92
25 93
25 94
25 98
25 99
26 28
26 29
26 32
26 33
26 34
26 35
26 37
26 38
26 39
26 44
26 45
26 47
26 48
26 50
26 55
26 56
26 58
26 59
26 62
26 63
26 64
26 65
26 67
26 69
26 70
26 74
26 75
26 77
26 83
26 85
26 88
26 89
26 92
26 94
26 97
26 98
26 99
27 28
27 29
27 31
27 33
27 36
27 39
27 41
27 42
27 46
27 47
27 49
27 52
27 54
27 56
27 57
27 59
27 60
27 62
27 65
27 66
27 67
27 68
27 71
27 72
27 74
27 76
27 78
27 79
27 80
27 82
27 83
27 85
27 86
27 87
27 88
27 91
27 94
27 95
27 97
27 98
27 99
28 29
28 32
28 33
28 34
28 37
28 38
28 40
28 44
28 45
28 46
28 47
28 49
28 51
28 53
28 56
28 58
28 72
28 73
28 74
28 75
28 76
28 79
28 81
28 82
28 83
28 84
28 85
28 89
28 91
28 94
28 96
28 97
28 98
28 99
29 31
29 32
29 33
29 34
29 35
29 39
29 40
29 43
29 45
29 46
29 49
29 52
29 56
29 57
29 59
29 67
29 72
29 73
29 75
29 77
29 80
29 82
29 83
29 84
29 85
29 88
29 89
29 92
29 96
30 31
30 33
30 34
30 37
30 42
30 43
30 44
30 47
30 48
30 50
30 52
30 53
30 54
30 56
30 57
30 58
30 59
30 60
30 62
30 65
30 66
30 67
30 70
30 71
30 73
30 74
30 75
30 76
30 81
30 85
30 86
30 87
30 88
30 89
30 90
30 91
30 93
30 96
30 97
30 98
31 32
31 33
31 37
31 39
31 40
31 41
31 42
31 44
31 45
31 48
31 50
31 51
31 54
31 55
31 56
31 57
31 60
31 62
31 64
31 66
31 67
31 68
31 69
31 70
31 73
31 76
31 77
31 78
31 79
31 82
31 83
31 84
31 85
31 86
31 87
31 88
31 92
31 99
32 33
32 35
32 36
32 38
32 39
32 43
32 46
32 47
32 50
32 51
32 53
32 55
32 56
32 57
32 58
32 59
32 62
32 63
32 64
32 66
32 67
32 68
32 70
32 72
32 74
32 80
32 81
32 82
32 84
32 86
32 88
32 89
32 91
32 93
32 94
32 97
32 99
33 41
33 43
33 45
33 46
33 47
33 49
33 51
33 57
33 58
33 59
33 60
33 62
33 66
33 69
33 72
33 73
33 75
33 76
33 77
33 78
33 80
33 82
33 83
33 84
33 88
33 89
33 91
33 92
33 95
33 96
34 39
34 41
34 42
34 45
34 48
34 49
34 50
34 52
34 54
34 55
34 57
34 58
34 59
34 60
34 64
34 65
34 67
34 68
34 69
34 71
34 72
34 73
34 74
34 75
34 79
34 80
34 81
34 82
34 86
34 91
34 93
34 95
34 96
34 99
35 36
35 38
35 42
35 43
35 44
35 45
35 47
35 51
35 52
35 55
35 57
35 58
35 60
35 61
35 67
35 68
35 73
35 74
35 75
35 76
35 77
35 79
35 80
35 81
35 84
35 85
35 89
35 90
35 93
35 95
35 96
35 97
35 98
35 99
36 37
36 39
36 40
36 41
36 43
36 44
36 46
36 47
36 48
36 49
36 52
36 53
36 58
36 60
36 62
36 66
36 67
36 68
36 69
36 71
36 72
36 73
36 75
36 76
36 77
36 78
36 79
36 81
36 85
36 87
36 88
36 92
36 93
37 38
37 41
37 43
37 45
37 47
37 53
37 55
37 56
37 60
37 61
37 65
37 68
37 69
37 71
37 77
37 78
37 80
37 82
37 83
37 84
37 85
37 86
37 91
37 92
37 93
37 94
38 39
38 43
38 44
38 45
38 46
38 49
38 52
38 53
38 54
38 55
38 60
38 61
38 65
38 66
38 68
38 72
38 75
38 77
38 79
38 80
38 81
38 82
38 84
38 85
38 86
38 88
38 90
38 91
38 92
38 93
38 96
38 98
38 99
39 40
39 42
39 48
39 51
39 55
39 59
39 61
39 63
39 64
39 66
39 68
39 70
39 72
39 73
39 74
39 75
39 76
39 77
39 78
39 80
39 82
39 83
39 84
39 85
39 86
39 87
39 89
39 91
39 95
39 96
39 98
39 99
40 41
40 43
40 44
40 45
40 47
40 48
40 53
40 54
40 55
40 56
40 58
40 59
40 61
40 63
40 64
40 70
40 71
40 72
40 75
40 79
40 80
40 81
40 82
40 84
40 85
40 90
40 91
40 92
40 93
40 94
40 95
40 97
40 98
40 99
41 44
41 45
41 47
41 48
41 49
41 52
41 53
41 54
41 57
41 58
41 59
41 60
41 62
41 64
41 67
41 68
41 70
41 71
41 72
41 73
41 75
41 78
41 80
41 83
41 85
41 90
41 91
41 93
41 94
41 97
41 98
41 99
42 43
42 44
42 45
42 46
42 48
42 49
42 51
42 52
42 53
42 54
42 56
42 57
42 59
42 60
42 63
42 64
42 66
42 69
42 73
42 77
42 78
42 79
42 80
42 82
42 83
42 84
42 86
42 87
42 88
42 98
43 45
43 46
43 47
43 48
43 49
43 51
43 54
43 57
43 59
43 61
43 65
43 66
43 67
43 69
43 71
43 72
43 73
43 75
43 76
43 78
43 79
43 82
43 84
43 87
43 89
43 90
43 91
43 94
43 97
43 99
44 46
44 47
44 49
44 53
44 56
44 57
44 59
44 63
44 66
44 67
44 68
44 70
44 72
44 79
44 81
44 82
44 86
44 90
44 92
44 94
44 98
45 46
45 47
45 48
45 49
45 50
45 53
45 54
45 56
45 57
45 58
45 59
45 60
45 61
45 63
45 64
45 65
45 67
45 68
45 69
45 73
45 75
45 78
45 79
45 81
45 82
45 85
45 87
45 90
45 91
45 95
45 96
45 97
45 99
46 47
46 49
46 54
46 55
46 56
46 57
46 59
46 62
46 63
46 70
46 71
46 73
46 74
46 76
46 77
46 79
46 82
46 85
46 87
46 88
46 89
46 90
46 93
46 98
46 99
47 49
47 50
47 51
47 52
47 54
47 56
47 58
47 60
47 61
47 64
47 65
47 66
47 67
47 68
47 70
47 71
47 72
47 74
47 75
47 77
47 79
47 81
47 83
47 85
47 87
47 88
47 91
47 95
47 98
47 99
48 50
48 54
48 57
48 58
48 59
48 60
48 63
48 64
48 68
48 69
48 70
48 73
48 75
48 76
48 77
48 81
48 83
48 84
48 85
48 86
48 87
48 88
48 90
48 91
48 92
48 93
48 94
48 95
49 51
49 54
49 55
49 57
49 58
49 59
49 61
49 62
49 66
49 68
49 72
49 73
49 77
49 78
49 80
49 82
49 83
49 86
49 87
49 88
49 89
49 90
49 91
49 95
49 99
50 52
50 53
50 55
50 56
50 58
50 59
50 64
50 65
50 67
50 68
50 69
50 74
50 76
50 79
50 83
50 86
50 90
50 93
50 94
50 96
50 97
50 98
51 52
51 53
51 54
51 56
51 57
51 58
51 59
51 61
51 62
51 64
51 69
51 74
51 76
51 78
51 80
51 82
51 83
51 84
51 85
51 86
51 87
51 88
51 89
51 91
51 92
51 94
51 95
51 96
51 97
51 98
51 99
52 55
52 57
52 58
52 59
52 61
52 64
52 66
52 68
52 69
52 71
52 75
52 77
52 78
52 81
52 82
52 84
52 86
52 87
52 88
52 89
52 90
52 91
52 92
52 95
52 96
52 97
52 99
53 54
53 57
53 59
53 61
53 62
53 63
53 66
53 68
53 71
53 72
53 74
53 77
53 78
53 82
53 85
53 86
53 87
53 88
53 89
53 94
53 97
53 98
53 99
54 55
54 60
54 61
54 62
54 63
54 64
54 67
54 68
54 72
54 73
54 74
54 75
54 78
54 79
54 81
54 82
54 84
54 88
54 89
54 91
54 94
54 99
55 56
55 57
55 60
55 65
55 67
55 68
55 69
55 70
55 71
55 76
55 77
55 78
55 79
55 80
55 84
55 89
55 90
55 92
56 57
56 60
56 62
56 64
56 65
56 67
56 68
56 69
56 70
56 72
56 75
56 80
56 82
56 83
56 86
56 90
56 91
56 94
56 95
56 96
56 97
56 99
57 61
57 62
57 63
57 66
57 69
57 70
57 71
57 75
57 77
57 79
57 80
57 81
57 82
57 83
57 84
57 86
57 87
57 89
57 97
57 99
58 59
58 60
58 61
58 62
58 64
58 65
58 68
58 73
58 79
58 82
58 83
58 84
58 86
58 90
58 93
58 96
58 97
59 61
59 62
59 63
59 65
59 67
59 69
59 70
59 72
59 79
59 81
59 82
59 84
59 86
59 92
59 97
59 98
59 99
60 61
60 65
60 66
60 67
60 69
60 72
60 76
60 82
60 83
60 85
60 86
60 89
60 94
60 96
60 98
61 62
61 64
61 66
61 72
61 73
61 74
61 76
61 77
61 80
61 81
61 82
61 83
61 86
61 87
61 88
61 91
61 94
61 95
61 97
61 99
62 63
62 64
62 65
62 66
62 67
62 69
62 71
62 72
62 74
62 75
62 77
62 79
62 80
62 81
62 82
62 83
62 84
62 85
62 88
62 91
62 94
62 97
62 98
62 99
63 64
63 66
63 69
63 75
63 76
63 78
63 79
63 80
63 82
63 90
63 95
63 96
63 97
64 66
64 67
64 68
64 70
64 72
64 73
64 74
64 75
64 76
64 78
64 79
64 80
64 81
64 82
64 85
64 87
64 88
64 90
64 91
64 94
64 96
65 66
65 67
65 68
65 71
65 72
65 73
65 74
65 75
65 76
65 78
65 82
65 86
65 88
65 90
65 91
65 92
65 93
65 94
65 96
65 97
65 98
65 99
66 67
66 68
66 69
66 70
66 71
66 72
66 74
66 75
66 76
66 77
66 78
66 81
66 82
66 83
66 85
66 86
66 87
66 88
66 89
66 90
66 92
66 94
66 96
66 97
66 98
66 99
67 68
67 71
67 72
67 73
67 74
67 75
67 76
67 78
67 81
67 84
67 85
67 86
67 87
67 91
67 92
67 94
67 95
67 96
67 97
68 69
68 70
68 73
68 75
68 77
68 79
68 81
68 83
68 85
68 88
68 89
68 90
68 91
68 92
68 93
68 95
68 96
68 97
68 99
69 74
69 75
69 76
69 77
69 80
69 81
69 84
69 86
69 90
69 92
69 93
69 98
69 99
70 74
70 76
70 78
70 81
70 86
70 88
70 89
70 90
70 92
70 93
70 94
70 95
70 96
70 97
71 73
71 75
71 76
71 79
71 83
71 84
71 85
71 87
71 91
71 92
71 93
71 94
71 95
71 97
71 99
72 76
72 79
72 80
72 81
72 84
72 85
72 86
72 87
72 91
72 93
72 96
72 99
73 75
73 79
73 81
73 82
73 83
73 84
73 85
73 86
73 90
73 91
73 93
73 94
73 95
73 96
73 97
73 98
74 76
74 79
74 80
74 81
74 82
74 83
74 85
74 88
74 89
74 96
74 97
74 98
75 76
75 77
75 82
75 83
75 86
75 87
75 88
75 89
75 92
75 94
75 95
75 96
75 97
75 98
75 99
76 78
76 80
76 81
76 84
76 85
76 86
76 87
76 89
76 91
76 94
76 95
76 97
77 81
77 82
77 83
77 86
77 87
77 88
77 90
77 94
77 95
77 96
77 97
77 99
78 79
78 80
78 82
78 84
78 85
78 87
78 89
78 90
78 91
78 92
78 93
78 96
78 97
78 98
78 99
79 82
79 87
79 88
79 89
79 90
79 91
79 92
79 93
79 95
79 97
79 99
80 81
80 82
80 84
80 87
80 90
80 94
80 95
80 97
80 98
81 82
81 84
81 85
81 86
81 87
81 88
81 89
81 92
81 94
81 95
81 96
81 97
82 87
82 88
82 89
82 90
82 95
82 96
82 97
82 98
83 86
83 89
83 91
83 97
83 99
84 86
84 89
84 90
84 92
84 96
84 98
84 99
85 86
85 89
85 90
85 91
85 95
86 87
86 92
86 93
86 94
86 96
86 99
87 90
87 92
87 93
87 95
87 99
88 91
88 96
88 97
88 99
89 93
89 94
89 96
89 99
90 93
90 96
90 97
91 93
91 96
91 97
91 99
92 94
92 95
92 96
92 98
92 99
93 97
93 98
94 99
95 96
95 99
96 99
97 98
98 99
