0 13
0 18
0 19
0 21
0 22
0 23
0 27
0 34
0 37
0 38
0 41
0 50
0 53
0 54
0 60
0 62
0 63
0 66
0 68
0 71
0 74
0 79
0 83
0 91
0 95
0 96
0 97
1 3
1 6
1 11
1 12
1 13
1 14
1 16
1 20
1 29
1 34
1 37
1 40
1 43
1 44
1 45
1 47
1 51
1 56
1 57
1 61
1 62
1 64
1 65
1 68
1 70
1 74
1 76
1 84
1 88
1 95
2 3
2 7
2 14
2 19
2 21
2 23
2 24
2 30
2 31
2 34
2 37
2 40
2 42
2 44
2 48
2 56
2 60
2 61
2 67
2 70
2 74
2 76
2 77
2 79
2 81
2 85
2 90
2 91
2 92
2 99
3 10
3 13
3 15
3 19
3 20
3 24
3 27
3 31
3 35
3 36
3 40
3 55
3 56
3 58
3 65
3 69
3 74
3 75
3 77
3 82
3 83
3 84
3 88
3 97
3 98
4 9
4 12
4 13
4 15
4 16
4 19
4 21
4 22
4 26
4 30
4 38
4 39
4 42
4 47
4 48
4 49
4 52
4 59
4 61
4 64
4 65
4 67
4 72
4 78
4 79
4 82
4 87
4 88
4 89
4 93
4 94
4 95
5 22
5 28
5 30
5 31
5 48
5 50
5 54
5 55
5 57
5 60
5 63
5 67
5 69
5 76
5 77
5 83
5 84
5 85
5 86
5 87
5 94
6 11
6 19
6 28
6 29
6 32
6 35
6 38
6 42
6 45
6 55
6 62
6 68
6 74
6 77
6 78
6 83
6 84
6 88
6 89
7 23
7 24
7 27
7 31
7 36
7 38
7 42
7 46
7 47
7 48
7 52
7 57
7 60
7 65
7 72
7 74
7 77
7 80
7 81
7 82
7 87
7 89
7 96
7 97
8 13
8 14
8 19
8 20
8 24
8 25
8 28
8 33
8 34
8 35
8 41
8 43
8 44
8 45
8 46
8 49
8 54
8 55
8 59
8 64
8 71
8 75
8 78
8 80
8 81
8 84
8 86
8 87
8 96
9 11
9 17
9 19
9 27
9 28
9 30
9 31
9 33
9 35
9 36
9 39
9 45
9 46
9 49
9 51
9 53
9 54
9 55
9 57
9 60
9 61
9 63
9 66
9 67
9 68
9 69
9 75
9 78
9 80
9 81
9 87
9 89
9 91
9 93
9 94
9 98
10 17
10 19
10 21
10 23
10 27
10 29
10 30
10 35
10 37
10 38
10 42
10 45
10 47
10 48
10 50
10 51
10 52
10 54
10 56
10 58
10 59
10 62
10 66
10 68
10 69
10 73
10 77
10 78
10 83
10 85
10 86
10 87
10 88
10 89
10 90
10 91
11 13
11 15
11 19
11 20
11 29
11 32
11 36
11 38
11 39
11 43
11 45
11 47
11 51
11 52
11 55
11 57
11 64
11 70
11 72
11 74
11 81
11 82
11 85
11 87
11 92
12 13
12 20
12 29
12 30
12 33
12 37
12 39
12 40
12 42
12 43
12 52
12 58
12 63
12 64
12 67
12 68
12 72
12 79
12 86
12 94
12 96
13 14
13 15
13 16
13 21
13 23
13 24
13 25
13 26
13 30
13 36
13 38
13 39
13 43
13 46
13 48
13 49
13 56
13 59
13 60
13 65
13 67
13 68
13 74
13 80
13 85
13 88
13 89
13 94
13 95
13 98
14 16
14 17
14 20
14 23
14 25
14 26
14 28
14 30
14 35
14 36
14 40
14 46
14 47
14 50
14 53
14 54
14 57
14 60
14 61
14 63
14 66
14 67
14 70
14 75
14 77
14 79
14 81
14 90
14 92
14 96
15 19
15 21
15 29
15 30
15 32
15 33
15 34
15 38
15 42
15 43
15 44
15 46
15 50
15 52
15 53
15 61
15 64
15 72
15 75
15 76
15 77
15 80
15 82
15 88
15 90
15 91
15 95
15 96
15 99
16 21
16 30
16 32
16 36
16 38
16 39
16 41
16 43
16 44
16 45
16 47
16 54
16 57
16 60
16 62
16 63
16 67
16 69
16 76
16 82
16 83
16 87
16 88
16 91
16 97
16 98
17 19
17 25
17 30
17 36
17 38
17 40
17 51
17 52
17 53
17 54
17 57
17 61
17 65
17 67
17 68
17 72
17 76
17 82
17 90
17 94
18 20
18 22
18 25
18 26
18 29
18 31
18 33
18 34
18 35
18 38
18 39
18 46
18 48
18 50
18 51
18 53
18 54
18 59
18 64
18 67
18 69
18 76
18 79
18 80
18 81
18 82
18 86
18 94
18 98
19 20
19 21
19 22
19 26
19 27
19 29
19 33
19 40
19 45
19 46
19 54
19 55
19 62
19 64
19 71
19 76
19 79
19 80
19 82
19 83
19 86
19 88
19 89
19 91
19 92
19 95
20 22
20 24
20 25
20 27
20 29
20 32
20 39
20 55
20 56
20 58
20 59
20 60
20 63
20 65
20 66
20 75
20 82
20 83
20 89
20 91
20 92
20 93
20 96
20 97
21 22
21 23
21 25
21 27
21 29
21 35
21 42
21 45
21 49
21 50
21 54
21 56
21 57
21 62
21 67
21 68
21 69
21 74
21 78
21 80
21 87
21 88
21 89
21 90
21 94
21 95
22 25
22 31
22 32
22 34
22 37
22 38
22 40
22 42
22 44
22 45
22 58
22 59
22 63
22 66
22 75
22 78
22 81
22 89
22 92
22 95
22 96
22 98
23 24
23 31
23 33
23 34
23 35
23 36
23 37
23 41
23 46
23 52
23 55
23 75
23 76
23 77
23 87
23 89
23 92
23 94
23 98
23 99
24 25
24 26
24 27
24 28
24 29
24 35
24 36
24 45
24 46
24 47
24 51
24 55
24 56
24 59
24 60
24 63
24 64
24 67
24 77
24 80
24 81
24 85
24 87
24 89
24 92
24 95
24 96
25 26
25 29
25 32
25 33
25 36
25 39
25 42
25 52
25 59
25 62
25 65
25 72
25 73
25 74
25 77
25 78
25 83
25 85
25 87
25 89
25 92
25 96
25 99
26 27
26 32
26 34
26 35
26 41
26 42
26 44
26 55
26 57
26 62
26 63
26 64
26 65
26 66
26 70
26 74
26 75
26 79
26 82
26 86
26 87
26 88
26 89
26 98
27 28
27 29
27 33
27 34
27 35
27 39
27 40
27 41
27 47
27 55
27 59
27 61
27 68
27 71
27 80
27 86
27 88
27 92
27 93
27 96
28 33
28 41
28 47
28 48
28 51
28 52
28 58
28 62
28 63
28 66
28 70
28 73
28 81
28 90
28 93
28 94
28 97
29 31
29 39
29 41
29 42
29 43
29 48
29 49
29 50
29 52
29 54
29 59
29 63
29 65
29 71
29 77
29 78
29 88
29 89
29 95
29 96
29 97
29 99
30 31
30 32
30 40
30 43
30 46
30 50
30 54
30 55
30 56
30 64
30 65
30 67
30 68
30 70
30 80
30 82
30 84
30 88
30 89
30 91
30 96
30 97
30 98
31 34
31 38
31 39
31 47
31 51
31 55
31 57
31 59
31 61
31 66
31 69
31 73
31 75
31 76
31 78
31 80
31 85
31 98
31 99
32 35
32 36
32 38
32 41
32 45
32 46
32 50
32 53
32 54
32 59
32 60
32 61
32 62
32 64
32 73
32 74
32 76
32 80
32 83
32 84
32 87
32 93
32 95
32 96
32 98
33 37
33 39
33 42
33 46
33 49
33 52
33 56
33 59
33 61
33 63
33 64
33 70
33 75
33 79
33 83
33 85
33 87
33 91
33 99
34 35
34 46
34 47
34 48
34 51
34 54
34 59
34 65
34 67
34 68
34 69
34 72
34 73
34 78
34 88
34 89
34 95
34 96
34 98
35 36
35 38
35 40
35 43
35 47
35 48
35 49
35 50
35 54
35 55
35 59
35 61
35 64
35 65
35 71
35 72
35 73
35 79
35 82
35 84
35 88
35 89
35 93
35 99
36 41
36 44
36 50
36 55
36 56
36 63
36 65
36 67
36 75
36 77
36 78
36 90
36 91
36 92
36 94
36 95
36 98
37 40
37 52
37 53
37 59
37 60
37 61
37 63
37 72
37 74
37 76
37 86
37 88
37 91
37 93
37 96
37 97
38 39
38 43
38 47
38 50
38 51
38 54
38 65
38 75
38 82
38 84
38 89
38 90
38 97
39 41
39 47
39 48
39 49
39 50
39 53
39 54
39 61
39 63
39 64
39 66
39 73
39 75
39 76
39 77
39 79
39 81
39 82
39 86
39 88
39 90
39 96
39 97
40 41
40 42
40 43
40 46
40 54
40 56
40 59
40 62
40 63
40 67
40 71
40 75
40 76
40 78
40 79
40 86
40 94
40 95
40 98
41 47
41 49
41 50
41 54
41 63
41 64
41 65
41 68
41 72
41 75
41 78
41 92
41 94
41 96
42 46
42 47
42 49
42 51
42 52
42 54
42 55
42 58
42 60
42 63
42 64
42 66
42 68
42 71
42 72
42 74
42 78
42 79
42 86
42 89
42 93
42 95
42 97
43 44
43 48
43 52
43 59
43 64
43 68
43 69
43 71
43 74
43 82
43 84
43 89
43 94
43 97
44 45
44 47
44 56
44 59
44 64
44 65
44 67
44 68
44 74
44 78
44 82
44 87
44 90
44 92
44 94
45 46
45 50
45 52
45 59
45 62
45 67
45 69
45 74
45 76
45 79
45 85
46 47
46 49
46 58
46 65
46 66
46 68
46 70
46 71
46 73
46 74
46 78
46 80
46 81
46 85
46 94
46 95
46 96
46 98
47 51
47 55
47 57
47 59
47 63
47 67
47 68
47 69
47 72
47 76
47 79
47 87
47 88
47 93
47 94
47 96
48 54
48 57
48 60
48 68
48 69
48 70
48 76
48 79
48 86
48 93
48 94
48 97
48 98
49 56
49 58
49 61
49 65
49 69
49 70
49 72
49 73
49 77
49 79
49 82
49 84
49 86
49 88
49 89
49 92
49 94
49 96
49 99
50 51
50 52
50 56
50 57
50 58
50 62
50 63
50 64
50 68
50 77
50 85
50 88
50 89
50 91
50 92
50 94
50 95
50 97
50 99
51 60
51 63
51 65
51 68
51 72
51 76
51 81
51 82
51 84
51 85
51 91
51 97
51 98
52 59
52 63
52 66
52 72
52 75
52 88
52 91
52 97
53 54
53 60
53 62
53 67
53 73
53 76
53 80
53 81
53 84
53 87
53 89
53 92
53 93
53 95
53 96
53 99
54 58
54 65
54 69
54 74
54 78
54 81
54 82
54 84
54 88
54 91
54 93
54 99
55 62
55 67
55 72
55 81
55 88
55 89
55 91
55 93
55 94
55 95
55 96
56 63
56 67
56 73
56 75
56 76
56 80
56 81
56 83
56 85
56 88
56 91
56 92
56 93
56 96
57 59
57 60
57 65
57 67
57 71
57 73
57 76
57 81
57 86
57 92
57 93
57 94
57 97
58 61
58 62
58 63
58 68
58 71
58 74
58 75
58 77
58 85
58 95
59 63
59 67
59 69
59 73
59 77
59 84
59 85
59 88
59 89
59 93
59 95
60 61
60 62
60 69
60 70
60 71
60 72
60 74
60 88
60 90
60 92
60 94
60 96
60 99
61 62
61 65
61 66
61 68
61 74
61 75
61 78
61 80
61 81
61 86
61 89
61 91
61 92
61 93
61 94
61 95
61 96
61 97
61 99
62 69
62 74
62 77
62 79
62 84
62 88
62 93
62 95
62 99
63 64
63 66
63 72
63 77
63 78
63 79
63 87
63 88
63 90
63 91
64 72
64 74
64 78
64 82
64 83
64 94
64 97
65 71
65 77
65 78
65 80
65 81
65 83
65 90
65 93
65 97
66 68
66 80
66 81
66 82
66 89
66 94
66 98
67 79
67 81
67 91
67 95
68 70
68 74
68 76
68 80
68 84
68 89
68 90
68 92
68 93
68 96
68 97
69 73
69 82
69 84
70 71
70 73
70 75
70 80
70 84
70 87
70 88
70 89
70 92
71 75
71 82
71 83
71 86
71 89
71 90
71 96
72 75
72 78
72 79
72 80
72 82
72 83
72 84
72 86
72 89
72 90
72 95
72 99
73 75
73 76
73 77
73 81
73 88
73 89
73 95
73 97
74 80
74 81
74 82
74 83
74 88
74 94
74 96
74 99
75 78
75 79
75 80
75 81
75 88
75 89
75 94
75 95
76 78
76 86
76 89
76 90
76 93
76 96
76 99
77 79
77 86
77 93
78 82
78 85
78 87
78 94
78 95
78 98
79 80
79 81
79 88
79 89
79 93
79 95
79 96
79 99
80 81
80 93
80 95
80 96
81 82
81 83
81 98
82 85
82 86
82 87
82 88
82 93
82 99
83 85
83 86
83 87
83 89
83 90
83 94
83 98
84 89
85 96
85 99
86 93
86 95
86 97
86 98
87 93
87 99
88 89
88 93
88 95
89 93
89 97
90 97
91 95
91 96
91 97
91 98
91 99
92 95
93 94
93 96
94 95
94 96
96 97
96 98
97 98
98 99
