0 2
0 5
0 10
0 11
0 12
0 15
0 16
0 21
0 22
0 24
0 25
0 27
0 28
0 29
0 31
0 35
0 39
0 44
0 47
0 49
0 50
0 53
0 57
0 59
0 62
0 63
0 65
0 67
0 68
0 69
0 70
0 81
0 84
0 86
0 89
0 90
0 91
0 97
0 98
0 99
1 7
1 8
1 9
1 11
1 12
1 15
1 16
1 18
1 19
1 20
1 22
1 25
1 26
1 29
1 31
1 35
1 37
1 38
1 41
1 42
1 43
1 44
1 46
1 47
1 49
1 53
1 54
1 55
1 58
1 59
1 61
1 62
1 64
1 65
1 66
1 67
1 68
1 69
1 71
1 72
1 73
1 77
1 78
1 80
1 81
1 82
1 86
1 89
1 93
2 5
2 13
2 15
2 17
2 19
2 20
2 21
2 25
2 26
2 27
2 28
2 30
2 31
2 32
2 34
2 37
2 40
2 41
2 42
2 43
2 44
2 46
2 47
2 55
2 57
2 58
2 62
2 63
2 64
2 67
2 68
2 69
2 70
2 72
2 77
2 78
2 82
2 83
2 85
2 86
2 88
2 89
2 90
2 91
2 92
2 95
2 96
2 97
2 99
3 4
3 6
3 7
3 8
3 9
3 11
3 12
3 14
3 16
3 17
3 18
3 19
3 20
3 25
3 26
3 27
3 30
3 31
3 32
3 33
3 35
3 37
3 39
3 40
3 41
3 43
3 44
3 45
3 48
3 49
3 51
3 53
3 54
3 55
3 56
3 59
3 62
3 64
3 65
3 66
3 67
3 68
3 69
3 71
3 74
3 79
3 80
3 82
3 85
3 86
3 87
3 89
3 92
3 93
3 95
3 97
3 99
4 5
4 6
4 9
4 12
4 16
4 17
4 18
4 19
4 20
4 21
4 26
4 28
4 30
4 31
4 32
4 34
4 35
4 37
4 41
4 42
4 43
4 44
4 45
4 46
4 49
4 52
4 53
4 54
4 56
4 59
4 60
4 65
4 66
4 67
4 68
4 69
4 70
4 72
4 74
4 75
4 76
4 77
4 79
4 84
4 85
4 87
4 90
4 91
4 92
4 93
4 95
4 97
4 98
4 99
5 6
5 7
5 9
5 11
5 12
5 13
5 16
5 17
5 19
5 20
5 22
5 26
5 28
5 30
5 31
5 34
5 37
5 38
5 39
5 40
5 41
5 42
5 43
5 44
5 47
5 48
5 51
5 52
5 54
5 55
5 56
5 57
5 58
5 61
5 62
5 63
5 64
5 66
5 67
5 68
5 71
5 72
5 74
5 81
5 82
5 83
5 85
5 88
5 94
5 95
5 99
6 9
6 10
6 12
6 14
6 15
6 16
6 17
6 18
6 19
6 21
6 23
6 25
6 29
6 30
6 32
6 35
6 36
6 39
6 43
6 47
6 48
6 50
6 53
6 54
6 55
6 58
6 59
6 62
6 64
6 65
6 66
6 69
6 70
6 71
6 74
6 75
6 77
6 78
6 79
6 82
6 84
6 87
6 89
6 90
6 91
6 92
6 95
6 98
6 99
7 11
7 12
7 13
7 16
7 18
7 19
7 20
7 22
7 23
7 24
7 26
7 29
7 32
7 34
7 35
7 37
7 40
7 41
7 44
7 45
7 46
7 48
7 50
7 52
7 56
7 60
7 61
7 63
7 66
7 69
7 70
7 72
7 74
7 76
7 78
7 83
7 86
7 88
7 92
7 93
7 94
7 95
7 96
7 98
7 99
8 9
8 13
8 16
8 18
8 20
8 21
8 22
8 24
8 25
8 26
8 27
8 29
8 31
8 32
8 33
8 34
8 35
8 36
8 38
8 39
8 41
8 43
8 44
8 45
8 46
8 47
8 49
8 50
8 53
8 54
8 57
8 58
8 60
8 61
8 64
8 65
8 67
8 68
8 69
8 70
8 71
8 72
8 74
8 75
8 76
8 78
8 79
8 80
8 81
8 86
8 89
8 90
8 93
8 94
8 95
9 10
9 11
9 12
9 14
9 15
9 18
9 20
9 24
9 25
9 29
9 30
9 31
9 32
9 35
9 36
9 38
9 40
9 41
9 42
9 43
9 45
9 48
9 50
9 52
9 53
9 56
9 58
9 59
9 63
9 67
9 68
9 72
9 73
9 74
9 76
9 82
9 83
9 85
9 86
9 87
9 89
9 90
9 91
9 93
9 96
9 98
10 13
10 18
10 19
10 21
10 22
10 23
10 27
10 30
10 31
10 32
10 33
10 36
10 39
10 40
10 41
10 43
10 44
10 45
10 46
10 48
10 49
10 50
10 51
10 55
10 56
10 58
10 59
10 60
10 62
10 63
10 64
10 65
10 66
10 69
10 70
10 72
10 74
10 78
10 81
10 82
10 85
10 87
10 89
10 93
10 97
10 99
11 14
11 20
11 21
11 22
11 23
11 25
11 27
11 28
11 29
11 30
11 32
11 34
11 35
11 38
11 39
11 41
11 42
11 43
11 45
11 48
11 53
11 54
11 58
11 59
11 61
11 62
11 63
11 65
11 66
11 71
11 73
11 75
11 79
11 84
11 86
11 88
11 89
11 90
11 94
11 95
12 14
12 15
12 16
12 19
12 20
12 21
12 26
12 27
12 29
12 30
12 31
12 33
12 34
12 35
12 36
12 37
12 39
12 42
12 44
12 45
12 48
12 51
12 53
12 55
12 58
12 59
12 60
12 61
12 63
12 65
12 66
12 69
12 70
12 72
12 73
12 74
12 82
12 85
12 86
12 87
12 90
12 95
12 96
12 97
12 99
13 16
13 22
13 23
13 26
13 28
13 31
13 32
13 33
13 34
13 35
13 38
13 39
13 42
13 44
13 45
13 50
13 56
13 58
13 61
13 63
13 65
13 66
13 67
13 68
13 70
13 71
13 74
13 78
13 81
13 82
13 83
13 85
13 86
13 88
13 89
13 90
13 93
13 96
13 97
14 15
14 16
14 18
14 23
14 25
14 26
14 27
14 29
14 33
14 35
14 37
14 43
14 45
14 47
14 50
14 54
14 55
14 56
14 58
14 59
14 60
14 61
14 62
14 63
14 65
14 66
14 70
14 71
14 73
14 74
14 79
14 81
14 82
14 83
14 84
14 87
14 89
14 92
14 94
14 95
14 98
15 16
15 17
15 24
15 26
15 27
15 31
15 33
15 34
15 36
15 37
15 38
15 40
15 43
15 45
15 46
15 48
15 49
15 50
15 51
15 53
15 54
15 55
15 58
15 59
15 61
15 64
15 65
15 69
15 70
15 71
15 72
15 73
15 75
15 79
15 80
15 81
15 86
15 89
15 90
15 95
15 96
15 98
16 19
16 20
16 22
16 27
16 30
16 33
16 34
16 38
16 39
16 42
16 45
16 46
16 47
16 48
16 50
16 51
16 53
16 54
16 55
16 58
16 59
16 62
16 64
16 66
16 67
16 68
16 69
16 70
16 71
16 72
16 74
16 77
16 81
16 83
16 84
16 85
16 88
16 91
16 92
16 95
16 96
17 18
17 20
17 22
17 23
17 24
17 25
17 26
17 27
17 31
17 32
17 34
17 35
17 36
17 37
17 39
17 43
17 46
17 48
17 49
17 51
17 52
17 53
17 55
17 57
17 59
17 60
17 61
17 63
17 64
17 65
17 66
17 69
17 70
17 73
17 77
17 80
17 82
17 89
17 90
17 91
17 92
17 93
17 95
17 96
17 98
18 19
18 20
18 23
18 24
18 25
18 26
18 28
18 29
18 30
18 31
18 32
18 34
18 35
18 37
18 40
18 42
18 46
18 51
18 53
18 55
18 56
18 57
18 60
18 64
18 66
18 68
18 69
18 73
18 75
18 76
18 78
18 79
18 81
18 83
18 84
18 85
18 86
18 87
18 89
18 90
18 92
18 95
18 98
18 99
19 20
19 24
19 25
19 26
19 27
19 30
19 31
19 32
19 34
19 37
19 38
19 41
19 42
19 43
19 45
19 50
19 51
19 52
19 54
19 55
19 57
19 60
19 61
19 63
19 65
19 67
19 69
19 71
19 76
19 78
19 80
19 81
19 82
19 83
19 85
19 86
19 88
19 93
19 94
19 97
19 99
20 21
20 22
20 24
20 28
20 29
20 31
20 32
20 33
20 34
20 36
20 40
20 42
20 43
20 44
20 47
20 48
20 49
20 50
20 51
20 52
20 55
20 60
20 63
20 64
20 65
20 67
20 68
20 69
20 70
20 72
20 73
20 75
20 80
20 81
20 83
20 84
20 85
20 90
20 93
20 95
20 98
21 22
21 24
21 25
21 27
21 28
21 31
21 37
21 39
21 42
21 43
21 46
21 51
21 53
21 54
21 56
21 57
21 58
21 61
21 66
21 67
21 68
21 72
21 73
21 75
21 77
21 83
21 84
21 87
21 89
21 91
21 93
21 98
22 25
22 26
22 27
22 30
22 31
22 40
22 43
22 44
22 47
22 49
22 51
22 52
22 57
22 59
22 63
22 64
22 65
22 66
22 68
22 69
22 76
22 77
22 79
22 80
22 81
22 84
22 85
22 86
22 89
22 90
22 92
22 94
22 95
22 96
22 98
23 27
23 31
23 33
23 35
23 38
23 39
23 41
23 45
23 46
23 47
23 48
23 52
23 54
23 56
23 58
23 59
23 60
23 61
23 62
23 63
23 65
23 66
23 67
23 72
23 74
23 75
23 77
23 78
23 79
23 81
23 82
23 83
23 86
23 91
23 93
23 94
23 95
23 98
24 25
24 28
24 33
24 34
24 35
24 36
24 44
24 49
24 50
24 52
24 54
24 58
24 59
24 61
24 65
24 73
24 75
24 77
24 80
24 83
24 86
24 87
24 89
24 90
24 91
24 93
24 94
24 97
24 98
25 26
25 27
25 29
25 31
25 33
25 34
25 36
25 37
25 40
25 43
25 46
25 48
25 50
25 51
25 53
25 54
25 55
25 56
25 57
25 58
25 59
25 60
25 64
25 67
25 69
25 71
25 72
25 73
25 74
25 76
25 80
25 81
25 83
25 85
25 86
25 87
25 90
25 91
25 92
25 95
25 96
25 97
25 98
25 99
26 27
26 29
26 33
26 34
26 35
26 36
26 40
26 47
26 48
26 50
26 53
26 55
26 57
26 58
26 59
26 60
26 61
26 64
26 65
26 66
26 70
26 71
26 72
26 73
26 74
26 75
26 76
26 77
26 80
26 82
26 84
26 89
26 91
26 92
26 93
26 95
26 96
26 98
26 99
27 28
27 29
27 30
27 32
27 34
27 40
27 41
27 43
27 44
27 46
27 47
27 48
27 49
27 53
27 54
27 55
27 58
27 60
27 61
27 62
27 64
27 65
27 66
27 70
27 71
27 72
27 74
27 75
27 82
27 84
27 85
27 88
27 92
27 93
27 95
27 97
28 29
28 31
28 32
28 33
28 35
28 36
28 38
28 40
28 41
28 42
28 44
28 47
28 49
28 50
28 53
28 54
28 55
28 56
28 57
28 60
28 61
28 62
28 64
28 65
28 68
28 69
28 70
28 71
28 73
28 80
28 81
28 83
28 85
28 86
28 87
28 91
28 93
28 94
28 96
28 97
28 98
29 30
29 31
29 37
29 39
29 40
29 41
29 43
29 44
29 45
29 48
29 51
29 52
29 53
29 57
29 58
29 60
29 63
29 65
29 67
29 68
29 73
29 75
29 76
29 77
29 78
29 79
29 83
29 85
29 86
29 87
29 90
29 91
29 92
29 94
29 95
29 97
30 36
30 37
30 38
30 39
30 42
30 43
30 46
30 47
30 48
30 49
30 54
30 55
30 57
30 58
30 61
30 63
30 64
30 66
30 71
30 73
30 74
30 77
30 82
30 83
30 85
30 89
30 90
30 91
30 92
30 93
30 95
30 96
30 97
30 98
30 99
31 32
31 34
31 40
31 41
31 42
31 43
31 45
31 46
31 47
31 50
31 54
31 55
31 58
31 62
31 67
31 68
31 71
31 76
31 77
31 79
31 81
31 82
31 83
31 88
31 90
31 91
31 92
31 93
31 94
31 97
31 98
32 33
32 34
32 39
32 40
32 43
32 44
32 46
32 48
32 50
32 53
32 54
32 55
32 56
32 59
32 60
32 63
32 64
32 65
32 66
32 73
32 74
32 75
32 77
32 78
32 81
32 82
32 85
32 86
32 88
32 90
32 95
32 97
32 98
32 99
33 36
33 38
33 39
33 40
33 41
33 45
33 47
33 52
33 55
33 56
33 57
33 58
33 60
33 64
33 66
33 69
33 70
33 71
33 72
33 73
33 78
33 79
33 81
33 82
33 85
33 89
33 90
33 91
33 96
33 99
34 35
34 38
34 39
34 41
34 44
34 45
34 46
34 48
34 49
34 50
34 51
34 52
34 55
34 56
34 57
34 60
34 62
34 65
34 66
34 67
34 68
34 69
34 71
34 72
34 73
34 75
34 76
34 77
34 84
34 85
34 87
34 88
34 89
34 91
34 99
35 38
35 39
35 40
35 42
35 43
35 44
35 45
35 49
35 51
35 52
35 54
35 57
35 58
35 61
35 64
35 66
35 67
35 69
35 70
35 71
35 73
35 74
35 75
35 76
35 78
35 79
35 80
35 81
35 84
35 89
35 94
35 96
35 97
35 98
36 37
36 39
36 46
36 50
36 51
36 52
36 56
36 57
36 58
36 59
36 60
36 61
36 65
36 67
36 68
36 73
36 74
36 77
36 79
36 85
36 87
36 88
36 89
36 94
36 95
37 39
37 43
37 44
37 46
37 54
37 55
37 57
37 58
37 59
37 60
37 61
37 64
37 66
37 68
37 70
37 74
37 76
37 77
37 80
37 82
37 83
37 84
37 87
37 88
37 94
37 97
38 41
38 42
38 43
38 45
38 47
38 48
38 50
38 52
38 58
38 63
38 64
38 66
38 69
38 72
38 73
38 74
38 77
38 79
38 80
38 81
38 83
38 84
38 85
38 86
38 87
38 95
38 97
38 99
39 42
39 47
39 48
39 49
39 51
39 53
39 56
39 57
39 59
39 61
39 62
39 65
39 67
39 69
39 71
39 73
39 74
39 78
39 82
39 86
39 88
39 90
39 94
39 95
39 97
39 98
39 99
40 42
40 43
40 45
40 46
40 47
40 48
40 50
40 51
40 52
40 55
40 56
40 57
40 59
40 65
40 67
40 68
40 69
40 71
40 76
40 79
40 80
40 85
40 88
40 89
40 90
40 91
40 92
40 95
40 96
41 43
41 44
41 47
41 48
41 51
41 54
41 56
41 57
41 58
41 60
41 61
41 63
41 64
41 65
41 69
41 70
41 71
41 73
41 74
41 75
41 76
41 77
41 78
41 80
41 81
41 83
41 85
41 86
41 88
41 89
41 90
41 92
41 95
41 96
41 97
41 98
41 99
42 45
42 46
42 47
42 51
42 53
42 55
42 58
42 60
42 61
42 63
42 65
42 68
42 70
42 71
42 72
42 76
42 78
42 81
42 83
42 85
42 87
42 88
42 95
42 96
43 47
43 48
43 51
43 52
43 55
43 57
43 58
43 63
43 69
43 70
43 73
43 74
43 75
43 78
43 79
43 82
43 83
43 85
43 86
43 87
43 88
43 89
43 90
43 95
43 96
43 97
43 98
43 99
44 46
44 47
44 48
44 49
44 51
44 53
44 56
44 57
44 58
44 59
44 61
44 62
44 63
44 64
44 66
44 68
44 70
44 71
44 72
44 73
44 80
44 83
44 84
44 85
44 86
44 89
44 90
44 91
44 92
44 93
44 94
44 95
44 96
45 46
45 47
45 48
45 51
45 53
45 55
45 57
45 59
45 67
45 72
45 73
45 74
45 78
45 80
45 82
45 84
45 85
45 86
45 89
45 90
45 91
45 92
45 93
45 94
45 95
45 96
45 97
45 98
45 99
46 47
46 49
46 50
46 53
46 56
46 58
46 59
46 62
46 64
46 69
46 73
46 74
46 75
46 76
46 77
46 78
46 79
46 81
46 82
46 84
46 87
46 88
46 89
46 90
46 91
46 93
46 95
46 97
47 49
47 50
47 54
47 56
47 59
47 60
47 61
47 62
47 64
47 65
47 68
47 70
47 73
47 74
47 76
47 81
47 85
47 92
47 94
47 95
48 49
48 52
48 54
48 58
48 59
48 62
48 63
48 64
48 66
48 67
48 68
48 74
48 77
48 78
48 79
48 80
48 81
48 82
48 83
48 89
48 90
48 91
48 92
48 93
48 95
48 96
48 99
49 50
49 53
49 54
49 55
49 58
49 59
49 60
49 61
49 62
49 64
49 67
49 71
49 72
49 73
49 74
49 76
49 79
49 80
49 81
49 82
49 85
49 88
49 89
49 90
49 92
49 96
49 98
50 51
50 55
50 56
50 57
50 59
50 60
50 61
50 63
50 64
50 65
50 66
50 68
50 71
50 72
50 73
50 77
50 84
50 85
50 86
50 87
50 88
50 90
50 91
50 92
50 93
50 96
50 97
50 99
51 52
51 56
51 58
51 59
51 60
51 63
51 64
51 66
51 69
51 71
51 72
51 73
51 74
51 75
51 78
51 81
51 82
51 83
51 84
51 85
51 86
51 88
51 89
51 92
51 94
51 95
52 56
52 58
52 59
52 60
52 64
52 65
52 67
52 74
52 75
52 76
52 78
52 79
52 81
52 82
52 84
52 85
52 88
52 89
52 90
52 95
52 99
53 54
53 55
53 56
53 59
53 61
53 62
53 64
53 69
53 72
53 75
53 76
53 77
53 80
53 84
53 85
53 86
53 89
53 90
53 93
53 94
53 97
54 56
54 57
54 58
54 62
54 66
54 69
54 72
54 73
54 74
54 79
54 80
54 85
54 86
54 88
54 93
54 94
54 95
54 98
55 58
55 59
55 60
55 61
55 63
55 64
55 65
55 68
55 69
55 71
55 72
55 73
55 75
55 77
55 80
55 81
55 82
55 83
55 87
55 90
55 91
55 94
55 95
55 97
55 98
55 99
56 58
56 61
56 63
56 65
56 66
56 71
56 74
56 76
56 79
56 83
56 85
56 86
56 87
56 89
56 94
56 96
56 98
56 99
57 59
57 61
57 65
57 66
57 67
57 68
57 71
57 72
57 74
57 76
57 82
57 84
57 88
57 89
57 90
57 91
57 92
57 93
57 94
57 95
57 96
57 98
58 61
58 63
58 66
58 68
58 70
58 73
58 75
58 77
58 80
58 81
58 83
58 85
58 86
58 87
58 88
58 89
58 93
58 95
58 96
58 97
58 99
59 60
59 61
59 63
59 64
59 65
59 69
59 71
59 72
59 73
59 75
59 77
59 78
59 80
59 83
59 85
59 87
59 88
59 89
59 90
59 91
59 93
59 94
59 98
59 99
60 61
60 62
60 64
60 68
60 71
60 72
60 74
60 75
60 77
60 80
60 82
60 83
60 84
60 86
60 88
60 89
60 91
60 93
60 95
60 96
60 98
61 62
61 63
61 64
61 65
61 68
61 69
61 70
61 72
61 73
61 76
61 77
61 81
61 86
61 87
61 88
61 90
61 91
61 93
61 95
61 96
61 97
62 70
62 71
62 73
62 74
62 75
62 81
62 82
62 85
62 87
62 89
62 90
62 91
62 93
62 94
62 98
63 65
63 66
63 67
63 68
63 69
63 70
63 71
63 74
63 75
63 78
63 79
63 81
63 85
63 86
63 88
63 90
63 92
63 96
64 65
64 66
64 68
64 70
64 71
64 74
64 75
64 78
64 80
64 81
64 82
64 84
64 85
64 86
64 87
64 89
64 91
64 92
64 95
64 98
65 67
65 68
65 70
65 71
65 76
65 77
65 79
65 81
65 82
65 83
65 84
65 90
65 91
65 92
65 94
65 96
65 98
66 68
66 71
66 73
66 75
66 77
66 78
66 79
66 81
66 84
66 86
66 87
66 88
66 90
66 91
66 93
66 96
66 98
67 71
67 72
67 73
67 80
67 81
67 82
67 83
67 84
67 87
67 89
67 93
67 94
67 97
67 98
68 71
68 72
68 73
68 75
68 76
68 77
68 78
68 86
68 87
68 88
68 90
68 92
68 93
68 95
69 71
69 73
69 74
69 75
69 77
69 78
69 81
69 84
69 85
69 88
69 93
69 95
69 97
69 98
69 99
70 71
70 72
70 73
70 74
70 75
70 76
70 77
70 78
70 81
70 82
70 83
70 84
70 85
70 86
70 88
70 90
70 91
70 93
70 94
70 96
70 97
70 99
71 72
71 73
71 74
71 77
71 81
71 83
71 85
71 86
71 88
71 90
71 93
71 96
71 97
72 75
72 77
72 78
72 79
72 84
72 85
72 86
72 87
72 93
72 95
72 99
73 76
73 77
73 78
73 79
73 81
73 82
73 84
73 85
73 86
73 87
73 93
73 96
73 97
73 98
74 76
74 77
74 79
74 80
74 82
74 83
74 84
74 89
74 93
74 96
74 97
74 99
75 77
75 82
75 83
75 85
75 86
75 88
75 91
75 92
75 93
75 94
75 96
75 98
75 99
76 78
76 80
76 82
76 86
76 89
76 92
76 93
76 96
76 99
77 78
77 79
77 80
77 81
77 82
77 85
77 87
77 88
77 89
77 90
77 91
77 93
77 94
77 95
77 96
77 98
78 79
78 82
78 83
78 85
78 86
78 87
78 90
78 91
78 92
78 94
78 95
78 96
78 97
78 98
79 80
79 81
79 83
79 85
79 86
79 88
79 90
79 91
79 93
79 96
79 97
79 98
80 81
80 82
80 83
80 84
80 85
80 87
80 90
80 95
80 96
80 97
80 98
80 99
81 83
81 84
81 85
81 86
81 87
81 88
81 90
81 91
81 92
81 95
81 96
81 99
82 86
82 87
82 88
82 89
82 90
82 91
82 94
82 96
82 98
83 85
83 86
83 87
83 90
83 92
83 94
83 96
83 99
84 86
84 87
84 88
84 92
84 94
84 95
84 96
84 97
84 99
85 86
85 87
85 90
85 92
85 94
85 95
85 98
85 99
86 87
86 89
86 91
86 97
86 99
87 88
87 89
87 91
87 93
87 94
87 95
87 99
88 89
88 90
88 95
88 98
88 99
89 91
89 93
89 94
89 97
90 91
90 92
90 94
90 96
90 98
90 99
91 92
91 94
91 95
91 97
92 95
93 97
93 98
94 99
95 96
95 98
95 99
96 97
96 98
97 98
98 99
