0 5
0 14
0 16
0 19
0 29
0 30
0 37
0 38
0 45
0 55
0 56
0 59
0 61
0 63
0 64
0 65
0 68
0 73
0 75
0 86
0 90
0 92
0 96
0 98
0 99
1 5
1 8
1 10
1 16
1 18
1 28
1 31
1 34
1 49
1 52
1 53
1 55
1 56
1 66
1 67
1 80
1 83
1 86
1 87
1 97
1 99
2 3
2 15
2 27
2 29
2 32
2 39
2 40
2 45
2 51
2 68
2 73
2 75
2 79
2 84
2 92
2 95
3 15
3 17
3 23
3 26
3 28
3 29
3 33
3 38
3 41
3 51
3 54
3 59
3 62
3 63
3 67
3 73
3 80
3 82
3 89
3 90
3 93
4 10
4 11
4 22
4 24
4 28
4 30
4 31
4 37
4 38
4 48
4 49
4 50
4 51
4 54
4 57
4 66
4 72
4 84
4 96
4 97
5 13
5 17
5 19
5 23
5 30
5 34
5 35
5 43
5 52
5 54
5 55
5 66
5 70
5 71
5 79
5 92
5 97
5 98
6 10
6 11
6 12
6 16
6 20
6 21
6 24
6 30
6 37
6 41
6 57
6 65
6 67
6 73
6 76
6 77
6 79
6 82
6 90
6 93
7 13
7 14
7 19
7 30
7 31
7 34
7 37
7 49
7 51
7 53
7 60
7 67
7 72
7 73
7 77
7 78
7 81
7 88
7 90
7 96
8 10
8 28
8 31
8 33
8 46
8 53
8 56
8 57
8 59
8 65
8 73
8 74
8 87
8 89
8 92
9 24
9 33
9 46
9 57
9 64
9 67
9 69
9 75
9 79
9 89
9 94
9 95
10 16
10 20
10 29
10 30
10 31
10 32
10 38
10 58
10 61
10 62
10 69
10 93
10 94
11 22
11 23
11 30
11 31
11 35
11 70
11 75
11 78
11 81
11 82
11 86
11 88
11 89
11 95
11 96
11 99
12 13
12 20
12 21
12 25
12 30
12 31
12 32
12 39
12 47
12 48
12 51
12 55
12 62
12 65
12 76
12 77
12 83
12 87
12 94
12 95
12 97
13 15
13 16
13 17
13 18
13 19
13 20
13 21
13 31
13 35
13 39
13 40
13 43
13 47
13 52
13 55
13 58
13 60
13 67
13 68
13 78
13 83
13 89
13 95
13 97
14 19
14 26
14 30
14 37
14 38
14 49
14 51
14 55
14 62
14 71
14 79
14 80
14 82
14 83
14 89
14 96
14 97
15 18
15 23
15 24
15 25
15 26
15 27
15 34
15 35
15 39
15 43
15 44
15 47
15 49
15 51
15 54
15 56
15 57
15 59
15 65
15 70
15 79
15 82
15 87
15 91
16 25
16 34
16 42
16 47
16 56
16 70
16 76
16 83
16 87
16 90
16 92
16 98
17 23
17 26
17 29
17 30
17 35
17 41
17 42
17 43
17 48
17 50
17 51
17 55
17 56
17 59
17 61
17 65
17 66
17 70
17 79
17 80
17 94
18 30
18 34
18 39
18 43
18 47
18 50
18 62
18 63
18 65
18 69
18 74
18 79
18 80
18 81
18 89
18 94
19 20
19 24
19 29
19 39
19 47
19 48
19 49
19 53
19 55
19 64
19 69
19 76
19 80
19 81
19 89
19 90
19 92
19 97
20 27
20 28
20 35
20 36
20 38
20 46
20 47
20 57
20 61
20 68
20 77
20 81
20 84
20 89
20 91
20 92
20 97
21 22
21 24
21 25
21 28
21 34
21 47
21 48
21 49
21 54
21 56
21 57
21 62
21 64
21 72
21 74
21 86
21 98
21 99
22 41
22 44
22 46
22 60
22 68
22 70
22 75
22 82
22 85
22 86
22 91
22 95
22 96
22 97
23 26
23 31
23 36
23 38
23 39
23 43
23 46
23 53
23 61
23 79
23 82
23 95
24 34
24 38
24 45
24 61
24 75
24 80
24 82
24 88
24 89
24 90
24 95
24 97
24 98
25 33
25 34
25 40
25 42
25 45
25 50
25 54
25 61
25 62
25 70
25 71
25 72
25 80
25 82
25 86
25 93
25 94
25 98
26 34
26 47
26 57
26 63
26 66
26 68
26 70
26 72
26 78
26 84
26 85
26 87
26 98
27 36
27 40
27 43
27 46
27 48
27 59
27 73
27 90
27 95
27 96
28 32
28 41
28 44
28 60
28 61
28 64
28 65
28 68
28 77
28 84
28 87
28 91
29 36
29 37
29 38
29 42
29 48
29 62
29 65
29 66
29 70
29 72
29 73
29 75
29 96
30 36
30 52
30 55
30 57
30 58
30 62
30 63
30 64
30 70
30 72
30 74
30 78
30 84
30 92
31 32
31 33
31 43
31 57
31 64
31 67
31 68
31 69
31 70
31 71
31 73
31 79
31 95
31 96
31 97
31 98
32 45
32 47
32 48
32 55
32 59
32 61
32 68
32 88
32 92
32 93
33 35
33 38
33 42
33 48
33 58
33 60
33 64
33 65
33 72
33 82
33 85
34 40
34 47
34 53
34 54
34 58
34 60
34 71
34 82
34 86
34 90
34 92
35 40
35 46
35 52
35 54
35 56
35 60
35 62
35 86
35 88
35 90
35 91
35 94
35 98
36 37
36 38
36 43
36 44
36 49
36 50
36 52
36 58
36 63
36 66
36 68
36 73
36 74
36 75
36 80
36 86
36 98
37 38
37 48
37 49
37 62
37 65
37 78
37 82
37 92
37 98
37 99
38 42
38 43
38 57
38 60
38 74
38 77
38 79
38 80
38 81
38 82
38 87
38 99
39 40
39 45
39 56
39 57
39 59
39 63
39 66
39 67
39 75
39 90
39 93
39 96
40 42
40 45
40 47
40 48
40 49
40 52
40 62
40 79
40 82
40 83
40 85
40 86
40 88
40 89
40 98
41 43
41 48
41 51
41 53
41 54
41 55
41 67
41 69
41 73
41 78
41 83
41 86
41 91
41 93
41 95
41 98
42 52
42 59
42 65
42 66
42 72
42 73
42 81
42 93
43 46
43 51
43 55
43 56
43 57
43 59
43 63
43 64
43 67
43 68
43 75
43 79
43 80
43 92
43 93
43 95
44 47
44 50
44 56
44 60
44 62
44 74
44 78
44 81
44 83
44 95
45 50
45 52
45 56
45 57
45 70
45 84
45 86
46 49
46 57
46 70
46 74
46 75
46 79
46 81
46 89
47 56
47 59
47 60
47 62
47 68
47 70
47 71
47 79
47 83
47 92
47 94
48 51
48 55
48 57
48 62
48 63
48 70
48 73
48 77
48 94
49 51
49 53
49 55
49 60
49 62
49 65
49 74
49 79
49 80
49 87
49 90
49 97
49 99
50 51
50 52
50 60
50 66
50 76
50 87
50 89
51 53
51 54
51 55
51 59
51 61
51 71
51 75
51 76
51 82
51 87
51 90
51 93
51 96
51 98
52 53
52 74
52 76
52 78
52 83
52 90
52 91
53 55
53 66
53 67
53 71
53 72
53 83
54 55
54 60
54 64
54 77
54 81
54 82
54 91
54 92
54 97
54 99
55 56
55 59
55 60
55 62
55 63
55 70
55 73
55 77
55 84
55 85
55 86
55 92
56 58
56 59
56 60
56 61
56 69
56 73
56 74
56 80
56 89
57 62
57 67
57 68
57 69
57 71
57 73
57 84
57 87
57 88
58 60
58 66
58 68
58 69
58 71
58 95
59 60
59 62
59 64
59 67
59 69
59 74
59 75
59 76
59 82
59 83
59 87
59 90
59 91
59 97
59 98
59 99
60 64
60 71
60 73
60 86
60 88
60 89
60 90
60 92
60 94
60 95
61 62
61 64
61 66
61 85
61 86
61 90
61 91
61 93
61 96
62 68
62 73
62 81
62 90
62 94
62 96
62 97
63 65
63 70
63 72
63 73
63 76
63 77
63 79
63 83
63 84
63 93
63 97
64 72
64 73
64 76
64 78
64 80
64 86
64 88
64 89
64 90
64 94
65 67
65 68
65 69
65 70
65 72
65 78
65 79
65 84
65 91
65 93
66 72
66 74
66 75
66 76
66 80
66 81
66 83
66 89
66 94
66 99
67 70
67 73
67 89
67 90
67 91
67 93
67 96
67 97
68 69
68 71
68 74
68 82
68 83
68 84
68 87
68 98
69 70
69 72
69 77
69 82
69 96
70 73
70 77
70 80
70 86
70 91
70 96
71 72
71 75
71 87
71 90
71 92
71 93
71 97
72 77
72 78
72 82
72 84
72 85
72 89
72 94
73 74
73 80
73 81
73 82
73 86
73 87
73 88
73 96
74 79
74 87
74 88
74 92
75 82
75 84
75 85
75 87
75 88
76 79
76 83
76 84
76 89
76 94
76 99
77 81
77 85
77 92
77 93
78 85
78 87
78 89
79 83
79 93
80 87
80 91
80 96
81 86
81 90
81 92
81 96
81 97
82 87
82 90
82 97
83 91
83 93
83 99
84 90
85 98
86 90
86 91
86 95
86 96
87 95
88 92
88 94
88 95
89 90
89 93
89 94
89 96
89 99
90 96
91 96
92 97
94 98
96 99
98 99
