0 6
0 8
0 9
0 17
0 19
0 20
0 22
0 23
0 25
0 30
0 35
0 37
0 38
0 40
0 42
0 45
0 47
0 54
0 55
0 58
0 60
0 63
0 65
0 66
0 71
0 72
0 75
0 78
0 84
0 88
0 93
0 95
0 98
1 3
1 4
1 7
1 9
1 10
1 11
1 13
1 14
1 17
1 19
1 21
1 24
1 26
1 27
1 31
1 32
1 33
1 34
1 35
1 40
1 42
1 43
1 53
1 56
1 60
1 61
1 63
1 69
1 71
1 73
1 74
1 75
1 76
1 86
1 89
1 90
1 91
1 95
1 97
1 98
2 3
2 9
2 10
2 13
2 15
2 17
2 19
2 24
2 29
2 31
2 34
2 44
2 46
2 47
2 50
2 53
2 57
2 62
2 63
2 68
2 70
2 72
2 73
2 74
2 76
2 78
2 81
2 83
2 91
2 93
2 95
3 4
3 9
3 11
3 14
3 16
3 17
3 18
3 19
3 22
3 24
3 29
3 31
3 34
3 36
3 42
3 43
3 44
3 49
3 51
3 58
3 59
3 66
3 69
3 73
3 74
3 79
3 80
3 85
3 86
3 90
3 92
3 93
4 8
4 9
4 12
4 13
4 14
4 15
4 17
4 19
4 21
4 22
4 24
4 26
4 27
4 28
4 32
4 33
4 34
4 36
4 37
4 41
4 49
4 51
4 52
4 54
4 56
4 57
4 60
4 61
4 65
4 72
4 74
4 76
4 77
4 79
4 81
4 83
4 84
4 85
4 86
4 88
4 89
4 92
4 96
4 97
5 6
5 9
5 11
5 14
5 15
5 16
5 18
5 20
5 21
5 22
5 24
5 25
5 27
5 28
5 30
5 35
5 39
5 42
5 44
5 45
5 46
5 47
5 48
5 52
5 53
5 57
5 59
5 60
5 63
5 64
5 65
5 67
5 68
5 69
5 70
5 71
5 73
5 74
5 75
5 77
5 80
5 82
5 87
5 88
5 93
5 94
5 98
6 7
6 9
6 11
6 12
6 13
6 14
6 16
6 17
6 18
6 20
6 22
6 26
6 27
6 31
6 32
6 34
6 35
6 36
6 37
6 41
6 42
6 46
6 50
6 51
6 57
6 60
6 63
6 69
6 71
6 72
6 75
6 76
6 78
6 82
6 85
6 88
6 89
6 90
6 91
6 93
6 97
7 9
7 12
7 15
7 17
7 18
7 19
7 22
7 25
7 26
7 30
7 31
7 33
7 34
7 37
7 38
7 44
7 51
7 55
7 59
7 63
7 64
7 67
7 70
7 71
7 72
7 73
7 74
7 77
7 78
7 80
7 83
7 84
7 94
8 13
8 15
8 16
8 20
8 22
8 23
8 24
8 27
8 29
8 31
8 33
8 41
8 46
8 53
8 57
8 59
8 60
8 61
8 62
8 63
8 69
8 71
8 73
8 78
8 81
8 82
8 84
8 85
8 88
8 92
8 93
8 95
8 96
8 98
8 99
9 11
9 15
9 16
9 18
9 20
9 21
9 23
9 24
9 26
9 31
9 32
9 37
9 40
9 41
9 42
9 44
9 47
9 52
9 54
9 57
9 59
9 61
9 62
9 63
9 65
9 68
9 69
9 71
9 72
9 74
9 77
9 79
9 80
9 86
9 87
9 88
9 91
9 93
9 95
9 96
10 11
10 24
10 26
10 33
10 34
10 35
10 36
10 37
10 39
10 42
10 45
10 47
10 48
10 51
10 53
10 57
10 60
10 63
10 69
10 70
10 73
10 79
10 81
10 83
10 84
10 91
10 92
10 93
10 97
10 98
11 15
11 19
11 20
11 22
11 23
11 24
11 27
11 34
11 35
11 38
11 45
11 46
11 49
11 53
11 55
11 56
11 59
11 62
11 63
11 65
11 66
11 67
11 69
11 74
11 76
11 77
11 83
11 84
11 85
11 86
11 89
11 96
11 97
11 99
12 17
12 19
12 23
12 24
12 26
12 27
12 30
12 35
12 36
12 38
12 40
12 41
12 48
12 49
12 52
12 55
12 56
12 59
12 60
12 62
12 65
12 67
12 71
12 74
12 75
12 86
12 88
12 89
12 92
12 97
12 99
13 15
13 19
13 23
13 24
13 27
13 28
13 29
13 30
13 33
13 37
13 38
13 42
13 46
13 47
13 53
13 55
13 56
13 60
13 61
13 65
13 66
13 67
13 68
13 70
13 72
13 73
13 74
13 78
13 81
13 83
13 84
13 86
13 90
13 91
13 92
13 96
13 97
13 98
13 99
14 15
14 17
14 20
14 21
14 22
14 23
14 24
14 27
14 28
14 33
14 34
14 37
14 38
14 39
14 43
14 45
14 48
14 50
14 52
14 54
14 55
14 57
14 60
14 68
14 80
14 81
14 82
14 83
14 84
14 86
14 89
14 93
14 96
14 97
15 16
15 18
15 20
15 22
15 23
15 24
15 25
15 26
15 27
15 30
15 32
15 33
15 44
15 46
15 47
15 48
15 50
15 51
15 52
15 56
15 57
15 58
15 61
15 62
15 65
15 66
15 72
15 74
15 75
15 78
15 82
15 83
15 86
15 89
15 92
15 93
15 94
15 95
15 96
16 17
16 20
16 22
16 24
16 25
16 26
16 27
16 28
16 29
16 32
16 37
16 39
16 43
16 45
16 47
16 48
16 51
16 53
16 57
16 64
16 66
16 70
16 72
16 78
16 80
16 82
16 92
16 94
16 95
16 97
17 20
17 21
17 22
17 24
17 31
17 35
17 38
17 40
17 41
17 44
17 46
17 47
17 48
17 53
17 56
17 60
17 65
17 66
17 68
17 70
17 71
17 72
17 73
17 76
17 77
17 78
17 79
17 80
17 83
17 84
17 87
17 94
17 95
17 97
17 99
18 19
18 22
18 23
18 26
18 27
18 29
18 30
18 33
18 35
18 38
18 39
18 44
18 45
18 50
18 56
18 57
18 66
18 79
18 82
18 85
18 90
18 91
18 92
18 94
18 96
19 20
19 21
19 23
19 24
19 26
19 28
19 29
19 31
19 32
19 33
19 35
19 36
19 38
19 39
19 40
19 41
19 42
19 44
19 45
19 46
19 50
19 53
19 54
19 58
19 59
19 63
19 67
19 68
19 71
19 76
19 79
19 81
19 82
19 83
19 84
19 85
19 88
19 89
19 91
19 96
19 98
20 21
20 22
20 25
20 26
20 28
20 30
20 40
20 43
20 45
20 46
20 52
20 55
20 56
20 59
20 60
20 61
20 62
20 63
20 64
20 68
20 70
20 72
20 75
20 76
20 79
20 85
20 86
20 88
20 92
20 94
20 96
20 97
21 25
21 26
21 27
21 28
21 30
21 31
21 33
21 37
21 38
21 40
21 43
21 46
21 47
21 48
21 49
21 50
21 54
21 58
21 62
21 65
21 70
21 71
21 72
21 74
21 75
21 76
21 78
21 80
21 81
21 82
21 84
21 87
21 88
21 90
21 97
21 98
22 24
22 25
22 26
22 28
22 31
22 32
22 33
22 35
22 36
22 47
22 48
22 51
22 57
22 58
22 59
22 61
22 67
22 69
22 70
22 74
22 77
22 78
22 79
22 84
22 85
22 86
22 87
22 90
22 98
23 25
23 27
23 28
23 29
23 30
23 32
23 37
23 40
23 44
23 45
23 47
23 53
23 54
23 56
23 60
23 61
23 65
23 66
23 75
23 79
23 82
23 84
23 85
23 87
23 89
23 92
23 93
23 94
23 97
24 26
24 28
24 29
24 30
24 32
24 33
24 36
24 37
24 38
24 40
24 41
24 44
24 45
24 46
24 47
24 50
24 52
24 53
24 55
24 57
24 59
24 61
24 62
24 64
24 66
24 76
24 77
24 78
24 79
24 80
24 83
24 91
24 93
24 94
24 95
24 97
24 98
24 99
25 27
25 29
25 30
25 31
25 38
25 40
25 43
25 45
25 47
25 49
25 50
25 51
25 52
25 53
25 55
25 56
25 61
25 65
25 72
25 75
25 79
25 83
25 85
25 87
25 90
25 95
26 28
26 32
26 33
26 34
26 35
26 36
26 38
26 39
26 41
26 42
26 43
26 44
26 46
26 50
26 53
26 55
26 57
26 59
26 60
26 62
26 63
26 68
26 72
26 73
26 75
26 77
26 79
26 81
26 83
26 85
26 86
26 87
26 88
26 89
26 93
26 95
26 96
27 31
27 34
27 35
27 36
27 38
27 40
27 43
27 49
27 52
27 53
27 54
27 55
27 56
27 60
27 64
27 66
27 68
27 69
27 73
27 76
27 77
27 78
27 79
27 80
27 81
27 82
27 89
27 91
27 92
27 93
27 94
27 99
28 30
28 32
28 34
28 41
28 43
28 44
28 46
28 48
28 52
28 54
28 55
28 59
28 62
28 63
28 67
28 68
28 70
28 71
28 73
28 75
28 78
28 87
28 88
28 90
28 92
28 93
28 94
28 95
28 97
29 30
29 33
29 36
29 41
29 45
29 46
29 52
29 56
29 57
29 58
29 59
29 60
29 64
29 65
29 66
29 68
29 71
29 72
29 73
29 74
29 75
29 76
29 78
29 82
29 85
29 86
29 87
29 89
29 98
29 99
30 32
30 34
30 39
30 40
30 44
30 47
30 53
30 56
30 62
30 72
30 74
30 76
30 78
30 80
30 81
30 86
30 87
30 90
30 92
30 93
30 94
30 97
31 34
31 40
31 41
31 42
31 44
31 48
31 51
31 55
31 58
31 59
31 64
31 68
31 70
31 77
31 79
31 81
31 82
31 84
31 86
31 87
31 89
31 92
31 95
31 96
31 98
32 37
32 38
32 43
32 46
32 51
32 54
32 59
32 60
32 61
32 63
32 68
32 69
32 70
32 73
32 74
32 75
32 76
32 81
32 84
32 88
32 91
32 94
32 98
33 35
33 38
33 42
33 43
33 45
33 46
33 50
33 56
33 58
33 59
33 65
33 66
33 73
33 78
33 83
33 84
33 86
33 89
33 90
33 91
33 92
33 93
33 94
33 95
33 98
33 99
34 38
34 44
34 47
34 48
34 49
34 50
34 51
34 55
34 56
34 57
34 60
34 65
34 67
34 68
34 69
34 73
34 74
34 75
34 77
34 78
34 79
34 80
34 81
34 83
34 84
34 85
34 86
34 87
34 93
34 97
34 99
35 39
35 40
35 41
35 42
35 45
35 46
35 50
35 57
35 58
35 59
35 60
35 62
35 64
35 65
35 68
35 71
35 73
35 75
35 81
35 83
35 84
35 93
35 94
35 95
36 41
36 42
36 44
36 48
36 55
36 58
36 62
36 64
36 67
36 68
36 69
36 73
36 74
36 79
36 81
36 85
36 90
36 91
36 94
36 96
36 98
37 38
37 39
37 43
37 48
37 49
37 54
37 55
37 56
37 57
37 61
37 62
37 63
37 64
37 71
37 72
37 81
37 90
37 92
37 93
37 94
38 40
38 44
38 47
38 51
38 59
38 68
38 71
38 73
38 74
38 76
38 77
38 79
38 80
38 81
38 82
38 83
38 84
38 87
38 89
38 93
38 95
38 96
38 98
39 41
39 42
39 44
39 51
39 52
39 57
39 58
39 59
39 65
39 66
39 67
39 71
39 72
39 74
39 77
39 82
39 83
39 85
39 87
39 88
39 90
39 92
39 96
39 97
39 98
39 99
40 43
40 45
40 49
40 50
40 53
40 54
40 58
40 61
40 68
40 73
40 75
40 76
40 79
40 83
40 89
40 91
40 94
40 96
40 97
40 99
41 42
41 44
41 46
41 48
41 50
41 51
41 53
41 54
41 60
41 62
41 65
41 69
41 73
41 74
41 76
41 78
41 81
41 82
41 87
41 89
41 94
41 96
41 98
41 99
42 43
42 46
42 49
42 52
42 54
42 57
42 60
42 63
42 65
42 66
42 68
42 74
42 79
42 80
42 83
42 85
42 86
42 88
42 93
42 96
42 97
42 99
43 49
43 51
43 53
43 54
43 55
43 59
43 63
43 67
43 68
43 70
43 71
43 72
43 78
43 79
43 81
43 85
43 87
43 88
43 93
43 95
43 98
44 46
44 47
44 53
44 56
44 58
44 63
44 64
44 65
44 67
44 71
44 72
44 74
44 77
44 82
44 84
44 93
44 95
44 97
44 98
44 99
45 46
45 47
45 48
45 50
45 53
45 54
45 57
45 58
45 59
45 61
45 65
45 66
45 67
45 69
45 70
45 73
45 74
45 75
45 79
45 80
45 84
45 90
45 91
45 92
45 93
45 96
46 47
46 48
46 49
46 50
46 51
46 52
46 55
46 56
46 59
46 60
46 61
46 63
46 65
46 71
46 79
46 81
46 82
46 84
46 89
46 92
46 98
47 48
47 51
47 61
47 62
47 64
47 65
47 67
47 68
47 70
47 71
47 80
47 82
47 89
47 91
47 97
47 98
48 53
48 56
48 57
48 59
48 61
48 62
48 67
48 68
48 73
48 75
48 77
48 78
48 80
48 85
48 87
48 88
48 90
48 92
48 93
48 94
48 95
48 98
48 99
49 51
49 52
49 53
49 58
49 60
49 61
49 62
49 63
49 66
49 67
49 68
49 73
49 75
49 81
49 89
49 90
49 92
49 93
49 94
50 51
50 53
50 54
50 56
50 58
50 64
50 65
50 66
50 70
50 72
50 73
50 79
50 80
50 82
50 84
50 87
50 88
50 91
50 96
50 97
51 56
51 59
51 60
51 61
51 62
51 65
51 68
51 69
51 72
51 76
51 81
51 82
51 85
51 87
51 90
51 93
51 95
51 96
51 98
52 53
52 56
52 59
52 62
52 63
52 64
52 68
52 69
52 70
52 72
52 74
52 75
52 78
52 80
52 85
52 87
52 89
52 90
52 92
52 94
52 96
52 97
53 54
53 57
53 62
53 63
53 65
53 68
53 70
53 76
53 77
53 79
53 80
53 82
53 83
53 85
53 86
53 88
53 90
53 91
53 92
53 94
54 58
54 59
54 61
54 62
54 63
54 69
54 72
54 73
54 74
54 76
54 81
54 83
54 84
54 87
54 92
54 93
54 95
55 56
55 58
55 60
55 61
55 63
55 65
55 69
55 71
55 73
55 78
55 80
55 86
55 89
55 93
55 94
55 98
56 58
56 60
56 61
56 67
56 68
56 71
56 73
56 78
56 79
56 83
56 85
56 88
56 90
56 93
56 96
56 97
56 98
56 99
57 61
57 62
57 64
57 77
57 78
57 81
57 84
57 88
57 89
57 90
57 91
57 92
57 94
57 95
57 96
57 98
58 59
58 60
58 61
58 63
58 64
58 70
58 72
58 75
58 77
58 78
58 80
58 84
58 86
58 87
58 90
58 95
59 61
59 65
59 66
59 70
59 71
59 72
59 73
59 75
59 76
59 77
59 78
59 82
59 84
59 85
59 87
59 90
59 91
59 97
60 62
60 64
60 65
60 67
60 70
60 72
60 73
60 75
60 77
60 81
60 82
60 83
60 87
60 91
60 92
60 93
60 96
60 97
61 62
61 63
61 67
61 69
61 78
61 79
61 85
61 87
61 89
61 91
61 93
61 95
61 97
61 98
61 99
62 64
62 65
62 69
62 74
62 76
62 78
62 80
62 81
62 83
62 85
62 86
62 88
62 89
62 90
62 98
63 65
63 68
63 71
63 75
63 77
63 78
63 82
63 85
63 86
63 87
63 92
63 94
63 99
64 66
64 67
64 69
64 70
64 71
64 72
64 75
64 83
64 84
64 87
64 90
64 91
65 66
65 70
65 71
65 72
65 74
65 79
65 82
65 84
65 90
65 93
65 94
65 98
66 67
66 68
66 69
66 70
66 73
66 75
66 78
66 83
66 85
66 86
66 92
66 96
66 97
66 98
67 69
67 72
67 75
67 77
67 78
67 81
67 85
67 87
67 91
67 92
67 96
67 98
68 70
68 71
68 76
68 80
68 82
68 83
68 87
68 91
68 92
68 96
69 71
69 72
69 76
69 78
69 84
69 86
69 87
69 89
69 90
69 91
69 93
69 94
69 95
69 96
69 98
69 99
70 78
70 79
70 80
70 82
70 83
70 84
70 85
70 86
70 88
70 91
70 93
70 94
70 98
71 73
71 76
71 79
71 80
71 83
71 84
71 85
71 86
71 87
71 90
71 91
71 95
71 96
71 98
72 74
72 76
72 77
72 78
72 79
72 83
72 85
72 87
72 90
72 92
72 94
73 76
73 77
73 78
73 79
73 81
73 83
73 85
73 88
73 90
73 93
73 97
73 98
74 78
74 80
74 83
74 87
74 92
74 93
75 76
75 81
75 83
75 86
75 88
75 98
76 77
76 84
76 86
76 89
76 90
76 96
76 98
76 99
77 79
77 83
77 85
77 86
77 89
77 95
77 96
77 97
78 79
78 80
78 81
78 83
78 84
78 87
78 90
78 91
78 95
79 80
79 81
79 85
79 90
79 95
79 97
80 84
80 92
80 93
80 98
81 84
81 87
81 88
81 89
81 90
81 91
81 93
81 94
81 96
81 99
82 84
82 85
82 90
82 93
82 95
82 97
82 99
83 85
83 91
83 98
84 87
84 88
84 89
84 90
84 97
85 92
85 94
86 90
86 91
86 94
86 95
86 96
86 97
87 88
87 89
87 90
87 91
87 97
88 89
88 94
89 92
89 93
89 95
89 99
90 93
90 98
91 92
91 93
91 98
91 99
92 93
93 94
94 97
96 97
96 98
97 99
