0 7
0 41
0 42
0 43
0 57
0 63
0 76
0 81
0 83
0 84
0 90
0 94
0 97
1 12
1 18
1 29
1 41
1 49
1 58
1 62
1 63
1 67
1 68
1 69
1 70
1 71
1 74
1 76
1 82
1 84
1 86
1 89
1 92
1 97
1 98
2 11
2 14
2 15
2 20
2 21
2 27
2 33
2 42
2 48
2 59
2 60
2 61
2 64
2 81
2 86
2 94
2 96
3 9
3 12
3 18
3 25
3 32
3 41
3 47
3 49
3 54
3 70
3 74
3 92
3 94
3 95
3 96
4 11
4 14
4 22
4 38
4 41
4 44
4 47
4 62
4 69
4 72
4 76
4 80
4 84
4 87
4 92
4 95
4 98
5 7
5 11
5 20
5 24
5 32
5 35
5 39
5 40
5 41
5 49
5 68
5 70
5 84
5 89
5 96
6 9
6 11
6 13
6 14
6 15
6 16
6 24
6 30
6 34
6 39
6 44
6 46
6 47
6 50
6 51
6 53
6 63
6 70
6 73
6 75
6 77
6 81
6 83
6 87
6 91
7 10
7 13
7 31
7 32
7 37
7 48
7 56
7 58
7 61
7 67
7 73
7 75
7 82
7 90
7 91
8 15
8 16
8 17
8 19
8 24
8 25
8 26
8 29
8 44
8 49
8 53
8 60
8 61
8 69
8 70
8 71
8 74
8 85
8 94
8 95
8 98
9 11
9 14
9 17
9 19
9 21
9 26
9 28
9 29
9 36
9 39
9 43
9 50
9 51
9 56
9 66
9 67
9 71
9 81
9 83
9 86
9 87
9 89
10 17
10 35
10 36
10 37
10 39
10 51
10 53
10 61
10 63
10 67
10 73
10 74
10 78
10 82
10 86
10 91
10 96
10 98
11 14
11 23
11 38
11 42
11 43
11 47
11 51
11 53
11 58
11 60
11 73
11 78
11 81
11 83
11 95
12 15
12 20
12 23
12 24
12 32
12 33
12 35
12 36
12 37
12 40
12 50
12 86
12 95
12 97
13 19
13 22
13 23
13 29
13 37
13 46
13 51
13 52
13 54
13 55
13 57
13 59
13 67
13 69
13 71
13 79
13 80
13 83
13 84
13 85
13 90
13 93
14 16
14 30
14 35
14 39
14 43
14 53
14 68
14 71
14 77
14 85
14 88
14 90
14 92
14 99
15 22
15 30
15 35
15 36
15 41
15 44
15 52
15 55
15 69
15 79
15 86
16 31
16 34
16 47
16 48
16 49
16 51
16 53
16 54
16 55
16 56
16 57
16 58
16 60
16 68
16 71
16 72
16 75
16 77
16 78
16 79
16 82
16 83
16 87
16 94
17 33
17 35
17 37
17 49
17 52
17 57
17 65
17 71
17 75
17 78
17 80
17 84
17 93
17 95
17 96
18 28
18 30
18 45
18 57
18 62
18 66
18 70
18 77
18 85
18 87
18 91
18 93
18 95
18 98
18 99
19 25
19 28
19 32
19 35
19 39
19 44
19 64
19 66
19 69
19 88
20 30
20 35
20 37
20 44
20 47
20 48
20 57
20 58
20 62
20 64
20 67
20 78
20 82
20 83
20 90
20 95
21 33
21 37
21 38
21 42
21 48
21 50
21 54
21 56
21 58
21 59
21 61
21 75
21 78
21 94
21 97
21 99
22 37
22 46
22 49
22 51
22 53
22 59
22 65
22 70
22 72
22 76
22 77
22 78
23 28
23 29
23 30
23 35
23 45
23 46
23 55
23 67
23 75
23 82
23 83
23 84
23 93
23 96
24 29
24 34
24 36
24 48
24 54
24 55
24 61
24 69
24 76
24 83
24 84
24 85
24 90
24 93
24 97
24 98
25 37
25 43
25 48
25 56
25 57
25 60
25 64
25 70
25 72
25 76
25 85
25 88
25 94
25 96
25 97
26 28
26 31
26 42
26 52
26 55
26 57
26 61
26 66
26 75
26 88
26 90
26 91
26 97
26 98
26 99
27 31
27 44
27 62
27 68
27 83
27 86
27 89
27 99
28 29
28 33
28 36
28 44
28 51
28 53
28 56
28 63
28 72
28 80
28 84
28 87
28 95
28 99
29 34
29 35
29 40
29 42
29 49
29 52
29 57
29 61
29 66
29 73
29 95
29 98
30 37
30 44
30 49
30 54
30 55
30 58
30 63
30 67
30 74
30 76
30 78
30 80
30 81
30 85
30 86
30 90
30 98
30 99
31 33
31 34
31 35
31 38
31 41
31 44
31 59
31 62
31 63
31 66
31 85
31 86
32 34
32 39
32 42
32 47
32 56
32 71
32 75
32 87
33 35
33 41
33 42
33 47
33 52
33 53
33 54
33 59
33 64
33 76
33 78
33 86
34 39
34 40
34 45
34 53
34 56
34 64
34 66
34 68
34 69
34 71
34 79
34 83
34 90
34 92
35 38
35 44
35 50
35 53
35 59
35 60
35 85
35 92
35 99
36 51
36 52
36 53
36 57
36 60
36 66
36 70
36 72
36 73
36 75
36 78
36 79
36 86
36 88
36 89
36 92
36 98
37 39
37 53
37 61
37 63
37 72
37 73
37 75
37 80
37 81
37 90
37 99
38 44
38 45
38 47
38 48
38 49
38 57
38 63
38 65
38 66
38 75
38 87
38 90
38 91
38 95
39 45
39 49
39 59
39 68
39 73
39 83
39 85
39 86
39 99
40 44
40 52
40 57
40 58
40 62
40 68
40 77
40 79
40 82
40 83
40 84
40 96
40 97
41 49
41 56
41 58
41 61
41 68
41 71
41 73
41 80
41 94
41 95
41 96
42 47
42 48
42 59
42 66
42 83
42 84
42 92
42 93
42 96
42 99
43 49
43 52
43 57
43 65
43 68
43 88
43 89
43 92
43 95
44 53
44 62
44 63
44 65
44 68
44 77
44 80
44 81
44 84
44 95
45 46
45 54
45 60
45 65
45 66
45 78
45 81
45 82
45 84
45 90
45 91
45 94
45 98
46 52
46 58
46 66
46 67
46 81
46 84
46 85
46 86
46 87
46 88
46 96
47 56
47 64
47 65
47 66
47 68
47 75
47 77
47 78
47 79
47 90
47 94
47 96
47 98
47 99
48 55
48 61
48 63
48 70
48 71
48 77
48 85
48 88
49 54
49 56
49 58
49 64
49 66
49 77
49 78
49 79
49 86
49 89
49 90
49 92
49 94
49 96
50 58
50 59
50 77
50 88
50 93
50 94
50 97
50 98
51 61
51 75
51 84
51 91
51 98
52 54
52 55
52 63
52 71
52 74
52 94
52 95
53 55
53 57
53 58
53 77
53 79
53 83
53 99
54 55
54 57
54 60
54 72
54 74
54 80
54 89
55 63
55 65
55 68
55 76
55 86
56 61
56 63
56 78
56 83
57 58
57 64
57 65
57 67
57 68
57 69
57 70
57 72
57 77
57 88
57 93
57 99
58 60
58 71
58 85
58 92
59 70
59 73
59 74
59 87
59 94
59 98
60 61
60 62
60 71
60 81
60 87
60 90
60 99
61 64
61 65
61 68
61 69
61 88
61 94
61 97
62 70
62 73
62 74
62 76
62 78
62 79
62 80
62 82
62 83
62 90
62 91
62 93
63 66
63 78
63 79
63 93
63 95
64 66
64 80
64 81
64 83
64 84
64 93
64 96
65 75
65 77
65 82
65 95
65 97
66 92
66 93
67 73
67 74
67 77
67 78
67 80
67 84
67 87
67 97
67 99
68 71
68 74
68 80
68 85
68 87
68 88
68 94
68 96
69 80
69 96
69 97
70 86
70 94
70 98
71 72
72 73
72 80
72 83
72 84
72 95
72 99
73 75
73 77
73 83
73 87
73 91
74 75
74 78
74 81
74 85
74 91
75 82
75 84
75 87
75 88
75 92
75 95
75 97
76 79
76 81
76 91
76 95
76 98
77 80
77 84
77 87
77 89
77 96
78 80
78 83
78 89
78 92
79 80
79 95
79 98
80 84
80 87
80 98
81 98
82 88
82 92
82 93
82 95
82 97
82 99
83 85
83 92
83 96
83 97
83 98
84 89
84 96
84 98
85 86
85 89
85 94
86 88
86 95
86 98
89 92
89 96
90 92
90 99
91 92
92 94
93 97
96 97
