0 1
0 2
0 3
0 7
0 10
0 12
0 14
0 17
0 18
0 24
0 28
0 30
0 34
0 35
0 36
0 37
0 41
0 43
0 51
0 54
0 55
0 56
0 57
0 60
0 61
0 62
0 63
0 64
0 65
0 69
0 70
0 73
0 74
0 79
0 80
0 81
0 82
0 83
0 85
0 86
0 88
0 93
0 95
0 97
0 99
1 4
1 6
1 13
1 17
1 19
1 22
1 23
1 25
1 26
1 28
1 29
1 39
1 43
1 44
1 46
1 47
1 49
1 52
1 53
1 58
1 60
1 62
1 63
1 69
1 71
1 72
1 77
1 78
1 81
1 83
1 84
1 88
1 90
1 91
1 93
1 96
1 98
2 3
2 5
2 7
2 10
2 11
2 14
2 15
2 17
2 18
2 19
2 23
2 26
2 27
2 28
2 30
2 32
2 33
2 34
2 37
2 38
2 40
2 42
2 43
2 44
2 46
2 47
2 51
2 52
2 53
2 54
2 55
2 56
2 58
2 62
2 63
2 64
2 72
2 75
2 76
2 79
2 80
2 81
2 83
2 86
2 87
2 88
2 91
2 97
2 98
3 4
3 6
3 7
3 11
3 12
3 13
3 14
3 15
3 18
3 19
3 20
3 28
3 32
3 33
3 40
3 41
3 46
3 47
3 50
3 51
3 57
3 59
3 60
3 61
3 63
3 65
3 68
3 70
3 71
3 74
3 76
3 77
3 80
3 83
3 84
3 85
3 86
3 87
3 88
3 90
3 96
3 97
3 98
4 7
4 8
4 9
4 10
4 12
4 14
4 16
4 17
4 21
4 22
4 24
4 26
4 27
4 28
4 29
4 30
4 32
4 34
4 35
4 37
4 39
4 44
4 47
4 50
4 51
4 52
4 53
4 54
4 55
4 56
4 59
4 60
4 61
4 62
4 63
4 70
4 73
4 75
4 82
4 90
4 92
4 94
5 7
5 10
5 12
5 13
5 15
5 17
5 18
5 19
5 23
5 24
5 26
5 28
5 30
5 31
5 32
5 33
5 34
5 36
5 40
5 41
5 42
5 45
5 47
5 59
5 60
5 62
5 63
5 65
5 67
5 74
5 76
5 85
5 86
5 89
5 91
5 92
5 93
5 94
5 95
5 96
5 97
6 9
6 11
6 17
6 18
6 19
6 21
6 25
6 28
6 30
6 31
6 34
6 37
6 39
6 41
6 45
6 48
6 50
6 51
6 52
6 58
6 59
6 60
6 61
6 62
6 66
6 68
6 71
6 73
6 80
6 82
6 85
6 86
6 89
6 91
6 93
6 99
7 10
7 11
7 13
7 18
7 19
7 21
7 24
7 25
7 26
7 28
7 31
7 32
7 35
7 39
7 41
7 42
7 45
7 46
7 47
7 49
7 58
7 62
7 63
7 66
7 67
7 69
7 73
7 74
7 81
7 83
7 84
7 89
7 90
7 93
7 95
7 96
8 9
8 10
8 12
8 17
8 22
8 26
8 28
8 29
8 30
8 31
8 32
8 33
8 38
8 41
8 42
8 44
8 45
8 46
8 47
8 51
8 53
8 54
8 57
8 60
8 63
8 68
8 69
8 70
8 71
8 77
8 78
8 79
8 81
8 86
8 91
8 92
8 97
8 99
9 10
9 13
9 14
9 15
9 16
9 18
9 21
9 22
9 24
9 25
9 28
9 31
9 34
9 35
9 37
9 42
9 44
9 46
9 47
9 48
9 50
9 52
9 55
9 61
9 63
9 65
9 67
9 71
9 72
9 73
9 75
9 78
9 79
9 81
9 83
9 84
9 93
9 94
10 11
10 14
10 16
10 17
10 19
10 20
10 21
10 23
10 29
10 31
10 32
10 34
10 36
10 38
10 39
10 40
10 42
10 43
10 47
10 48
10 50
10 55
10 58
10 59
10 60
10 62
10 64
10 67
10 70
10 72
10 74
10 75
10 77
10 78
10 80
10 83
10 86
10 90
10 91
10 95
10 96
10 97
10 98
11 14
11 17
11 19
11 20
11 23
11 24
11 31
11 32
11 34
11 39
11 44
11 46
11 47
11 51
11 52
11 53
11 55
11 56
11 59
11 60
11 62
11 65
11 68
11 74
11 78
11 80
11 81
11 85
11 89
11 90
11 92
11 93
11 94
11 96
11 98
11 99
12 14
12 19
12 22
12 23
12 27
12 35
12 39
12 40
12 42
12 44
12 51
12 54
12 59
12 60
12 62
12 65
12 68
12 71
12 72
12 78
12 82
12 83
12 85
12 90
12 92
12 96
12 97
12 99
13 14
13 15
13 19
13 22
13 23
13 28
13 29
13 36
13 37
13 41
13 53
13 57
13 58
13 59
13 64
13 66
13 67
13 73
13 74
13 75
13 77
13 81
13 85
13 87
13 88
13 89
13 91
13 96
13 98
14 15
14 16
14 17
14 23
14 24
14 25
14 26
14 27
14 28
14 30
14 31
14 32
14 33
14 34
14 39
14 41
14 44
14 46
14 49
14 50
14 52
14 53
14 55
14 56
14 57
14 60
14 62
14 64
14 65
14 67
14 69
14 74
14 78
14 79
14 82
14 83
14 84
14 86
14 87
14 89
14 90
14 93
14 94
14 95
14 98
15 21
15 22
15 23
15 26
15 32
15 33
15 36
15 37
15 41
15 42
15 47
15 49
15 50
15 53
15 54
15 57
15 58
15 64
15 66
15 67
15 72
15 75
15 76
15 77
15 78
15 80
15 81
15 82
15 83
15 85
15 87
15 88
15 91
15 93
15 96
15 99
16 18
16 20
16 22
16 26
16 31
16 32
16 36
16 38
16 40
16 41
16 42
16 50
16 52
16 53
16 54
16 58
16 64
16 65
16 68
16 75
16 76
16 77
16 80
16 82
16 84
16 85
16 88
16 91
16 93
16 99
17 20
17 23
17 24
17 25
17 27
17 30
17 31
17 33
17 34
17 39
17 40
17 43
17 52
17 56
17 57
17 58
17 59
17 62
17 65
17 67
17 71
17 76
17 80
17 81
17 83
17 85
17 90
17 92
17 96
17 97
18 20
18 29
18 30
18 31
18 32
18 35
18 38
18 43
18 44
18 45
18 47
18 48
18 50
18 54
18 56
18 57
18 58
18 59
18 60
18 61
18 62
18 66
18 68
18 71
18 73
18 75
18 78
18 80
18 81
18 82
18 84
18 92
19 21
19 24
19 27
19 28
19 29
19 31
19 33
19 34
19 36
19 38
19 41
19 42
19 46
19 49
19 50
19 51
19 52
19 54
19 58
19 61
19 69
19 71
19 80
19 84
19 89
19 90
19 93
19 98
20 23
20 27
20 30
20 32
20 33
20 40
20 43
20 45
20 46
20 47
20 48
20 50
20 54
20 55
20 56
20 57
20 62
20 65
20 69
20 71
20 81
20 83
20 85
20 86
20 87
20 88
20 91
20 95
20 96
20 97
20 99
21 22
21 27
21 30
21 35
21 37
21 38
21 39
21 41
21 44
21 45
21 46
21 47
21 50
21 54
21 60
21 67
21 69
21 70
21 71
21 74
21 75
21 77
21 79
21 91
21 93
21 95
21 96
21 98
21 99
22 23
22 25
22 26
22 27
22 29
22 30
22 31
22 34
22 36
22 38
22 39
22 42
22 47
22 51
22 53
22 54
22 58
22 59
22 63
22 68
22 69
22 70
22 73
22 75
22 78
22 80
22 83
22 84
22 85
22 86
22 87
22 88
22 90
22 93
22 97
22 98
23 24
23 25
23 26
23 34
23 35
23 36
23 39
23 41
23 45
23 46
23 50
23 51
23 54
23 56
23 64
23 71
23 72
23 76
23 80
23 82
23 83
23 85
23 88
23 90
23 94
23 95
23 97
24 25
24 29
24 32
24 34
24 35
24 37
24 38
24 40
24 42
24 44
24 46
24 47
24 49
24 50
24 53
24 55
24 58
24 60
24 62
24 63
24 64
24 70
24 71
24 80
24 83
24 85
24 86
24 88
24 89
24 91
24 92
24 93
24 94
24 95
24 97
25 29
25 30
25 31
25 34
25 37
25 38
25 42
25 43
25 48
25 49
25 55
25 56
25 57
25 60
25 62
25 66
25 67
25 69
25 70
25 71
25 72
25 73
25 75
25 76
25 78
25 79
25 80
25 82
25 83
25 85
25 88
25 89
25 90
25 92
25 93
25 94
26 27
26 28
26 30
26 31
26 35
26 41
26 49
26 50
26 52
26 55
26 57
26 64
26 66
26 67
26 72
26 74
26 77
26 78
26 79
26 80
26 83
26 86
26 88
26 91
26 92
26 93
26 98
27 28
27 31
27 32
27 34
27 37
27 38
27 40
27 43
27 46
27 47
27 49
27 51
27 53
27 54
27 56
27 57
27 58
27 59
27 60
27 63
27 64
27 66
27 68
27 71
27 75
27 76
27 77
27 78
27 80
27 81
27 87
27 88
27 90
27 91
27 93
27 94
27 97
27 99
28 33
28 34
28 38
28 39
28 40
28 43
28 50
28 51
28 53
28 54
28 55
28 60
28 61
28 63
28 66
28 68
28 70
28 72
28 79
28 81
28 85
28 89
28 91
28 95
28 96
28 97
28 98
29 31
29 32
29 34
29 35
29 37
29 38
29 39
29 41
29 45
29 46
29 53
29 54
29 56
29 58
29 59
29 60
29 64
29 67
29 69
29 74
29 75
29 76
29 79
29 80
29 84
29 85
29 87
29 91
29 94
29 96
29 97
29 99
30 32
30 33
30 37
30 38
30 39
30 40
30 41
30 52
30 54
30 56
30 58
30 59
30 60
30 61
30 63
30 69
30 73
30 74
30 76
30 81
30 82
30 83
30 84
30 86
30 91
30 92
30 93
30 97
30 98
31 34
31 36
31 41
31 44
31 45
31 49
31 50
31 52
31 54
31 57
31 59
31 60
31 61
31 62
31 63
31 64
31 65
31 66
31 69
31 73
31 75
31 76
31 78
31 80
31 81
31 88
31 92
32 33
32 35
32 37
32 41
32 42
32 44
32 46
32 48
32 50
32 52
32 55
32 56
32 57
32 60
32 61
32 75
32 80
32 81
32 83
32 85
32 87
32 91
32 95
33 38
33 40
33 42
33 44
33 48
33 49
33 50
33 52
33 55
33 57
33 59
33 60
33 61
33 63
33 66
33 67
33 69
33 70
33 73
33 74
33 75
33 81
33 83
33 85
33 86
33 88
33 90
33 94
33 95
33 96
33 97
34 37
34 38
34 40
34 45
34 51
34 52
34 53
34 55
34 56
34 60
34 62
34 63
34 65
34 66
34 68
34 73
34 75
34 78
34 82
34 83
34 84
34 87
34 88
34 90
34 94
34 95
34 96
34 98
35 37
35 40
35 42
35 43
35 46
35 55
35 58
35 61
35 63
35 65
35 66
35 69
35 74
35 75
35 76
35 77
35 78
35 80
35 86
35 89
35 90
35 91
35 97
35 98
36 37
36 39
36 49
36 51
36 54
36 55
36 56
36 57
36 58
36 68
36 70
36 72
36 74
36 75
36 77
36 84
36 85
36 87
36 88
36 91
36 92
36 93
36 94
36 95
36 96
36 97
37 39
37 40
37 42
37 46
37 48
37 49
37 50
37 51
37 52
37 53
37 56
37 58
37 61
37 62
37 66
37 68
37 71
37 72
37 79
37 82
37 84
37 90
37 92
37 93
37 96
38 39
38 43
38 46
38 47
38 48
38 49
38 51
38 57
38 61
38 66
38 67
38 74
38 77
38 78
38 79
38 80
38 81
38 83
38 88
38 89
38 91
38 93
38 97
39 41
39 42
39 44
39 47
39 49
39 52
39 53
39 55
39 58
39 60
39 62
39 64
39 67
39 68
39 69
39 70
39 71
39 73
39 74
39 75
39 77
39 81
39 83
39 85
39 87
39 88
39 89
39 90
39 92
39 96
40 47
40 49
40 54
40 55
40 58
40 60
40 61
40 63
40 72
40 95
40 96
41 44
41 45
41 47
41 48
41 50
41 53
41 57
41 59
41 60
41 62
41 63
41 68
41 69
41 72
41 73
41 74
41 77
41 83
41 84
41 85
41 87
41 97
41 98
42 46
42 47
42 48
42 51
42 64
42 66
42 72
42 75
42 77
42 78
42 85
42 86
42 93
42 95
42 96
42 97
43 45
43 46
43 47
43 48
43 50
43 52
43 55
43 56
43 65
43 68
43 71
43 74
43 76
43 77
43 80
43 81
43 85
43 89
43 90
43 93
43 97
44 45
44 47
44 50
44 51
44 52
44 53
44 54
44 59
44 61
44 70
44 71
44 77
44 84
44 87
44 89
44 91
44 93
44 95
44 96
45 46
45 47
45 50
45 52
45 54
45 56
45 58
45 59
45 63
45 64
45 67
45 70
45 73
45 76
45 78
45 83
45 85
45 87
45 88
45 95
45 96
45 99
46 47
46 49
46 50
46 55
46 58
46 59
46 63
46 65
46 66
46 72
46 74
46 75
46 77
46 78
46 81
46 82
46 86
46 90
46 96
46 98
46 99
47 48
47 49
47 50
47 54
47 55
47 57
47 59
47 60
47 66
47 71
47 72
47 78
47 81
47 82
47 83
47 85
47 88
47 89
47 91
47 94
47 95
48 50
48 51
48 52
48 53
48 60
48 63
48 65
48 67
48 68
48 69
48 74
48 75
48 76
48 81
48 87
48 96
48 97
49 50
49 52
49 53
49 54
49 57
49 63
49 64
49 67
49 68
49 71
49 73
49 74
49 76
49 79
49 80
49 81
49 84
49 87
49 88
49 91
49 94
49 95
49 96
49 97
49 99
50 51
50 52
50 56
50 57
50 59
50 63
50 64
50 68
50 70
50 71
50 72
50 73
50 74
50 75
50 76
50 77
50 84
50 85
50 89
50 91
50 93
50 96
50 97
51 53
51 54
51 56
51 58
51 63
51 64
51 65
51 66
51 67
51 69
51 71
51 72
51 74
51 76
51 77
51 78
51 79
51 80
51 86
51 88
51 90
51 92
51 94
51 96
51 99
52 55
52 62
52 63
52 64
52 67
52 70
52 72
52 76
52 77
52 78
52 79
52 80
52 85
52 86
52 87
52 88
52 91
52 93
52 99
53 54
53 55
53 57
53 59
53 61
53 68
53 70
53 71
53 73
53 82
53 83
53 87
53 88
53 93
53 97
53 98
54 60
54 61
54 63
54 68
54 72
54 73
54 74
54 75
54 80
54 84
54 87
54 88
54 93
54 95
54 96
54 99
55 56
55 57
55 59
55 64
55 65
55 66
55 67
55 71
55 73
55 75
55 76
55 77
55 81
55 82
55 83
55 86
55 88
55 90
55 91
55 95
55 96
55 97
55 98
56 57
56 59
56 60
56 64
56 67
56 68
56 70
56 82
56 83
56 84
56 87
56 91
56 95
56 96
56 97
56 98
56 99
57 58
57 64
57 66
57 67
57 69
57 74
57 76
57 79
57 82
57 90
57 91
57 92
57 93
57 94
57 95
57 96
57 97
57 99
58 59
58 60
58 61
58 63
58 64
58 68
58 72
58 73
58 75
58 79
58 80
58 81
58 83
58 84
58 85
58 87
58 88
58 89
58 91
58 92
58 93
58 96
59 64
59 67
59 69
59 71
59 73
59 77
59 78
59 79
59 80
59 84
59 85
59 86
59 87
59 88
59 89
59 96
59 98
60 63
60 67
60 68
60 71
60 77
60 79
60 82
60 83
60 84
60 88
60 93
60 94
60 95
60 99
61 64
61 67
61 68
61 70
61 71
61 73
61 79
61 81
61 83
61 84
61 85
61 87
61 89
61 95
61 96
61 97
61 98
62 66
62 68
62 69
62 79
62 81
62 82
62 86
62 91
62 92
62 96
62 98
63 65
63 68
63 70
63 71
63 75
63 76
63 78
63 81
63 82
63 83
63 86
63 87
63 89
63 90
63 92
63 94
64 65
64 68
64 69
64 71
64 72
64 77
64 79
64 81
64 82
64 83
64 85
64 86
64 88
64 91
64 99
65 66
65 68
65 70
65 71
65 72
65 73
65 75
65 83
65 86
65 88
65 95
65 98
65 99
66 72
66 73
66 76
66 77
66 79
66 85
66 88
66 89
66 90
66 91
66 93
66 94
66 95
66 96
66 97
66 98
67 69
67 70
67 71
67 73
67 74
67 76
67 79
67 80
67 81
67 82
67 84
67 86
67 87
67 89
67 90
67 92
67 93
67 95
67 98
67 99
68 76
68 79
68 82
68 83
68 91
68 93
68 96
69 70
69 71
69 72
69 74
69 78
69 81
69 84
69 87
69 88
69 91
69 93
69 96
70 71
70 72
70 77
70 79
70 80
70 82
70 84
70 87
70 91
70 93
70 95
70 97
71 72
71 73
71 74
71 75
71 79
71 80
71 81
71 83
71 85
71 86
71 94
71 98
72 75
72 78
72 81
72 82
72 86
72 87
72 89
72 90
72 94
72 95
72 96
72 99
73 75
73 77
73 79
73 81
73 82
73 84
73 87
73 88
73 92
73 93
73 97
73 98
73 99
74 79
74 83
74 86
74 88
74 90
74 91
74 97
75 76
75 77
75 80
75 81
75 87
75 90
75 93
75 97
75 99
76 79
76 81
76 83
76 86
76 87
76 92
76 93
76 96
76 97
76 98
77 81
77 82
77 87
77 91
77 93
77 99
78 79
78 80
78 84
78 86
78 87
78 92
78 93
78 95
78 98
78 99
79 80
79 82
79 85
79 89
79 92
79 93
79 95
79 97
79 99
80 81
80 83
80 85
80 86
80 88
80 89
80 90
80 92
80 97
80 98
80 99
81 82
81 87
81 89
81 91
81 92
81 94
81 96
81 98
81 99
82 84
82 90
82 95
82 97
83 87
83 90
83 91
83 94
83 98
84 85
84 86
84 90
84 91
84 96
84 98
85 91
85 92
85 94
85 96
85 99
86 87
86 95
86 96
87 91
87 92
87 93
87 94
87 96
87 98
87 99
88 92
88 93
88 94
88 95
89 90
89 92
90 91
90 94
90 96
91 92
91 93
91 94
91 98
92 94
92 95
92 96
92 97
93 94
93 97
93 99
94 95
94 97
94 98
95 98
95 99
96 97
96 98
97 98
