0 2
0 4
0 13
0 18
0 20
0 28
0 30
0 33
0 35
0 36
0 39
0 43
0 44
0 45
0 47
0 51
0 52
0 53
0 73
0 75
0 76
0 79
0 85
0 88
0 91
0 92
0 99
1 19
1 23
1 30
1 36
1 39
1 47
1 52
1 53
1 55
1 59
1 60
1 61
1 62
1 70
1 74
1 76
1 78
1 79
1 80
1 82
1 83
1 86
1 88
1 89
1 92
1 95
1 97
1 99
2 7
2 12
2 13
2 14
2 17
2 27
2 30
2 31
2 33
2 35
2 38
2 40
2 42
2 48
2 49
2 50
2 51
2 54
2 56
2 61
2 63
2 65
2 69
2 72
2 75
2 78
2 82
2 85
2 86
2 88
2 90
2 91
2 93
2 98
3 8
3 15
3 16
3 18
3 19
3 22
3 29
3 31
3 32
3 33
3 34
3 39
3 42
3 43
3 47
3 48
3 49
3 51
3 52
3 53
3 54
3 55
3 57
3 61
3 65
3 70
3 75
3 78
3 84
3 89
3 92
3 95
3 97
3 99
4 5
4 6
4 15
4 20
4 25
4 27
4 33
4 35
4 36
4 38
4 39
4 52
4 53
4 57
4 58
4 64
4 65
4 67
4 70
4 74
4 79
4 80
4 82
4 83
4 91
5 6
5 7
5 9
5 13
5 22
5 24
5 29
5 31
5 32
5 35
5 37
5 39
5 44
5 47
5 50
5 51
5 54
5 55
5 60
5 61
5 62
5 64
5 69
5 71
5 77
5 78
5 79
5 85
5 87
5 90
5 96
5 97
6 8
6 11
6 12
6 13
6 14
6 16
6 18
6 22
6 25
6 26
6 27
6 29
6 31
6 35
6 36
6 38
6 41
6 51
6 52
6 53
6 56
6 60
6 66
6 67
6 69
6 74
6 77
6 78
6 79
6 82
6 83
6 84
6 87
6 88
7 8
7 20
7 24
7 28
7 31
7 37
7 42
7 45
7 46
7 47
7 64
7 66
7 73
7 80
7 84
7 88
7 89
7 91
7 92
7 95
8 10
8 11
8 16
8 21
8 24
8 25
8 26
8 27
8 28
8 30
8 35
8 38
8 43
8 48
8 52
8 58
8 60
8 61
8 62
8 65
8 69
8 71
8 79
8 85
8 89
8 99
9 11
9 15
9 21
9 22
9 24
9 32
9 33
9 37
9 39
9 51
9 53
9 59
9 60
9 62
9 63
9 65
9 67
9 73
9 77
9 87
9 94
9 98
10 11
10 12
10 13
10 14
10 15
10 17
10 19
10 23
10 27
10 30
10 31
10 38
10 40
10 46
10 48
10 49
10 53
10 54
10 65
10 66
10 68
10 70
10 79
10 82
10 86
10 88
10 90
10 93
10 94
10 96
11 19
11 25
11 28
11 30
11 31
11 33
11 35
11 39
11 43
11 54
11 63
11 68
11 70
11 73
11 74
11 80
11 86
11 87
11 95
11 97
12 14
12 15
12 16
12 19
12 21
12 24
12 27
12 28
12 31
12 35
12 38
12 46
12 48
12 51
12 52
12 56
12 71
12 73
12 75
12 78
12 86
12 93
12 99
13 15
13 26
13 31
13 37
13 38
13 41
13 50
13 52
13 53
13 56
13 57
13 58
13 62
13 65
13 67
13 76
13 78
13 79
13 85
13 92
13 93
13 94
13 95
14 17
14 19
14 26
14 27
14 28
14 29
14 31
14 33
14 34
14 36
14 37
14 45
14 48
14 55
14 64
14 70
14 72
14 79
14 89
14 93
14 97
14 98
15 17
15 19
15 22
15 26
15 27
15 30
15 31
15 32
15 35
15 36
15 37
15 38
15 41
15 45
15 49
15 50
15 63
15 64
15 65
15 66
15 67
15 73
15 81
15 86
15 92
15 93
16 18
16 23
16 24
16 25
16 26
16 32
16 34
16 35
16 38
16 42
16 45
16 51
16 57
16 61
16 62
16 67
16 69
16 80
16 82
16 88
16 89
16 95
17 22
17 23
17 26
17 28
17 34
17 35
17 40
17 41
17 42
17 43
17 45
17 47
17 49
17 62
17 65
17 66
17 68
17 70
17 78
17 84
17 85
17 86
17 87
17 90
17 97
18 19
18 27
18 28
18 38
18 39
18 41
18 46
18 51
18 55
18 57
18 58
18 62
18 64
18 65
18 66
18 71
18 79
18 80
18 81
18 83
18 88
18 92
19 27
19 34
19 43
19 45
19 47
19 50
19 63
19 67
19 69
19 70
19 72
19 78
19 88
19 92
20 23
20 25
20 26
20 29
20 30
20 33
20 35
20 39
20 40
20 43
20 44
20 45
20 49
20 52
20 53
20 56
20 60
20 62
20 63
20 66
20 71
20 76
20 84
20 89
20 93
20 99
21 25
21 26
21 27
21 28
21 33
21 37
21 39
21 42
21 44
21 58
21 59
21 61
21 62
21 65
21 66
21 68
21 69
21 70
21 72
21 73
21 75
21 77
21 78
21 79
21 84
21 88
21 89
21 91
21 94
21 96
22 30
22 32
22 33
22 35
22 44
22 51
22 54
22 57
22 58
22 62
22 70
22 75
22 77
22 83
22 85
22 91
22 96
22 97
23 25
23 30
23 35
23 38
23 39
23 42
23 43
23 47
23 48
23 49
23 50
23 51
23 52
23 56
23 61
23 63
23 73
23 74
23 77
23 79
23 80
23 84
23 89
23 90
23 91
23 93
23 95
24 25
24 26
24 27
24 28
24 34
24 38
24 39
24 40
24 42
24 43
24 44
24 50
24 55
24 57
24 60
24 62
24 63
24 69
24 73
24 75
24 82
24 90
24 91
24 96
24 97
24 99
25 26
25 29
25 32
25 37
25 38
25 45
25 48
25 58
25 70
25 72
25 78
25 79
25 86
25 88
25 89
25 91
25 95
26 29
26 30
26 36
26 40
26 42
26 46
26 47
26 49
26 51
26 53
26 58
26 60
26 64
26 66
26 68
26 75
26 76
26 79
26 80
26 85
26 91
27 28
27 31
27 32
27 33
27 35
27 36
27 37
27 38
27 45
27 46
27 47
27 54
27 57
27 58
27 65
27 68
27 69
27 71
27 82
27 87
27 88
27 91
27 92
27 94
27 95
27 96
28 29
28 31
28 32
28 35
28 40
28 41
28 45
28 46
28 47
28 52
28 54
28 56
28 59
28 64
28 68
28 71
28 72
28 75
28 84
28 91
28 92
28 93
28 94
29 32
29 35
29 37
29 47
29 52
29 56
29 57
29 64
29 69
29 73
29 75
29 76
29 82
29 84
29 93
29 94
29 95
29 96
29 99
30 36
30 37
30 47
30 50
30 53
30 60
30 61
30 68
30 77
30 79
30 91
31 32
31 33
31 34
31 35
31 37
31 39
31 41
31 42
31 43
31 44
31 45
31 48
31 63
31 65
31 67
31 69
31 74
31 75
31 76
31 80
31 81
31 83
31 84
31 88
31 95
31 97
32 34
32 36
32 37
32 38
32 39
32 40
32 46
32 48
32 52
32 55
32 58
32 60
32 64
32 65
32 70
32 73
32 74
32 77
32 78
32 80
32 82
32 86
32 96
33 35
33 37
33 39
33 44
33 45
33 46
33 48
33 52
33 55
33 56
33 57
33 62
33 65
33 69
33 76
33 78
33 88
33 91
33 92
33 93
33 95
34 35
34 40
34 41
34 42
34 44
34 49
34 53
34 60
34 64
34 67
34 70
34 71
34 75
34 76
34 78
34 79
34 82
34 84
34 94
34 99
35 39
35 42
35 48
35 56
35 57
35 60
35 61
35 63
35 64
35 65
35 67
35 69
35 75
35 85
35 86
35 88
35 89
35 90
35 99
36 37
36 39
36 46
36 47
36 59
36 60
36 62
36 66
36 71
36 75
36 83
36 87
36 91
36 97
37 40
37 41
37 42
37 45
37 51
37 57
37 60
37 61
37 66
37 73
37 74
37 76
37 79
37 81
37 85
37 88
37 89
37 91
37 92
37 95
37 97
37 98
38 43
38 44
38 49
38 51
38 52
38 57
38 58
38 64
38 67
38 68
38 69
38 70
38 71
38 74
38 77
38 79
38 80
38 83
38 87
38 96
38 98
39 41
39 42
39 44
39 47
39 49
39 57
39 59
39 60
39 61
39 67
39 72
39 79
39 83
39 86
39 88
39 90
39 96
40 50
40 51
40 52
40 53
40 54
40 62
40 64
40 68
40 69
40 70
40 71
40 78
40 81
40 83
40 85
40 87
40 91
40 95
40 98
41 44
41 46
41 47
41 56
41 65
41 68
41 71
41 76
41 78
41 80
41 87
41 88
41 90
41 94
41 96
41 99
42 45
42 47
42 50
42 54
42 60
42 64
42 67
42 73
42 81
42 87
42 90
42 91
42 95
42 97
42 99
43 52
43 54
43 68
43 70
43 72
43 76
43 77
43 78
43 83
43 86
43 90
43 94
43 97
43 98
44 46
44 51
44 53
44 57
44 63
44 67
44 68
44 73
44 75
44 79
44 80
44 81
44 82
44 83
44 89
44 91
44 96
45 46
45 49
45 52
45 59
45 62
45 64
45 66
45 68
45 73
45 81
45 82
45 84
45 87
45 95
46 48
46 49
46 53
46 58
46 64
46 67
46 71
46 74
46 75
46 77
46 78
46 80
46 89
46 90
46 92
46 95
46 98
47 48
47 53
47 58
47 59
47 64
47 65
47 66
47 86
47 96
47 98
48 49
48 51
48 52
48 57
48 58
48 60
48 63
48 67
48 69
48 71
48 74
48 75
48 80
48 83
48 85
48 87
48 89
48 92
48 96
49 52
49 53
49 57
49 61
49 65
49 69
49 71
49 76
49 82
49 91
49 94
49 96
50 52
50 53
50 54
50 59
50 61
50 62
50 63
50 64
50 66
50 68
50 69
50 70
50 71
50 74
50 77
50 85
50 87
50 88
50 90
50 95
51 52
51 54
51 55
51 58
51 62
51 64
51 65
51 67
51 68
51 70
51 71
51 76
51 77
51 79
51 83
51 84
51 89
51 91
51 92
51 94
51 95
51 96
52 53
52 54
52 73
52 78
52 89
52 90
52 91
52 97
53 60
53 63
53 69
53 70
53 84
53 87
53 89
53 99
54 59
54 60
54 62
54 65
54 67
54 68
54 70
54 71
54 81
54 83
54 86
54 89
54 96
55 56
55 58
55 59
55 60
55 64
55 65
55 69
55 73
55 74
55 75
55 76
55 86
55 87
55 88
55 94
56 59
56 70
56 72
56 74
56 78
56 84
56 86
56 87
56 91
56 93
56 95
56 98
57 62
57 65
57 70
57 71
57 73
57 74
57 75
57 76
57 77
57 81
57 85
57 87
57 89
57 90
57 91
57 94
58 60
58 70
58 77
58 79
58 82
58 83
58 85
58 87
58 89
58 90
58 95
58 99
59 63
59 68
59 69
59 72
59 73
59 75
59 78
59 82
59 84
59 91
59 92
59 93
59 97
60 61
60 64
60 67
60 69
60 70
60 71
60 75
60 84
60 87
60 88
60 90
60 95
61 64
61 78
61 81
61 83
61 84
61 86
61 87
61 90
61 93
61 96
61 99
62 66
62 67
62 69
62 70
62 80
62 84
62 85
62 88
62 93
63 66
63 67
63 68
63 70
63 75
63 76
63 77
63 78
63 83
63 93
63 95
63 96
63 97
63 98
64 65
64 66
64 67
64 72
64 73
64 75
64 76
64 82
64 83
64 84
64 89
64 91
64 92
64 93
64 94
64 97
64 98
65 66
65 70
65 71
65 88
65 92
65 98
65 99
66 72
66 73
66 77
66 80
66 85
66 86
66 87
66 93
66 95
67 71
67 73
67 75
67 76
67 77
67 88
67 89
67 90
67 92
68 69
68 70
68 74
68 75
68 81
68 83
68 85
68 88
68 90
68 93
68 96
68 97
68 99
69 74
69 82
69 85
69 86
69 89
69 94
69 95
69 98
70 72
70 73
70 80
70 86
70 88
70 90
70 94
71 72
71 75
71 76
71 77
71 79
71 83
71 87
71 91
71 93
71 98
72 73
72 75
72 79
72 83
72 84
72 86
72 92
72 98
73 83
73 88
73 92
73 97
73 98
73 99
74 76
74 84
74 86
74 93
74 94
74 97
75 81
75 85
75 88
75 91
75 92
75 94
76 80
76 81
76 83
76 84
76 85
76 92
76 96
76 99
77 81
77 97
77 99
78 79
78 81
78 92
78 98
78 99
79 80
79 84
79 87
79 91
79 94
79 96
80 86
80 90
80 93
81 83
81 87
81 98
82 90
82 94
82 97
82 98
83 85
83 88
83 96
83 98
84 86
84 88
84 89
85 86
85 87
85 88
85 90
85 91
85 93
86 91
86 93
86 95
86 97
86 99
87 90
87 91
87 95
87 96
87 98
87 99
88 91
88 97
88 98
89 90
89 94
89 95
89 96
89 97
89 98
90 95
90 98
91 95
91 96
92 94
92 97
92 98
93 97
96 99
97 98
