0 5
0 8
0 9
0 10
0 13
0 15
0 17
0 18
0 19
0 20
0 21
0 22
0 23
0 24
0 25
0 28
0 30
0 31
0 33
0 34
0 37
0 39
0 41
0 42
0 45
0 46
0 47
0 48
0 51
0 52
0 54
0 55
0 58
0 60
0 61
0 62
0 64
0 66
0 68
0 69
0 71
0 72
0 74
0 75
0 76
0 80
0 81
0 82
0 83
0 88
0 89
0 90
0 91
0 92
0 93
0 94
0 98
1 3
1 4
1 5
1 9
1 10
1 11
1 12
1 15
1 16
1 17
1 18
1 19
1 20
1 22
1 23
1 24
1 25
1 26
1 29
1 30
1 34
1 35
1 38
1 40
1 41
1 42
1 44
1 45
1 46
1 47
1 48
1 49
1 51
1 52
1 53
1 54
1 56
1 57
1 58
1 60
1 62
1 65
1 66
1 67
1 69
1 70
1 72
1 73
1 76
1 78
1 80
1 82
1 87
1 88
1 89
1 92
1 93
1 94
1 97
1 98
1 99
2 5
2 6
2 7
2 8
2 11
2 12
2 13
2 20
2 22
2 23
2 26
2 30
2 31
2 33
2 37
2 40
2 41
2 43
2 48
2 49
2 52
2 55
2 56
2 57
2 59
2 60
2 62
2 63
2 68
2 69
2 72
2 74
2 76
2 77
2 86
2 91
2 92
2 93
2 94
2 95
2 96
2 97
2 99
3 4
3 6
3 9
3 10
3 11
3 12
3 13
3 14
3 16
3 19
3 20
3 23
3 25
3 26
3 27
3 31
3 36
3 38
3 40
3 41
3 43
3 44
3 45
3 46
3 47
3 49
3 51
3 55
3 57
3 58
3 61
3 62
3 64
3 67
3 68
3 69
3 70
3 72
3 75
3 80
3 81
3 85
3 87
3 88
3 90
3 91
3 92
3 94
3 95
3 96
3 97
3 98
4 5
4 8
4 16
4 18
4 19
4 20
4 21
4 22
4 24
4 26
4 28
4 31
4 33
4 34
4 37
4 38
4 39
4 40
4 41
4 46
4 51
4 52
4 55
4 56
4 57
4 59
4 61
4 63
4 64
4 66
4 69
4 70
4 76
4 77
4 79
4 84
4 85
4 87
4 89
4 92
4 93
4 96
4 97
4 98
4 99
5 8
5 9
5 10
5 11
5 15
5 16
5 19
5 20
5 21
5 23
5 24
5 26
5 27
5 28
5 31
5 32
5 34
5 35
5 36
5 37
5 39
5 42
5 43
5 44
5 46
5 48
5 51
5 52
5 56
5 58
5 59
5 60
5 61
5 63
5 68
5 70
5 72
5 73
5 74
5 78
5 79
5 80
5 81
5 83
5 86
5 87
5 88
5 90
5 92
5 93
5 95
5 97
5 98
5 99
6 7
6 8
6 9
6 10
6 11
6 14
6 18
6 19
6 20
6 21
6 22
6 25
6 26
6 27
6 31
6 32
6 33
6 34
6 41
6 43
6 44
6 45
6 46
6 47
6 50
6 53
6 55
6 56
6 57
6 58
6 59
6 61
6 63
6 66
6 67
6 68
6 71
6 73
6 76
6 77
6 81
6 82
6 85
6 86
6 89
6 90
6 92
6 93
6 94
6 95
6 96
6 97
6 99
7 8
7 10
7 11
7 14
7 15
7 16
7 18
7 19
7 20
7 22
7 23
7 24
7 27
7 28
7 29
7 31
7 33
7 34
7 36
7 38
7 41
7 43
7 44
7 45
7 46
7 48
7 50
7 53
7 55
7 56
7 57
7 58
7 59
7 60
7 65
7 68
7 70
7 74
7 75
7 76
7 80
7 81
7 82
7 87
7 88
7 91
7 93
7 97
7 98
8 11
8 12
8 13
8 14
8 16
8 17
8 20
8 21
8 22
8 23
8 24
8 25
8 26
8 27
8 29
8 31
8 32
8 33
8 34
8 35
8 36
8 39
8 41
8 45
8 47
8 50
8 52
8 54
8 56
8 60
8 61
8 62
8 63
8 65
8 66
8 69
8 71
8 72
8 75
8 76
8 77
8 79
8 80
8 81
8 85
8 90
8 93
8 95
8 96
9 10
9 11
9 12
9 15
9 17
9 19
9 23
9 24
9 25
9 32
9 34
9 36
9 39
9 40
9 44
9 46
9 47
9 48
9 49
9 51
9 52
9 57
9 58
9 61
9 67
9 68
9 69
9 74
9 77
9 84
9 85
9 88
9 89
9 90
9 92
9 93
9 94
9 95
9 96
9 98
9 99
10 12
10 13
10 14
10 19
10 21
10 22
10 27
10 29
10 30
10 32
10 36
10 41
10 44
10 45
10 46
10 54
10 55
10 56
10 57
10 62
10 64
10 67
10 73
10 75
10 83
10 84
10 86
10 87
10 88
10 89
10 92
10 93
10 94
10 98
10 99
11 14
11 15
11 16
11 18
11 19
11 21
11 23
11 28
11 29
11 30
11 33
11 35
11 36
11 37
11 38
11 39
11 40
11 42
11 47
11 49
11 50
11 51
11 52
11 53
11 56
11 57
11 58
11 59
11 60
11 62
11 65
11 69
11 73
11 74
11 75
11 76
11 77
11 81
11 82
11 83
11 84
11 85
11 86
11 87
11 88
11 89
11 91
11 92
11 93
11 94
11 95
11 96
12 14
12 16
12 20
12 21
12 27
12 29
12 30
12 31
12 33
12 34
12 35
12 43
12 44
12 45
12 46
12 47
12 50
12 53
12 54
12 55
12 58
12 59
12 62
12 63
12 64
12 68
12 70
12 74
12 76
12 77
12 78
12 79
12 83
12 85
12 89
12 90
12 92
12 93
12 97
12 98
13 14
13 15
13 18
13 19
13 21
13 22
13 23
13 24
13 26
13 29
13 30
13 32
13 33
13 35
13 36
13 37
13 38
13 42
13 44
13 47
13 49
13 51
13 52
13 56
13 58
13 59
13 60
13 61
13 62
13 63
13 64
13 68
13 69
13 70
13 75
13 76
13 78
13 80
13 81
13 82
13 84
13 86
13 87
13 88
13 91
13 92
13 93
13 94
13 95
13 96
13 98
14 17
14 19
14 20
14 29
14 31
14 32
14 35
14 36
14 38
14 42
14 43
14 44
14 48
14 51
14 54
14 59
14 61
14 65
14 67
14 72
14 73
14 76
14 77
14 79
14 81
14 82
14 83
14 88
14 89
14 92
14 94
14 97
15 16
15 17
15 19
15 20
15 21
15 25
15 26
15 29
15 31
15 33
15 34
15 35
15 36
15 37
15 38
15 40
15 42
15 46
15 47
15 51
15 53
15 58
15 59
15 60
15 62
15 63
15 65
15 67
15 68
15 69
15 70
15 74
15 75
15 77
15 79
15 81
15 82
15 84
15 85
15 87
15 89
15 93
15 95
15 96
15 97
15 99
16 19
16 21
16 24
16 26
16 28
16 31
16 34
16 35
16 36
16 38
16 40
16 42
16 43
16 47
16 48
16 49
16 50
16 51
16 53
16 54
16 55
16 56
16 58
16 59
16 60
16 61
16 62
16 63
16 64
16 66
16 67
16 68
16 69
16 71
16 72
16 73
16 74
16 76
16 77
16 78
16 79
16 80
16 81
16 84
16 85
16 86
16 87
16 89
16 90
16 95
16 96
16 99
17 20
17 21
17 23
17 24
17 27
17 31
17 37
17 38
17 39
17 40
17 42
17 43
17 47
17 48
17 50
17 52
17 56
17 59
17 61
17 65
17 71
17 72
17 74
17 79
17 86
17 87
17 89
17 90
17 92
17 93
17 96
18 19
18 21
18 28
18 29
18 33
18 38
18 39
18 40
18 44
18 46
18 48
18 51
18 52
18 54
18 55
18 56
18 59
18 60
18 61
18 65
18 66
18 67
18 68
18 69
18 70
18 72
18 73
18 74
18 78
18 80
18 81
18 82
18 84
18 88
18 91
18 94
18 98
19 21
19 25
19 26
19 28
19 29
19 36
19 37
19 41
19 43
19 44
19 45
19 46
19 47
19 48
19 49
19 50
19 51
19 53
19 54
19 55
19 59
19 60
19 61
19 62
19 65
19 68
19 69
19 72
19 73
19 74
19 75
19 83
19 84
19 85
19 87
19 90
19 91
19 92
19 94
19 95
20 22
20 26
20 28
20 29
20 30
20 32
20 34
20 35
20 36
20 37
20 39
20 41
20 42
20 44
20 45
20 46
20 47
20 50
20 55
20 57
20 59
20 61
20 62
20 63
20 64
20 68
20 70
20 71
20 73
20 75
20 76
20 78
20 81
20 82
20 83
20 85
20 86
20 89
20 90
20 92
20 95
20 99
21 24
21 25
21 26
21 30
21 31
21 33
21 35
21 36
21 37
21 38
21 40
21 42
21 44
21 45
21 47
21 48
21 49
21 50
21 52
21 55
21 59
21 60
21 63
21 65
21 72
21 73
21 76
21 78
21 79
21 80
21 83
21 84
21 85
21 88
21 89
21 92
21 96
21 98
22 23
22 25
22 27
22 29
22 30
22 35
22 37
22 39
22 41
22 45
22 46
22 47
22 49
22 50
22 54
22 55
22 56
22 61
22 65
22 66
22 67
22 69
22 70
22 71
22 72
22 74
22 80
22 83
22 86
22 90
22 91
22 92
22 93
22 96
22 97
23 24
23 27
23 29
23 30
23 31
23 33
23 35
23 36
23 38
23 41
23 44
23 46
23 47
23 48
23 49
23 51
23 52
23 54
23 55
23 58
23 63
23 64
23 67
23 68
23 70
23 71
23 75
23 79
23 80
23 81
23 82
23 83
23 86
23 89
23 90
23 91
23 92
23 94
23 98
24 27
24 30
24 31
24 32
24 33
24 34
24 36
24 37
24 38
24 39
24 41
24 42
24 45
24 46
24 47
24 49
24 50
24 51
24 52
24 54
24 55
24 56
24 57
24 63
24 64
24 66
24 67
24 68
24 71
24 72
24 75
24 76
24 77
24 78
24 79
24 82
24 84
24 89
24 91
24 93
24 94
24 95
24 96
24 98
24 99
25 27
25 29
25 30
25 37
25 41
25 42
25 43
25 44
25 49
25 52
25 53
25 54
25 56
25 61
25 63
25 64
25 66
25 67
25 68
25 69
25 70
25 71
25 73
25 76
25 79
25 81
25 82
25 83
25 87
25 90
25 91
25 92
25 96
25 97
26 28
26 30
26 31
26 32
26 34
26 38
26 40
26 41
26 43
26 44
26 46
26 47
26 49
26 51
26 53
26 54
26 55
26 56
26 57
26 58
26 59
26 61
26 62
26 63
26 64
26 69
26 70
26 71
26 72
26 73
26 75
26 79
26 83
26 84
26 85
26 88
26 91
26 92
26 93
26 94
26 95
26 98
27 30
27 33
27 34
27 36
27 40
27 41
27 42
27 45
27 54
27 56
27 57
27 59
27 62
27 63
27 64
27 65
27 71
27 72
27 75
27 76
27 78
27 79
27 81
27 82
27 84
27 85
27 86
27 89
27 95
27 96
27 98
28 30
28 34
28 36
28 37
28 40
28 41
28 42
28 44
28 45
28 47
28 57
28 62
28 63
28 65
28 66
28 68
28 70
28 73
28 74
28 79
28 80
28 81
28 85
28 91
28 92
28 93
28 99
29 34
29 35
29 36
29 39
29 40
29 41
29 47
29 50
29 51
29 54
29 57
29 58
29 60
29 61
29 63
29 64
29 67
29 69
29 71
29 72
29 74
29 76
29 77
29 78
29 80
29 81
29 82
29 84
29 85
29 88
29 90
29 92
29 94
29 95
29 96
29 97
29 98
29 99
30 32
30 34
30 36
30 37
30 38
30 39
30 40
30 41
30 42
30 43
30 45
30 48
30 50
30 51
30 52
30 54
30 56
30 59
30 60
30 64
30 66
30 69
30 72
30 73
30 78
30 80
30 83
30 86
30 87
30 88
30 94
30 98
31 33
31 35
31 36
31 37
31 38
31 40
31 42
31 43
31 45
31 46
31 47
31 48
31 50
31 51
31 54
31 56
31 60
31 61
31 63
31 64
31 67
31 69
31 70
31 71
31 74
31 75
31 76
31 77
31 78
31 80
31 82
31 85
31 86
31 87
31 88
31 90
31 96
31 97
31 99
32 33
32 34
32 36
32 37
32 43
32 46
32 48
32 52
32 53
32 59
32 63
32 67
32 70
32 71
32 72
32 73
32 76
32 78
32 80
32 81
32 86
32 88
32 90
32 91
32 93
32 94
32 96
33 35
33 38
33 40
33 41
33 44
33 45
33 46
33 47
33 48
33 50
33 51
33 52
33 55
33 57
33 58
33 60
33 61
33 62
33 63
33 64
33 66
33 67
33 69
33 70
33 72
33 74
33 75
33 76
33 77
33 80
33 81
33 82
33 83
33 84
33 85
33 86
33 87
33 90
33 91
33 93
33 97
34 35
34 36
34 40
34 43
34 45
34 46
34 47
34 49
34 50
34 52
34 53
34 55
34 56
34 57
34 58
34 60
34 61
34 66
34 67
34 79
34 82
34 83
34 85
34 88
34 89
34 91
34 93
34 94
34 95
34 96
35 36
35 38
35 46
35 47
35 50
35 52
35 53
35 54
35 55
35 56
35 59
35 62
35 63
35 64
35 65
35 66
35 67
35 69
35 70
35 71
35 72
35 73
35 75
35 77
35 78
35 80
35 82
35 83
35 87
35 88
35 95
35 97
35 98
35 99
36 38
36 39
36 40
36 41
36 42
36 43
36 44
36 46
36 47
36 48
36 49
36 50
36 55
36 58
36 62
36 64
36 65
36 66
36 70
36 73
36 74
36 75
36 76
36 77
36 80
36 81
36 83
36 84
36 85
36 88
36 91
36 93
36 94
36 97
36 99
37 38
37 43
37 45
37 47
37 49
37 50
37 52
37 54
37 55
37 58
37 59
37 64
37 65
37 66
37 67
37 68
37 70
37 71
37 74
37 76
37 77
37 78
37 83
37 84
37 85
37 86
37 88
37 89
37 90
37 91
37 92
37 93
37 96
37 97
37 98
37 99
38 39
38 40
38 41
38 42
38 45
38 49
38 50
38 52
38 53
38 54
38 55
38 57
38 58
38 61
38 62
38 64
38 65
38 66
38 68
38 70
38 71
38 74
38 78
38 82
38 83
38 86
38 89
38 91
38 92
38 93
38 95
38 98
38 99
39 40
39 41
39 42
39 47
39 48
39 51
39 53
39 54
39 55
39 57
39 59
39 60
39 63
39 64
39 66
39 68
39 70
39 72
39 75
39 76
39 77
39 78
39 79
39 81
39 82
39 83
39 84
39 85
39 86
39 88
39 90
39 91
39 94
39 95
39 96
39 99
40 42
40 43
40 47
40 53
40 62
40 63
40 65
40 68
40 70
40 73
40 75
40 77
40 79
40 80
40 84
40 85
40 90
40 91
40 93
40 94
40 96
40 97
40 98
41 44
41 46
41 50
41 51
41 52
41 55
41 59
41 60
41 62
41 65
41 67
41 68
41 70
41 75
41 76
41 77
41 79
41 81
41 83
41 84
41 90
41 91
41 93
41 96
41 98
41 99
42 45
42 46
42 47
42 48
42 49
42 51
42 52
42 53
42 56
42 58
42 59
42 61
42 66
42 68
42 69
42 70
42 71
42 75
42 76
42 77
42 78
42 80
42 82
42 83
42 85
42 87
42 90
42 91
42 92
42 93
42 95
42 99
43 46
43 48
43 50
43 52
43 54
43 56
43 57
43 58
43 63
43 65
43 77
43 79
43 80
43 81
43 82
43 85
43 86
43 88
43 91
43 92
43 94
43 96
43 97
43 99
44 45
44 49
44 50
44 51
44 52
44 53
44 54
44 55
44 56
44 59
44 60
44 63
44 67
44 68
44 71
44 72
44 73
44 76
44 84
44 86
44 87
44 89
44 91
44 92
44 94
44 97
44 98
44 99
45 46
45 47
45 48
45 49
45 51
45 52
45 54
45 55
45 58
45 59
45 60
45 63
45 64
45 65
45 66
45 71
45 72
45 73
45 74
45 76
45 77
45 78
45 79
45 80
45 82
45 84
45 85
45 87
45 92
45 97
45 99
46 47
46 48
46 49
46 50
46 56
46 57
46 58
46 60
46 61
46 62
46 64
46 68
46 69
46 70
46 72
46 75
46 78
46 84
46 86
46 88
46 89
46 90
46 91
46 93
46 94
46 96
46 98
47 48
47 50
47 51
47 52
47 53
47 54
47 55
47 57
47 59
47 62
47 65
47 68
47 71
47 72
47 74
47 75
47 77
47 79
47 80
47 82
47 84
47 85
47 86
47 88
47 89
47 90
47 91
47 92
47 95
47 96
47 97
47 98
48 51
48 54
48 55
48 57
48 58
48 60
48 64
48 66
48 69
48 72
48 73
48 76
48 77
48 78
48 79
48 80
48 82
48 84
48 85
48 89
48 91
48 93
48 97
48 99
49 50
49 51
49 52
49 53
49 54
49 55
49 57
49 59
49 61
49 63
49 64
49 65
49 66
49 68
49 71
49 73
49 80
49 82
49 83
49 86
49 87
49 88
49 90
49 91
49 92
49 94
49 98
50 55
50 57
50 59
50 62
50 63
50 65
50 66
50 68
50 69
50 71
50 72
50 73
50 75
50 76
50 79
50 80
50 81
50 82
50 83
50 84
50 88
50 89
50 91
50 92
50 97
50 99
51 52
51 54
51 59
51 60
51 62
51 64
51 66
51 71
51 72
51 76
51 77
51 78
51 79
51 81
51 82
51 85
51 88
51 89
51 90
51 96
51 98
52 53
52 54
52 55
52 57
52 58
52 60
52 62
52 63
52 64
52 67
52 69
52 70
52 71
52 73
52 74
52 76
52 77
52 78
52 80
52 81
52 83
52 84
52 85
52 92
52 95
52 97
52 99
53 54
53 56
53 57
53 59
53 60
53 63
53 68
53 69
53 73
53 74
53 76
53 78
53 79
53 80
53 83
53 91
53 92
53 98
54 55
54 56
54 58
54 62
54 63
54 66
54 67
54 68
54 71
54 72
54 73
54 74
54 76
54 79
54 80
54 81
54 83
54 85
54 89
54 90
54 91
54 92
54 96
54 97
54 98
54 99
55 56
55 59
55 60
55 61
55 63
55 64
55 68
55 69
55 70
55 71
55 73
55 75
55 76
55 80
55 84
55 85
55 87
55 88
55 89
55 90
55 93
55 94
55 96
55 97
55 98
55 99
56 57
56 58
56 60
56 62
56 63
56 68
56 72
56 79
56 86
56 88
56 90
56 95
56 96
56 99
57 58
57 59
57 60
57 63
57 64
57 65
57 66
57 67
57 68
57 69
57 70
57 72
57 75
57 76
57 80
57 82
57 83
57 88
57 89
57 90
57 93
57 94
57 95
57 97
58 60
58 63
58 64
58 71
58 72
58 76
58 77
58 78
58 81
58 82
58 83
58 84
58 87
58 88
58 89
58 92
58 96
58 98
58 99
59 62
59 66
59 67
59 71
59 74
59 75
59 77
59 78
59 79
59 81
59 82
59 84
59 86
59 87
59 88
59 90
59 91
59 92
59 93
59 95
59 96
59 97
59 98
60 61
60 62
60 66
60 70
60 73
60 75
60 76
60 77
60 78
60 79
60 80
60 81
60 83
60 84
60 85
60 89
60 91
60 92
60 95
60 97
61 63
61 64
61 65
61 67
61 68
61 72
61 74
61 75
61 76
61 78
61 80
61 81
61 82
61 84
61 85
61 86
61 87
61 88
61 89
61 90
61 93
61 94
61 95
61 99
62 63
62 64
62 65
62 67
62 68
62 69
62 70
62 71
62 72
62 74
62 77
62 78
62 79
62 81
62 82
62 86
62 87
62 92
62 95
63 64
63 66
63 67
63 68
63 69
63 70
63 72
63 73
63 74
63 79
63 81
63 82
63 83
63 84
63 85
63 87
63 90
63 91
63 93
63 96
63 97
63 98
64 65
64 66
64 70
64 71
64 72
64 73
64 76
64 77
64 79
64 82
64 83
64 86
64 90
64 91
64 92
64 94
64 95
64 97
64 99
65 69
65 70
65 71
65 72
65 76
65 82
65 84
65 85
65 87
65 88
65 89
65 91
65 96
65 97
66 70
66 71
66 74
66 76
66 77
66 78
66 79
66 80
66 84
66 85
66 89
66 90
66 91
66 93
66 94
66 95
66 96
67 69
67 70
67 71
67 72
67 76
67 78
67 79
67 82
67 83
67 84
67 85
67 86
67 88
67 91
67 93
67 94
67 95
67 96
67 97
67 98
67 99
68 72
68 75
68 76
68 77
68 78
68 81
68 82
68 83
68 85
68 87
68 88
68 91
68 92
68 93
68 96
68 98
68 99
69 70
69 72
69 73
69 74
69 76
69 77
69 78
69 79
69 83
69 86
69 90
69 91
69 93
69 95
69 99
70 74
70 79
70 80
70 81
70 82
70 84
70 85
70 87
70 88
70 90
70 92
70 94
70 95
71 72
71 73
71 75
71 76
71 77
71 79
71 81
71 83
71 85
71 86
71 88
71 89
71 90
71 91
71 92
71 96
72 73
72 76
72 77
72 78
72 79
72 80
72 81
72 85
72 88
72 90
72 93
72 95
73 74
73 75
73 76
73 77
73 78
73 84
73 85
73 86
73 90
73 92
73 93
73 95
73 98
73 99
74 75
74 78
74 79
74 80
74 82
74 85
74 87
74 90
74 91
74 92
74 93
74 96
74 98
75 78
75 79
75 80
75 81
75 82
75 85
75 86
75 98
76 77
76 78
76 79
76 81
76 83
76 86
76 95
76 96
76 97
76 99
77 78
77 79
77 83
77 84
77 85
77 91
77 96
77 98
78 79
78 80
78 82
78 86
78 88
78 89
78 90
78 91
78 92
78 96
78 97
78 98
79 81
79 84
79 86
79 88
79 89
79 92
79 93
79 94
79 97
79 98
79 99
80 81
80 83
80 85
80 86
80 87
80 88
80 89
80 90
80 92
80 94
80 97
80 98
80 99
81 83
81 85
81 86
81 87
81 91
81 99
82 83
82 85
82 86
82 87
82 88
82 91
82 93
82 94
82 96
82 99
83 85
83 87
83 91
83 94
83 96
83 98
84 86
84 89
84 91
84 92
84 94
84 95
84 97
84 98
85 86
85 87
85 88
85 89
85 91
85 92
85 93
85 94
85 97
85 99
86 87
86 90
86 91
86 94
86 96
87 88
87 92
87 94
87 95
87 97
87 99
88 89
88 90
88 95
88 96
88 97
88 99
89 92
89 96
90 91
90 95
90 99
91 92
91 93
91 94
91 95
91 97
92 93
92 97
93 98
94 95
94 97
95 99
96 97
96 99
97 98
97 99
