0 2
0 3
0 4
0 5
0 9
0 13
0 14
0 16
0 17
0 19
0 21
0 24
0 25
0 26
0 27
0 28
0 29
0 33
0 36
0 39
0 40
0 44
0 45
0 46
0 47
0 48
0 49
0 50
0 51
0 52
0 54
0 56
0 59
0 60
0 61
0 62
0 65
0 67
0 69
0 72
0 73
0 74
0 76
0 78
0 79
0 80
0 82
0 84
0 85
0 86
0 87
0 90
0 97
1 3
1 5
1 10
1 12
1 14
1 15
1 19
1 22
1 24
1 27
1 29
1 34
1 35
1 36
1 37
1 38
1 42
1 43
1 44
1 47
1 48
1 50
1 52
1 54
1 55
1 56
1 57
1 58
1 61
1 62
1 63
1 64
1 67
1 68
1 73
1 77
1 81
1 82
1 84
1 87
1 89
1 91
1 92
1 93
1 94
1 98
2 4
2 5
2 6
2 7
2 9
2 13
2 16
2 17
2 20
2 21
2 23
2 24
2 27
2 28
2 29
2 30
2 31
2 33
2 36
2 37
2 38
2 39
2 41
2 43
2 45
2 46
2 47
2 48
2 51
2 52
2 56
2 61
2 64
2 68
2 70
2 71
2 75
2 78
2 79
2 81
2 82
2 83
2 84
2 86
2 87
2 88
2 89
2 96
3 4
3 5
3 10
3 12
3 13
3 14
3 15
3 18
3 19
3 21
3 22
3 23
3 25
3 32
3 33
3 34
3 39
3 40
3 46
3 52
3 55
3 57
3 61
3 63
3 67
3 68
3 69
3 70
3 72
3 73
3 74
3 78
3 79
3 80
3 83
3 84
3 86
3 87
3 92
3 95
3 96
4 7
4 8
4 9
4 11
4 16
4 17
4 18
4 22
4 23
4 25
4 27
4 30
4 32
4 34
4 35
4 36
4 37
4 38
4 41
4 44
4 45
4 47
4 48
4 49
4 51
4 53
4 57
4 58
4 60
4 61
4 63
4 66
4 67
4 69
4 78
4 81
4 82
4 83
4 84
4 86
4 88
4 94
4 95
4 96
4 97
5 6
5 7
5 8
5 11
5 14
5 15
5 19
5 20
5 21
5 23
5 25
5 27
5 28
5 29
5 30
5 31
5 32
5 33
5 34
5 36
5 40
5 42
5 44
5 45
5 46
5 48
5 50
5 51
5 52
5 55
5 60
5 61
5 63
5 65
5 66
5 68
5 69
5 70
5 74
5 75
5 76
5 81
5 84
5 86
5 88
5 92
5 95
5 97
5 99
6 7
6 13
6 14
6 16
6 18
6 19
6 20
6 21
6 22
6 23
6 24
6 25
6 26
6 27
6 28
6 30
6 31
6 33
6 37
6 39
6 45
6 47
6 51
6 54
6 55
6 56
6 60
6 62
6 65
6 67
6 70
6 71
6 72
6 76
6 82
6 85
6 86
6 89
6 90
6 94
6 96
6 99
7 8
7 9
7 12
7 13
7 21
7 23
7 25
7 26
7 28
7 33
7 36
7 37
7 38
7 39
7 40
7 42
7 44
7 48
7 51
7 52
7 54
7 57
7 59
7 60
7 61
7 67
7 68
7 71
7 72
7 73
7 74
7 75
7 77
7 81
7 82
7 83
7 84
7 85
7 95
8 10
8 11
8 12
8 13
8 15
8 16
8 17
8 21
8 22
8 23
8 24
8 25
8 26
8 27
8 31
8 33
8 34
8 35
8 36
8 38
8 39
8 41
8 48
8 49
8 50
8 55
8 56
8 57
8 58
8 63
8 65
8 66
8 68
8 69
8 71
8 72
8 73
8 74
8 76
8 79
8 82
8 86
8 87
8 88
8 91
8 94
8 95
8 98
8 99
9 14
9 15
9 16
9 18
9 19
9 20
9 24
9 25
9 26
9 28
9 31
9 32
9 34
9 36
9 42
9 44
9 48
9 49
9 50
9 51
9 55
9 56
9 57
9 58
9 59
9 62
9 63
9 65
9 68
9 70
9 71
9 73
9 75
9 76
9 78
9 79
9 81
9 83
9 84
9 85
9 89
9 90
9 92
9 93
9 95
9 96
10 16
10 17
10 18
10 19
10 20
10 21
10 22
10 23
10 24
10 25
10 27
10 31
10 32
10 35
10 37
10 40
10 43
10 45
10 47
10 48
10 49
10 51
10 52
10 55
10 58
10 59
10 60
10 63
10 66
10 68
10 72
10 73
10 75
10 77
10 78
10 80
10 83
10 86
10 87
10 88
10 91
10 92
10 93
10 94
10 97
10 98
11 12
11 13
11 14
11 17
11 18
11 20
11 22
11 24
11 26
11 27
11 28
11 29
11 32
11 33
11 35
11 36
11 37
11 41
11 43
11 45
11 46
11 48
11 49
11 52
11 53
11 54
11 56
11 57
11 59
11 60
11 63
11 70
11 73
11 74
11 77
11 78
11 79
11 80
11 83
11 84
11 90
11 91
11 93
11 94
11 98
11 99
12 15
12 18
12 19
12 21
12 22
12 23
12 26
12 27
12 28
12 32
12 34
12 37
12 39
12 40
12 47
12 48
12 49
12 50
12 52
12 53
12 54
12 55
12 59
12 60
12 61
12 62
12 67
12 68
12 70
12 72
12 75
12 77
12 79
12 82
12 83
12 86
12 91
12 92
12 93
12 94
12 95
12 96
12 99
13 14
13 17
13 19
13 20
13 21
13 23
13 24
13 25
13 26
13 27
13 28
13 29
13 30
13 32
13 33
13 35
13 38
13 40
13 45
13 49
13 50
13 51
13 52
13 53
13 56
13 59
13 60
13 63
13 67
13 69
13 71
13 73
13 74
13 82
13 84
13 86
13 92
13 94
13 96
13 97
13 98
13 99
14 18
14 19
14 22
14 24
14 25
14 26
14 27
14 28
14 29
14 31
14 33
14 38
14 40
14 41
14 43
14 44
14 48
14 51
14 52
14 53
14 54
14 56
14 58
14 59
14 64
14 65
14 66
14 67
14 68
14 74
14 76
14 77
14 79
14 80
14 81
14 84
14 85
14 86
14 87
14 89
14 90
14 92
14 93
14 96
14 97
14 98
15 16
15 18
15 21
15 22
15 24
15 27
15 28
15 30
15 32
15 34
15 35
15 36
15 37
15 38
15 41
15 42
15 48
15 49
15 50
15 52
15 57
15 58
15 60
15 63
15 64
15 68
15 69
15 72
15 78
15 79
15 80
15 87
15 91
15 93
15 94
15 96
15 97
15 98
15 99
16 19
16 20
16 21
16 23
16 24
16 26
16 28
16 30
16 31
16 32
16 34
16 35
16 36
16 40
16 41
16 42
16 43
16 44
16 54
16 56
16 57
16 59
16 65
16 66
16 67
16 68
16 69
16 70
16 73
16 76
16 80
16 83
16 84
16 85
16 88
16 89
16 90
16 94
16 95
16 97
16 99
17 19
17 20
17 21
17 23
17 24
17 25
17 27
17 29
17 32
17 33
17 37
17 41
17 42
17 45
17 47
17 49
17 51
17 52
17 53
17 59
17 61
17 63
17 70
17 71
17 73
17 75
17 77
17 78
17 79
17 81
17 82
17 83
17 88
17 90
17 91
17 92
17 94
17 98
18 19
18 20
18 22
18 24
18 26
18 27
18 28
18 30
18 34
18 38
18 41
18 42
18 44
18 45
18 47
18 50
18 54
18 55
18 58
18 59
18 62
18 64
18 70
18 72
18 75
18 77
18 80
18 82
18 83
18 85
18 87
18 88
18 89
18 91
18 92
18 94
18 95
18 96
18 97
18 98
18 99
19 21
19 23
19 24
19 27
19 28
19 30
19 32
19 35
19 36
19 38
19 39
19 40
19 41
19 43
19 45
19 49
19 50
19 52
19 54
19 60
19 63
19 65
19 66
19 67
19 68
19 70
19 71
19 72
19 74
19 78
19 82
19 86
19 89
19 94
19 97
20 22
20 23
20 24
20 25
20 28
20 29
20 30
20 33
20 34
20 36
20 37
20 38
20 39
20 43
20 44
20 46
20 49
20 51
20 57
20 59
20 60
20 62
20 65
20 66
20 71
20 72
20 73
20 74
20 78
20 80
20 82
20 83
20 86
20 88
20 89
20 90
20 91
20 93
20 94
20 95
20 96
21 24
21 27
21 29
21 31
21 33
21 35
21 37
21 40
21 41
21 42
21 44
21 45
21 46
21 47
21 49
21 54
21 55
21 56
21 59
21 60
21 61
21 62
21 65
21 66
21 67
21 68
21 69
21 70
21 75
21 77
21 79
21 82
21 83
21 89
21 90
21 93
21 96
21 98
22 24
22 32
22 36
22 37
22 38
22 39
22 43
22 46
22 47
22 50
22 51
22 52
22 54
22 56
22 60
22 62
22 64
22 65
22 68
22 73
22 74
22 75
22 79
22 82
22 84
22 88
22 92
22 94
22 95
22 96
22 97
22 99
23 29
23 32
23 34
23 35
23 36
23 43
23 45
23 49
23 50
23 52
23 58
23 61
23 68
23 69
23 72
23 74
23 75
23 83
23 86
23 90
23 91
23 93
23 94
24 27
24 29
24 31
24 33
24 34
24 35
24 36
24 38
24 40
24 41
24 42
24 44
24 46
24 48
24 51
24 54
24 57
24 58
24 60
24 62
24 64
24 65
24 68
24 70
24 72
24 74
24 76
24 77
24 79
24 81
24 84
24 85
24 88
24 89
24 90
24 91
24 92
24 94
24 96
24 97
25 29
25 30
25 32
25 33
25 34
25 36
25 40
25 42
25 43
25 44
25 45
25 46
25 47
25 48
25 49
25 52
25 54
25 58
25 59
25 62
25 64
25 65
25 67
25 69
25 73
25 74
25 76
25 77
25 80
25 83
25 84
25 87
25 88
25 93
25 98
25 99
26 27
26 28
26 29
26 30
26 32
26 34
26 37
26 38
26 41
26 44
26 46
26 47
26 54
26 55
26 56
26 59
26 61
26 67
26 69
26 70
26 72
26 73
26 74
26 75
26 76
26 77
26 79
26 80
26 81
26 83
26 88
26 89
26 90
26 92
26 93
26 96
26 97
26 99
27 28
27 29
27 30
27 32
27 34
27 39
27 40
27 41
27 42
27 47
27 52
27 53
27 56
27 57
27 61
27 63
27 67
27 68
27 71
27 74
27 76
27 78
27 79
27 80
27 81
27 83
27 84
27 85
27 86
27 87
27 90
27 93
27 97
27 98
28 29
28 30
28 32
28 33
28 39
28 41
28 43
28 45
28 48
28 50
28 52
28 53
28 55
28 56
28 57
28 58
28 59
28 62
28 63
28 64
28 65
28 66
28 67
28 68
28 70
28 71
28 73
28 74
28 75
28 76
28 78
28 79
28 84
28 85
28 87
28 89
28 91
28 92
28 93
28 95
28 96
29 31
29 32
29 35
29 39
29 42
29 48
29 52
29 53
29 54
29 57
29 58
29 59
29 60
29 61
29 62
29 63
29 64
29 67
29 68
29 69
29 73
29 74
29 79
29 80
29 81
29 85
29 86
29 90
29 91
29 95
29 97
29 99
30 33
30 34
30 36
30 38
30 40
30 41
30 43
30 44
30 45
30 50
30 52
30 53
30 54
30 57
30 58
30 60
30 62
30 63
30 64
30 66
30 68
30 69
30 72
30 75
30 79
30 80
30 81
30 82
30 83
30 84
30 85
30 91
30 95
30 97
31 32
31 33
31 34
31 38
31 39
31 41
31 43
31 44
31 47
31 48
31 49
31 50
31 51
31 52
31 53
31 56
31 57
31 59
31 61
31 62
31 70
31 71
31 75
31 78
31 79
31 83
31 84
31 85
31 87
31 89
31 91
31 92
31 95
32 34
32 36
32 37
32 38
32 39
32 40
32 45
32 48
32 52
32 53
32 56
32 57
32 58
32 60
32 62
32 63
32 65
32 66
32 68
32 71
32 72
32 74
32 76
32 78
32 79
32 82
32 83
32 84
32 88
32 89
32 90
32 92
32 94
32 97
32 98
32 99
33 36
33 37
33 39
33 40
33 41
33 44
33 45
33 50
33 52
33 53
33 55
33 56
33 57
33 58
33 60
33 61
33 62
33 66
33 67
33 68
33 70
33 72
33 73
33 74
33 79
33 80
33 82
33 83
33 86
33 88
33 89
33 91
33 92
33 94
33 98
34 36
34 37
34 39
34 40
34 41
34 44
34 45
34 47
34 48
34 50
34 53
34 56
34 57
34 60
34 61
34 62
34 64
34 66
34 67
34 68
34 69
34 70
34 72
34 73
34 78
34 79
34 80
34 84
34 86
34 87
34 89
34 92
34 94
34 97
34 99
35 37
35 38
35 40
35 42
35 45
35 46
35 50
35 52
35 62
35 63
35 64
35 66
35 67
35 69
35 70
35 73
35 74
35 75
35 76
35 77
35 78
35 81
35 82
35 85
35 86
35 87
35 89
35 92
35 93
35 94
35 95
35 98
36 42
36 45
36 55
36 58
36 60
36 66
36 67
36 70
36 72
36 74
36 75
36 76
36 78
36 79
36 81
36 83
36 84
36 92
36 93
36 94
36 98
37 38
37 39
37 43
37 45
37 46
37 48
37 49
37 51
37 53
37 56
37 57
37 59
37 60
37 61
37 63
37 65
37 69
37 71
37 73
37 78
37 80
37 82
37 83
37 84
37 86
37 87
37 90
37 92
37 94
37 98
38 43
38 45
38 48
38 54
38 56
38 59
38 60
38 61
38 63
38 68
38 73
38 74
38 79
38 80
38 81
38 82
38 83
38 85
38 86
38 87
38 89
38 90
38 92
38 93
38 97
38 98
39 40
39 41
39 44
39 45
39 46
39 47
39 50
39 54
39 56
39 57
39 58
39 60
39 63
39 64
39 65
39 68
39 69
39 70
39 71
39 72
39 77
39 78
39 83
39 88
39 90
39 91
39 92
39 93
39 94
39 95
39 97
39 99
40 41
40 43
40 46
40 50
40 52
40 53
40 56
40 59
40 60
40 61
40 64
40 66
40 69
40 73
40 76
40 78
40 79
40 80
40 86
40 88
40 90
40 93
40 94
40 98
41 42
41 44
41 46
41 47
41 49
41 52
41 53
41 55
41 59
41 61
41 62
41 64
41 65
41 68
41 69
41 71
41 75
41 77
41 83
41 85
41 93
41 94
41 95
41 96
41 97
42 43
42 44
42 46
42 47
42 49
42 54
42 56
42 57
42 58
42 59
42 60
42 63
42 64
42 68
42 72
42 73
42 74
42 76
42 78
42 79
42 82
42 83
42 84
42 88
42 89
42 90
42 92
42 93
42 95
42 96
42 98
42 99
43 45
43 47
43 48
43 49
43 50
43 51
43 52
43 54
43 55
43 57
43 59
43 65
43 66
43 67
43 68
43 69
43 71
43 72
43 73
43 76
43 79
43 81
43 82
43 84
43 87
43 88
43 89
43 90
43 91
43 93
43 95
43 96
43 97
44 45
44 46
44 50
44 51
44 55
44 56
44 57
44 58
44 59
44 61
44 65
44 66
44 67
44 72
44 73
44 74
44 75
44 77
44 78
44 79
44 82
44 83
44 84
44 85
44 86
44 88
44 90
44 91
44 93
44 98
44 99
45 46
45 47
45 49
45 50
45 51
45 52
45 56
45 57
45 59
45 60
45 62
45 64
45 65
45 67
45 68
45 69
45 70
45 71
45 72
45 74
45 76
45 77
45 80
45 81
45 82
45 84
45 85
45 86
45 87
45 89
45 90
45 91
45 92
45 99
46 47
46 56
46 57
46 58
46 60
46 61
46 62
46 63
46 64
46 66
46 69
46 75
46 78
46 81
46 89
46 94
46 96
46 99
47 49
47 50
47 52
47 53
47 57
47 58
47 59
47 61
47 63
47 64
47 65
47 69
47 70
47 71
47 72
47 73
47 74
47 75
47 76
47 77
47 78
47 81
47 82
47 84
47 86
47 90
47 91
47 92
47 95
47 98
47 99
48 52
48 53
48 55
48 60
48 62
48 63
48 65
48 68
48 72
48 74
48 78
48 80
48 81
48 83
48 84
48 86
48 88
48 89
48 90
48 91
48 93
48 95
48 96
48 97
49 50
49 51
49 52
49 53
49 55
49 56
49 57
49 63
49 66
49 70
49 73
49 74
49 75
49 79
49 81
49 83
49 85
49 87
49 88
49 89
49 91
49 93
49 94
49 96
49 97
49 99
50 51
50 53
50 55
50 59
50 61
50 63
50 64
50 65
50 66
50 67
50 70
50 73
50 74
50 76
50 77
50 79
50 81
50 82
50 83
50 84
50 86
50 88
50 90
50 91
50 92
50 93
50 99
51 52
51 54
51 55
51 57
51 58
51 59
51 63
51 66
51 68
51 69
51 70
51 71
51 72
51 73
51 74
51 76
51 78
51 80
51 84
51 86
51 89
51 90
51 91
51 92
51 93
51 94
51 96
51 98
51 99
52 55
52 57
52 60
52 61
52 64
52 65
52 66
52 67
52 71
52 72
52 74
52 76
52 78
52 81
52 82
52 85
52 86
52 88
52 89
52 91
52 92
52 93
52 94
52 95
52 96
52 98
53 55
53 57
53 58
53 59
53 60
53 61
53 62
53 64
53 65
53 69
53 70
53 75
53 78
53 79
53 80
53 89
53 91
53 93
53 94
53 96
53 97
53 98
53 99
54 55
54 57
54 59
54 61
54 62
54 65
54 66
54 69
54 71
54 72
54 75
54 76
54 78
54 79
54 82
54 84
54 86
54 87
54 89
54 90
54 92
54 93
54 94
54 97
55 56
55 57
55 62
55 64
55 66
55 67
55 69
55 71
55 74
55 75
55 77
55 78
55 80
55 81
55 82
55 88
55 89
55 91
55 94
55 95
55 98
55 99
56 57
56 59
56 61
56 62
56 63
56 65
56 67
56 69
56 70
56 72
56 73
56 75
56 76
56 77
56 79
56 80
56 82
56 83
56 85
56 94
56 95
56 97
56 98
56 99
57 59
57 60
57 61
57 62
57 64
57 65
57 66
57 67
57 68
57 70
57 75
57 76
57 78
57 80
57 81
57 86
57 87
57 88
57 93
57 95
57 96
57 99
58 59
58 61
58 62
58 65
58 68
58 69
58 70
58 71
58 72
58 75
58 76
58 79
58 80
58 82
58 87
58 90
58 91
58 92
58 93
58 94
58 95
58 97
58 98
58 99
59 60
59 62
59 63
59 64
59 67
59 68
59 70
59 71
59 72
59 75
59 77
59 82
59 83
59 84
59 85
59 86
59 89
59 91
59 92
59 93
59 95
59 96
59 99
60 63
60 64
60 65
60 66
60 67
60 68
60 69
60 70
60 73
60 74
60 75
60 76
60 78
60 79
60 82
60 84
60 88
60 89
60 90
60 93
60 94
61 66
61 69
61 70
61 72
61 73
61 74
61 75
61 76
61 77
61 81
61 83
61 85
61 86
61 87
61 88
61 89
61 90
61 91
61 92
61 95
61 96
61 98
62 63
62 64
62 66
62 69
62 71
62 72
62 73
62 75
62 76
62 77
62 78
62 79
62 80
62 82
62 84
62 87
62 88
62 94
62 97
62 98
63 65
63 66
63 67
63 69
63 70
63 73
63 74
63 78
63 81
63 84
63 85
63 86
63 87
63 90
63 93
63 94
63 95
63 97
63 98
63 99
64 67
64 69
64 73
64 74
64 75
64 77
64 78
64 80
64 82
64 85
64 86
64 88
64 90
64 91
64 92
64 94
64 96
64 97
65 66
65 68
65 74
65 75
65 76
65 78
65 79
65 80
65 85
65 86
65 93
65 94
65 95
65 96
65 99
66 73
66 75
66 77
66 80
66 82
66 89
66 90
66 94
66 95
66 96
66 97
66 98
66 99
67 69
67 70
67 72
67 73
67 74
67 75
67 76
67 78
67 82
67 85
67 86
67 88
67 89
67 90
67 91
67 98
68 71
68 72
68 75
68 79
68 81
68 82
68 83
68 84
68 85
68 89
68 92
68 98
69 70
69 71
69 72
69 74
69 76
69 77
69 78
69 79
69 80
69 83
69 84
69 85
69 86
69 91
69 92
69 93
69 94
69 95
69 97
69 98
69 99
70 73
70 74
70 75
70 79
70 82
70 83
70 84
70 86
70 87
70 90
70 91
70 92
70 93
70 95
70 97
70 98
70 99
71 72
71 74
71 75
71 77
71 78
71 79
71 81
71 83
71 84
71 85
71 88
71 91
71 98
72 73
72 74
72 75
72 78
72 79
72 80
72 81
72 82
72 86
72 89
72 90
72 91
72 92
72 98
72 99
73 80
73 84
73 86
73 87
73 89
73 90
73 91
73 94
73 95
73 96
73 97
73 98
74 75
74 78
74 81
74 86
74 90
74 91
74 92
74 93
74 94
74 95
74 96
74 98
75 76
75 81
75 85
75 89
75 90
75 91
75 93
75 95
75 96
75 97
76 77
76 78
76 82
76 83
76 85
76 86
76 87
76 90
76 91
76 93
76 95
76 96
76 97
77 78
77 80
77 81
77 84
77 87
77 90
77 91
77 93
77 94
77 96
77 97
77 98
77 99
78 80
78 82
78 84
78 85
78 86
78 87
78 88
78 92
78 95
78 96
78 97
78 98
79 82
79 84
79 85
79 86
79 87
79 93
79 95
79 96
79 99
80 82
80 83
80 84
80 85
80 87
80 89
80 90
80 91
80 93
80 96
80 98
81 83
81 84
81 86
81 89
81 94
81 96
81 98
82 85
82 87
82 88
82 89
82 92
82 94
82 95
82 97
82 98
83 84
83 87
83 88
83 89
83 90
83 91
83 92
83 93
83 95
83 96
83 99
84 85
84 88
84 90
84 91
84 92
84 94
84 97
84 99
85 87
85 88
85 90
85 94
85 95
85 96
85 97
85 99
86 87
86 88
86 91
86 93
86 95
86 97
86 98
86 99
87 88
87 89
87 94
87 95
87 99
88 90
88 91
88 92
88 98
89 90
89 92
89 94
89 95
89 98
89 99
90 91
90 94
90 95
90 96
90 97
90 99
91 92
91 94
91 96
91 97
91 98
91 99
92 95
92 99
93 95
93 96
93 98
94 95
95 96
95 98
95 99
96 97
96 98
97 98
98 99
