0 2
0 3
0 4
0 5
0 17
0 18
0 30
0 32
0 39
0 40
0 46
0 52
0 64
0 65
0 69
0 70
0 73
0 77
0 89
0 91
0 94
1 13
1 21
1 22
1 26
1 28
1 41
1 42
1 49
1 50
1 55
1 64
1 70
1 72
1 75
1 78
1 80
1 88
1 89
1 97
2 8
2 11
2 15
2 16
2 18
2 19
2 27
2 38
2 39
2 40
2 42
2 45
2 56
2 65
2 66
2 69
2 70
2 75
2 77
2 88
2 89
2 91
2 96
2 98
2 99
3 15
3 16
3 18
3 29
3 31
3 43
3 45
3 47
3 50
3 56
3 67
3 84
3 89
3 91
3 96
4 6
4 7
4 15
4 17
4 18
4 19
4 20
4 22
4 27
4 31
4 34
4 35
4 42
4 44
4 45
4 48
4 50
4 54
4 61
4 62
4 65
4 67
4 78
4 79
4 86
4 94
4 96
4 98
5 8
5 13
5 16
5 17
5 28
5 31
5 37
5 40
5 42
5 48
5 50
5 52
5 53
5 55
5 57
5 60
5 64
5 71
5 72
5 77
5 79
5 80
5 93
6 10
6 25
6 26
6 30
6 35
6 37
6 49
6 50
6 55
6 56
6 60
6 61
6 67
6 68
6 71
6 73
6 74
6 79
6 82
6 83
6 84
6 87
6 97
6 99
7 11
7 15
7 16
7 17
7 19
7 31
7 33
7 36
7 38
7 44
7 46
7 47
7 49
7 56
7 63
7 70
7 72
7 74
7 77
7 78
7 89
7 91
7 94
8 11
8 27
8 30
8 31
8 34
8 42
8 56
8 74
8 75
8 76
8 77
8 85
8 94
9 19
9 26
9 29
9 30
9 40
9 41
9 47
9 51
9 60
9 67
9 69
9 74
9 75
9 76
9 80
9 84
9 92
10 18
10 19
10 20
10 21
10 25
10 34
10 40
10 42
10 46
10 50
10 59
10 60
10 62
10 67
10 75
10 76
10 84
10 89
10 90
10 94
11 33
11 36
11 45
11 50
11 54
11 55
11 63
11 66
11 67
11 71
11 76
11 80
11 86
12 24
12 25
12 28
12 29
12 36
12 37
12 44
12 45
12 47
12 53
12 59
12 62
12 71
12 74
12 79
12 90
13 25
13 27
13 57
13 68
13 73
13 76
13 79
13 80
13 81
13 85
13 86
14 15
14 26
14 28
14 29
14 39
14 46
14 47
14 50
14 59
14 64
14 66
14 75
14 79
14 82
14 84
14 96
14 97
15 18
15 19
15 20
15 30
15 32
15 36
15 44
15 50
15 51
15 55
15 58
15 70
15 77
15 78
15 80
15 81
15 84
15 88
15 94
15 95
15 96
16 24
16 28
16 34
16 39
16 45
16 48
16 53
16 54
16 58
16 59
16 62
16 67
16 69
16 73
16 78
16 80
16 82
16 84
16 88
16 92
16 93
16 94
16 95
16 96
16 99
17 19
17 27
17 29
17 35
17 36
17 40
17 45
17 64
17 79
17 84
17 86
17 87
18 19
18 26
18 38
18 42
18 46
18 56
18 82
18 83
19 22
19 27
19 28
19 35
19 46
19 60
19 66
19 71
19 73
19 76
19 78
19 85
19 87
19 92
20 33
20 35
20 41
20 49
20 52
20 57
20 58
20 61
20 65
20 74
20 78
20 82
20 87
20 94
20 96
21 31
21 32
21 34
21 37
21 38
21 49
21 52
21 53
21 65
21 76
21 83
21 84
21 93
21 95
21 97
22 28
22 33
22 36
22 40
22 43
22 46
22 50
22 51
22 63
22 67
22 73
22 78
22 83
23 41
23 49
23 56
23 58
23 59
23 69
23 74
23 75
23 79
23 80
23 84
23 85
23 99
24 28
24 29
24 33
24 38
24 42
24 43
24 49
24 50
24 51
24 52
24 53
24 56
24 71
24 72
24 74
24 86
24 99
25 32
25 34
25 37
25 38
25 43
25 47
25 54
25 59
25 60
25 61
25 65
25 78
25 79
25 81
25 98
25 99
26 33
26 58
26 64
26 74
26 78
26 96
27 29
27 30
27 40
27 43
27 49
27 70
27 71
27 75
27 76
27 84
27 86
27 90
27 91
27 94
28 30
28 32
28 40
28 46
28 47
28 56
28 57
28 61
28 62
28 64
28 82
28 83
28 86
28 87
28 88
28 91
28 92
28 93
28 98
29 32
29 34
29 38
29 39
29 41
29 46
29 53
29 58
29 64
29 65
29 69
29 70
29 76
29 79
29 90
29 93
29 94
30 33
30 40
30 43
30 50
30 53
30 55
30 56
30 61
30 71
30 78
30 86
30 89
30 90
30 91
31 37
31 45
31 46
31 48
31 49
31 81
31 86
31 87
31 91
31 92
31 97
32 36
32 40
32 45
32 50
32 57
32 58
32 60
32 65
32 68
32 69
32 77
32 78
32 79
32 81
32 85
32 87
32 88
32 97
33 41
33 57
33 59
33 67
33 68
33 79
33 88
33 92
33 98
34 35
34 36
34 42
34 45
34 49
34 56
34 62
34 73
34 87
34 88
35 40
35 44
35 52
35 58
35 62
35 69
35 77
35 79
35 88
35 90
35 91
35 92
35 93
35 96
36 50
36 57
36 60
36 68
36 75
36 90
36 94
36 96
37 38
37 39
37 49
37 53
37 64
37 67
37 76
37 79
37 80
37 84
37 85
37 89
38 40
38 46
38 48
38 49
38 56
38 58
38 61
38 66
38 71
38 73
38 79
38 83
38 88
38 91
38 99
39 49
39 51
39 53
39 56
39 66
39 70
39 76
39 86
39 88
39 90
39 92
40 51
40 61
40 66
40 67
40 68
40 73
40 75
40 79
40 87
40 90
40 97
41 43
41 54
41 56
41 59
41 62
41 64
41 77
41 87
41 88
41 90
41 99
42 45
42 48
42 49
42 52
42 57
42 64
42 76
42 78
42 79
42 80
42 81
43 44
43 48
43 55
43 58
43 67
43 78
43 81
43 88
43 91
44 45
44 49
44 57
44 76
44 79
44 82
44 89
44 91
44 97
45 55
45 56
45 60
45 61
45 62
45 66
45 67
45 77
45 78
45 79
45 88
45 91
45 92
45 97
46 68
46 73
46 84
46 87
46 93
46 98
47 49
47 51
47 53
47 55
47 59
47 62
47 94
48 49
48 55
48 67
48 69
48 70
48 71
48 85
48 86
48 87
48 88
48 91
49 52
49 67
49 70
49 74
49 82
49 84
49 85
49 87
49 88
49 96
49 98
50 59
50 66
50 68
50 71
50 72
50 77
50 80
50 82
50 99
51 53
51 54
51 56
51 84
51 89
51 92
51 98
52 55
52 60
52 66
52 73
52 75
52 77
52 79
52 89
52 92
53 57
53 59
53 61
53 76
53 77
53 80
53 90
53 91
53 94
53 97
53 99
54 61
54 63
54 72
54 77
54 82
54 96
55 57
55 60
55 63
55 73
55 78
55 90
55 92
55 94
55 96
56 57
56 62
56 72
56 74
56 75
56 77
56 81
56 85
56 90
56 99
57 65
57 67
57 77
57 78
57 83
57 93
57 96
57 98
58 60
58 62
58 68
58 76
58 81
58 94
58 97
58 98
59 65
59 68
59 82
59 85
59 86
59 88
59 92
59 94
59 95
59 97
60 67
60 69
60 71
60 73
60 75
60 81
60 88
60 96
61 64
61 76
61 80
61 82
61 84
61 89
61 91
61 96
62 63
62 69
62 74
62 77
62 83
62 88
62 90
62 97
63 70
63 72
63 87
64 68
64 69
64 73
64 78
64 83
64 84
64 95
64 97
65 70
65 72
65 73
65 78
65 87
65 88
65 91
65 94
66 72
66 78
66 80
66 92
67 69
67 71
67 76
67 80
67 89
67 93
68 81
68 87
68 90
68 95
68 96
68 97
68 99
69 75
69 79
69 97
70 72
70 80
70 86
70 87
70 97
71 78
71 82
71 84
71 87
71 93
72 76
72 86
72 87
72 89
72 90
72 92
73 81
73 92
73 94
74 96
75 85
75 88
75 92
76 78
76 79
76 80
76 83
76 84
76 87
76 90
76 93
76 96
77 86
77 95
78 84
78 86
78 89
78 97
79 80
79 86
79 90
79 96
80 84
80 93
80 99
81 89
81 92
81 99
82 89
83 85
83 90
83 91
83 94
83 98
84 85
84 86
85 87
85 99
86 91
86 97
87 88
87 89
87 90
87 93
88 93
88 97
88 99
90 91
90 92
90 95
90 98
92 95
92 97
92 98
93 95
95 97
