0 6
0 7
0 8
0 9
0 10
0 11
0 15
0 16
0 22
0 23
0 24
0 26
0 27
0 28
0 29
0 30
0 32
0 33
0 34
0 35
0 37
0 38
0 39
0 40
0 41
0 42
0 44
0 45
0 46
0 47
0 48
0 49
0 51
0 53
0 54
0 57
0 58
0 63
0 64
0 65
0 66
0 68
0 74
0 75
0 76
0 77
0 79
0 80
0 81
0 83
0 84
0 85
0 86
0 89
0 90
0 91
0 93
0 94
0 95
0 97
0 98
0 99
1 4
1 5
1 6
1 8
1 9
1 11
1 12
1 13
1 14
1 15
1 16
1 17
1 19
1 20
1 22
1 24
1 25
1 26
1 27
1 28
1 29
1 31
1 36
1 37
1 38
1 39
1 42
1 45
1 46
1 47
1 48
1 49
1 51
1 52
1 56
1 58
1 60
1 63
1 64
1 65
1 72
1 73
1 74
1 75
1 76
1 77
1 78
1 79
1 80
1 82
1 85
1 87
1 91
1 92
1 93
1 95
1 96
1 98
1 99
2 5
2 7
2 9
2 10
2 11
2 15
2 19
2 20
2 21
2 22
2 24
2 25
2 26
2 27
2 28
2 29
2 30
2 34
2 35
2 36
2 37
2 38
2 39
2 40
2 44
2 45
2 46
2 47
2 48
2 49
2 53
2 57
2 58
2 60
2 61
2 62
2 63
2 64
2 65
2 66
2 67
2 70
2 71
2 73
2 74
2 78
2 79
2 81
2 83
2 84
2 85
2 86
2 87
2 88
2 89
2 90
2 91
2 95
2 96
2 98
3 4
3 5
3 8
3 9
3 10
3 11
3 12
3 13
3 14
3 16
3 17
3 18
3 19
3 20
3 22
3 23
3 24
3 28
3 33
3 35
3 38
3 41
3 42
3 43
3 46
3 48
3 49
3 52
3 54
3 55
3 56
3 57
3 59
3 60
3 62
3 65
3 67
3 68
3 69
3 70
3 72
3 73
3 74
3 75
3 76
3 77
3 80
3 81
3 82
3 83
3 84
3 86
3 89
3 92
3 95
3 96
4 5
4 6
4 9
4 10
4 11
4 12
4 14
4 17
4 18
4 19
4 20
4 21
4 22
4 23
4 25
4 27
4 28
4 31
4 34
4 35
4 38
4 40
4 41
4 44
4 46
4 47
4 48
4 51
4 52
4 53
4 54
4 55
4 58
4 59
4 60
4 62
4 63
4 64
4 65
4 67
4 70
4 71
4 74
4 76
4 77
4 78
4 79
4 80
4 81
4 82
4 83
4 85
4 86
4 87
4 88
4 89
4 90
4 92
4 93
4 97
4 98
5 7
5 8
5 10
5 13
5 15
5 18
5 20
5 21
5 22
5 23
5 24
5 25
5 26
5 27
5 28
5 31
5 32
5 36
5 38
5 39
5 41
5 44
5 46
5 48
5 49
5 51
5 52
5 54
5 55
5 56
5 57
5 58
5 59
5 60
5 61
5 62
5 63
5 66
5 67
5 69
5 70
5 71
5 72
5 74
5 75
5 76
5 77
5 78
5 80
5 81
5 82
5 84
5 86
5 87
5 88
5 89
5 95
5 98
5 99
6 8
6 9
6 10
6 11
6 14
6 16
6 17
6 18
6 19
6 20
6 25
6 27
6 28
6 29
6 30
6 32
6 33
6 34
6 35
6 36
6 38
6 41
6 44
6 46
6 48
6 49
6 50
6 53
6 54
6 56
6 59
6 60
6 61
6 63
6 65
6 67
6 68
6 69
6 70
6 71
6 72
6 73
6 76
6 78
6 80
6 81
6 82
6 85
6 86
6 88
6 89
6 90
6 91
6 93
6 94
6 99
7 8
7 9
7 11
7 12
7 13
7 15
7 16
7 23
7 24
7 25
7 27
7 29
7 30
7 31
7 32
7 33
7 35
7 37
7 38
7 39
7 40
7 43
7 44
7 45
7 47
7 49
7 50
7 53
7 54
7 56
7 59
7 62
7 63
7 64
7 67
7 68
7 69
7 70
7 71
7 72
7 73
7 76
7 79
7 82
7 85
7 86
7 88
7 90
7 91
7 93
7 94
7 97
7 98
8 9
8 10
8 11
8 13
8 16
8 17
8 18
8 19
8 20
8 22
8 23
8 25
8 27
8 28
8 29
8 30
8 31
8 33
8 36
8 40
8 42
8 44
8 46
8 48
8 49
8 56
8 57
8 58
8 59
8 61
8 64
8 65
8 67
8 68
8 73
8 74
8 75
8 76
8 77
8 78
8 85
8 88
8 90
8 91
8 93
8 94
8 96
8 97
8 98
8 99
9 10
9 11
9 14
9 15
9 16
9 20
9 23
9 26
9 27
9 28
9 29
9 31
9 32
9 33
9 36
9 38
9 39
9 40
9 41
9 43
9 44
9 45
9 47
9 49
9 50
9 51
9 52
9 53
9 54
9 55
9 56
9 58
9 59
9 60
9 61
9 62
9 64
9 65
9 68
9 69
9 72
9 73
9 74
9 76
9 78
9 79
9 81
9 84
9 85
9 86
9 87
9 89
9 92
9 93
9 94
9 96
9 97
9 98
9 99
10 11
10 12
10 13
10 14
10 20
10 23
10 27
10 29
10 30
10 31
10 32
10 34
10 39
10 40
10 42
10 43
10 44
10 45
10 46
10 47
10 49
10 50
10 53
10 56
10 58
10 59
10 60
10 62
10 63
10 65
10 67
10 71
10 74
10 75
10 76
10 77
10 78
10 79
10 80
10 81
10 82
10 83
10 86
10 87
10 90
10 91
10 92
10 93
10 94
10 95
10 96
10 98
10 99
11 12
11 13
11 14
11 15
11 18
11 19
11 20
11 22
11 24
11 25
11 26
11 30
11 31
11 32
11 33
11 34
11 37
11 38
11 41
11 42
11 43
11 44
11 47
11 49
11 50
11 52
11 53
11 55
11 56
11 57
11 58
11 59
11 60
11 61
11 63
11 64
11 65
11 69
11 70
11 71
11 72
11 76
11 77
11 78
11 79
11 80
11 81
11 82
11 83
11 87
11 89
11 92
11 94
11 96
11 97
11 98
12 17
12 18
12 19
12 20
12 21
12 22
12 24
12 25
12 26
12 27
12 28
12 30
12 34
12 37
12 38
12 40
12 41
12 42
12 44
12 46
12 49
12 52
12 53
12 54
12 55
12 56
12 57
12 59
12 60
12 61
12 62
12 64
12 66
12 67
12 71
12 72
12 79
12 80
12 82
12 83
12 84
12 86
12 87
12 88
12 90
12 91
12 92
12 94
12 97
12 99
13 16
13 18
13 22
13 23
13 26
13 27
13 28
13 29
13 32
13 34
13 36
13 38
13 39
13 41
13 42
13 44
13 47
13 48
13 49
13 53
13 54
13 55
13 56
13 58
13 59
13 60
13 61
13 62
13 63
13 64
13 65
13 66
13 69
13 70
13 71
13 72
13 74
13 76
13 77
13 78
13 79
13 80
13 81
13 82
13 84
13 85
13 86
13 88
13 89
13 90
13 91
13 92
13 93
13 94
13 95
13 96
13 97
14 15
14 16
14 17
14 19
14 20
14 23
14 25
14 28
14 29
14 32
14 33
14 34
14 35
14 36
14 39
14 40
14 41
14 42
14 43
14 44
14 45
14 47
14 51
14 52
14 53
14 54
14 55
14 56
14 57
14 59
14 61
14 62
14 63
14 65
14 66
14 67
14 68
14 69
14 70
14 72
14 74
14 75
14 76
14 77
14 79
14 80
14 81
14 82
14 84
14 86
14 88
14 89
14 90
14 91
14 92
14 94
14 96
14 98
14 99
15 17
15 22
15 23
15 24
15 28
15 30
15 31
15 32
15 35
15 38
15 39
15 40
15 43
15 44
15 45
15 46
15 47
15 48
15 50
15 51
15 53
15 58
15 59
15 60
15 62
15 63
15 64
15 66
15 67
15 68
15 71
15 77
15 79
15 80
15 82
15 90
15 91
15 92
15 95
15 98
15 99
16 19
16 21
16 22
16 23
16 24
16 26
16 28
16 30
16 31
16 33
16 34
16 39
16 40
16 41
16 42
16 51
16 55
16 56
16 58
16 60
16 65
16 66
16 68
16 70
16 73
16 74
16 78
16 79
16 80
16 81
16 82
16 83
16 86
16 88
16 89
16 91
16 92
16 93
16 95
16 96
16 97
16 98
16 99
17 18
17 19
17 20
17 22
17 26
17 29
17 31
17 34
17 36
17 37
17 38
17 40
17 46
17 51
17 52
17 53
17 54
17 57
17 59
17 60
17 62
17 63
17 65
17 68
17 70
17 71
17 72
17 76
17 77
17 82
17 83
17 85
17 86
17 88
17 90
17 91
17 92
17 93
17 94
17 95
17 96
17 99
18 19
18 20
18 21
18 22
18 24
18 25
18 26
18 27
18 28
18 29
18 30
18 31
18 32
18 33
18 35
18 36
18 37
18 39
18 40
18 41
18 43
18 45
18 46
18 47
18 50
18 51
18 53
18 54
18 55
18 57
18 59
18 61
18 62
18 63
18 64
18 65
18 66
18 68
18 69
18 70
18 71
18 75
18 77
18 82
18 85
18 86
18 87
18 88
18 89
18 90
18 93
18 94
18 98
18 99
19 21
19 23
19 31
19 32
19 33
19 34
19 35
19 36
19 37
19 41
19 42
19 45
19 46
19 47
19 49
19 53
19 56
19 57
19 59
19 61
19 62
19 63
19 65
19 69
19 71
19 73
19 74
19 76
19 77
19 79
19 80
19 82
19 84
19 88
19 89
19 90
19 91
19 93
19 95
19 97
19 99
20 22
20 23
20 24
20 25
20 26
20 31
20 32
20 33
20 34
20 37
20 39
20 40
20 41
20 42
20 43
20 44
20 46
20 47
20 49
20 52
20 54
20 56
20 58
20 59
20 60
20 61
20 62
20 63
20 64
20 75
20 78
20 79
20 81
20 83
20 84
20 85
20 86
20 87
20 88
20 91
20 92
20 93
20 94
20 95
20 96
20 98
20 99
21 22
21 23
21 24
21 25
21 26
21 28
21 29
21 31
21 33
21 35
21 36
21 38
21 39
21 40
21 42
21 43
21 44
21 45
21 46
21 48
21 49
21 50
21 51
21 52
21 53
21 54
21 55
21 58
21 60
21 61
21 65
21 67
21 68
21 70
21 72
21 74
21 75
21 76
21 77
21 78
21 79
21 80
21 81
21 84
21 85
21 87
21 92
21 99
22 24
22 25
22 26
22 27
22 28
22 31
22 32
22 33
22 38
22 42
22 43
22 44
22 47
22 49
22 51
22 54
22 55
22 56
22 61
22 62
22 63
22 65
22 68
22 70
22 71
22 72
22 73
22 75
22 79
22 80
22 82
22 83
22 84
22 86
22 89
22 90
22 92
22 93
22 94
22 96
22 99
23 25
23 26
23 27
23 29
23 30
23 32
23 33
23 34
23 36
23 37
23 38
23 39
23 40
23 41
23 43
23 44
23 46
23 47
23 48
23 50
23 51
23 54
23 56
23 57
23 58
23 59
23 60
23 62
23 64
23 67
23 71
23 72
23 74
23 77
23 78
23 82
23 84
23 87
23 89
23 90
23 91
23 92
23 93
23 94
23 96
23 97
23 99
24 25
24 26
24 27
24 32
24 33
24 34
24 36
24 38
24 39
24 42
24 43
24 44
24 46
24 47
24 49
24 50
24 54
24 57
24 58
24 61
24 62
24 63
24 64
24 65
24 72
24 73
24 74
24 75
24 77
24 78
24 79
24 80
24 81
24 82
24 84
24 85
24 86
24 87
24 88
24 89
24 90
24 91
24 92
24 94
24 95
24 96
24 97
24 98
24 99
25 26
25 27
25 30
25 32
25 33
25 35
25 36
25 38
25 39
25 43
25 45
25 47
25 52
25 53
25 55
25 56
25 61
25 62
25 64
25 65
25 66
25 67
25 68
25 69
25 72
25 74
25 76
25 77
25 78
25 79
25 80
25 81
25 82
25 83
25 85
25 86
25 87
25 88
25 93
25 94
25 95
25 96
25 97
25 99
26 27
26 28
26 29
26 32
26 33
26 34
26 36
26 37
26 38
26 40
26 41
26 42
26 43
26 46
26 49
26 51
26 53
26 55
26 56
26 58
26 59
26 60
26 63
26 64
26 66
26 67
26 69
26 72
26 73
26 74
26 75
26 76
26 77
26 78
26 79
26 80
26 81
26 83
26 84
26 86
26 89
26 90
26 91
26 92
26 93
26 94
26 95
26 96
26 97
26 98
27 29
27 31
27 32
27 37
27 41
27 43
27 45
27 48
27 49
27 55
27 57
27 59
27 61
27 62
27 63
27 65
27 67
27 71
27 72
27 73
27 76
27 77
27 80
27 81
27 83
27 85
27 86
27 87
27 88
27 92
27 93
27 95
27 96
27 97
27 98
27 99
28 29
28 31
28 32
28 34
28 35
28 37
28 38
28 39
28 40
28 41
28 42
28 43
28 44
28 45
28 46
28 47
28 48
28 49
28 50
28 54
28 55
28 56
28 57
28 61
28 62
28 63
28 64
28 65
28 66
28 67
28 69
28 70
28 71
28 72
28 74
28 77
28 81
28 83
28 86
28 90
28 94
28 95
28 96
28 99
29 30
29 31
29 35
29 37
29 38
29 40
29 43
29 44
29 46
29 48
29 50
29 51
29 53
29 57
29 61
29 63
29 64
29 65
29 66
29 69
29 71
29 72
29 73
29 74
29 75
29 76
29 77
29 78
29 80
29 83
29 84
29 86
29 87
29 93
29 95
29 96
29 98
30 31
30 33
30 35
30 36
30 37
30 38
30 40
30 41
30 44
30 45
30 46
30 47
30 48
30 50
30 54
30 57
30 61
30 62
30 63
30 64
30 65
30 66
30 67
30 68
30 70
30 73
30 76
30 77
30 78
30 79
30 80
30 83
30 84
30 85
30 86
30 88
30 92
30 93
30 95
30 96
30 97
30 98
31 32
31 35
31 39
31 40
31 41
31 42
31 47
31 48
31 49
31 50
31 51
31 52
31 56
31 57
31 59
31 60
31 61
31 64
31 65
31 66
31 67
31 69
31 71
31 72
31 73
31 74
31 75
31 76
31 78
31 79
31 80
31 83
31 85
31 86
31 87
31 89
31 90
31 92
31 97
31 99
32 36
32 37
32 38
32 39
32 40
32 41
32 42
32 43
32 44
32 46
32 47
32 48
32 49
32 51
32 52
32 53
32 54
32 55
32 57
32 58
32 59
32 62
32 64
32 65
32 66
32 67
32 68
32 71
32 72
32 78
32 79
32 80
32 82
32 88
32 90
32 91
32 92
32 94
32 96
32 98
33 34
33 35
33 36
33 38
33 39
33 42
33 44
33 45
33 46
33 51
33 52
33 53
33 54
33 55
33 56
33 57
33 60
33 61
33 62
33 64
33 66
33 69
33 70
33 71
33 72
33 73
33 74
33 76
33 77
33 78
33 79
33 80
33 83
33 84
33 85
33 87
33 88
33 89
33 93
33 94
33 96
33 97
33 98
34 36
34 40
34 43
34 45
34 48
34 49
34 54
34 57
34 58
34 59
34 61
34 63
34 64
34 65
34 66
34 68
34 69
34 70
34 72
34 73
34 75
34 76
34 77
34 79
34 81
34 82
34 83
34 86
34 87
34 88
34 90
34 93
34 96
34 97
34 98
34 99
35 36
35 37
35 38
35 40
35 42
35 43
35 45
35 46
35 50
35 51
35 53
35 54
35 57
35 58
35 59
35 60
35 64
35 67
35 71
35 73
35 74
35 77
35 78
35 81
35 83
35 86
35 87
35 90
35 91
35 93
35 95
35 98
35 99
36 37
36 39
36 42
36 43
36 45
36 46
36 50
36 51
36 52
36 53
36 54
36 55
36 58
36 62
36 64
36 65
36 66
36 67
36 68
36 69
36 74
36 76
36 77
36 78
36 80
36 81
36 82
36 83
36 84
36 90
36 93
36 94
36 96
36 97
37 38
37 39
37 40
37 41
37 42
37 43
37 44
37 46
37 47
37 49
37 51
37 52
37 53
37 55
37 56
37 57
37 58
37 59
37 63
37 64
37 66
37 67
37 68
37 69
37 71
37 73
37 75
37 76
37 77
37 78
37 80
37 81
37 84
37 87
37 88
37 90
37 91
37 93
37 94
37 95
37 96
37 97
38 40
38 41
38 44
38 45
38 46
38 47
38 49
38 50
38 51
38 53
38 57
38 59
38 61
38 64
38 66
38 68
38 70
38 72
38 74
38 76
38 77
38 78
38 81
38 83
38 84
38 85
38 86
38 87
38 88
38 89
38 90
38 92
38 93
38 94
38 97
39 40
39 41
39 42
39 45
39 46
39 48
39 49
39 51
39 52
39 53
39 54
39 55
39 57
39 59
39 60
39 61
39 64
39 69
39 74
39 76
39 77
39 79
39 81
39 83
39 84
39 87
39 88
39 89
39 91
39 93
39 97
39 98
39 99
40 41
40 42
40 43
40 44
40 45
40 48
40 51
40 56
40 57
40 58
40 59
40 60
40 62
40 63
40 64
40 65
40 67
40 68
40 71
40 73
40 74
40 77
40 78
40 81
40 83
40 84
40 87
40 88
40 92
40 93
40 94
40 96
40 97
40 98
41 42
41 43
41 46
41 47
41 48
41 50
41 53
41 55
41 56
41 59
41 60
41 61
41 62
41 64
41 66
41 67
41 68
41 69
41 71
41 73
41 75
41 76
41 77
41 78
41 79
41 81
41 82
41 84
41 86
41 87
41 88
41 89
41 91
41 92
41 94
41 96
41 97
41 99
42 43
42 45
42 50
42 53
42 55
42 57
42 61
42 62
42 63
42 66
42 68
42 69
42 71
42 72
42 73
42 75
42 76
42 77
42 78
42 79
42 81
42 82
42 83
42 84
42 85
42 88
42 90
42 91
42 93
42 94
42 95
42 98
42 99
43 44
43 45
43 46
43 47
43 52
43 53
43 54
43 55
43 56
43 58
43 59
43 61
43 62
43 63
43 65
43 67
43 68
43 69
43 70
43 72
43 73
43 74
43 76
43 77
43 78
43 80
43 84
43 85
43 86
43 87
43 88
43 89
43 92
43 93
43 94
43 96
43 98
43 99
44 45
44 47
44 49
44 50
44 51
44 53
44 56
44 58
44 59
44 62
44 63
44 65
44 66
44 68
44 69
44 72
44 74
44 77
44 81
44 82
44 84
44 85
44 86
44 89
44 90
44 95
44 96
44 98
45 46
45 49
45 50
45 54
45 55
45 57
45 59
45 61
45 63
45 66
45 67
45 68
45 70
45 71
45 74
45 75
45 76
45 79
45 80
45 83
45 84
45 85
45 86
45 87
45 88
45 90
45 91
45 92
45 93
45 94
45 96
45 97
45 98
45 99
46 48
46 49
46 50
46 51
46 54
46 55
46 56
46 57
46 58
46 60
46 61
46 63
46 65
46 66
46 67
46 69
46 70
46 72
46 73
46 74
46 75
46 76
46 78
46 79
46 80
46 81
46 83
46 84
46 85
46 86
46 87
46 88
46 90
46 94
46 96
46 97
46 99
47 48
47 55
47 56
47 57
47 59
47 60
47 61
47 66
47 68
47 69
47 70
47 71
47 76
47 78
47 79
47 80
47 81
47 86
47 87
47 88
47 89
47 90
47 93
47 95
47 99
48 49
48 51
48 52
48 53
48 54
48 56
48 57
48 58
48 59
48 64
48 66
48 67
48 68
48 69
48 70
48 72
48 74
48 76
48 77
48 79
48 82
48 83
48 84
48 85
48 86
48 87
48 88
48 89
48 91
48 92
48 93
48 95
48 96
49 50
49 51
49 52
49 54
49 57
49 58
49 61
49 62
49 63
49 64
49 69
49 70
49 71
49 73
49 75
49 76
49 78
49 79
49 81
49 88
49 89
49 90
49 91
49 92
49 93
49 94
49 96
49 97
49 99
50 52
50 53
50 54
50 55
50 58
50 59
50 60
50 64
50 65
50 66
50 67
50 69
50 70
50 73
50 74
50 76
50 77
50 80
50 81
50 82
50 83
50 84
50 85
50 87
50 89
50 91
50 93
50 94
50 98
50 99
51 52
51 53
51 55
51 57
51 59
51 61
51 63
51 64
51 65
51 66
51 68
51 69
51 70
51 71
51 76
51 78
51 79
51 80
51 81
51 83
51 84
51 85
51 86
51 87
51 88
51 89
51 90
51 91
51 92
51 93
51 95
51 99
52 55
52 57
52 58
52 59
52 62
52 65
52 70
52 74
52 76
52 77
52 79
52 84
52 85
52 86
52 88
52 90
52 93
52 95
52 98
53 55
53 56
53 58
53 59
53 62
53 63
53 64
53 65
53 66
53 68
53 69
53 71
53 72
53 75
53 76
53 77
53 78
53 80
53 82
53 83
53 84
53 86
53 88
53 89
53 92
53 94
53 96
53 97
53 98
54 56
54 57
54 60
54 61
54 62
54 64
54 66
54 67
54 68
54 69
54 70
54 71
54 72
54 73
54 75
54 77
54 78
54 81
54 82
54 86
54 89
54 90
54 91
54 92
54 95
54 96
55 56
55 57
55 58
55 59
55 61
55 62
55 64
55 65
55 66
55 67
55 69
55 70
55 73
55 75
55 76
55 77
55 79
55 80
55 82
55 85
55 86
55 87
55 88
55 89
55 90
55 92
55 93
55 94
55 95
55 96
55 97
56 59
56 61
56 64
56 66
56 67
56 68
56 69
56 70
56 71
56 72
56 73
56 74
56 76
56 78
56 79
56 80
56 82
56 83
56 85
56 86
56 90
56 91
56 92
56 93
56 94
56 96
56 98
56 99
57 58
57 59
57 61
57 62
57 63
57 67
57 68
57 69
57 71
57 72
57 73
57 74
57 75
57 76
57 77
57 79
57 81
57 83
57 85
57 86
57 88
57 89
57 90
57 93
57 94
57 95
57 96
57 97
57 99
58 60
58 61
58 62
58 65
58 66
58 72
58 74
58 75
58 76
58 77
58 80
58 81
58 82
58 83
58 84
58 85
58 86
58 87
58 88
58 91
58 93
58 94
58 97
58 98
58 99
59 61
59 62
59 63
59 64
59 65
59 66
59 68
59 70
59 73
59 74
59 75
59 77
59 80
59 81
59 82
59 84
59 85
59 89
59 92
59 93
59 95
59 96
59 97
60 62
60 63
60 65
60 67
60 68
60 69
60 71
60 73
60 74
60 78
60 80
60 82
60 84
60 85
60 86
60 88
60 89
60 90
60 91
60 92
60 93
60 94
60 95
60 96
60 97
60 99
61 62
61 64
61 66
61 67
61 68
61 69
61 70
61 71
61 72
61 73
61 74
61 75
61 76
61 79
61 80
61 81
61 82
61 84
61 87
61 88
61 89
61 90
61 92
61 93
61 94
61 95
61 96
61 97
61 99
62 66
62 69
62 70
62 72
62 75
62 76
62 81
62 82
62 83
62 86
62 89
62 90
62 91
62 94
62 95
62 96
62 98
62 99
63 64
63 66
63 68
63 77
63 78
63 79
63 82
63 83
63 84
63 85
63 86
63 87
63 89
63 91
63 94
63 95
63 96
63 98
64 65
64 66
64 68
64 69
64 70
64 72
64 75
64 77
64 78
64 82
64 83
64 85
64 86
64 87
64 90
64 91
64 93
64 94
64 95
64 97
64 98
64 99
65 67
65 68
65 69
65 72
65 74
65 75
65 76
65 77
65 78
65 83
65 84
65 85
65 86
65 87
65 88
65 89
65 90
65 91
65 92
65 93
65 94
65 95
65 96
65 97
65 98
65 99
66 67
66 68
66 69
66 70
66 71
66 73
66 78
66 82
66 83
66 87
66 90
66 97
66 99
67 68
67 73
67 74
67 78
67 79
67 82
67 83
67 86
67 88
67 89
67 91
67 92
67 93
67 95
67 97
67 98
67 99
68 69
68 75
68 76
68 77
68 78
68 81
68 83
68 86
68 87
68 88
68 89
68 90
68 96
68 97
69 70
69 71
69 72
69 73
69 74
69 80
69 81
69 82
69 83
69 86
69 90
69 91
69 92
69 94
69 95
69 96
69 97
69 98
69 99
70 72
70 73
70 74
70 76
70 77
70 78
70 79
70 80
70 81
70 83
70 85
70 87
70 90
70 92
70 94
70 95
70 96
71 72
71 73
71 74
71 75
71 77
71 79
71 80
71 81
71 84
71 85
71 86
71 87
71 88
71 90
71 92
71 93
71 94
71 95
72 74
72 75
72 76
72 77
72 79
72 81
72 82
72 84
72 85
72 86
72 87
72 88
72 92
72 93
72 94
72 97
72 98
73 74
73 75
73 76
73 77
73 79
73 82
73 86
73 88
73 89
73 92
73 93
73 94
73 96
73 98
74 76
74 84
74 90
74 91
74 92
74 95
74 97
74 98
75 76
75 78
75 79
75 82
75 84
75 86
75 88
75 89
75 91
75 92
75 98
76 79
76 82
76 83
76 84
76 85
76 87
76 88
76 89
76 90
76 91
76 93
76 94
76 95
76 96
76 97
77 78
77 80
77 81
77 82
77 83
77 85
77 88
77 89
77 91
77 92
77 93
77 95
77 96
77 98
78 79
78 82
78 83
78 84
78 85
78 87
78 88
78 89
78 90
78 91
78 93
78 94
78 95
78 97
78 99
79 85
79 87
79 89
79 90
79 91
79 94
79 97
79 98
79 99
80 81
80 82
80 83
80 84
80 85
80 86
80 88
80 90
80 93
80 94
80 95
80 97
81 84
81 85
81 86
81 87
81 88
81 89
81 91
81 92
81 93
81 94
81 95
81 96
81 97
81 99
82 84
82 85
82 86
82 87
82 88
82 89
82 90
82 93
82 96
82 98
83 84
83 85
83 88
83 90
83 91
83 95
83 96
83 98
84 91
84 95
84 96
84 97
84 98
84 99
85 86
85 89
85 92
85 94
85 95
85 96
85 97
85 98
86 87
86 88
86 89
86 90
86 96
86 98
86 99
87 93
87 95
87 96
87 97
88 89
88 93
88 94
88 95
88 97
88 98
89 90
89 92
89 93
89 95
89 97
89 99
90 92
90 94
90 95
90 96
90 98
91 93
91 96
91 97
91 98
91 99
92 93
92 96
92 98
93 94
93 95
93 96
93 98
94 97
94 98
95 96
95 99
96 97
96 98
96 99
