0 4
0 9
0 10
0 12
0 17
0 20
0 22
0 31
0 40
0 43
0 47
0 48
0 49
0 52
0 60
0 62
0 69
0 80
0 94
0 96
0 98
1 2
1 12
1 21
1 31
1 32
1 35
1 40
1 50
1 64
1 75
1 77
1 79
1 81
1 82
1 90
1 93
2 5
2 6
2 11
2 23
2 24
2 27
2 28
2 40
2 41
2 48
2 55
2 56
2 68
2 73
2 76
2 77
2 79
2 89
2 90
2 93
3 4
3 5
3 12
3 15
3 26
3 31
3 32
3 33
3 39
3 47
3 49
3 51
3 54
3 65
3 71
3 73
3 77
3 81
3 83
3 91
3 93
4 7
4 8
4 18
4 23
4 24
4 25
4 30
4 35
4 36
4 40
4 42
4 47
4 55
4 61
4 64
4 66
4 75
4 91
4 95
4 96
5 8
5 14
5 21
5 25
5 44
5 51
5 52
5 53
5 57
5 58
5 61
5 68
5 81
5 94
6 10
6 15
6 16
6 18
6 24
6 29
6 31
6 32
6 39
6 44
6 45
6 47
6 51
6 58
6 61
6 66
6 67
6 69
6 71
6 73
6 74
6 76
6 90
6 95
6 97
7 8
7 9
7 10
7 14
7 18
7 20
7 21
7 23
7 34
7 39
7 43
7 45
7 46
7 51
7 53
7 56
7 60
7 63
7 74
7 78
7 79
7 88
7 99
8 15
8 16
8 18
8 22
8 25
8 27
8 30
8 34
8 38
8 45
8 61
8 62
8 66
8 71
8 72
8 73
8 80
8 81
8 83
8 85
8 89
8 90
8 99
9 15
9 25
9 37
9 39
9 40
9 53
9 54
9 55
9 58
9 67
9 77
9 80
9 81
9 82
9 86
9 89
9 95
9 97
10 11
10 15
10 20
10 31
10 39
10 41
10 46
10 47
10 52
10 53
10 54
10 57
10 64
10 67
10 68
10 69
10 70
10 74
10 95
10 97
11 16
11 17
11 22
11 28
11 32
11 34
11 42
11 59
11 63
11 64
11 70
11 77
11 78
11 89
11 94
12 16
12 31
12 40
12 44
12 62
12 65
12 66
12 70
12 81
12 82
12 92
12 93
12 98
12 99
13 21
13 24
13 27
13 37
13 59
13 70
13 80
13 85
13 88
14 17
14 23
14 34
14 53
14 67
14 70
14 78
14 82
14 87
14 90
14 93
14 99
15 16
15 21
15 28
15 36
15 45
15 49
15 50
15 55
15 57
15 59
15 61
15 62
15 70
15 75
15 83
15 92
15 98
16 19
16 28
16 29
16 37
16 44
16 45
16 46
16 50
16 51
16 53
16 55
16 57
16 68
16 71
16 82
16 92
16 93
16 98
17 19
17 21
17 23
17 27
17 30
17 36
17 38
17 40
17 44
17 45
17 47
17 50
17 51
17 52
17 55
17 61
17 63
17 73
17 82
17 90
17 92
17 94
18 23
18 34
18 52
18 54
18 58
18 63
18 66
18 67
18 71
18 82
19 22
19 24
19 25
19 27
19 28
19 30
19 32
19 41
19 43
19 44
19 46
19 52
19 55
19 57
19 72
19 73
19 75
19 84
19 85
19 91
19 95
19 97
20 24
20 25
20 26
20 32
20 34
20 37
20 54
20 56
20 59
20 64
20 67
20 73
20 88
20 92
20 94
20 99
21 27
21 36
21 41
21 50
21 52
21 58
21 60
21 65
21 68
21 74
21 75
21 76
21 78
21 80
21 83
21 84
21 91
21 92
21 94
22 33
22 36
22 40
22 41
22 52
22 53
22 57
22 58
22 64
22 67
22 77
22 79
22 99
23 30
23 31
23 32
23 35
23 37
23 53
23 54
23 55
23 58
23 59
23 60
23 64
23 74
23 75
23 76
23 80
23 83
23 86
23 93
24 43
24 46
24 51
24 59
24 60
24 63
24 70
24 71
24 74
24 80
24 85
24 87
24 94
24 97
24 99
25 40
25 41
25 48
25 49
25 52
25 61
25 68
25 70
25 75
25 76
25 78
25 88
25 97
25 99
26 45
26 47
26 48
26 56
26 59
26 64
26 74
26 78
26 81
26 82
26 84
26 85
26 87
26 91
26 98
27 30
27 48
27 56
27 62
27 74
27 78
27 82
27 84
27 85
27 89
27 96
28 35
28 38
28 41
28 51
28 54
28 59
28 65
28 66
28 67
28 68
28 69
28 80
28 86
28 89
28 93
28 94
28 98
28 99
29 30
29 35
29 37
29 39
29 49
29 54
29 69
29 70
29 75
29 79
29 80
29 83
29 89
29 96
29 99
30 33
30 40
30 43
30 44
30 48
30 49
30 56
30 60
30 63
30 67
30 70
30 80
30 84
30 87
30 90
30 92
31 41
31 44
31 48
31 61
31 63
31 67
31 77
31 98
31 99
32 35
32 39
32 40
32 42
32 51
32 52
32 54
32 59
32 62
32 64
32 68
32 72
32 83
32 88
32 91
32 99
33 39
33 52
33 53
33 58
33 64
33 66
33 67
33 78
33 79
33 84
33 89
33 90
33 99
34 42
34 48
34 52
34 53
34 57
34 61
34 64
34 65
34 76
34 77
34 84
34 86
34 92
34 95
34 96
34 98
34 99
35 37
35 45
35 46
35 48
35 56
35 65
35 73
35 75
35 81
35 85
35 88
35 93
35 97
35 98
36 51
36 53
36 56
36 57
36 58
36 61
36 64
36 68
36 74
36 77
36 80
36 83
36 90
36 92
36 93
36 94
37 51
37 62
37 65
37 72
37 76
37 77
37 88
37 89
37 93
38 41
38 46
38 47
38 59
38 63
38 67
38 71
38 80
38 87
38 90
38 96
39 42
39 47
39 56
39 58
39 62
39 65
39 75
39 86
39 87
39 91
39 95
39 97
40 47
40 48
40 56
40 58
40 60
40 62
40 66
40 68
40 78
40 81
40 84
40 90
40 92
40 96
41 42
41 47
41 82
41 85
41 89
41 91
41 97
42 49
42 62
42 69
42 83
43 44
43 53
43 55
43 60
43 71
43 81
43 86
43 89
43 99
44 59
44 64
44 73
44 74
44 80
44 83
44 89
44 90
44 92
44 96
45 47
45 50
45 72
45 74
45 78
45 80
45 82
45 90
45 93
45 96
45 97
46 48
46 52
46 53
46 58
46 60
46 78
46 79
46 80
46 88
47 50
47 51
47 58
47 64
47 74
47 78
47 80
47 81
47 83
47 94
48 66
48 75
48 76
48 78
48 82
48 91
48 95
49 52
49 60
49 63
49 64
49 66
49 67
49 83
49 89
49 90
49 91
49 96
50 56
50 58
50 70
50 81
50 87
50 90
50 93
50 94
51 53
51 55
51 58
51 68
51 70
51 71
51 73
51 77
51 81
51 83
51 85
51 90
51 99
52 63
52 68
52 72
52 76
52 77
52 80
52 82
52 92
52 93
53 56
53 62
53 73
53 79
53 93
53 99
54 55
54 60
54 67
54 71
54 83
54 91
54 93
55 57
55 58
55 62
55 63
55 74
55 77
55 97
55 99
56 61
56 64
56 71
56 78
56 85
56 87
56 88
56 95
57 59
57 62
57 65
57 68
57 70
58 64
58 66
58 68
58 87
58 89
58 97
59 63
59 67
59 74
59 92
59 98
60 63
60 69
60 72
60 83
61 62
61 71
61 74
61 76
61 85
61 91
61 92
61 93
61 99
62 69
62 71
62 80
62 85
62 88
62 91
62 95
63 66
63 68
63 69
63 72
63 74
63 75
63 79
63 82
63 90
63 93
63 94
63 95
64 67
64 69
64 71
64 82
64 86
64 87
64 91
65 66
65 67
65 76
65 81
65 82
65 86
65 87
65 94
65 97
65 98
66 74
66 83
66 87
66 94
66 97
67 74
67 77
67 79
67 83
67 85
67 91
67 94
67 99
68 69
68 71
68 73
68 86
68 90
68 99
69 70
69 71
69 73
69 77
69 86
69 92
69 93
69 94
70 74
70 76
70 84
70 91
70 95
71 72
71 73
71 80
71 88
71 94
71 96
72 81
72 96
72 99
73 75
73 87
73 88
73 89
73 93
74 81
74 84
74 91
74 92
74 94
75 77
75 78
75 81
75 82
75 90
75 97
76 83
76 84
76 86
76 87
76 97
77 78
77 79
77 80
77 91
77 92
77 95
77 96
78 88
78 91
78 92
78 96
79 96
79 98
80 84
80 90
80 93
80 94
80 96
81 82
81 83
81 84
81 86
81 90
81 94
82 85
82 86
84 94
84 98
85 94
85 99
86 89
86 91
86 96
87 88
87 89
87 99
88 92
88 93
88 96
88 97
88 98
89 91
90 94
90 98
94 98
95 98
98 99
