0 5
0 9
0 10
0 11
0 12
0 13
0 16
0 17
0 19
0 23
0 28
0 29
0 30
0 31
0 32
0 40
0 41
0 42
0 45
0 47
0 52
0 54
0 57
0 61
0 62
0 63
0 67
0 68
0 69
0 71
0 76
0 77
0 81
0 82
0 83
0 87
0 88
0 89
0 91
0 92
0 93
0 95
0 97
0 98
1 2
1 4
1 7
1 8
1 10
1 12
1 13
1 14
1 16
1 18
1 23
1 26
1 28
1 29
1 30
1 31
1 32
1 34
1 35
1 39
1 41
1 42
1 43
1 44
1 45
1 49
1 53
1 55
1 58
1 62
1 64
1 65
1 66
1 67
1 68
1 69
1 70
1 72
1 73
1 74
1 75
1 78
1 79
1 80
1 83
1 86
1 89
1 90
1 92
1 94
1 96
1 98
1 99
2 3
2 4
2 5
2 6
2 7
2 8
2 9
2 13
2 14
2 15
2 19
2 20
2 24
2 26
2 27
2 28
2 29
2 30
2 32
2 33
2 36
2 37
2 39
2 41
2 43
2 44
2 46
2 47
2 49
2 50
2 51
2 56
2 57
2 60
2 63
2 64
2 65
2 66
2 72
2 77
2 78
2 80
2 81
2 82
2 84
2 85
2 87
2 88
2 89
2 92
2 93
2 96
2 99
3 4
3 6
3 8
3 9
3 10
3 12
3 13
3 14
3 15
3 18
3 20
3 22
3 25
3 26
3 27
3 29
3 33
3 34
3 35
3 36
3 39
3 42
3 43
3 45
3 46
3 48
3 50
3 52
3 53
3 55
3 57
3 58
3 66
3 67
3 70
3 72
3 75
3 76
3 80
3 82
3 83
3 85
3 86
3 92
3 93
3 94
3 97
3 98
4 5
4 9
4 12
4 13
4 14
4 23
4 24
4 25
4 30
4 32
4 33
4 34
4 38
4 41
4 43
4 47
4 48
4 51
4 54
4 55
4 58
4 61
4 62
4 64
4 65
4 66
4 67
4 69
4 70
4 73
4 74
4 76
4 77
4 79
4 81
4 82
4 83
4 84
4 85
4 86
4 87
4 88
4 89
4 92
4 93
4 94
4 95
4 99
5 6
5 7
5 10
5 16
5 21
5 22
5 26
5 29
5 31
5 32
5 34
5 35
5 36
5 40
5 42
5 44
5 47
5 49
5 52
5 54
5 55
5 56
5 59
5 60
5 61
5 62
5 65
5 69
5 73
5 74
5 77
5 81
5 84
5 85
5 86
5 92
5 94
5 95
5 96
5 97
5 98
6 7
6 8
6 11
6 12
6 17
6 20
6 24
6 26
6 33
6 35
6 38
6 42
6 43
6 44
6 46
6 47
6 48
6 50
6 52
6 53
6 55
6 56
6 58
6 59
6 64
6 70
6 73
6 74
6 76
6 78
6 79
6 80
6 81
6 84
6 85
6 86
6 88
6 90
6 91
6 92
6 95
6 96
6 99
7 9
7 10
7 12
7 15
7 16
7 19
7 20
7 23
7 24
7 25
7 30
7 32
7 33
7 35
7 36
7 37
7 39
7 42
7 43
7 44
7 46
7 49
7 50
7 51
7 54
7 55
7 56
7 57
7 60
7 61
7 62
7 64
7 65
7 66
7 67
7 71
7 72
7 73
7 76
7 82
7 83
7 85
7 86
7 87
7 91
7 92
7 95
7 96
7 98
8 9
8 10
8 11
8 12
8 13
8 14
8 16
8 17
8 18
8 20
8 21
8 22
8 23
8 24
8 25
8 26
8 27
8 28
8 29
8 30
8 31
8 33
8 34
8 36
8 37
8 41
8 42
8 43
8 51
8 54
8 55
8 57
8 58
8 59
8 62
8 64
8 67
8 69
8 72
8 73
8 74
8 77
8 79
8 80
8 81
8 83
8 88
8 95
8 97
9 13
9 15
9 17
9 18
9 20
9 21
9 24
9 25
9 26
9 28
9 31
9 35
9 37
9 38
9 44
9 45
9 48
9 55
9 56
9 57
9 58
9 60
9 62
9 63
9 64
9 70
9 71
9 72
9 73
9 74
9 80
9 81
9 83
9 85
9 86
9 87
9 90
9 91
9 92
9 96
9 99
10 11
10 12
10 13
10 18
10 19
10 20
10 21
10 24
10 27
10 29
10 31
10 32
10 33
10 36
10 38
10 39
10 40
10 42
10 43
10 44
10 46
10 47
10 48
10 51
10 52
10 54
10 55
10 57
10 58
10 62
10 63
10 64
10 66
10 67
10 68
10 70
10 76
10 78
10 80
10 82
10 83
10 84
10 85
10 86
10 87
10 89
10 91
10 94
10 95
10 97
11 13
11 15
11 18
11 21
11 22
11 25
11 26
11 27
11 30
11 32
11 33
11 34
11 36
11 38
11 42
11 48
11 49
11 50
11 52
11 53
11 55
11 56
11 57
11 58
11 59
11 60
11 61
11 63
11 66
11 67
11 68
11 69
11 71
11 74
11 76
11 78
11 82
11 84
11 85
11 87
11 88
11 90
11 93
11 96
11 98
12 14
12 15
12 18
12 19
12 20
12 22
12 25
12 26
12 29
12 30
12 32
12 34
12 35
12 38
12 41
12 45
12 47
12 49
12 50
12 53
12 55
12 56
12 62
12 63
12 65
12 66
12 68
12 71
12 74
12 75
12 78
12 79
12 80
12 84
12 88
12 90
12 91
12 95
12 96
12 97
12 98
12 99
13 14
13 16
13 20
13 21
13 27
13 28
13 29
13 32
13 33
13 34
13 35
13 38
13 39
13 40
13 42
13 43
13 44
13 45
13 46
13 48
13 50
13 51
13 53
13 56
13 59
13 61
13 62
13 64
13 65
13 69
13 70
13 72
13 74
13 75
13 76
13 78
13 80
13 85
13 87
13 93
13 94
13 96
13 97
13 98
14 16
14 17
14 18
14 20
14 21
14 23
14 24
14 26
14 27
14 29
14 32
14 33
14 34
14 42
14 43
14 44
14 45
14 46
14 48
14 49
14 51
14 58
14 61
14 63
14 64
14 65
14 68
14 71
14 73
14 75
14 77
14 79
14 82
14 83
14 84
14 95
14 97
14 98
15 17
15 18
15 19
15 20
15 21
15 22
15 24
15 29
15 31
15 32
15 35
15 37
15 40
15 44
15 45
15 47
15 48
15 51
15 52
15 53
15 54
15 56
15 60
15 61
15 62
15 63
15 69
15 73
15 76
15 79
15 80
15 81
15 84
15 87
15 88
15 89
15 91
15 92
15 94
15 97
15 98
16 19
16 21
16 27
16 28
16 29
16 33
16 34
16 37
16 38
16 41
16 44
16 45
16 49
16 52
16 58
16 59
16 60
16 61
16 63
16 64
16 66
16 67
16 68
16 71
16 73
16 74
16 75
16 77
16 78
16 79
16 80
16 84
16 87
16 89
16 90
16 91
16 95
16 98
16 99
17 19
17 23
17 24
17 27
17 28
17 30
17 33
17 35
17 36
17 38
17 40
17 41
17 42
17 45
17 46
17 53
17 54
17 55
17 56
17 57
17 58
17 59
17 62
17 63
17 65
17 66
17 71
17 75
17 77
17 78
17 79
17 80
17 81
17 82
17 83
17 86
17 90
17 91
17 92
17 94
17 96
17 97
17 98
18 21
18 24
18 26
18 27
18 30
18 32
18 34
18 36
18 40
18 42
18 44
18 45
18 48
18 51
18 53
18 55
18 56
18 59
18 62
18 63
18 65
18 70
18 72
18 74
18 75
18 77
18 80
18 84
18 85
18 86
18 88
18 89
18 91
18 92
18 93
19 21
19 22
19 23
19 24
19 27
19 30
19 31
19 34
19 40
19 44
19 47
19 51
19 52
19 53
19 55
19 56
19 57
19 58
19 59
19 60
19 63
19 65
19 66
19 67
19 68
19 70
19 71
19 72
19 74
19 75
19 79
19 81
19 84
19 85
19 86
19 88
19 94
19 95
19 97
19 99
20 25
20 27
20 30
20 33
20 34
20 35
20 37
20 39
20 40
20 41
20 44
20 45
20 47
20 48
20 52
20 53
20 55
20 58
20 62
20 63
20 65
20 67
20 68
20 69
20 70
20 75
20 78
20 79
20 81
20 82
20 83
20 85
20 86
20 99
21 22
21 24
21 25
21 27
21 28
21 30
21 32
21 33
21 39
21 40
21 43
21 44
21 45
21 46
21 48
21 49
21 50
21 52
21 53
21 54
21 59
21 65
21 68
21 71
21 75
21 77
21 78
21 79
21 81
21 82
21 83
21 88
21 89
21 90
21 91
21 92
21 95
22 23
22 24
22 29
22 32
22 34
22 35
22 37
22 39
22 40
22 41
22 42
22 44
22 48
22 49
22 50
22 52
22 53
22 56
22 57
22 58
22 59
22 60
22 64
22 65
22 67
22 68
22 71
22 75
22 77
22 78
22 79
22 80
22 81
22 83
22 84
22 86
22 87
22 88
22 90
22 91
22 95
22 96
22 97
22 98
22 99
23 26
23 27
23 29
23 30
23 31
23 32
23 35
23 39
23 41
23 42
23 43
23 44
23 46
23 59
23 61
23 62
23 64
23 65
23 66
23 67
23 68
23 71
23 72
23 75
23 78
23 82
23 83
23 85
23 86
23 87
23 89
23 91
23 95
23 96
23 99
24 26
24 27
24 28
24 29
24 32
24 33
24 34
24 35
24 36
24 37
24 39
24 40
24 45
24 46
24 47
24 50
24 51
24 53
24 55
24 57
24 58
24 60
24 62
24 65
24 66
24 68
24 73
24 74
24 75
24 76
24 77
24 79
24 80
24 81
24 82
24 83
24 86
24 87
24 88
24 92
24 95
24 98
24 99
25 26
25 27
25 30
25 34
25 36
25 38
25 40
25 41
25 43
25 44
25 48
25 52
25 56
25 57
25 61
25 62
25 65
25 67
25 69
25 70
25 71
25 74
25 75
25 76
25 77
25 79
25 81
25 82
25 84
25 85
25 86
25 91
25 92
25 96
25 97
25 98
26 30
26 31
26 32
26 34
26 36
26 38
26 42
26 47
26 48
26 49
26 51
26 52
26 53
26 54
26 57
26 58
26 59
26 60
26 63
26 66
26 67
26 74
26 76
26 77
26 79
26 80
26 81
26 82
26 83
26 84
26 85
26 86
26 87
26 89
26 90
26 91
26 92
26 93
26 94
26 96
26 97
26 98
26 99
27 28
27 30
27 31
27 33
27 34
27 38
27 39
27 41
27 43
27 44
27 45
27 46
27 48
27 49
27 50
27 51
27 53
27 55
27 57
27 59
27 61
27 62
27 63
27 66
27 67
27 69
27 71
27 73
27 75
27 76
27 77
27 78
27 79
27 80
27 81
27 82
27 85
27 86
27 87
27 89
27 90
27 94
27 96
27 99
28 31
28 33
28 34
28 35
28 36
28 37
28 42
28 43
28 44
28 45
28 46
28 47
28 48
28 51
28 53
28 59
28 64
28 67
28 68
28 69
28 71
28 76
28 77
28 80
28 83
28 84
28 85
28 86
28 87
28 88
28 89
28 90
28 91
28 92
28 95
28 96
28 97
28 98
28 99
29 30
29 32
29 35
29 38
29 39
29 40
29 42
29 43
29 45
29 48
29 50
29 51
29 52
29 58
29 59
29 60
29 63
29 66
29 67
29 71
29 73
29 74
29 77
29 79
29 81
29 84
29 86
29 88
29 89
29 93
29 95
29 96
29 97
29 98
30 31
30 35
30 37
30 40
30 43
30 46
30 47
30 49
30 50
30 52
30 54
30 55
30 56
30 57
30 58
30 63
30 69
30 70
30 73
30 77
30 78
30 79
30 80
30 86
30 87
30 91
30 94
30 95
30 97
30 99
31 32
31 34
31 37
31 38
31 41
31 42
31 49
31 50
31 51
31 53
31 55
31 56
31 57
31 58
31 63
31 68
31 71
31 76
31 79
31 82
31 84
31 86
31 87
31 89
31 91
31 93
31 95
31 99
32 33
32 34
32 36
32 38
32 39
32 43
32 45
32 46
32 51
32 52
32 53
32 54
32 58
32 62
32 63
32 65
32 67
32 70
32 73
32 79
32 80
32 81
32 83
32 84
32 86
32 87
32 88
32 90
32 94
32 96
33 34
33 35
33 36
33 40
33 41
33 42
33 43
33 45
33 46
33 48
33 54
33 55
33 56
33 60
33 62
33 64
33 66
33 69
33 70
33 74
33 81
33 82
33 85
33 86
33 88
33 89
33 90
33 92
33 93
33 94
33 95
33 97
34 35
34 36
34 38
34 41
34 43
34 44
34 47
34 50
34 51
34 53
34 56
34 58
34 59
34 60
34 62
34 63
34 64
34 65
34 66
34 67
34 68
34 70
34 72
34 75
34 78
34 79
34 82
34 84
34 87
34 88
34 89
34 91
34 93
34 94
34 97
34 99
35 38
35 39
35 41
35 42
35 43
35 44
35 45
35 46
35 49
35 50
35 53
35 60
35 62
35 63
35 64
35 69
35 73
35 74
35 75
35 76
35 79
35 80
35 81
35 82
35 83
35 86
35 87
35 89
35 90
35 91
35 95
35 97
36 37
36 38
36 39
36 41
36 43
36 44
36 45
36 46
36 49
36 56
36 57
36 61
36 62
36 63
36 64
36 67
36 70
36 72
36 73
36 75
36 77
36 78
36 79
36 80
36 81
36 83
36 84
36 86
36 87
36 88
36 89
36 91
36 92
36 93
36 94
36 95
36 96
36 98
37 38
37 40
37 42
37 46
37 47
37 48
37 49
37 51
37 53
37 54
37 59
37 61
37 62
37 67
37 69
37 70
37 71
37 72
37 75
37 77
37 79
37 80
37 81
37 83
37 84
37 85
37 87
37 89
37 90
37 91
37 93
37 97
37 99
38 40
38 45
38 46
38 50
38 51
38 52
38 54
38 55
38 56
38 58
38 59
38 65
38 68
38 70
38 71
38 73
38 78
38 79
38 84
38 86
38 88
38 92
38 93
38 95
39 42
39 43
39 44
39 47
39 50
39 51
39 52
39 53
39 54
39 55
39 56
39 57
39 60
39 63
39 64
39 69
39 70
39 73
39 75
39 76
39 77
39 79
39 80
39 84
39 86
39 90
39 91
39 92
39 93
39 94
40 42
40 43
40 46
40 48
40 49
40 51
40 52
40 53
40 54
40 56
40 57
40 59
40 60
40 62
40 63
40 64
40 65
40 66
40 67
40 68
40 69
40 73
40 74
40 75
40 76
40 77
40 82
40 84
40 85
40 88
40 89
40 90
40 92
40 95
40 97
41 45
41 47
41 48
41 49
41 50
41 53
41 55
41 58
41 62
41 66
41 68
41 70
41 71
41 72
41 73
41 74
41 75
41 77
41 79
41 81
41 82
41 83
41 84
41 88
41 89
41 91
41 92
41 94
41 97
42 43
42 44
42 45
42 46
42 47
42 51
42 53
42 54
42 56
42 57
42 60
42 62
42 63
42 64
42 66
42 67
42 68
42 70
42 72
42 74
42 75
42 76
42 77
42 79
42 83
42 85
42 86
42 89
42 90
42 93
42 97
42 98
42 99
43 45
43 47
43 48
43 49
43 51
43 53
43 55
43 57
43 58
43 61
43 63
43 64
43 65
43 70
43 71
43 72
43 73
43 76
43 78
43 83
43 84
43 85
43 86
43 87
43 88
43 90
43 91
43 94
43 95
43 96
44 45
44 46
44 48
44 50
44 51
44 52
44 53
44 54
44 55
44 57
44 58
44 59
44 60
44 63
44 65
44 68
44 72
44 73
44 74
44 75
44 77
44 80
44 81
44 83
44 86
44 88
44 90
44 91
44 92
44 93
44 95
44 98
45 47
45 49
45 53
45 55
45 56
45 58
45 59
45 60
45 61
45 62
45 63
45 65
45 67
45 74
45 76
45 77
45 78
45 79
45 83
45 85
45 87
45 88
45 89
45 90
45 91
45 92
45 94
45 95
45 98
46 51
46 55
46 61
46 65
46 72
46 73
46 76
46 79
46 80
46 82
46 83
46 84
46 86
46 88
46 89
46 92
46 93
46 95
46 96
46 97
47 49
47 50
47 51
47 53
47 54
47 56
47 57
47 59
47 60
47 61
47 65
47 66
47 67
47 68
47 70
47 72
47 73
47 75
47 82
47 83
47 84
47 85
47 88
47 95
48 49
48 54
48 55
48 56
48 57
48 60
48 62
48 65
48 67
48 70
48 77
48 79
48 80
48 81
48 84
48 88
48 90
48 91
48 92
48 98
48 99
49 50
49 53
49 54
49 55
49 56
49 57
49 58
49 62
49 64
49 70
49 71
49 72
49 75
49 76
49 78
49 81
49 82
49 84
49 85
49 86
49 88
49 90
49 91
49 93
49 95
49 97
49 99
50 51
50 52
50 53
50 55
50 59
50 60
50 63
50 67
50 70
50 71
50 72
50 73
50 74
50 82
50 86
50 87
50 88
50 89
50 90
50 93
50 94
50 95
50 99
51 52
51 56
51 59
51 63
51 64
51 65
51 66
51 67
51 68
51 71
51 75
51 77
51 78
51 81
51 82
51 83
51 86
51 87
51 89
51 91
51 92
51 94
51 95
51 96
51 97
51 99
52 53
52 54
52 56
52 57
52 59
52 60
52 61
52 62
52 65
52 66
52 67
52 68
52 72
52 74
52 75
52 76
52 82
52 83
52 86
52 88
52 90
52 91
52 92
52 93
52 94
52 95
52 97
52 98
53 54
53 55
53 60
53 61
53 62
53 63
53 65
53 66
53 68
53 69
53 70
53 71
53 74
53 75
53 76
53 78
53 80
53 81
53 82
53 83
53 84
53 86
53 87
53 88
53 91
53 96
53 99
54 56
54 58
54 59
54 63
54 64
54 69
54 72
54 73
54 75
54 77
54 78
54 79
54 80
54 82
54 84
54 85
54 86
54 89
54 92
54 94
54 95
54 96
54 97
55 57
55 58
55 62
55 66
55 67
55 69
55 70
55 72
55 73
55 76
55 82
55 84
55 87
55 91
55 92
55 94
55 96
55 98
55 99
56 57
56 59
56 60
56 61
56 64
56 68
56 70
56 72
56 73
56 74
56 75
56 77
56 78
56 80
56 82
56 84
56 87
56 91
56 94
56 95
56 96
56 98
56 99
57 58
57 60
57 61
57 62
57 65
57 67
57 69
57 71
57 72
57 77
57 79
57 83
57 84
57 87
57 94
57 97
57 98
57 99
58 60
58 66
58 68
58 69
58 71
58 72
58 73
58 76
58 77
58 80
58 82
58 83
58 84
58 85
58 94
58 95
58 96
59 61
59 62
59 63
59 64
59 65
59 70
59 71
59 72
59 73
59 77
59 80
59 81
59 83
59 85
59 86
59 87
59 90
59 94
59 97
59 98
59 99
60 62
60 63
60 66
60 67
60 70
60 71
60 76
60 80
60 82
60 83
60 84
60 86
60 88
60 90
60 91
60 92
60 96
60 97
60 99
61 62
61 65
61 68
61 73
61 75
61 78
61 80
61 81
61 91
61 92
61 95
61 96
61 97
61 98
61 99
62 63
62 64
62 67
62 69
62 70
62 73
62 78
62 79
62 80
62 81
62 83
62 84
62 85
62 86
62 87
62 88
62 90
62 94
62 95
62 98
63 65
63 67
63 70
63 75
63 78
63 80
63 84
63 91
63 92
63 93
63 94
63 95
63 96
63 97
63 98
63 99
64 65
64 67
64 70
64 72
64 73
64 75
64 76
64 79
64 81
64 82
64 84
64 89
64 93
64 95
64 98
64 99
65 69
65 71
65 73
65 76
65 78
65 84
65 86
65 88
65 90
65 93
65 97
65 98
65 99
66 69
66 71
66 72
66 74
66 76
66 78
66 79
66 81
66 82
66 84
66 85
66 88
66 89
66 90
66 95
67 68
67 71
67 72
67 74
67 77
67 78
67 79
67 82
67 88
67 89
67 90
67 93
67 95
67 99
68 71
68 72
68 73
68 75
68 76
68 77
68 78
68 81
68 82
68 83
68 84
68 85
68 86
68 88
68 91
68 92
68 93
68 94
68 96
69 70
69 72
69 75
69 77
69 80
69 82
69 83
69 85
69 86
69 88
69 91
69 92
69 95
69 96
69 98
70 71
70 80
70 81
70 84
70 85
70 86
70 87
70 89
70 90
70 95
70 96
70 97
71 72
71 77
71 80
71 81
71 82
71 83
71 87
71 89
71 90
71 91
71 95
71 96
71 97
71 98
72 73
72 75
72 77
72 80
72 81
72 82
72 83
72 85
72 86
72 92
72 94
72 95
72 96
72 97
72 98
73 79
73 80
73 84
73 85
73 86
73 91
73 94
73 96
73 97
73 98
74 75
74 76
74 77
74 82
74 85
74 86
74 87
74 88
74 92
74 94
74 96
74 97
74 98
74 99
75 77
75 78
75 80
75 81
75 86
75 87
75 88
75 89
75 92
75 93
75 94
75 96
75 99
76 77
76 79
76 80
76 81
76 82
76 83
76 85
76 87
76 90
76 92
76 93
76 97
76 98
77 79
77 81
77 84
77 85
77 86
77 87
77 88
77 89
77 94
77 95
77 96
77 97
78 79
78 80
78 81
78 86
78 89
78 93
78 94
78 99
79 81
79 83
79 90
79 91
79 93
79 94
79 95
79 97
80 83
80 86
80 90
80 92
80 93
80 96
80 97
80 98
81 82
81 83
81 86
81 88
81 89
81 92
81 93
81 94
81 96
81 98
82 83
82 84
82 87
82 89
82 91
82 92
82 93
82 94
83 85
83 86
83 87
83 88
83 96
83 97
83 98
84 87
84 90
84 91
84 92
84 93
84 95
84 96
84 99
85 93
85 96
85 98
86 87
86 88
86 91
86 94
86 95
86 96
86 97
86 98
86 99
87 88
87 89
87 91
87 93
87 94
87 95
87 97
87 99
88 89
88 91
88 92
88 93
88 94
88 96
88 97
89 90
89 94
89 95
89 96
90 92
90 93
90 94
90 96
90 97
90 98
91 92
91 93
91 94
91 95
91 96
91 98
91 99
92 94
92 95
92 96
92 97
92 99
93 97
93 99
94 97
94 98
94 99
95 96
95 97
95 98
96 98
96 99
97 98
97 99
