0 4
0 9
0 11
0 13
0 14
0 15
0 16
0 19
0 20
0 21
0 23
0 24
0 26
0 32
0 39
0 45
0 51
0 55
0 57
0 58
0 71
0 77
0 79
0 85
0 93
1 4
1 6
1 10
1 11
1 17
1 18
1 19
1 24
1 27
1 32
1 39
1 41
1 45
1 48
1 52
1 54
1 55
1 62
1 71
1 76
1 78
1 85
1 87
1 88
1 89
1 91
1 95
1 98
2 10
2 17
2 18
2 19
2 22
2 25
2 27
2 28
2 31
2 33
2 34
2 37
2 39
2 40
2 41
2 42
2 43
2 45
2 50
2 52
2 54
2 59
2 61
2 64
2 68
2 75
2 77
2 79
2 80
2 91
2 93
2 96
2 99
3 5
3 9
3 12
3 13
3 16
3 17
3 23
3 30
3 32
3 33
3 38
3 39
3 45
3 53
3 54
3 61
3 62
3 71
3 74
3 75
3 78
3 79
3 80
3 85
3 90
3 94
3 95
4 5
4 6
4 9
4 10
4 11
4 12
4 14
4 19
4 20
4 24
4 26
4 27
4 28
4 30
4 32
4 35
4 37
4 39
4 41
4 45
4 46
4 49
4 53
4 55
4 59
4 60
4 63
4 64
4 67
4 68
4 72
4 75
4 77
4 81
4 87
4 90
4 92
4 96
5 7
5 8
5 15
5 17
5 18
5 19
5 23
5 24
5 25
5 26
5 31
5 34
5 37
5 40
5 43
5 44
5 49
5 56
5 60
5 62
5 65
5 68
5 72
5 76
5 86
5 87
5 88
6 8
6 18
6 21
6 22
6 26
6 27
6 31
6 34
6 35
6 37
6 38
6 42
6 45
6 47
6 50
6 54
6 56
6 58
6 62
6 67
6 73
6 74
6 81
6 87
6 96
6 97
6 99
7 10
7 12
7 17
7 18
7 24
7 25
7 28
7 37
7 41
7 45
7 47
7 53
7 57
7 58
7 60
7 63
7 67
7 68
7 74
7 78
7 82
7 86
7 88
7 93
7 94
8 11
8 14
8 16
8 20
8 24
8 27
8 44
8 45
8 48
8 54
8 56
8 59
8 65
8 67
8 68
8 70
8 73
8 75
8 76
8 78
8 81
8 84
8 88
8 92
8 95
8 97
8 98
9 10
9 13
9 15
9 16
9 23
9 26
9 34
9 35
9 37
9 45
9 46
9 53
9 61
9 62
9 67
9 69
9 73
9 76
9 78
9 81
9 83
9 87
9 92
9 99
10 18
10 20
10 23
10 26
10 28
10 31
10 34
10 38
10 40
10 42
10 44
10 45
10 46
10 49
10 54
10 55
10 57
10 58
10 62
10 65
10 67
10 71
10 76
10 77
10 81
10 93
10 96
11 13
11 16
11 18
11 23
11 29
11 31
11 34
11 36
11 42
11 43
11 52
11 55
11 58
11 64
11 65
11 69
11 72
11 90
11 91
11 97
11 98
11 99
12 13
12 20
12 25
12 26
12 32
12 35
12 36
12 39
12 41
12 42
12 43
12 53
12 56
12 57
12 58
12 59
12 65
12 66
12 71
12 73
12 76
12 77
12 84
12 87
12 90
12 93
12 96
12 99
13 14
13 18
13 20
13 23
13 30
13 36
13 38
13 46
13 48
13 56
13 57
13 58
13 74
13 75
13 76
13 77
13 79
13 80
13 81
13 84
13 85
13 88
13 92
13 93
13 96
13 99
14 21
14 22
14 24
14 25
14 28
14 31
14 33
14 38
14 41
14 48
14 52
14 54
14 56
14 57
14 58
14 63
14 67
14 68
14 72
14 73
14 76
14 80
14 81
14 84
14 87
14 88
14 91
14 95
14 98
15 29
15 30
15 35
15 40
15 41
15 44
15 45
15 50
15 53
15 55
15 62
15 63
15 74
15 76
15 80
15 81
15 82
15 94
15 95
16 18
16 20
16 22
16 24
16 28
16 29
16 32
16 35
16 37
16 40
16 41
16 46
16 52
16 61
16 63
16 66
16 69
16 72
16 73
16 74
16 75
16 76
16 81
16 86
16 90
16 95
16 97
17 21
17 23
17 30
17 33
17 40
17 42
17 47
17 58
17 63
17 64
17 68
17 72
17 74
17 78
17 79
17 82
17 89
17 90
17 97
17 98
17 99
18 20
18 22
18 23
18 25
18 28
18 31
18 32
18 41
18 45
18 48
18 50
18 54
18 55
18 57
18 59
18 62
18 68
18 69
18 70
18 71
18 74
18 75
18 76
18 84
18 86
18 89
18 97
18 99
19 20
19 21
19 25
19 29
19 30
19 31
19 32
19 35
19 41
19 46
19 53
19 57
19 63
19 66
19 68
19 77
19 80
19 86
19 87
19 88
19 90
19 92
19 96
20 23
20 25
20 29
20 33
20 38
20 41
20 43
20 46
20 50
20 52
20 55
20 61
20 64
20 65
20 66
20 73
20 75
20 78
20 80
20 82
20 85
20 88
20 94
20 98
21 25
21 28
21 29
21 40
21 45
21 50
21 51
21 53
21 55
21 56
21 57
21 59
21 69
21 72
21 82
21 84
21 86
21 90
21 92
21 93
21 94
21 96
21 97
22 23
22 30
22 32
22 34
22 37
22 38
22 39
22 46
22 47
22 48
22 50
22 51
22 54
22 57
22 61
22 63
22 64
22 68
22 71
22 76
22 77
22 78
22 80
22 82
22 83
22 85
22 90
22 94
22 95
22 98
22 99
23 24
23 34
23 42
23 44
23 46
23 48
23 51
23 54
23 55
23 56
23 58
23 59
23 62
23 65
23 70
23 72
23 73
23 74
23 78
23 82
23 87
23 92
23 96
23 97
24 28
24 29
24 33
24 34
24 36
24 45
24 49
24 51
24 53
24 54
24 64
24 72
24 73
24 80
24 81
24 82
24 85
24 86
24 96
25 29
25 30
25 35
25 36
25 37
25 39
25 40
25 44
25 45
25 53
25 57
25 58
25 59
25 62
25 72
25 75
25 76
25 78
25 81
25 82
25 83
25 84
25 91
25 92
26 27
26 28
26 31
26 35
26 47
26 49
26 52
26 53
26 56
26 58
26 60
26 66
26 70
26 73
26 74
26 75
26 76
26 77
26 79
26 88
26 96
26 97
27 28
27 31
27 32
27 43
27 44
27 46
27 49
27 52
27 53
27 56
27 57
27 64
27 70
27 73
27 74
27 75
27 77
27 84
27 91
28 29
28 31
28 35
28 38
28 44
28 45
28 47
28 57
28 58
28 59
28 63
28 64
28 70
28 77
28 78
28 79
28 81
28 88
28 90
28 91
28 92
28 94
28 97
28 99
29 30
29 31
29 36
29 40
29 43
29 47
29 49
29 56
29 57
29 60
29 61
29 63
29 64
29 66
29 68
29 69
29 74
29 76
29 77
29 85
29 87
29 93
29 94
29 95
29 99
30 33
30 43
30 44
30 47
30 50
30 52
30 55
30 56
30 59
30 60
30 69
30 70
30 77
30 80
30 81
30 82
30 87
30 91
30 94
30 95
30 96
30 98
30 99
31 36
31 39
31 41
31 42
31 60
31 68
31 71
31 75
31 77
31 79
31 80
31 83
31 86
31 92
31 96
31 97
31 98
32 34
32 37
32 39
32 47
32 51
32 54
32 58
32 64
32 65
32 66
32 67
32 72
32 79
32 80
32 88
32 90
32 96
32 98
32 99
33 36
33 38
33 40
33 42
33 44
33 53
33 56
33 63
33 65
33 71
33 76
33 77
33 81
33 82
33 85
33 86
33 89
33 92
33 93
33 96
34 44
34 50
34 51
34 61
34 63
34 65
34 66
34 69
34 74
34 77
34 80
34 81
34 82
34 84
34 96
34 98
35 39
35 44
35 47
35 52
35 57
35 58
35 59
35 60
35 61
35 67
35 70
35 72
35 73
35 74
35 75
35 78
35 87
35 90
35 93
35 97
35 98
36 37
36 38
36 47
36 53
36 56
36 57
36 58
36 60
36 64
36 67
36 72
36 75
36 80
36 83
36 90
36 93
36 94
37 39
37 42
37 43
37 46
37 47
37 56
37 59
37 64
37 69
37 71
37 72
37 77
37 82
37 83
37 84
37 90
37 99
38 40
38 44
38 48
38 55
38 59
38 60
38 66
38 76
38 77
38 79
38 81
38 90
38 92
38 96
38 99
39 42
39 44
39 46
39 51
39 52
39 54
39 56
39 57
39 59
39 67
39 68
39 71
39 74
39 80
39 81
39 83
39 90
39 91
39 92
39 96
39 99
40 46
40 47
40 51
40 52
40 57
40 58
40 59
40 62
40 63
40 64
40 70
40 73
40 75
40 80
40 81
40 85
40 86
40 89
40 90
40 99
41 43
41 51
41 53
41 56
41 59
41 60
41 61
41 64
41 66
41 67
41 72
41 81
41 88
41 89
41 91
41 95
41 96
41 97
41 98
42 47
42 49
42 51
42 53
42 56
42 57
42 59
42 62
42 64
42 74
42 82
42 86
42 87
42 96
43 45
43 46
43 47
43 58
43 63
43 67
43 71
43 74
43 77
43 80
43 81
43 84
43 87
43 88
43 95
43 99
44 48
44 49
44 51
44 56
44 67
44 71
44 72
44 76
44 78
44 84
44 86
44 93
44 97
45 55
45 57
45 67
45 70
45 72
45 77
45 78
45 80
45 81
45 84
45 88
45 90
45 92
45 95
45 96
46 47
46 49
46 51
46 54
46 56
46 61
46 63
46 64
46 68
46 70
46 71
46 76
46 81
46 82
46 83
46 88
46 90
46 91
46 93
47 50
47 51
47 53
47 58
47 62
47 63
47 65
47 68
47 70
47 84
47 87
48 51
48 54
48 56
48 57
48 58
48 62
48 64
48 72
48 80
48 81
48 82
48 89
48 91
48 92
48 96
48 97
48 98
48 99
49 54
49 55
49 56
49 64
49 66
49 71
49 79
49 80
49 81
49 82
49 85
49 86
49 94
49 95
49 99
50 52
50 53
50 54
50 55
50 56
50 59
50 64
50 72
50 76
50 79
50 83
50 84
50 88
50 89
50 90
50 93
50 96
51 56
51 58
51 63
51 66
51 67
51 70
51 71
51 73
51 75
51 77
51 78
51 85
51 86
51 93
51 94
51 97
52 55
52 56
52 57
52 61
52 62
52 66
52 69
52 70
52 76
52 77
52 80
52 82
52 93
52 98
53 56
53 57
53 58
53 59
53 60
53 63
53 65
53 72
53 74
53 78
53 79
53 90
53 93
53 94
53 95
53 96
53 99
54 55
54 63
54 64
54 66
54 69
54 71
54 74
54 83
54 84
54 92
54 93
54 94
55 58
55 67
55 70
55 73
55 74
55 76
55 82
55 83
55 87
55 89
55 90
55 94
55 96
56 58
56 60
56 65
56 67
56 68
56 72
56 73
56 74
56 76
56 77
56 79
56 91
56 97
57 58
57 63
57 65
57 70
57 71
57 85
57 87
57 88
57 90
57 91
57 93
57 99
58 64
58 65
58 66
58 70
58 73
58 75
58 80
58 84
58 85
58 86
58 90
58 91
58 97
59 60
59 62
59 63
59 64
59 65
59 69
59 73
59 76
59 83
59 90
59 91
59 92
59 96
59 97
60 66
60 69
60 72
60 73
60 77
60 86
60 89
60 91
60 94
60 96
60 98
61 63
61 64
61 66
61 72
61 74
61 76
61 79
61 81
61 82
61 83
61 84
61 88
61 91
61 95
61 96
61 99
62 71
62 82
62 84
62 85
62 89
62 92
63 66
63 68
63 71
63 72
63 73
63 79
63 82
63 93
63 94
63 97
63 99
64 66
64 69
64 70
64 72
64 75
64 77
64 78
64 83
64 86
64 88
64 93
64 94
64 95
64 96
65 72
65 74
65 84
65 92
65 93
65 94
65 95
65 98
66 68
66 72
66 81
66 83
66 84
66 89
66 90
66 98
67 71
67 73
67 76
67 77
67 78
67 79
67 84
67 85
67 95
67 96
67 98
67 99
68 70
68 80
68 81
68 83
68 84
68 89
68 91
68 92
68 95
68 99
69 71
69 78
69 80
69 89
69 90
69 93
69 95
69 97
69 98
69 99
70 72
70 75
70 77
70 79
70 81
70 82
70 83
70 84
70 85
70 88
70 90
70 91
70 93
70 96
71 72
71 83
71 84
71 88
71 90
71 93
71 95
72 77
72 79
72 81
72 85
72 86
72 89
72 93
72 94
72 95
73 74
73 75
73 77
73 79
73 80
73 82
73 83
73 91
73 95
74 75
74 81
74 89
74 91
74 94
74 95
75 77
75 78
75 84
75 88
75 94
75 95
75 99
76 79
76 80
76 81
76 84
76 89
76 92
76 95
76 96
76 97
76 98
76 99
77 80
77 81
77 90
77 91
77 94
77 95
77 98
78 82
78 85
78 89
78 90
78 98
79 80
79 81
79 82
79 84
79 85
79 86
79 87
79 90
79 94
79 97
79 99
80 81
80 82
80 85
80 86
80 87
80 89
80 97
81 82
81 83
81 88
81 90
81 92
81 94
81 97
81 98
82 83
82 84
82 91
82 92
82 99
83 88
83 89
83 92
83 95
83 96
84 87
84 92
84 93
85 98
86 87
86 88
86 93
86 94
86 96
86 97
87 89
87 90
87 92
87 93
87 97
88 90
88 93
88 94
88 98
89 91
89 93
89 94
90 91
90 92
90 93
90 95
90 97
90 98
90 99
91 92
91 96
91 98
92 96
92 98
93 94
93 98
94 95
94 96
97 98
97 99
98 99
