0 2
0 5
0 6
0 9
0 11
0 13
0 14
0 15
0 17
0 30
0 32
0 37
0 38
0 39
0 40
0 41
0 44
0 49
0 51
0 56
0 59
0 62
0 69
0 74
0 79
0 81
0 82
0 84
0 85
0 91
0 96
1 2
1 3
1 4
1 6
1 9
1 11
1 12
1 18
1 20
1 21
1 23
1 26
1 27
1 29
1 35
1 41
1 42
1 44
1 54
1 55
1 58
1 59
1 60
1 66
1 67
1 72
1 75
1 76
1 80
1 82
1 84
1 85
1 93
1 99
2 4
2 5
2 11
2 13
2 15
2 27
2 29
2 31
2 32
2 33
2 34
2 40
2 42
2 43
2 45
2 46
2 47
2 48
2 49
2 51
2 53
2 54
2 55
2 56
2 60
2 62
2 65
2 68
2 70
2 72
2 76
2 80
2 84
2 86
2 87
2 89
2 90
2 91
2 95
2 99
3 6
3 11
3 16
3 21
3 26
3 29
3 30
3 34
3 36
3 37
3 40
3 46
3 47
3 50
3 52
3 55
3 56
3 64
3 66
3 70
3 71
3 76
3 84
3 88
3 89
3 90
3 94
4 9
4 10
4 15
4 16
4 21
4 22
4 23
4 24
4 26
4 27
4 29
4 30
4 31
4 33
4 35
4 38
4 45
4 46
4 48
4 49
4 50
4 58
4 63
4 65
4 66
4 67
4 75
4 76
4 77
4 78
4 83
4 84
4 89
4 91
5 6
5 8
5 10
5 17
5 18
5 28
5 34
5 35
5 36
5 39
5 42
5 43
5 49
5 50
5 53
5 56
5 61
5 74
5 75
5 76
5 78
5 80
5 87
5 90
5 91
5 93
5 99
6 8
6 9
6 11
6 12
6 15
6 17
6 25
6 27
6 28
6 34
6 37
6 39
6 41
6 49
6 52
6 54
6 58
6 65
6 73
6 76
6 81
6 85
6 86
6 88
6 93
6 94
6 95
6 99
7 14
7 17
7 19
7 22
7 24
7 28
7 32
7 33
7 37
7 48
7 49
7 50
7 51
7 72
7 75
7 76
7 77
7 79
7 86
7 91
7 94
7 98
8 10
8 11
8 13
8 18
8 23
8 24
8 28
8 32
8 33
8 37
8 40
8 43
8 46
8 52
8 53
8 54
8 61
8 66
8 70
8 72
8 80
8 88
8 89
8 91
8 92
8 93
8 94
8 98
9 11
9 26
9 30
9 33
9 34
9 35
9 36
9 40
9 41
9 45
9 55
9 57
9 61
9 62
9 65
9 67
9 75
9 82
9 83
9 85
9 87
9 91
9 93
9 95
10 12
10 17
10 18
10 29
10 31
10 34
10 35
10 38
10 41
10 42
10 43
10 53
10 57
10 62
10 63
10 64
10 74
10 75
10 77
10 81
10 83
10 84
10 85
10 89
10 93
10 95
10 98
11 15
11 18
11 23
11 29
11 34
11 42
11 43
11 44
11 46
11 47
11 48
11 51
11 54
11 55
11 58
11 63
11 66
11 70
11 71
11 80
11 84
11 86
11 89
11 93
12 14
12 15
12 17
12 21
12 25
12 26
12 32
12 36
12 39
12 40
12 48
12 49
12 52
12 54
12 58
12 63
12 67
12 71
12 77
12 79
12 82
12 85
12 87
12 89
12 93
12 94
13 19
13 23
13 26
13 28
13 29
13 32
13 35
13 38
13 39
13 43
13 55
13 56
13 60
13 66
13 69
13 70
13 74
13 80
13 81
13 85
13 88
13 90
13 92
13 95
13 96
13 98
14 16
14 18
14 28
14 29
14 33
14 36
14 38
14 41
14 43
14 45
14 47
14 51
14 53
14 56
14 63
14 65
14 66
14 68
14 70
14 75
14 80
14 83
14 84
14 95
14 98
15 16
15 23
15 26
15 29
15 36
15 44
15 46
15 48
15 52
15 56
15 57
15 63
15 64
15 65
15 80
15 81
15 83
15 91
16 19
16 23
16 25
16 32
16 33
16 34
16 44
16 48
16 49
16 56
16 57
16 59
16 64
16 70
16 71
16 77
16 78
16 79
16 80
16 81
16 82
16 84
16 93
16 96
17 24
17 26
17 36
17 37
17 41
17 43
17 44
17 45
17 53
17 55
17 62
17 65
17 67
17 69
17 74
17 75
17 76
17 77
17 83
17 85
17 87
17 89
17 91
17 92
17 95
18 22
18 25
18 30
18 34
18 39
18 44
18 46
18 47
18 51
18 54
18 55
18 62
18 63
18 65
18 66
18 69
18 71
18 76
18 83
18 88
18 92
18 94
18 96
18 98
19 27
19 28
19 35
19 38
19 40
19 42
19 43
19 50
19 52
19 53
19 55
19 57
19 60
19 64
19 66
19 70
19 77
19 92
19 96
19 97
19 98
19 99
20 21
20 25
20 26
20 30
20 33
20 41
20 43
20 44
20 46
20 48
20 49
20 54
20 57
20 66
20 67
20 68
20 80
20 85
20 89
20 90
20 91
20 92
20 93
20 96
20 97
21 25
21 29
21 31
21 34
21 36
21 57
21 59
21 60
21 61
21 65
21 73
21 74
21 75
21 87
21 88
21 92
21 95
21 97
21 98
22 25
22 27
22 29
22 31
22 32
22 36
22 39
22 54
22 60
22 61
22 64
22 65
22 69
22 74
22 75
22 76
22 83
22 86
22 89
22 93
22 95
22 96
22 97
22 99
23 25
23 29
23 30
23 31
23 34
23 35
23 37
23 39
23 40
23 41
23 45
23 59
23 61
23 66
23 77
23 85
23 88
23 94
23 96
23 97
24 26
24 28
24 30
24 31
24 33
24 36
24 41
24 42
24 43
24 44
24 49
24 53
24 55
24 60
24 65
24 67
24 72
24 76
24 79
24 82
24 83
24 87
24 88
24 90
24 94
24 95
25 27
25 28
25 31
25 37
25 48
25 61
25 67
25 73
25 75
25 78
25 81
25 85
25 90
25 94
25 99
26 28
26 30
26 35
26 40
26 44
26 52
26 54
26 55
26 65
26 72
26 73
26 75
26 77
26 78
26 88
26 94
26 96
26 99
27 30
27 31
27 32
27 48
27 52
27 54
27 55
27 56
27 57
27 58
27 59
27 62
27 66
27 68
27 72
27 74
27 76
27 78
27 79
27 80
27 81
27 83
27 85
27 87
27 89
27 91
27 96
28 29
28 30
28 40
28 42
28 47
28 56
28 57
28 64
28 66
28 73
28 74
28 78
28 81
28 85
28 86
28 89
28 95
28 99
29 30
29 31
29 33
29 36
29 40
29 46
29 54
29 58
29 59
29 70
29 77
29 86
29 87
29 88
29 93
29 95
29 98
29 99
30 32
30 33
30 34
30 36
30 38
30 43
30 45
30 47
30 48
30 53
30 54
30 56
30 59
30 65
30 67
30 70
30 71
30 77
30 78
30 79
30 83
30 90
30 91
31 44
31 52
31 53
31 60
31 61
31 62
31 64
31 70
31 73
31 77
31 78
31 79
31 95
31 98
32 35
32 44
32 46
32 48
32 50
32 55
32 56
32 57
32 60
32 64
32 71
32 73
32 75
32 76
32 79
32 84
32 85
32 86
32 92
32 93
33 38
33 39
33 44
33 47
33 49
33 54
33 57
33 58
33 59
33 63
33 66
33 69
33 70
33 71
33 73
33 77
33 79
33 80
33 81
33 86
33 87
33 88
33 89
33 91
33 92
33 93
33 94
34 42
34 44
34 46
34 49
34 55
34 61
34 66
34 68
34 69
34 71
34 74
34 75
34 79
34 80
34 82
34 83
34 87
34 91
34 99
35 38
35 40
35 45
35 46
35 50
35 52
35 53
35 55
35 56
35 62
35 65
35 68
35 72
35 76
35 79
35 80
35 81
35 87
35 90
35 94
35 98
35 99
36 38
36 39
36 40
36 41
36 44
36 47
36 48
36 52
36 56
36 60
36 62
36 67
36 71
36 72
36 73
36 74
36 75
36 79
36 83
36 90
36 93
36 96
36 99
37 38
37 44
37 56
37 58
37 59
37 61
37 62
37 63
37 66
37 70
37 78
37 84
37 86
37 97
38 40
38 41
38 47
38 48
38 51
38 57
38 58
38 60
38 61
38 65
38 67
38 81
38 83
38 85
38 86
38 89
38 93
38 96
39 43
39 45
39 47
39 51
39 53
39 56
39 61
39 64
39 65
39 70
39 72
39 76
39 81
39 83
39 84
39 86
39 89
39 91
39 92
39 95
40 42
40 43
40 46
40 50
40 54
40 58
40 60
40 69
40 71
40 72
40 73
40 74
40 77
40 90
40 92
40 94
40 98
41 42
41 44
41 46
41 49
41 52
41 53
41 55
41 57
41 61
41 66
41 68
41 69
41 83
41 95
41 98
41 99
42 44
42 46
42 49
42 51
42 66
42 78
42 81
42 82
42 85
42 87
42 88
42 90
42 91
42 93
42 98
43 44
43 46
43 56
43 59
43 60
43 70
43 71
43 72
43 74
43 78
43 89
43 90
43 91
43 93
43 95
43 99
44 45
44 50
44 54
44 58
44 67
44 70
44 73
44 74
44 76
44 77
44 78
44 87
44 89
44 90
44 94
45 46
45 47
45 49
45 51
45 52
45 54
45 55
45 61
45 63
45 69
45 72
45 75
45 82
45 84
45 88
45 90
45 91
45 93
46 47
46 48
46 49
46 51
46 52
46 64
46 74
46 75
46 82
46 85
46 86
46 87
46 90
46 91
46 94
46 95
46 97
46 98
46 99
47 48
47 52
47 56
47 60
47 61
47 63
47 67
47 70
47 73
47 76
47 79
47 83
47 90
47 91
47 93
47 95
47 99
48 49
48 50
48 52
48 53
48 54
48 55
48 57
48 62
48 64
48 65
48 70
48 74
48 77
48 78
48 79
48 80
48 84
48 85
48 86
48 92
48 99
49 54
49 56
49 62
49 63
49 66
49 70
49 71
49 73
49 79
49 80
49 85
49 88
49 89
49 90
49 97
49 99
50 57
50 58
50 66
50 68
50 74
50 75
50 87
50 92
50 94
51 52
51 65
51 69
51 75
51 77
51 79
51 82
51 84
51 87
51 92
51 94
51 95
51 98
52 53
52 56
52 58
52 61
52 64
52 73
52 85
52 86
52 87
52 91
52 94
52 97
52 99
53 55
53 59
53 65
53 70
53 74
53 78
53 83
53 85
53 90
53 91
53 96
54 67
54 76
54 80
54 83
54 85
54 93
54 94
55 61
55 62
55 63
55 64
55 66
55 67
55 69
55 71
55 73
55 80
55 82
55 83
55 84
55 85
55 86
55 92
55 95
55 96
55 97
56 59
56 61
56 72
56 73
56 75
56 76
56 77
56 79
56 80
56 90
56 91
56 94
56 95
56 96
56 97
57 71
57 72
57 77
57 78
57 79
57 80
57 82
57 85
57 87
57 94
57 95
57 97
57 99
58 60
58 66
58 72
58 81
58 83
58 88
58 90
58 96
58 97
58 99
59 63
59 64
59 67
59 74
59 75
59 81
59 85
59 88
59 90
59 91
59 92
59 94
59 96
59 99
60 61
60 63
60 64
60 72
60 76
60 78
60 79
60 83
60 85
60 89
61 63
61 64
61 65
61 68
61 69
61 70
61 79
61 81
61 92
61 94
61 97
62 66
62 72
62 76
62 79
62 82
62 84
62 88
62 92
62 93
62 94
62 98
63 64
63 68
63 72
63 78
63 82
63 84
63 87
63 90
63 99
64 66
64 67
64 69
64 73
64 75
64 82
64 86
64 87
65 79
65 84
65 90
65 92
65 98
66 68
66 70
66 74
66 84
66 86
66 87
66 89
66 94
66 99
67 69
67 72
67 77
67 78
67 81
67 84
67 86
67 89
67 92
67 94
67 95
67 96
67 97
68 69
68 72
68 74
68 76
68 86
68 87
68 91
69 72
69 73
69 74
69 75
69 77
69 79
69 82
69 84
69 85
69 89
69 90
69 91
69 95
69 97
69 99
70 71
70 72
70 74
70 78
70 82
70 84
70 92
70 94
71 73
71 78
71 80
71 89
71 92
71 94
71 97
71 99
72 81
72 87
72 89
72 90
72 94
72 95
73 75
73 78
73 79
73 80
73 81
73 83
73 84
73 90
73 93
73 94
73 97
73 99
74 75
74 76
74 77
74 81
74 83
74 87
75 77
75 82
75 84
75 85
75 89
75 93
75 98
76 78
76 81
76 82
76 84
76 87
76 89
76 92
76 94
77 79
77 81
77 87
77 96
77 98
78 79
78 80
78 89
78 90
78 92
78 94
78 97
78 98
79 86
79 89
79 95
79 97
79 98
80 88
80 92
80 95
80 97
81 83
81 84
81 87
81 89
81 91
81 95
82 89
82 90
82 94
82 96
82 97
82 98
82 99
83 85
83 86
83 87
83 88
83 90
83 91
83 95
84 85
84 87
84 89
84 90
84 93
84 94
85 86
85 88
85 91
85 94
86 90
86 92
86 95
86 97
86 98
87 90
87 96
88 92
88 93
88 94
88 97
88 99
89 90
89 93
90 92
90 93
90 96
90 97
90 98
90 99
91 92
91 95
91 96
92 97
92 98
93 97
94 95
95 97
95 99
96 97
