0 3
0 5
0 6
0 8
0 11
0 12
0 13
0 15
0 19
0 20
0 22
0 25
0 26
0 28
0 31
0 34
0 36
0 39
0 40
0 41
0 43
0 44
0 46
0 49
0 50
0 51
0 54
0 56
0 58
0 59
0 63
0 64
0 65
0 66
0 67
0 68
0 72
0 77
0 80
0 81
0 82
0 85
0 86
0 90
0 92
0 96
0 98
0 99
1 2
1 3
1 4
1 5
1 10
1 12
1 14
1 15
1 17
1 20
1 22
1 24
1 25
1 30
1 31
1 33
1 37
1 38
1 39
1 42
1 43
1 44
1 45
1 46
1 47
1 52
1 54
1 55
1 56
1 58
1 61
1 62
1 63
1 65
1 67
1 69
1 71
1 72
1 74
1 76
1 82
1 84
1 86
1 89
1 90
1 93
1 94
1 96
2 4
2 8
2 9
2 13
2 14
2 15
2 16
2 17
2 18
2 19
2 21
2 22
2 23
2 24
2 25
2 26
2 28
2 32
2 39
2 40
2 43
2 44
2 46
2 47
2 51
2 54
2 55
2 57
2 61
2 68
2 70
2 72
2 74
2 75
2 76
2 77
2 78
2 79
2 81
2 82
2 87
2 89
2 90
2 91
2 92
2 93
2 98
3 4
3 5
3 6
3 7
3 13
3 15
3 16
3 21
3 22
3 25
3 26
3 27
3 29
3 30
3 31
3 37
3 39
3 42
3 46
3 48
3 50
3 52
3 57
3 58
3 60
3 61
3 63
3 64
3 65
3 66
3 67
3 68
3 69
3 71
3 77
3 80
3 84
3 85
3 87
3 89
3 92
3 98
4 8
4 9
4 10
4 11
4 14
4 15
4 17
4 19
4 20
4 21
4 22
4 23
4 24
4 27
4 28
4 30
4 31
4 33
4 36
4 37
4 38
4 40
4 41
4 42
4 44
4 45
4 46
4 47
4 49
4 51
4 52
4 54
4 55
4 57
4 59
4 60
4 63
4 65
4 66
4 67
4 68
4 69
4 70
4 75
4 76
4 77
4 79
4 80
4 81
4 82
4 84
4 86
4 87
4 88
4 89
4 90
4 91
4 93
4 95
4 96
4 97
4 98
4 99
5 8
5 9
5 10
5 11
5 12
5 17
5 19
5 20
5 23
5 27
5 29
5 32
5 34
5 35
5 36
5 40
5 42
5 43
5 46
5 48
5 52
5 53
5 59
5 60
5 61
5 64
5 65
5 68
5 70
5 71
5 76
5 79
5 82
5 84
5 86
5 89
5 92
5 93
5 95
5 96
5 97
5 99
6 8
6 11
6 13
6 15
6 17
6 19
6 20
6 21
6 23
6 25
6 26
6 28
6 29
6 30
6 31
6 34
6 36
6 38
6 39
6 40
6 42
6 43
6 46
6 47
6 51
6 52
6 53
6 55
6 56
6 57
6 61
6 63
6 66
6 67
6 68
6 70
6 71
6 72
6 73
6 76
6 77
6 78
6 80
6 81
6 83
6 85
6 86
6 91
6 92
6 94
6 96
6 98
7 9
7 10
7 11
7 12
7 14
7 15
7 21
7 22
7 25
7 28
7 29
7 30
7 32
7 34
7 38
7 41
7 42
7 44
7 46
7 47
7 48
7 52
7 53
7 54
7 57
7 58
7 61
7 62
7 63
7 64
7 67
7 70
7 71
7 72
7 73
7 77
7 79
7 81
7 82
7 83
7 84
7 86
7 87
7 90
7 91
7 92
7 93
7 98
7 99
8 11
8 13
8 15
8 16
8 17
8 20
8 24
8 25
8 29
8 31
8 34
8 35
8 37
8 39
8 40
8 41
8 44
8 46
8 47
8 48
8 49
8 50
8 52
8 53
8 55
8 56
8 67
8 69
8 70
8 72
8 75
8 76
8 78
8 79
8 83
8 86
8 87
8 89
8 90
8 92
8 93
8 96
8 97
8 98
8 99
9 12
9 17
9 20
9 21
9 22
9 23
9 24
9 25
9 26
9 27
9 29
9 31
9 34
9 35
9 36
9 42
9 43
9 44
9 45
9 46
9 47
9 48
9 52
9 55
9 57
9 58
9 59
9 60
9 61
9 63
9 65
9 67
9 68
9 72
9 74
9 76
9 78
9 79
9 82
9 84
9 86
9 90
9 93
9 94
9 95
9 96
9 98
9 99
10 14
10 15
10 17
10 18
10 22
10 23
10 27
10 28
10 31
10 32
10 33
10 34
10 35
10 37
10 38
10 41
10 42
10 43
10 44
10 46
10 48
10 49
10 50
10 51
10 54
10 56
10 57
10 58
10 59
10 60
10 61
10 63
10 65
10 66
10 67
10 68
10 69
10 70
10 72
10 74
10 75
10 76
10 78
10 79
10 80
10 82
10 85
10 86
10 88
10 94
10 95
10 97
10 98
10 99
11 13
11 15
11 16
11 19
11 20
11 21
11 23
11 25
11 27
11 29
11 31
11 32
11 34
11 38
11 40
11 41
11 42
11 46
11 48
11 50
11 51
11 53
11 55
11 56
11 61
11 63
11 64
11 69
11 71
11 73
11 80
11 81
11 84
11 85
11 86
11 91
11 92
11 94
11 95
11 98
12 14
12 15
12 16
12 17
12 18
12 27
12 28
12 29
12 36
12 37
12 40
12 42
12 45
12 47
12 48
12 50
12 51
12 52
12 53
12 54
12 55
12 58
12 59
12 63
12 65
12 66
12 67
12 68
12 71
12 74
12 75
12 77
12 79
12 80
12 81
12 82
12 85
12 88
12 89
12 92
12 94
12 96
13 14
13 17
13 18
13 19
13 20
13 23
13 24
13 26
13 31
13 32
13 34
13 35
13 37
13 38
13 39
13 40
13 41
13 42
13 46
13 47
13 49
13 50
13 52
13 53
13 55
13 58
13 61
13 62
13 63
13 66
13 70
13 71
13 72
13 73
13 74
13 75
13 76
13 78
13 83
13 84
13 85
13 88
13 89
13 90
13 92
13 93
13 97
13 98
14 15
14 16
14 17
14 22
14 23
14 24
14 26
14 28
14 35
14 37
14 42
14 43
14 45
14 47
14 48
14 49
14 54
14 56
14 60
14 61
14 62
14 63
14 68
14 69
14 71
14 73
14 74
14 76
14 77
14 78
14 81
14 82
14 84
14 85
14 88
14 89
14 93
14 94
14 95
14 97
14 98
15 17
15 18
15 19
15 22
15 23
15 24
15 27
15 30
15 31
15 33
15 34
15 35
15 36
15 38
15 39
15 40
15 43
15 45
15 52
15 55
15 56
15 57
15 59
15 64
15 65
15 67
15 68
15 69
15 70
15 74
15 75
15 77
15 78
15 79
15 80
15 81
15 85
15 86
15 87
15 91
15 92
15 94
15 95
15 96
15 97
15 98
16 18
16 20
16 23
16 28
16 29
16 32
16 34
16 36
16 38
16 41
16 45
16 47
16 49
16 54
16 56
16 59
16 61
16 62
16 69
16 71
16 72
16 73
16 74
16 75
16 76
16 77
16 79
16 81
16 88
16 89
16 90
16 93
16 94
16 95
16 96
16 97
17 19
17 20
17 21
17 24
17 25
17 27
17 33
17 34
17 35
17 37
17 38
17 39
17 44
17 48
17 49
17 50
17 56
17 59
17 60
17 61
17 62
17 66
17 67
17 69
17 72
17 73
17 76
17 77
17 78
17 79
17 80
17 81
17 82
17 83
17 84
17 85
17 87
17 88
17 90
17 91
17 92
17 93
17 97
18 23
18 24
18 25
18 29
18 36
18 37
18 40
18 42
18 44
18 46
18 48
18 49
18 51
18 52
18 55
18 57
18 60
18 62
18 63
18 67
18 69
18 71
18 72
18 77
18 78
18 79
18 80
18 81
18 83
18 89
18 90
18 93
18 97
18 99
19 21
19 22
19 23
19 28
19 30
19 33
19 35
19 37
19 38
19 40
19 43
19 45
19 49
19 51
19 53
19 54
19 55
19 60
19 63
19 65
19 67
19 69
19 70
19 75
19 76
19 77
19 79
19 81
19 82
19 83
19 84
19 85
19 86
19 89
19 90
19 92
19 93
19 94
19 96
19 97
19 98
19 99
20 22
20 25
20 26
20 27
20 28
20 31
20 32
20 35
20 36
20 37
20 38
20 42
20 45
20 47
20 53
20 55
20 56
20 62
20 63
20 64
20 67
20 68
20 70
20 72
20 74
20 75
20 77
20 78
20 80
20 84
20 85
20 86
20 87
20 88
20 89
20 92
20 93
20 96
21 23
21 26
21 27
21 28
21 31
21 34
21 36
21 37
21 38
21 39
21 40
21 41
21 42
21 43
21 45
21 47
21 48
21 49
21 51
21 52
21 54
21 55
21 56
21 60
21 62
21 63
21 64
21 65
21 67
21 68
21 70
21 71
21 72
21 73
21 76
21 77
21 78
21 85
21 89
21 90
21 92
21 93
22 23
22 24
22 25
22 27
22 28
22 29
22 31
22 32
22 33
22 34
22 35
22 38
22 39
22 42
22 43
22 45
22 48
22 52
22 53
22 54
22 56
22 58
22 59
22 61
22 63
22 65
22 68
22 69
22 70
22 71
22 72
22 73
22 77
22 78
22 82
22 84
22 85
22 86
22 87
22 91
22 92
22 94
22 97
22 98
22 99
23 24
23 25
23 27
23 28
23 30
23 32
23 35
23 37
23 41
23 42
23 45
23 50
23 55
23 57
23 59
23 60
23 63
23 64
23 68
23 69
23 70
23 71
23 72
23 74
23 75
23 77
23 78
23 79
23 80
23 81
23 82
23 85
23 86
23 88
23 89
23 91
23 93
23 95
23 99
24 30
24 31
24 33
24 34
24 38
24 41
24 42
24 43
24 44
24 46
24 48
24 49
24 53
24 56
24 57
24 66
24 71
24 72
24 77
24 79
24 81
24 83
24 90
24 91
24 94
24 98
25 27
25 28
25 30
25 33
25 35
25 39
25 41
25 43
25 47
25 49
25 52
25 53
25 54
25 55
25 57
25 58
25 59
25 60
25 62
25 63
25 65
25 68
25 69
25 74
25 78
25 80
25 81
25 82
25 83
25 84
25 89
25 92
25 96
26 30
26 31
26 32
26 35
26 36
26 39
26 43
26 44
26 48
26 50
26 52
26 54
26 56
26 58
26 59
26 61
26 67
26 70
26 72
26 74
26 75
26 82
26 83
26 84
26 85
26 87
26 88
26 89
26 92
26 93
26 95
26 98
26 99
27 28
27 32
27 35
27 36
27 39
27 41
27 43
27 45
27 46
27 47
27 49
27 50
27 54
27 55
27 56
27 59
27 60
27 61
27 63
27 64
27 65
27 66
27 67
27 69
27 74
27 75
27 77
27 80
27 81
27 86
27 87
27 88
27 90
27 91
27 97
28 30
28 32
28 34
28 36
28 42
28 43
28 44
28 46
28 47
28 49
28 50
28 53
28 55
28 56
28 57
28 58
28 60
28 62
28 63
28 64
28 65
28 70
28 72
28 73
28 75
28 76
28 77
28 78
28 82
28 83
28 84
28 86
28 90
28 94
28 95
28 96
29 30
29 32
29 34
29 38
29 39
29 40
29 41
29 44
29 50
29 51
29 55
29 57
29 58
29 61
29 62
29 65
29 67
29 68
29 69
29 73
29 75
29 76
29 77
29 78
29 80
29 82
29 84
29 85
29 86
29 89
29 93
29 95
29 96
29 99
30 32
30 35
30 36
30 37
30 38
30 40
30 41
30 42
30 45
30 48
30 49
30 50
30 51
30 53
30 57
30 59
30 62
30 64
30 67
30 69
30 72
30 74
30 75
30 76
30 77
30 80
30 82
30 83
30 84
30 85
30 89
30 90
30 91
30 92
30 97
30 98
31 36
31 37
31 39
31 40
31 42
31 44
31 46
31 48
31 49
31 52
31 53
31 55
31 59
31 61
31 62
31 63
31 67
31 68
31 69
31 70
31 72
31 73
31 76
31 78
31 79
31 81
31 82
31 84
31 86
31 87
31 95
31 97
32 35
32 38
32 45
32 47
32 48
32 50
32 54
32 56
32 57
32 60
32 63
32 67
32 68
32 69
32 70
32 71
32 72
32 74
32 76
32 77
32 79
32 80
32 83
32 85
32 86
32 93
32 95
32 96
32 97
32 99
33 34
33 35
33 36
33 37
33 38
33 42
33 45
33 46
33 47
33 49
33 52
33 54
33 55
33 56
33 57
33 60
33 63
33 64
33 65
33 66
33 67
33 68
33 72
33 75
33 76
33 77
33 80
33 81
33 82
33 83
33 86
33 87
33 88
33 90
33 93
33 94
33 96
33 97
34 36
34 38
34 39
34 40
34 41
34 43
34 44
34 46
34 47
34 49
34 50
34 52
34 55
34 57
34 58
34 60
34 61
34 62
34 64
34 65
34 67
34 68
34 73
34 74
34 75
34 78
34 80
34 82
34 86
34 88
34 91
34 92
34 93
34 94
34 97
34 98
35 36
35 37
35 38
35 39
35 42
35 43
35 50
35 51
35 57
35 59
35 60
35 64
35 67
35 68
35 72
35 74
35 75
35 76
35 77
35 80
35 81
35 83
35 84
35 86
35 91
35 92
35 93
35 95
36 37
36 38
36 40
36 42
36 45
36 49
36 51
36 52
36 55
36 56
36 57
36 59
36 60
36 64
36 68
36 69
36 71
36 75
36 76
36 77
36 78
36 81
36 82
36 84
36 93
36 94
36 97
36 98
36 99
37 39
37 41
37 42
37 45
37 48
37 49
37 51
37 53
37 58
37 59
37 60
37 63
37 64
37 65
37 67
37 70
37 71
37 73
37 74
37 75
37 77
37 80
37 81
37 83
37 85
37 86
37 87
37 89
37 92
37 95
37 96
37 98
38 42
38 43
38 44
38 46
38 48
38 49
38 54
38 55
38 56
38 58
38 64
38 65
38 67
38 68
38 69
38 70
38 72
38 76
38 78
38 79
38 81
38 84
38 85
38 86
38 87
38 88
38 89
38 91
38 93
38 94
38 96
38 97
38 98
39 40
39 43
39 45
39 46
39 48
39 49
39 50
39 52
39 55
39 57
39 59
39 60
39 62
39 63
39 64
39 65
39 67
39 69
39 70
39 73
39 76
39 77
39 79
39 80
39 83
39 88
39 89
39 90
39 91
39 93
39 94
39 95
39 96
39 98
40 42
40 45
40 46
40 49
40 50
40 53
40 55
40 56
40 60
40 61
40 64
40 65
40 66
40 69
40 70
40 72
40 77
40 79
40 80
40 83
40 84
40 85
40 86
40 87
40 94
40 95
40 96
40 97
40 98
41 43
41 44
41 45
41 46
41 47
41 48
41 50
41 52
41 53
41 55
41 56
41 58
41 59
41 64
41 65
41 67
41 69
41 71
41 72
41 73
41 76
41 77
41 80
41 81
41 82
41 83
41 87
41 88
41 91
41 92
41 94
41 96
41 97
41 98
42 47
42 49
42 51
42 52
42 54
42 58
42 59
42 60
42 62
42 65
42 66
42 67
42 68
42 72
42 73
42 74
42 76
42 80
42 81
42 82
42 83
42 85
42 87
42 88
42 89
42 90
42 91
42 96
42 98
42 99
43 47
43 48
43 50
43 52
43 53
43 56
43 66
43 67
43 73
43 74
43 77
43 79
43 84
43 85
43 87
43 88
43 89
43 92
43 93
43 95
43 96
43 98
44 50
44 52
44 53
44 57
44 58
44 59
44 60
44 65
44 67
44 70
44 78
44 80
44 84
44 87
44 88
44 90
44 94
44 95
44 97
44 98
45 47
45 50
45 51
45 53
45 54
45 56
45 57
45 59
45 60
45 61
45 64
45 66
45 68
45 72
45 73
45 74
45 75
45 77
45 78
45 79
45 81
45 82
45 83
45 85
45 86
45 91
45 92
45 94
45 96
45 97
45 98
45 99
46 48
46 50
46 51
46 52
46 53
46 54
46 58
46 62
46 64
46 65
46 67
46 71
46 73
46 75
46 76
46 78
46 80
46 81
46 82
46 84
46 85
46 89
46 91
46 92
46 93
46 94
46 95
46 99
47 50
47 51
47 54
47 58
47 60
47 61
47 64
47 66
47 70
47 72
47 75
47 78
47 82
47 87
47 88
47 89
47 90
47 92
47 94
47 96
47 97
48 49
48 51
48 52
48 53
48 54
48 59
48 63
48 64
48 65
48 66
48 68
48 69
48 79
48 80
48 82
48 84
48 85
48 88
48 89
48 90
48 93
48 94
48 97
49 52
49 53
49 55
49 56
49 57
49 58
49 59
49 60
49 61
49 62
49 63
49 69
49 70
49 72
49 73
49 74
49 76
49 77
49 78
49 81
49 83
49 85
49 86
49 87
49 88
49 90
49 92
49 95
49 96
49 98
50 53
50 54
50 56
50 58
50 60
50 64
50 65
50 67
50 68
50 70
50 71
50 72
50 75
50 79
50 81
50 82
50 83
50 89
50 90
50 94
50 95
50 98
50 99
51 55
51 56
51 57
51 61
51 63
51 64
51 66
51 70
51 71
51 72
51 75
51 76
51 79
51 80
51 83
51 84
51 85
51 86
51 88
51 89
51 90
51 92
51 95
51 96
51 98
51 99
52 54
52 55
52 58
52 60
52 62
52 64
52 65
52 66
52 67
52 68
52 70
52 72
52 74
52 76
52 77
52 79
52 81
52 83
52 84
52 90
52 91
52 94
52 95
52 98
52 99
53 56
53 58
53 59
53 62
53 64
53 65
53 67
53 69
53 70
53 73
53 77
53 78
53 81
53 83
53 84
53 87
53 88
53 89
53 91
53 92
53 93
53 95
53 96
53 99
54 55
54 56
54 57
54 58
54 59
54 60
54 61
54 62
54 64
54 66
54 67
54 68
54 69
54 70
54 72
54 79
54 80
54 81
54 82
54 85
54 86
54 87
54 92
54 93
54 95
54 96
54 98
55 60
55 63
55 65
55 68
55 69
55 70
55 71
55 77
55 78
55 79
55 85
55 88
55 90
55 91
55 92
55 94
55 96
55 98
56 57
56 58
56 59
56 61
56 62
56 65
56 66
56 67
56 69
56 70
56 71
56 73
56 74
56 76
56 78
56 79
56 81
56 82
56 83
56 86
56 88
56 90
56 92
56 95
56 98
56 99
57 59
57 61
57 62
57 65
57 66
57 68
57 69
57 70
57 74
57 78
57 82
57 87
57 88
57 95
57 96
57 97
57 98
58 60
58 61
58 63
58 66
58 68
58 74
58 81
58 85
58 86
58 88
58 89
58 90
58 91
58 93
58 94
58 95
58 96
58 99
59 63
59 64
59 68
59 69
59 71
59 72
59 74
59 76
59 77
59 79
59 82
59 85
59 88
59 89
59 92
59 93
59 97
59 98
59 99
60 62
60 63
60 64
60 65
60 67
60 68
60 69
60 70
60 73
60 74
60 77
60 78
60 81
60 83
60 85
60 86
60 87
60 89
60 92
60 94
60 96
60 98
60 99
61 65
61 66
61 69
61 70
61 71
61 72
61 75
61 76
61 79
61 80
61 82
61 86
61 87
61 88
61 91
61 93
61 97
62 63
62 64
62 66
62 67
62 69
62 70
62 71
62 73
62 74
62 75
62 76
62 78
62 79
62 82
62 84
62 91
62 92
62 93
62 94
62 95
62 96
62 98
62 99
63 65
63 70
63 72
63 73
63 74
63 75
63 78
63 81
63 82
63 89
63 91
63 92
63 93
63 94
63 95
63 96
63 97
63 99
64 65
64 68
64 70
64 71
64 72
64 74
64 75
64 76
64 77
64 79
64 80
64 82
64 83
64 85
64 87
64 90
64 92
64 96
64 97
64 98
65 66
65 67
65 69
65 71
65 73
65 75
65 76
65 78
65 79
65 82
65 83
65 86
65 87
65 88
65 89
65 93
65 95
65 96
65 97
66 68
66 69
66 70
66 71
66 72
66 73
66 74
66 75
66 77
66 81
66 84
66 85
66 86
66 87
66 88
66 89
66 90
66 92
66 99
67 70
67 71
67 72
67 73
67 74
67 75
67 78
67 79
67 81
67 82
67 83
67 84
67 85
67 87
67 88
67 90
67 92
67 93
67 94
67 95
67 97
67 98
67 99
68 73
68 74
68 75
68 76
68 80
68 81
68 84
68 86
68 87
68 90
68 91
68 94
68 96
68 98
69 70
69 72
69 73
69 74
69 75
69 77
69 78
69 82
69 83
69 84
69 85
69 87
69 88
69 90
69 93
69 94
69 95
69 96
69 98
70 73
70 74
70 75
70 76
70 79
70 81
70 84
70 86
70 88
70 89
70 90
70 91
70 93
70 97
71 73
71 74
71 76
71 77
71 78
71 79
71 80
71 82
71 83
71 84
71 86
71 89
71 90
71 94
71 97
71 98
71 99
72 73
72 74
72 75
72 76
72 77
72 78
72 81
72 83
72 84
72 85
72 87
72 88
72 90
72 93
72 95
72 96
72 97
72 99
73 74
73 75
73 76
73 77
73 78
73 79
73 80
73 82
73 84
73 85
73 86
73 88
73 90
73 91
73 94
73 95
73 98
74 77
74 78
74 79
74 82
74 83
74 84
74 87
74 88
74 89
74 91
74 93
74 96
74 98
75 76
75 77
75 78
75 79
75 81
75 83
75 84
75 86
75 87
75 89
75 90
75 91
75 93
75 98
76 81
76 83
76 84
76 85
76 86
76 90
76 93
76 94
76 97
76 98
76 99
77 78
77 83
77 86
77 87
77 90
77 91
77 93
77 94
77 95
77 96
77 97
77 98
77 99
78 80
78 81
78 82
78 83
78 84
78 85
78 88
78 90
78 91
78 94
78 96
78 97
78 98
79 82
79 83
79 89
79 96
79 97
80 83
80 84
80 86
80 88
80 89
80 90
80 92
80 93
80 94
80 96
80 99
81 82
81 83
81 85
81 86
81 87
81 91
81 92
81 93
81 95
81 96
81 98
82 83
82 84
82 85
82 87
82 89
82 90
82 93
82 94
82 98
83 86
83 87
83 91
83 93
83 94
83 95
83 99
84 86
84 89
84 90
84 93
84 94
84 96
84 97
85 87
85 89
85 94
85 97
85 98
86 87
86 89
86 91
86 92
86 94
86 95
86 96
86 97
86 98
87 88
87 91
87 93
87 95
87 98
88 93
88 94
88 95
88 97
89 90
89 91
89 93
89 96
89 98
89 99
90 91
90 92
90 95
90 99
91 95
91 96
92 93
92 94
92 96
92 98
92 99
93 94
93 95
93 97
93 98
93 99
94 95
94 98
95 97
95 98
96 99
97 98
97 99
98 99
