0 1
0 2
0 3
0 4
0 5
0 6
0 15
0 16
0 17
0 18
0 21
0 22
0 23
0 29
0 30
0 31
0 32
0 51
0 52
0 60
0 62
0 64
0 67
0 68
0 72
0 73
0 74
0 75
0 79
0 84
0 88
0 90
0 94
0 95
0 97
0 98
1 3
1 5
1 7
1 9
1 10
1 12
1 13
1 16
1 22
1 25
1 26
1 27
1 28
1 29
1 30
1 31
1 36
1 37
1 42
1 46
1 49
1 52
1 55
1 59
1 62
1 64
1 66
1 74
1 79
1 80
1 84
1 88
1 93
1 95
1 96
1 97
1 98
2 7
2 8
2 10
2 11
2 12
2 17
2 18
2 19
2 21
2 24
2 27
2 28
2 30
2 31
2 32
2 35
2 37
2 39
2 40
2 41
2 44
2 52
2 53
2 54
2 59
2 65
2 67
2 68
2 74
2 76
2 78
2 79
2 82
2 83
2 84
2 86
2 87
2 88
2 89
2 90
2 91
2 92
2 93
2 95
2 99
3 6
3 7
3 9
3 13
3 15
3 20
3 27
3 28
3 31
3 32
3 35
3 36
3 37
3 38
3 39
3 41
3 42
3 43
3 45
3 46
3 49
3 50
3 57
3 61
3 62
3 64
3 68
3 69
3 70
3 71
3 73
3 74
3 76
3 78
3 79
3 80
3 81
3 83
3 84
3 85
3 87
3 88
3 89
3 92
3 95
3 97
4 5
4 8
4 10
4 11
4 12
4 13
4 15
4 17
4 18
4 20
4 24
4 25
4 31
4 35
4 36
4 46
4 47
4 49
4 50
4 52
4 53
4 54
4 56
4 57
4 59
4 60
4 62
4 63
4 64
4 66
4 67
4 68
4 69
4 71
4 72
4 73
4 76
4 84
4 89
4 93
4 94
4 95
4 99
5 10
5 12
5 14
5 15
5 17
5 18
5 22
5 24
5 26
5 27
5 28
5 30
5 31
5 32
5 37
5 39
5 40
5 47
5 50
5 51
5 53
5 55
5 59
5 61
5 70
5 72
5 77
5 79
5 80
5 81
5 84
5 85
5 89
5 92
5 93
5 94
5 98
6 10
6 11
6 13
6 15
6 16
6 17
6 21
6 25
6 27
6 28
6 31
6 49
6 51
6 53
6 54
6 55
6 62
6 64
6 67
6 70
6 75
6 76
6 77
6 78
6 79
6 82
6 84
6 85
6 86
6 87
6 88
6 89
6 97
6 98
6 99
7 8
7 9
7 10
7 17
7 18
7 19
7 20
7 21
7 22
7 24
7 26
7 27
7 30
7 34
7 37
7 43
7 47
7 51
7 53
7 55
7 56
7 61
7 62
7 63
7 65
7 66
7 70
7 72
7 74
7 75
7 77
7 78
7 80
7 82
7 84
7 85
7 88
7 93
7 94
7 97
8 11
8 13
8 14
8 16
8 18
8 21
8 31
8 33
8 37
8 38
8 39
8 40
8 41
8 43
8 45
8 48
8 53
8 54
8 55
8 56
8 57
8 58
8 62
8 63
8 66
8 67
8 68
8 70
8 72
8 73
8 74
8 77
8 78
8 79
8 80
8 82
8 83
8 89
8 91
8 93
8 94
8 95
9 10
9 15
9 19
9 24
9 25
9 26
9 27
9 30
9 31
9 32
9 33
9 38
9 49
9 57
9 58
9 59
9 62
9 63
9 64
9 65
9 66
9 68
9 69
9 72
9 73
9 77
9 80
9 82
9 86
9 88
9 89
9 90
9 92
9 94
9 96
9 97
10 11
10 12
10 19
10 20
10 21
10 22
10 24
10 25
10 26
10 27
10 29
10 31
10 34
10 39
10 40
10 45
10 47
10 49
10 50
10 51
10 53
10 54
10 62
10 64
10 67
10 68
10 69
10 70
10 72
10 74
10 77
10 79
10 80
10 85
10 88
10 92
10 98
10 99
11 14
11 23
11 26
11 28
11 29
11 31
11 39
11 41
11 44
11 45
11 47
11 48
11 52
11 53
11 55
11 59
11 60
11 61
11 63
11 65
11 67
11 68
11 71
11 72
11 75
11 76
11 78
11 79
11 83
11 86
11 90
11 92
11 94
11 96
11 97
11 99
12 14
12 19
12 25
12 26
12 28
12 30
12 32
12 34
12 36
12 39
12 41
12 46
12 48
12 49
12 50
12 53
12 54
12 55
12 58
12 59
12 60
12 63
12 67
12 71
12 75
12 76
12 77
12 81
12 82
12 84
12 86
12 87
12 89
12 94
12 96
12 97
12 98
12 99
13 14
13 16
13 20
13 21
13 22
13 23
13 26
13 27
13 33
13 36
13 40
13 41
13 42
13 45
13 47
13 50
13 51
13 52
13 55
13 56
13 57
13 58
13 60
13 62
13 79
13 81
13 82
13 85
13 87
13 88
13 89
13 95
13 96
13 99
14 15
14 19
14 20
14 21
14 24
14 27
14 28
14 33
14 36
14 39
14 42
14 43
14 45
14 48
14 49
14 52
14 54
14 60
14 63
14 70
14 71
14 73
14 74
14 76
14 78
14 80
14 81
14 83
14 85
14 91
14 92
14 98
15 17
15 18
15 20
15 22
15 27
15 28
15 29
15 31
15 33
15 35
15 40
15 43
15 47
15 48
15 54
15 59
15 62
15 64
15 66
15 72
15 76
15 77
15 78
15 79
15 80
15 84
15 85
15 86
15 89
15 90
15 91
15 92
15 94
15 95
15 98
16 17
16 18
16 20
16 22
16 27
16 30
16 31
16 32
16 33
16 34
16 35
16 38
16 40
16 43
16 50
16 52
16 58
16 60
16 61
16 65
16 66
16 67
16 68
16 70
16 74
16 76
16 78
16 82
16 85
16 88
16 90
16 94
16 95
16 99
17 20
17 25
17 27
17 45
17 46
17 47
17 48
17 52
17 59
17 63
17 65
17 66
17 74
17 81
17 82
17 83
17 86
17 88
17 89
17 94
17 95
17 96
17 97
17 98
17 99
18 20
18 21
18 26
18 40
18 41
18 42
18 44
18 45
18 52
18 54
18 56
18 58
18 59
18 61
18 64
18 65
18 66
18 68
18 69
18 70
18 71
18 72
18 74
18 76
18 78
18 80
18 82
18 83
18 85
18 86
18 89
18 90
18 94
18 95
19 20
19 27
19 28
19 29
19 33
19 35
19 36
19 37
19 38
19 41
19 45
19 46
19 48
19 56
19 58
19 60
19 63
19 65
19 68
19 69
19 71
19 72
19 73
19 78
19 79
19 80
19 87
19 89
19 93
19 94
19 96
20 22
20 26
20 29
20 33
20 34
20 35
20 41
20 47
20 49
20 50
20 55
20 57
20 59
20 62
20 67
20 69
20 71
20 74
20 76
20 77
20 78
20 80
20 83
20 84
20 88
20 91
20 93
20 94
20 95
20 96
20 99
21 22
21 28
21 29
21 30
21 31
21 33
21 37
21 39
21 40
21 41
21 42
21 43
21 48
21 50
21 52
21 54
21 55
21 57
21 59
21 60
21 65
21 67
21 69
21 71
21 72
21 73
21 75
21 76
21 79
21 82
21 86
21 93
21 94
22 25
22 27
22 30
22 31
22 32
22 36
22 38
22 39
22 42
22 44
22 47
22 51
22 52
22 53
22 54
22 57
22 59
22 60
22 61
22 62
22 64
22 65
22 66
22 67
22 69
22 70
22 75
22 78
22 82
22 87
22 93
22 94
22 95
22 96
22 98
23 26
23 28
23 29
23 33
23 34
23 35
23 36
23 37
23 41
23 43
23 44
23 48
23 50
23 54
23 57
23 59
23 62
23 63
23 65
23 67
23 68
23 69
23 76
23 77
23 83
23 84
23 85
23 86
23 89
23 90
23 95
23 97
23 98
24 29
24 31
24 32
24 33
24 36
24 37
24 43
24 45
24 46
24 51
24 56
24 59
24 60
24 65
24 66
24 67
24 68
24 70
24 72
24 73
24 75
24 80
24 84
24 85
24 86
24 88
24 91
24 92
24 93
24 94
24 97
24 99
25 26
25 29
25 31
25 32
25 34
25 35
25 39
25 42
25 43
25 45
25 47
25 52
25 53
25 56
25 58
25 59
25 62
25 66
25 67
25 68
25 69
25 71
25 73
25 74
25 76
25 77
25 78
25 79
25 80
25 81
25 82
25 86
25 89
25 90
25 91
25 93
25 94
25 95
25 96
25 97
26 27
26 28
26 32
26 35
26 36
26 39
26 41
26 42
26 44
26 46
26 48
26 50
26 51
26 53
26 54
26 57
26 59
26 60
26 62
26 64
26 65
26 66
26 68
26 71
26 72
26 75
26 79
26 81
26 83
26 88
26 89
26 90
26 92
26 95
26 96
26 97
27 30
27 32
27 34
27 36
27 38
27 41
27 43
27 47
27 49
27 50
27 51
27 54
27 55
27 57
27 60
27 65
27 67
27 68
27 70
27 75
27 76
27 77
27 80
27 84
27 85
27 87
27 90
27 93
27 94
27 95
27 98
28 29
28 30
28 34
28 37
28 39
28 41
28 43
28 44
28 45
28 48
28 49
28 50
28 54
28 55
28 56
28 61
28 62
28 65
28 66
28 67
28 69
28 72
28 79
28 80
28 85
28 94
28 95
28 98
28 99
29 31
29 33
29 34
29 37
29 41
29 42
29 46
29 47
29 48
29 54
29 55
29 57
29 58
29 60
29 61
29 66
29 68
29 69
29 70
29 77
29 82
29 84
29 89
29 90
29 91
29 93
29 98
29 99
30 34
30 40
30 45
30 46
30 51
30 52
30 53
30 64
30 66
30 67
30 69
30 70
30 71
30 73
30 80
30 81
30 83
30 86
30 87
30 88
30 89
30 93
30 96
31 32
31 34
31 37
31 38
31 39
31 41
31 42
31 43
31 44
31 45
31 48
31 49
31 51
31 52
31 56
31 60
31 61
31 62
31 63
31 64
31 67
31 75
31 84
31 85
31 88
31 90
31 92
31 96
31 97
31 99
32 33
32 36
32 38
32 39
32 42
32 50
32 51
32 52
32 54
32 57
32 62
32 63
32 65
32 66
32 69
32 76
32 79
32 81
32 82
32 83
32 86
32 89
32 90
32 93
32 95
32 98
33 34
33 37
33 38
33 44
33 45
33 46
33 48
33 50
33 51
33 52
33 53
33 54
33 56
33 57
33 62
33 68
33 70
33 73
33 75
33 92
33 94
33 96
33 97
34 36
34 38
34 43
34 46
34 49
34 50
34 52
34 53
34 55
34 56
34 58
34 59
34 62
34 65
34 69
34 72
34 73
34 75
34 78
34 79
34 81
34 83
34 85
34 88
34 89
34 90
34 92
34 93
35 36
35 40
35 42
35 44
35 46
35 49
35 52
35 57
35 59
35 60
35 63
35 64
35 65
35 71
35 76
35 77
35 78
35 79
35 80
35 82
35 84
35 85
35 86
35 91
35 95
36 37
36 38
36 39
36 40
36 42
36 46
36 48
36 53
36 56
36 60
36 62
36 64
36 66
36 68
36 69
36 70
36 72
36 76
36 82
36 84
36 85
36 86
36 89
36 95
36 96
36 97
37 38
37 44
37 48
37 49
37 58
37 65
37 66
37 67
37 68
37 71
37 74
37 76
37 79
37 87
37 88
37 95
37 97
37 99
38 41
38 43
38 45
38 46
38 49
38 52
38 55
38 58
38 61
38 62
38 63
38 64
38 69
38 78
38 82
38 83
38 85
38 86
38 88
38 89
38 93
39 42
39 53
39 61
39 63
39 66
39 68
39 71
39 73
39 75
39 76
39 77
39 79
39 81
39 83
39 84
39 85
39 90
39 91
39 93
39 96
39 97
39 99
40 41
40 42
40 45
40 46
40 47
40 49
40 52
40 53
40 54
40 56
40 62
40 65
40 66
40 67
40 69
40 72
40 73
40 74
40 77
40 79
40 80
40 82
40 85
40 93
40 97
41 42
41 43
41 44
41 45
41 46
41 48
41 49
41 51
41 52
41 53
41 54
41 55
41 56
41 57
41 62
41 65
41 68
41 72
41 75
41 79
41 82
41 83
41 86
41 87
41 92
41 93
41 97
42 45
42 46
42 48
42 51
42 52
42 58
42 60
42 61
42 63
42 67
42 71
42 74
42 77
42 84
42 86
42 87
42 89
42 90
42 95
42 99
43 44
43 45
43 48
43 49
43 53
43 55
43 57
43 58
43 59
43 62
43 63
43 65
43 66
43 67
43 70
43 76
43 80
43 82
43 84
43 87
43 91
43 95
43 97
44 45
44 49
44 50
44 53
44 54
44 55
44 61
44 63
44 67
44 73
44 74
44 75
44 76
44 77
44 79
44 80
44 86
44 87
44 88
44 90
44 96
44 99
45 46
45 48
45 51
45 53
45 56
45 57
45 61
45 64
45 65
45 69
45 72
45 73
45 77
45 79
45 83
45 85
45 86
45 90
45 96
45 98
45 99
46 49
46 50
46 51
46 53
46 57
46 59
46 65
46 66
46 67
46 68
46 71
46 72
46 75
46 79
46 82
46 85
46 86
46 88
46 89
46 91
46 92
46 94
46 97
46 99
47 51
47 55
47 58
47 59
47 60
47 61
47 68
47 69
47 71
47 72
47 73
47 75
47 78
47 79
47 81
47 82
47 83
47 84
47 85
47 87
47 88
47 89
47 93
47 94
47 95
47 96
48 49
48 52
48 53
48 55
48 59
48 63
48 66
48 67
48 68
48 69
48 74
48 75
48 79
48 84
48 86
48 89
48 90
48 92
48 94
48 98
49 50
49 52
49 53
49 58
49 59
49 60
49 61
49 64
49 70
49 71
49 72
49 78
49 82
49 84
49 85
49 86
49 87
49 88
49 92
49 95
49 96
49 97
49 98
50 53
50 56
50 57
50 59
50 60
50 61
50 63
50 64
50 67
50 71
50 72
50 76
50 78
50 81
50 82
50 85
50 86
50 95
50 97
50 99
51 52
51 54
51 56
51 57
51 58
51 60
51 63
51 69
51 74
51 75
51 76
51 79
51 81
51 82
51 84
51 86
51 88
51 95
51 97
51 99
52 53
52 54
52 55
52 56
52 59
52 63
52 64
52 67
52 68
52 72
52 76
52 77
52 80
52 81
52 82
52 83
52 84
52 86
52 87
52 89
52 93
52 94
52 95
53 54
53 56
53 60
53 61
53 68
53 69
53 71
53 72
53 73
53 75
53 77
53 79
53 80
53 82
53 83
53 84
53 86
53 90
53 94
53 98
54 58
54 59
54 60
54 61
54 70
54 75
54 77
54 78
54 79
54 81
54 83
54 85
54 90
54 93
54 94
54 99
55 56
55 59
55 60
55 61
55 62
55 63
55 78
55 79
55 80
55 84
55 86
55 87
55 88
55 89
55 93
55 97
56 57
56 58
56 61
56 64
56 65
56 67
56 70
56 73
56 74
56 75
56 77
56 78
56 79
56 81
56 83
56 85
56 88
56 92
56 93
56 95
56 98
57 59
57 63
57 65
57 68
57 69
57 70
57 72
57 75
57 79
57 80
57 81
57 85
57 86
57 87
57 89
57 91
57 92
57 93
57 95
57 97
58 61
58 62
58 66
58 67
58 71
58 75
58 77
58 78
58 80
58 81
58 83
58 84
58 86
58 87
58 91
58 95
59 61
59 62
59 70
59 80
59 82
59 84
59 89
59 92
59 93
59 95
59 96
59 98
59 99
60 69
60 71
60 75
60 78
60 79
60 80
60 82
60 83
60 85
60 86
60 89
60 95
61 62
61 64
61 65
61 68
61 70
61 73
61 87
61 88
61 90
61 91
61 97
62 64
62 67
62 69
62 74
62 75
62 77
62 81
62 84
62 85
62 92
62 94
62 95
62 96
62 98
63 71
63 77
63 80
63 81
63 84
63 89
63 90
63 91
63 92
63 94
63 96
63 99
64 68
64 70
64 78
64 87
64 90
64 92
64 93
64 94
64 99
65 66
65 72
65 74
65 78
65 80
65 81
65 82
65 83
65 85
65 87
65 89
65 92
66 72
66 73
66 75
66 76
66 78
66 80
66 81
66 82
66 91
66 93
66 94
66 96
67 68
67 69
67 74
67 75
67 79
67 84
67 87
67 88
67 92
67 95
67 96
68 70
68 71
68 73
68 78
68 80
68 83
68 87
68 90
68 91
68 93
68 96
68 97
68 99
69 71
69 72
69 73
69 74
69 75
69 76
69 77
69 79
69 81
69 82
69 83
69 85
69 86
69 87
69 92
69 98
69 99
70 72
70 73
70 76
70 80
70 81
70 82
70 87
70 89
70 98
70 99
71 72
71 73
71 77
71 80
71 86
71 87
71 88
71 91
71 93
71 94
71 95
71 98
72 74
72 75
72 76
72 79
72 82
72 83
72 84
72 85
72 89
72 94
72 95
72 98
73 74
73 78
73 79
73 81
73 84
73 87
73 90
73 99
74 80
74 85
74 87
74 88
74 89
74 92
74 93
74 94
74 97
74 99
75 83
75 87
75 88
75 89
75 90
75 93
75 96
75 97
75 98
75 99
76 77
76 78
76 79
76 81
76 82
76 83
76 86
76 87
76 96
77 78
77 80
77 83
77 88
77 91
77 92
77 95
77 98
77 99
78 79
78 81
78 82
78 84
78 85
78 87
78 88
78 90
78 99
79 80
79 81
79 83
79 85
79 88
79 91
79 92
79 93
79 96
80 81
80 87
80 88
80 93
80 95
80 97
81 83
81 87
81 90
81 92
81 93
81 95
81 96
81 97
82 84
82 87
82 89
82 95
82 96
82 98
82 99
83 84
83 89
83 91
83 92
83 94
83 96
83 97
83 98
84 85
84 89
84 93
84 95
84 96
84 98
84 99
85 86
85 88
85 91
85 92
85 94
85 96
85 97
85 99
86 87
86 88
86 90
86 96
86 99
87 89
87 90
87 91
87 93
87 94
88 89
88 92
88 94
88 96
89 92
89 93
89 96
89 99
90 95
90 97
90 99
91 92
91 98
91 99
92 96
92 98
93 94
93 98
93 99
94 98
94 99
95 96
95 99
96 98
96 99
97 98
97 99
