0 2
0 3
0 4
0 7
0 12
0 13
0 16
0 18
0 19
0 23
0 24
0 26
0 27
0 30
0 34
0 35
0 36
0 37
0 38
0 40
0 42
0 43
0 46
0 47
0 48
0 49
0 50
0 51
0 54
0 55
0 59
0 61
0 62
0 63
0 65
0 66
0 67
0 76
0 80
0 82
0 83
0 85
0 86
0 87
0 91
0 93
0 96
1 2
1 3
1 4
1 6
1 12
1 17
1 19
1 22
1 23
1 24
1 27
1 28
1 32
1 33
1 34
1 36
1 39
1 42
1 44
1 47
1 50
1 53
1 54
1 63
1 65
1 66
1 69
1 71
1 73
1 75
1 77
1 78
1 82
1 83
1 86
1 87
1 89
1 91
1 96
1 98
1 99
2 3
2 4
2 5
2 7
2 9
2 12
2 15
2 16
2 17
2 21
2 22
2 23
2 24
2 25
2 26
2 28
2 30
2 32
2 41
2 47
2 49
2 52
2 53
2 55
2 58
2 60
2 62
2 67
2 69
2 70
2 71
2 74
2 75
2 81
2 82
2 83
2 86
2 90
2 93
2 94
2 96
2 97
3 5
3 6
3 10
3 12
3 13
3 15
3 18
3 19
3 20
3 25
3 27
3 28
3 29
3 33
3 35
3 41
3 44
3 45
3 48
3 52
3 53
3 56
3 58
3 60
3 71
3 77
3 80
3 81
3 84
3 90
3 92
3 93
3 97
4 5
4 6
4 8
4 10
4 11
4 13
4 15
4 16
4 18
4 22
4 24
4 25
4 26
4 29
4 30
4 34
4 36
4 37
4 38
4 39
4 40
4 48
4 50
4 53
4 55
4 59
4 62
4 72
4 81
4 82
4 83
4 91
4 94
4 98
5 8
5 10
5 11
5 13
5 14
5 18
5 23
5 24
5 26
5 28
5 33
5 40
5 43
5 52
5 62
5 63
5 64
5 66
5 67
5 69
5 73
5 78
5 79
5 80
5 81
5 84
5 85
5 88
5 89
5 90
5 91
5 92
5 99
6 13
6 15
6 16
6 21
6 22
6 27
6 30
6 31
6 42
6 51
6 54
6 55
6 57
6 58
6 59
6 63
6 66
6 68
6 72
6 73
6 76
6 77
6 84
6 86
6 87
6 88
6 91
6 92
6 93
6 97
6 98
7 16
7 17
7 21
7 25
7 27
7 28
7 30
7 38
7 39
7 43
7 44
7 47
7 49
7 51
7 52
7 54
7 56
7 59
7 60
7 62
7 65
7 71
7 73
7 76
7 77
7 79
7 82
7 83
7 85
7 87
7 88
7 97
7 98
8 10
8 13
8 19
8 24
8 26
8 28
8 30
8 32
8 34
8 35
8 38
8 40
8 41
8 42
8 44
8 48
8 49
8 51
8 52
8 55
8 56
8 59
8 65
8 66
8 69
8 70
8 73
8 76
8 79
8 80
8 82
8 85
8 86
8 88
8 89
8 90
8 95
8 97
8 99
9 14
9 16
9 19
9 20
9 22
9 24
9 26
9 27
9 32
9 34
9 36
9 38
9 41
9 42
9 45
9 48
9 49
9 51
9 52
9 53
9 55
9 71
9 73
9 80
9 83
9 85
9 87
9 90
9 93
9 95
9 96
10 11
10 13
10 14
10 15
10 16
10 19
10 21
10 22
10 28
10 29
10 37
10 40
10 41
10 42
10 44
10 46
10 48
10 53
10 55
10 58
10 61
10 62
10 64
10 65
10 69
10 70
10 71
10 72
10 75
10 76
10 77
10 79
10 80
10 82
10 83
10 89
10 90
10 92
10 93
10 94
10 95
10 96
11 12
11 13
11 14
11 16
11 17
11 18
11 19
11 21
11 22
11 23
11 25
11 27
11 33
11 35
11 36
11 38
11 39
11 43
11 44
11 45
11 46
11 47
11 48
11 50
11 52
11 53
11 57
11 62
11 67
11 68
11 69
11 73
11 75
11 77
11 80
11 83
11 87
11 88
11 90
11 92
11 94
12 14
12 16
12 17
12 19
12 20
12 22
12 27
12 28
12 31
12 33
12 35
12 38
12 41
12 42
12 43
12 44
12 45
12 47
12 55
12 56
12 57
12 58
12 59
12 60
12 61
12 67
12 69
12 73
12 77
12 80
12 86
12 87
12 88
12 89
12 90
12 94
12 98
12 99
13 15
13 16
13 21
13 25
13 32
13 33
13 35
13 42
13 43
13 44
13 45
13 47
13 49
13 52
13 53
13 56
13 57
13 58
13 60
13 62
13 63
13 64
13 65
13 66
13 68
13 69
13 77
13 80
13 84
13 86
13 87
13 93
13 94
13 96
13 99
14 18
14 22
14 27
14 29
14 32
14 35
14 37
14 42
14 43
14 44
14 47
14 50
14 51
14 53
14 55
14 59
14 61
14 64
14 65
14 68
14 71
14 76
14 78
14 79
14 80
14 81
14 87
14 95
14 96
15 22
15 25
15 27
15 28
15 29
15 30
15 35
15 37
15 38
15 40
15 41
15 44
15 45
15 46
15 49
15 55
15 56
15 57
15 58
15 62
15 74
15 75
15 76
15 77
15 80
15 83
15 86
15 87
15 91
15 92
15 96
15 98
16 19
16 21
16 22
16 24
16 29
16 31
16 33
16 34
16 37
16 39
16 41
16 43
16 51
16 54
16 55
16 60
16 62
16 67
16 70
16 71
16 72
16 76
16 77
16 82
16 84
16 86
16 88
16 89
16 90
16 94
16 97
16 99
17 18
17 20
17 21
17 24
17 25
17 28
17 30
17 36
17 43
17 49
17 51
17 52
17 55
17 57
17 58
17 59
17 60
17 62
17 63
17 66
17 71
17 73
17 77
17 80
17 82
17 83
17 84
17 85
17 86
17 91
17 93
17 97
18 19
18 22
18 23
18 25
18 28
18 30
18 31
18 35
18 36
18 39
18 40
18 41
18 44
18 45
18 46
18 49
18 51
18 52
18 54
18 58
18 61
18 64
18 65
18 66
18 71
18 72
18 74
18 75
18 77
18 79
18 81
18 86
18 87
18 88
18 92
18 94
18 96
18 97
19 20
19 23
19 28
19 29
19 35
19 37
19 38
19 39
19 40
19 41
19 44
19 46
19 50
19 51
19 56
19 57
19 62
19 65
19 67
19 68
19 70
19 73
19 74
19 75
19 76
19 79
19 82
19 84
19 85
19 87
19 88
19 89
19 92
19 95
20 21
20 24
20 25
20 36
20 42
20 45
20 51
20 57
20 62
20 65
20 68
20 75
20 76
20 80
20 86
20 87
20 88
20 94
20 95
20 97
20 98
21 22
21 23
21 24
21 25
21 30
21 33
21 41
21 42
21 46
21 47
21 55
21 56
21 58
21 61
21 65
21 69
21 74
21 80
21 84
21 85
21 86
21 87
21 88
21 90
21 91
21 92
21 93
21 95
21 96
21 97
21 98
21 99
22 25
22 27
22 28
22 32
22 33
22 39
22 44
22 49
22 51
22 52
22 53
22 54
22 55
22 59
22 60
22 61
22 62
22 64
22 65
22 66
22 68
22 69
22 72
22 74
22 75
22 77
22 80
22 91
22 92
22 93
22 97
22 98
23 27
23 28
23 30
23 32
23 33
23 34
23 35
23 36
23 38
23 39
23 42
23 44
23 46
23 48
23 49
23 51
23 54
23 60
23 61
23 64
23 67
23 68
23 74
23 76
23 77
23 78
23 81
23 85
23 86
23 87
23 89
23 90
23 92
23 93
23 94
23 95
23 98
24 30
24 31
24 32
24 34
24 35
24 37
24 38
24 44
24 45
24 47
24 49
24 50
24 51
24 54
24 56
24 57
24 67
24 68
24 69
24 70
24 73
24 74
24 78
24 83
24 84
24 88
24 89
24 90
24 91
24 94
24 95
24 96
24 97
24 98
25 27
25 28
25 35
25 41
25 42
25 45
25 46
25 50
25 52
25 54
25 56
25 58
25 63
25 66
25 70
25 72
25 75
25 76
25 77
25 84
25 85
25 87
25 91
25 94
25 99
26 30
26 33
26 34
26 35
26 36
26 37
26 40
26 41
26 50
26 53
26 54
26 58
26 59
26 62
26 65
26 66
26 72
26 73
26 74
26 75
26 77
26 78
26 79
26 81
26 83
26 88
26 89
26 91
26 93
26 96
26 97
27 28
27 30
27 34
27 35
27 36
27 37
27 38
27 39
27 40
27 42
27 43
27 45
27 46
27 50
27 54
27 55
27 56
27 58
27 63
27 65
27 66
27 68
27 69
27 71
27 77
27 78
27 80
27 81
27 82
27 85
27 86
27 88
27 90
27 91
27 94
27 95
27 96
28 29
28 31
28 33
28 35
28 39
28 41
28 42
28 43
28 44
28 48
28 49
28 53
28 57
28 61
28 64
28 65
28 67
28 71
28 74
28 76
28 80
28 83
28 84
28 85
28 88
28 90
28 91
28 92
28 93
28 98
29 31
29 34
29 36
29 38
29 39
29 40
29 43
29 44
29 46
29 47
29 49
29 54
29 55
29 56
29 58
29 61
29 63
29 66
29 69
29 70
29 71
29 72
29 73
29 74
29 77
29 79
29 83
29 86
29 93
29 95
29 96
29 97
29 98
30 32
30 33
30 35
30 36
30 37
30 38
30 39
30 42
30 43
30 44
30 45
30 46
30 50
30 51
30 53
30 55
30 56
30 57
30 58
30 61
30 62
30 64
30 65
30 67
30 68
30 72
30 73
30 74
30 79
30 80
30 81
30 84
30 88
30 91
30 93
30 94
31 33
31 35
31 36
31 37
31 39
31 46
31 54
31 55
31 60
31 62
31 63
31 64
31 65
31 67
31 68
31 70
31 77
31 78
31 79
31 80
31 85
31 88
31 89
31 90
31 92
31 98
32 33
32 36
32 37
32 38
32 39
32 40
32 42
32 44
32 45
32 47
32 52
32 53
32 54
32 55
32 56
32 58
32 60
32 65
32 69
32 72
32 73
32 76
32 77
32 78
32 80
32 81
32 85
32 88
32 89
32 92
32 93
32 95
32 98
33 34
33 35
33 36
33 39
33 41
33 46
33 47
33 49
33 54
33 56
33 60
33 66
33 67
33 68
33 70
33 73
33 75
33 76
33 79
33 80
33 81
33 82
33 84
33 85
33 86
33 90
33 92
33 93
33 94
33 96
33 97
34 35
34 38
34 46
34 49
34 56
34 58
34 60
34 66
34 68
34 70
34 72
34 80
34 84
34 86
34 87
34 88
34 89
34 90
34 96
34 97
34 98
34 99
35 40
35 45
35 48
35 51
35 53
35 54
35 60
35 63
35 68
35 70
35 71
35 74
35 77
35 80
35 83
35 84
35 86
35 95
35 99
36 40
36 41
36 45
36 47
36 48
36 54
36 56
36 57
36 58
36 59
36 65
36 70
36 71
36 72
36 74
36 75
36 82
36 84
36 85
36 89
36 90
36 91
36 92
36 93
36 95
36 96
37 41
37 43
37 44
37 49
37 50
37 54
37 56
37 57
37 58
37 59
37 61
37 62
37 64
37 70
37 71
37 72
37 74
37 75
37 81
37 83
37 84
37 86
37 87
37 89
37 91
37 92
37 94
37 95
37 97
38 40
38 41
38 46
38 47
38 49
38 59
38 62
38 63
38 69
38 71
38 72
38 74
38 78
38 83
38 84
38 85
38 88
38 90
38 92
38 93
38 96
38 99
39 42
39 43
39 44
39 51
39 52
39 53
39 56
39 58
39 59
39 62
39 63
39 66
39 67
39 68
39 80
39 81
39 82
39 84
39 85
39 89
39 90
39 93
39 94
39 96
39 98
40 42
40 46
40 50
40 51
40 56
40 57
40 59
40 61
40 66
40 68
40 77
40 79
40 81
40 83
40 91
40 93
41 43
41 45
41 46
41 56
41 58
41 62
41 64
41 65
41 66
41 68
41 71
41 75
41 76
41 79
41 83
41 85
41 87
41 88
41 89
41 90
41 95
41 99
42 44
42 47
42 48
42 55
42 58
42 65
42 66
42 68
42 72
42 73
42 75
42 78
42 84
42 86
42 89
42 91
42 92
42 93
42 95
42 96
42 99
43 45
43 46
43 49
43 51
43 52
43 53
43 54
43 57
43 58
43 59
43 65
43 67
43 68
43 69
43 73
43 76
43 79
43 80
43 83
43 86
43 87
43 89
43 92
43 93
43 98
43 99
44 46
44 51
44 54
44 55
44 56
44 57
44 60
44 61
44 66
44 70
44 71
44 81
44 83
44 86
44 88
44 91
44 95
44 98
45 47
45 53
45 54
45 55
45 57
45 62
45 63
45 64
45 66
45 70
45 73
45 74
45 76
45 78
45 83
45 84
45 86
45 89
45 90
45 91
45 93
45 96
45 97
46 47
46 48
46 51
46 52
46 53
46 55
46 58
46 60
46 67
46 72
46 75
46 76
46 77
46 78
46 79
46 81
46 85
46 89
46 95
46 97
46 98
46 99
47 48
47 51
47 58
47 59
47 60
47 61
47 63
47 66
47 67
47 69
47 70
47 72
47 73
47 76
47 79
47 81
47 82
47 83
47 86
47 87
47 92
47 93
47 95
47 96
47 97
47 99
48 49
48 53
48 54
48 55
48 58
48 62
48 63
48 65
48 72
48 75
48 76
48 77
48 80
48 82
48 83
48 85
48 87
48 88
48 89
48 90
48 95
48 97
48 98
49 51
49 52
49 55
49 57
49 58
49 67
49 71
49 73
49 74
49 75
49 79
49 80
49 86
49 87
49 89
49 91
49 97
49 99
50 51
50 52
50 55
50 57
50 59
50 60
50 61
50 65
50 73
50 75
50 76
50 78
50 82
50 83
50 85
50 86
50 90
50 91
50 94
50 95
50 97
50 98
50 99
51 52
51 53
51 61
51 63
51 65
51 66
51 67
51 70
51 71
51 74
51 77
51 85
51 90
51 91
51 97
51 98
52 53
52 54
52 55
52 59
52 60
52 63
52 64
52 65
52 66
52 73
52 74
52 75
52 79
52 82
52 85
52 92
52 93
52 95
52 96
52 97
52 98
52 99
53 57
53 60
53 61
53 65
53 68
53 73
53 74
53 76
53 79
53 80
53 83
53 90
53 91
53 92
53 95
53 98
54 56
54 57
54 58
54 60
54 67
54 70
54 71
54 72
54 74
54 78
54 83
54 85
54 89
54 90
54 91
54 93
54 99
55 56
55 58
55 59
55 60
55 61
55 64
55 67
55 68
55 70
55 75
55 76
55 78
55 80
55 81
55 84
55 85
55 87
55 88
56 58
56 60
56 61
56 63
56 64
56 68
56 71
56 76
56 78
56 79
56 80
56 81
56 82
56 92
56 95
56 97
56 98
57 60
57 62
57 64
57 66
57 68
57 73
57 79
57 80
57 84
57 85
57 86
57 88
57 91
57 92
57 93
57 94
57 95
57 97
58 60
58 61
58 64
58 67
58 70
58 73
58 75
58 76
58 77
58 78
58 80
58 81
58 84
58 87
58 88
58 89
58 94
58 95
58 99
59 60
59 66
59 67
59 68
59 70
59 74
59 75
59 76
59 80
59 81
59 84
59 85
59 89
59 91
59 93
59 94
59 95
59 97
60 64
60 66
60 67
60 70
60 77
60 79
60 83
60 85
60 86
60 89
60 97
61 63
61 66
61 68
61 69
61 75
61 76
61 80
61 81
61 88
61 91
61 92
61 93
61 94
61 95
61 97
61 98
61 99
62 63
62 65
62 66
62 67
62 70
62 71
62 79
62 81
62 86
62 91
62 95
62 97
62 98
63 64
63 66
63 68
63 71
63 72
63 73
63 74
63 75
63 76
63 77
63 78
63 81
63 83
63 86
63 89
63 90
63 91
63 97
64 67
64 68
64 70
64 82
64 84
64 89
64 90
64 92
64 94
64 98
64 99
65 67
65 70
65 71
65 72
65 74
65 75
65 76
65 78
65 79
65 80
65 81
65 83
65 89
65 92
65 93
65 97
66 67
66 69
66 70
66 72
66 73
66 74
66 75
66 76
66 77
66 79
66 80
66 84
66 87
66 89
66 90
66 95
66 96
66 97
66 98
67 71
67 76
67 81
67 82
67 85
67 86
67 87
67 89
67 94
67 95
67 98
68 74
68 77
68 78
68 81
68 83
68 85
68 87
68 91
68 93
68 95
68 96
68 98
68 99
69 71
69 72
69 73
69 76
69 79
69 80
69 83
69 86
69 87
69 90
69 91
69 92
69 96
69 97
69 98
70 71
70 73
70 74
70 77
70 78
70 80
70 84
70 85
70 86
70 87
70 88
70 91
70 99
71 75
71 76
71 77
71 81
71 83
71 84
71 87
71 89
71 96
71 97
72 75
72 76
72 77
72 78
72 79
72 81
72 87
72 90
72 91
72 92
72 99
73 75
73 76
73 80
73 84
73 86
73 91
73 95
73 97
74 83
74 84
74 88
74 89
74 91
74 92
74 93
74 94
74 95
74 96
74 99
75 78
75 79
75 81
75 84
75 85
75 86
75 87
75 90
75 92
75 93
75 94
75 95
75 98
76 77
76 78
76 80
76 84
76 86
76 88
76 89
76 92
76 94
76 95
76 99
77 85
77 88
77 90
77 91
77 92
77 96
77 97
77 98
77 99
78 79
78 82
78 84
78 86
78 87
78 88
78 90
78 93
78 96
79 81
79 85
79 86
79 88
79 95
79 96
80 81
80 83
80 86
80 92
80 94
80 95
81 82
81 84
81 86
81 89
81 92
81 94
81 96
82 86
82 88
82 90
82 91
82 95
82 96
82 98
83 84
83 85
83 86
83 90
83 91
83 93
83 99
84 86
84 90
84 96
84 97
85 87
85 89
85 90
85 91
85 93
85 94
85 96
85 97
85 99
86 89
86 96
86 99
87 89
87 90
87 96
87 97
87 99
88 92
88 99
89 91
89 97
89 99
90 91
90 97
90 98
91 94
91 95
91 97
91 98
92 94
92 95
92 97
93 94
93 95
93 99
94 96
94 97
95 96
95 98
95 99
96 99
97 98
98 99
