0 2
0 3
0 5
0 6
0 7
0 9
0 10
0 11
0 16
0 17
0 19
0 21
0 22
0 23
0 24
0 25
0 26
0 28
0 29
0 32
0 35
0 36
0 37
0 38
0 39
0 40
0 42
0 43
0 44
0 48
0 50
0 51
0 52
0 53
0 59
0 60
0 61
0 62
0 63
0 64
0 65
0 66
0 67
0 68
0 70
0 72
0 73
0 74
0 77
0 79
0 81
0 82
0 83
0 85
0 86
0 88
0 89
0 90
0 92
0 94
0 95
0 97
0 99
1 2
1 4
1 6
1 7
1 9
1 10
1 11
1 12
1 13
1 14
1 15
1 17
1 19
1 20
1 21
1 22
1 26
1 28
1 31
1 34
1 35
1 37
1 38
1 40
1 42
1 43
1 45
1 46
1 48
1 49
1 51
1 53
1 55
1 56
1 58
1 60
1 61
1 63
1 64
1 65
1 66
1 67
1 68
1 69
1 71
1 73
1 75
1 76
1 77
1 79
1 80
1 81
1 83
1 85
1 86
1 87
1 90
1 91
1 93
1 94
1 96
1 99
2 4
2 7
2 8
2 9
2 10
2 11
2 15
2 16
2 18
2 22
2 23
2 25
2 26
2 28
2 29
2 31
2 32
2 33
2 36
2 37
2 39
2 40
2 43
2 47
2 48
2 50
2 51
2 54
2 55
2 56
2 58
2 59
2 60
2 61
2 62
2 63
2 65
2 66
2 67
2 69
2 70
2 71
2 72
2 74
2 75
2 77
2 78
2 79
2 83
2 84
2 85
2 86
2 87
2 88
2 90
2 91
2 95
2 96
2 97
2 98
3 4
3 5
3 6
3 7
3 8
3 9
3 10
3 14
3 15
3 18
3 19
3 20
3 21
3 23
3 24
3 25
3 26
3 27
3 28
3 29
3 30
3 33
3 34
3 37
3 39
3 42
3 43
3 44
3 45
3 46
3 47
3 49
3 50
3 52
3 53
3 54
3 55
3 57
3 58
3 59
3 60
3 61
3 63
3 67
3 68
3 69
3 71
3 72
3 75
3 76
3 78
3 80
3 82
3 83
3 84
3 85
3 86
3 89
3 90
3 91
3 97
3 99
4 5
4 7
4 9
4 10
4 11
4 12
4 13
4 14
4 15
4 16
4 17
4 20
4 21
4 24
4 25
4 26
4 27
4 28
4 29
4 30
4 31
4 32
4 34
4 38
4 40
4 41
4 43
4 44
4 49
4 51
4 54
4 55
4 57
4 58
4 59
4 60
4 62
4 66
4 67
4 68
4 69
4 70
4 71
4 72
4 74
4 77
4 78
4 80
4 81
4 83
4 84
4 85
4 86
4 87
4 88
4 90
4 91
4 92
4 93
4 94
4 95
4 96
4 98
4 99
5 7
5 9
5 10
5 12
5 13
5 14
5 15
5 17
5 18
5 19
5 22
5 24
5 27
5 30
5 33
5 35
5 36
5 38
5 42
5 43
5 46
5 50
5 54
5 56
5 59
5 60
5 61
5 63
5 64
5 65
5 66
5 67
5 68
5 71
5 73
5 75
5 77
5 79
5 81
5 82
5 83
5 84
5 86
5 87
5 89
5 92
5 93
5 95
5 96
5 98
6 8
6 9
6 10
6 12
6 13
6 14
6 16
6 17
6 18
6 22
6 23
6 24
6 25
6 26
6 27
6 28
6 30
6 32
6 34
6 35
6 36
6 37
6 39
6 40
6 42
6 46
6 47
6 48
6 50
6 54
6 57
6 58
6 61
6 63
6 64
6 66
6 67
6 68
6 70
6 71
6 72
6 73
6 74
6 77
6 79
6 82
6 83
6 84
6 85
6 91
6 93
6 95
6 96
6 97
6 98
6 99
7 8
7 10
7 11
7 12
7 13
7 16
7 17
7 20
7 21
7 22
7 23
7 24
7 25
7 27
7 28
7 30
7 31
7 34
7 36
7 37
7 39
7 40
7 43
7 45
7 47
7 48
7 49
7 51
7 52
7 55
7 58
7 59
7 60
7 61
7 63
7 64
7 65
7 66
7 67
7 68
7 69
7 71
7 72
7 73
7 74
7 75
7 77
7 78
7 79
7 81
7 82
7 83
7 87
7 89
7 91
7 92
7 93
7 96
7 97
7 99
8 10
8 11
8 16
8 17
8 19
8 20
8 21
8 23
8 24
8 25
8 26
8 29
8 31
8 33
8 38
8 39
8 42
8 44
8 45
8 46
8 48
8 49
8 50
8 53
8 54
8 55
8 56
8 58
8 63
8 65
8 67
8 68
8 69
8 71
8 73
8 74
8 75
8 76
8 78
8 79
8 81
8 82
8 84
8 86
8 88
8 89
8 91
8 93
8 94
8 97
8 98
9 10
9 12
9 13
9 14
9 15
9 17
9 18
9 20
9 22
9 23
9 25
9 26
9 27
9 29
9 30
9 33
9 35
9 36
9 37
9 38
9 39
9 40
9 41
9 45
9 46
9 47
9 48
9 50
9 51
9 54
9 55
9 56
9 57
9 59
9 60
9 69
9 70
9 71
9 73
9 76
9 77
9 78
9 80
9 81
9 83
9 84
9 85
9 87
9 89
9 93
9 94
9 95
9 97
9 98
9 99
10 11
10 12
10 13
10 14
10 17
10 20
10 22
10 25
10 27
10 28
10 29
10 31
10 32
10 34
10 35
10 38
10 39
10 40
10 42
10 43
10 44
10 45
10 47
10 48
10 51
10 52
10 55
10 56
10 57
10 59
10 61
10 62
10 63
10 64
10 65
10 67
10 68
10 69
10 71
10 74
10 80
10 82
10 83
10 84
10 86
10 87
10 89
10 90
10 91
10 92
10 93
10 94
10 96
10 97
10 98
10 99
11 12
11 14
11 16
11 18
11 19
11 22
11 23
11 25
11 28
11 29
11 30
11 31
11 32
11 35
11 36
11 37
11 42
11 43
11 44
11 46
11 49
11 51
11 53
11 54
11 55
11 57
11 60
11 62
11 65
11 66
11 68
11 69
11 70
11 71
11 72
11 73
11 74
11 75
11 76
11 78
11 79
11 80
11 81
11 84
11 86
11 87
11 89
11 90
11 91
11 92
11 94
11 97
11 99
12 13
12 15
12 18
12 20
12 21
12 22
12 24
12 25
12 28
12 29
12 30
12 32
12 33
12 34
12 35
12 38
12 42
12 43
12 44
12 46
12 47
12 50
12 53
12 54
12 58
12 59
12 61
12 62
12 63
12 65
12 66
12 67
12 70
12 72
12 73
12 76
12 77
12 82
12 83
12 84
12 85
12 86
12 87
12 88
12 90
12 91
12 92
12 93
12 95
12 97
12 98
12 99
13 15
13 17
13 24
13 25
13 30
13 31
13 33
13 34
13 35
13 38
13 39
13 42
13 45
13 46
13 47
13 49
13 52
13 53
13 54
13 56
13 57
13 61
13 65
13 66
13 67
13 68
13 69
13 71
13 73
13 74
13 75
13 76
13 77
13 79
13 80
13 81
13 84
13 85
13 86
13 87
13 89
13 90
13 93
13 95
13 96
13 98
14 16
14 18
14 19
14 20
14 21
14 22
14 23
14 26
14 27
14 28
14 29
14 30
14 33
14 34
14 36
14 37
14 38
14 39
14 41
14 44
14 45
14 48
14 50
14 51
14 55
14 56
14 57
14 58
14 59
14 60
14 62
14 63
14 65
14 66
14 67
14 68
14 69
14 71
14 73
14 74
14 75
14 79
14 80
14 81
14 82
14 84
14 85
14 89
14 90
14 91
14 92
14 94
14 96
14 97
14 98
15 16
15 17
15 21
15 25
15 26
15 30
15 32
15 36
15 37
15 38
15 40
15 41
15 42
15 45
15 47
15 51
15 53
15 56
15 57
15 58
15 60
15 61
15 62
15 64
15 66
15 67
15 70
15 71
15 72
15 73
15 75
15 79
15 82
15 87
15 88
15 89
15 90
15 91
15 92
15 93
15 94
15 95
15 96
16 17
16 18
16 19
16 20
16 21
16 22
16 24
16 25
16 29
16 32
16 33
16 34
16 35
16 39
16 41
16 45
16 47
16 50
16 52
16 54
16 55
16 56
16 59
16 60
16 62
16 67
16 70
16 71
16 73
16 74
16 75
16 76
16 77
16 79
16 80
16 81
16 83
16 84
16 85
16 86
16 87
16 89
16 90
16 91
16 93
16 95
16 96
16 99
17 18
17 19
17 20
17 24
17 25
17 26
17 27
17 29
17 30
17 31
17 32
17 33
17 36
17 37
17 38
17 39
17 43
17 46
17 48
17 49
17 50
17 51
17 54
17 56
17 58
17 59
17 61
17 64
17 66
17 68
17 69
17 71
17 73
17 74
17 76
17 79
17 82
17 83
17 84
17 86
17 87
17 88
17 89
17 90
17 91
17 92
17 93
17 96
17 97
17 98
17 99
18 19
18 21
18 22
18 23
18 24
18 25
18 30
18 31
18 32
18 33
18 35
18 36
18 38
18 39
18 40
18 42
18 43
18 45
18 47
18 48
18 49
18 50
18 51
18 53
18 55
18 56
18 58
18 59
18 61
18 62
18 63
18 65
18 67
18 68
18 69
18 70
18 71
18 74
18 75
18 76
18 77
18 78
18 80
18 82
18 83
18 85
18 87
18 88
18 89
18 90
18 94
18 97
18 99
19 20
19 21
19 22
19 24
19 25
19 26
19 27
19 28
19 31
19 33
19 38
19 39
19 41
19 43
19 45
19 47
19 48
19 50
19 52
19 53
19 54
19 55
19 56
19 58
19 59
19 60
19 62
19 66
19 67
19 68
19 69
19 72
19 73
19 74
19 76
19 77
19 78
19 79
19 80
19 83
19 84
19 85
19 86
19 87
19 88
19 91
19 92
19 93
19 95
19 96
19 98
20 21
20 22
20 26
20 27
20 30
20 31
20 35
20 36
20 37
20 38
20 39
20 41
20 44
20 48
20 51
20 52
20 53
20 54
20 55
20 56
20 57
20 58
20 60
20 64
20 65
20 66
20 67
20 69
20 70
20 73
20 75
20 76
20 77
20 78
20 79
20 80
20 83
20 85
20 86
20 87
20 89
20 90
20 92
20 93
20 96
20 97
20 99
21 22
21 23
21 24
21 25
21 27
21 28
21 30
21 31
21 33
21 35
21 36
21 39
21 42
21 44
21 45
21 46
21 47
21 49
21 50
21 51
21 52
21 54
21 58
21 59
21 60
21 61
21 63
21 64
21 65
21 66
21 67
21 70
21 72
21 73
21 76
21 78
21 79
21 80
21 84
21 85
21 86
21 87
21 89
21 90
21 91
21 92
21 93
21 94
21 95
21 96
21 97
22 24
22 25
22 26
22 27
22 31
22 33
22 34
22 35
22 36
22 39
22 40
22 41
22 42
22 43
22 44
22 45
22 48
22 49
22 50
22 52
22 54
22 55
22 56
22 57
22 59
22 60
22 63
22 64
22 66
22 67
22 68
22 69
22 74
22 76
22 77
22 78
22 80
22 83
22 84
22 86
22 87
22 89
22 90
22 92
22 96
22 97
22 98
23 24
23 26
23 29
23 30
23 31
23 32
23 35
23 36
23 37
23 39
23 40
23 41
23 43
23 44
23 49
23 50
23 51
23 52
23 54
23 55
23 56
23 58
23 60
23 62
23 64
23 65
23 66
23 67
23 69
23 70
23 71
23 72
23 73
23 74
23 75
23 76
23 80
23 81
23 84
23 85
23 86
23 88
23 90
23 92
23 94
23 95
23 97
23 98
23 99
24 27
24 29
24 30
24 31
24 35
24 36
24 37
24 38
24 39
24 42
24 43
24 44
24 48
24 50
24 51
24 52
24 56
24 57
24 60
24 61
24 62
24 64
24 65
24 67
24 68
24 71
24 72
24 73
24 74
24 75
24 76
24 77
24 80
24 81
24 82
24 83
24 85
24 87
24 88
24 90
24 91
24 92
24 94
24 96
24 99
25 27
25 28
25 29
25 30
25 31
25 33
25 34
25 35
25 36
25 37
25 38
25 40
25 41
25 43
25 45
25 46
25 47
25 48
25 49
25 50
25 51
25 52
25 55
25 56
25 57
25 58
25 60
25 61
25 64
25 65
25 66
25 67
25 68
25 70
25 71
25 72
25 73
25 74
25 75
25 76
25 77
25 78
25 79
25 82
25 83
25 87
25 88
25 89
25 90
25 92
25 93
25 95
25 96
25 97
25 99
26 27
26 28
26 30
26 31
26 35
26 38
26 40
26 41
26 42
26 43
26 49
26 50
26 51
26 52
26 54
26 58
26 60
26 62
26 63
26 64
26 65
26 67
26 71
26 75
26 76
26 78
26 82
26 83
26 85
26 91
26 94
26 95
26 97
27 32
27 33
27 35
27 36
27 37
27 38
27 40
27 45
27 46
27 50
27 51
27 52
27 53
27 54
27 56
27 57
27 59
27 61
27 63
27 65
27 66
27 67
27 68
27 69
27 70
27 71
27 75
27 76
27 78
27 79
27 81
27 82
27 85
27 89
27 92
27 95
27 96
27 97
27 98
27 99
28 29
28 30
28 31
28 32
28 34
28 39
28 40
28 42
28 44
28 45
28 46
28 47
28 48
28 52
28 54
28 55
28 56
28 59
28 63
28 71
28 72
28 75
28 80
28 83
28 86
28 87
28 88
28 89
28 92
28 93
28 95
28 96
28 98
28 99
29 32
29 34
29 35
29 36
29 37
29 41
29 43
29 44
29 45
29 46
29 47
29 48
29 51
29 52
29 53
29 55
29 57
29 58
29 59
29 60
29 63
29 64
29 65
29 67
29 73
29 77
29 79
29 80
29 83
29 84
29 85
29 87
29 91
29 94
29 97
30 32
30 33
30 34
30 35
30 37
30 40
30 41
30 42
30 44
30 45
30 46
30 48
30 51
30 52
30 53
30 55
30 58
30 60
30 62
30 63
30 64
30 65
30 68
30 72
30 74
30 76
30 78
30 80
30 83
30 84
30 85
30 86
30 88
30 89
30 90
30 91
30 93
30 94
30 96
31 32
31 33
31 34
31 35
31 37
31 38
31 39
31 40
31 42
31 45
31 46
31 47
31 50
31 51
31 53
31 55
31 56
31 59
31 60
31 63
31 66
31 67
31 69
31 70
31 71
31 72
31 73
31 74
31 75
31 76
31 80
31 81
31 84
31 85
31 87
31 88
31 89
31 94
31 95
31 98
31 99
32 33
32 34
32 35
32 36
32 40
32 41
32 43
32 44
32 45
32 46
32 47
32 48
32 50
32 51
32 52
32 54
32 55
32 59
32 60
32 61
32 62
32 63
32 64
32 65
32 66
32 67
32 68
32 74
32 76
32 80
32 81
32 82
32 83
32 85
32 86
32 88
32 89
32 90
32 91
32 94
32 95
32 98
32 99
33 34
33 36
33 37
33 39
33 40
33 41
33 44
33 45
33 46
33 47
33 48
33 49
33 50
33 54
33 55
33 56
33 58
33 59
33 60
33 62
33 63
33 64
33 65
33 68
33 69
33 72
33 73
33 76
33 77
33 79
33 80
33 82
33 84
33 85
33 88
33 89
33 98
34 35
34 39
34 40
34 41
34 43
34 44
34 45
34 46
34 47
34 48
34 51
34 52
34 54
34 55
34 56
34 57
34 58
34 59
34 61
34 62
34 63
34 64
34 65
34 66
34 71
34 74
34 75
34 77
34 79
34 80
34 82
34 84
34 87
34 89
34 91
34 93
34 94
34 95
34 98
35 36
35 37
35 38
35 39
35 40
35 42
35 43
35 44
35 45
35 46
35 47
35 49
35 50
35 52
35 54
35 55
35 56
35 58
35 61
35 63
35 66
35 68
35 69
35 70
35 71
35 73
35 74
35 76
35 78
35 79
35 80
35 81
35 82
35 84
35 86
35 87
35 89
35 95
35 98
35 99
36 37
36 39
36 41
36 42
36 43
36 46
36 47
36 49
36 50
36 51
36 54
36 57
36 58
36 61
36 63
36 64
36 66
36 67
36 68
36 69
36 74
36 78
36 79
36 80
36 81
36 82
36 83
36 86
36 88
36 89
36 90
36 93
36 94
36 95
36 96
36 97
36 99
37 38
37 39
37 40
37 41
37 42
37 44
37 45
37 46
37 48
37 51
37 52
37 53
37 55
37 56
37 57
37 58
37 59
37 61
37 64
37 66
37 68
37 70
37 72
37 73
37 76
37 77
37 78
37 81
37 82
37 83
37 85
37 86
37 87
37 89
37 91
37 92
37 93
37 95
37 96
37 97
37 98
38 40
38 41
38 42
38 44
38 45
38 46
38 47
38 48
38 49
38 50
38 51
38 53
38 54
38 55
38 56
38 57
38 58
38 59
38 60
38 61
38 64
38 65
38 66
38 67
38 70
38 71
38 72
38 73
38 75
38 78
38 79
38 80
38 81
38 82
38 85
38 86
38 87
38 90
38 91
38 92
38 93
38 94
39 41
39 42
39 46
39 48
39 52
39 55
39 57
39 58
39 60
39 61
39 64
39 66
39 67
39 68
39 69
39 70
39 73
39 74
39 76
39 77
39 79
39 80
39 83
39 84
39 85
39 86
39 88
39 91
39 92
39 93
39 94
39 95
39 96
39 97
39 99
40 42
40 43
40 44
40 46
40 49
40 50
40 52
40 54
40 55
40 57
40 58
40 60
40 62
40 64
40 65
40 67
40 69
40 70
40 71
40 72
40 74
40 75
40 76
40 77
40 79
40 80
40 81
40 84
40 88
40 89
40 93
40 94
40 98
40 99
41 42
41 44
41 45
41 46
41 50
41 51
41 52
41 53
41 54
41 56
41 57
41 59
41 62
41 63
41 64
41 65
41 66
41 70
41 71
41 72
41 74
41 75
41 77
41 81
41 82
41 83
41 84
41 86
41 87
41 91
41 92
41 93
41 95
41 97
42 43
42 45
42 46
42 47
42 52
42 53
42 54
42 55
42 56
42 58
42 60
42 61
42 62
42 63
42 64
42 65
42 66
42 68
42 69
42 70
42 71
42 72
42 73
42 75
42 78
42 79
42 80
42 81
42 84
42 85
42 89
42 92
42 95
42 96
42 99
43 44
43 45
43 48
43 49
43 52
43 54
43 55
43 56
43 57
43 58
43 59
43 60
43 61
43 62
43 64
43 65
43 66
43 67
43 68
43 70
43 72
43 74
43 75
43 76
43 77
43 78
43 79
43 81
43 83
43 84
43 85
43 86
43 87
43 88
43 89
43 90
43 92
43 95
43 97
44 46
44 48
44 49
44 53
44 54
44 55
44 56
44 57
44 59
44 60
44 63
44 64
44 67
44 70
44 73
44 74
44 75
44 77
44 78
44 81
44 82
44 83
44 84
44 86
44 87
44 89
44 90
44 92
44 94
44 95
44 96
44 97
44 98
44 99
45 46
45 47
45 48
45 50
45 51
45 52
45 55
45 57
45 60
45 62
45 63
45 64
45 65
45 66
45 67
45 68
45 69
45 70
45 71
45 72
45 73
45 76
45 78
45 79
45 82
45 83
45 85
45 86
45 87
45 88
45 89
45 90
45 91
45 92
45 93
45 94
45 95
45 96
45 97
45 98
45 99
46 47
46 48
46 49
46 52
46 53
46 54
46 55
46 57
46 58
46 59
46 60
46 62
46 64
46 65
46 67
46 69
46 71
46 73
46 74
46 76
46 77
46 79
46 81
46 82
46 83
46 85
46 87
46 89
46 90
46 91
46 92
46 93
46 95
46 96
46 98
46 99
47 48
47 49
47 50
47 52
47 53
47 58
47 60
47 61
47 64
47 65
47 66
47 67
47 68
47 69
47 70
47 71
47 77
47 79
47 80
47 81
47 82
47 83
47 84
47 88
47 89
47 90
47 91
47 92
47 93
47 95
47 97
47 99
48 49
48 50
48 51
48 54
48 55
48 56
48 57
48 58
48 59
48 61
48 66
48 67
48 68
48 69
48 71
48 72
48 74
48 76
48 78
48 80
48 81
48 82
48 83
48 85
48 87
48 88
48 90
48 91
48 92
48 94
48 95
48 96
48 99
49 51
49 52
49 53
49 54
49 55
49 56
49 57
49 58
49 59
49 60
49 61
49 63
49 66
49 71
49 72
49 73
49 74
49 76
49 77
49 78
49 79
49 80
49 82
49 85
49 86
49 87
49 89
49 92
49 93
49 96
49 98
49 99
50 52
50 53
50 54
50 55
50 56
50 57
50 58
50 59
50 62
50 63
50 64
50 66
50 68
50 69
50 70
50 71
50 73
50 74
50 75
50 76
50 77
50 78
50 79
50 82
50 83
50 85
50 86
50 88
50 90
50 91
50 93
50 97
50 98
51 53
51 54
51 55
51 59
51 60
51 62
51 63
51 64
51 65
51 66
51 67
51 70
51 72
51 73
51 74
51 80
51 82
51 83
51 84
51 86
51 87
51 90
51 92
51 93
51 94
51 95
51 97
52 53
52 55
52 56
52 58
52 59
52 60
52 62
52 63
52 66
52 69
52 72
52 73
52 74
52 76
52 77
52 78
52 79
52 84
52 85
52 88
52 89
52 90
52 92
52 95
52 96
52 97
52 98
52 99
53 60
53 61
53 65
53 67
53 69
53 70
53 71
53 72
53 73
53 74
53 76
53 77
53 78
53 80
53 83
53 84
53 85
53 87
53 89
53 91
53 92
53 95
53 96
53 97
54 57
54 59
54 63
54 64
54 66
54 67
54 68
54 69
54 70
54 72
54 73
54 75
54 78
54 79
54 80
54 83
54 84
54 89
54 93
54 94
54 95
54 99
55 56
55 58
55 59
55 60
55 61
55 62
55 64
55 65
55 68
55 69
55 70
55 71
55 72
55 73
55 75
55 78
55 79
55 82
55 83
55 85
55 86
55 87
55 90
55 92
55 93
55 95
55 96
55 99
56 59
56 60
56 63
56 64
56 66
56 67
56 68
56 72
56 74
56 76
56 78
56 80
56 82
56 83
56 84
56 85
56 86
56 87
56 88
56 89
56 92
56 93
56 94
56 97
56 99
57 58
57 59
57 63
57 65
57 66
57 67
57 68
57 69
57 70
57 71
57 72
57 73
57 77
57 78
57 80
57 82
57 83
57 84
57 85
57 87
57 89
57 91
57 92
57 93
57 95
57 96
57 99
58 59
58 63
58 64
58 66
58 67
58 72
58 77
58 79
58 80
58 81
58 82
58 83
58 84
58 88
58 89
58 90
58 91
58 92
58 93
58 94
58 95
58 96
58 99
59 60
59 61
59 62
59 63
59 64
59 66
59 67
59 69
59 70
59 73
59 74
59 75
59 76
59 77
59 78
59 80
59 82
59 83
59 84
59 85
59 89
59 90
59 92
59 94
59 95
59 98
60 61
60 62
60 64
60 66
60 68
60 69
60 70
60 71
60 72
60 73
60 74
60 75
60 76
60 77
60 78
60 79
60 80
60 82
60 84
60 85
60 86
60 87
60 88
60 90
60 91
60 92
60 93
60 94
60 95
60 96
60 97
60 99
61 62
61 63
61 64
61 69
61 70
61 71
61 72
61 73
61 79
61 80
61 82
61 84
61 85
61 87
61 88
61 89
61 90
61 91
61 92
61 93
61 94
61 95
61 97
61 98
62 63
62 64
62 65
62 66
62 68
62 69
62 70
62 72
62 75
62 76
62 77
62 79
62 82
62 83
62 84
62 85
62 90
62 92
62 93
62 94
62 96
62 97
62 98
63 67
63 69
63 74
63 79
63 80
63 82
63 83
63 85
63 87
63 90
63 91
63 92
63 94
63 95
63 97
63 98
64 65
64 69
64 70
64 72
64 75
64 76
64 78
64 79
64 81
64 84
64 85
64 87
64 88
64 90
64 93
64 94
64 95
64 96
65 66
65 67
65 68
65 69
65 70
65 71
65 72
65 74
65 76
65 79
65 82
65 85
65 86
65 87
65 88
65 89
65 91
65 92
65 93
65 94
65 95
65 97
65 98
65 99
66 68
66 69
66 72
66 74
66 76
66 77
66 80
66 81
66 82
66 84
66 86
66 87
66 88
66 89
66 90
66 91
66 94
66 98
66 99
67 68
67 70
67 71
67 72
67 73
67 74
67 75
67 76
67 78
67 79
67 87
67 88
67 89
67 90
67 95
67 97
67 98
68 70
68 73
68 74
68 75
68 77
68 78
68 82
68 83
68 84
68 85
68 86
68 88
68 89
68 90
68 93
68 94
68 95
68 99
69 70
69 71
69 72
69 73
69 74
69 79
69 80
69 82
69 83
69 84
69 85
69 87
69 88
69 89
69 91
69 92
69 94
69 95
69 96
69 97
69 98
69 99
70 71
70 73
70 75
70 76
70 78
70 80
70 81
70 82
70 83
70 84
70 87
70 88
70 89
70 90
70 91
70 92
70 94
70 95
70 96
70 97
70 99
71 73
71 74
71 75
71 77
71 78
71 79
71 81
71 82
71 83
71 84
71 85
71 86
71 87
71 89
71 90
71 91
71 93
71 94
71 95
71 96
72 73
72 74
72 75
72 77
72 78
72 79
72 81
72 83
72 87
72 91
72 92
72 93
72 95
72 96
72 97
72 98
72 99
73 74
73 75
73 76
73 77
73 79
73 80
73 81
73 82
73 83
73 84
73 85
73 87
73 89
73 90
73 92
73 94
73 95
73 96
73 97
74 75
74 77
74 78
74 79
74 80
74 81
74 82
74 84
74 85
74 86
74 87
74 88
74 91
74 92
74 94
74 95
74 97
74 98
75 76
75 77
75 78
75 79
75 82
75 83
75 84
75 91
75 92
75 95
75 96
75 99
76 78
76 80
76 81
76 84
76 85
76 86
76 90
76 91
76 93
76 94
76 96
76 98
76 99
77 78
77 80
77 82
77 84
77 85
77 86
77 87
77 88
77 89
77 92
77 93
77 95
77 98
77 99
78 79
78 82
78 83
78 85
78 87
78 89
78 91
78 96
78 97
79 80
79 81
79 82
79 83
79 84
79 86
79 87
79 90
79 92
79 93
79 95
79 98
79 99
80 81
80 82
80 83
80 84
80 85
80 86
80 88
80 89
80 90
80 93
80 95
80 96
81 82
81 84
81 87
81 89
81 93
81 94
81 95
81 96
81 99
82 83
82 86
82 91
82 92
82 93
82 94
82 95
83 84
83 85
83 87
83 89
83 92
83 96
83 97
83 99
84 85
84 86
84 87
84 88
84 89
84 93
84 94
84 96
84 97
84 99
85 86
85 88
85 89
85 90
85 92
85 94
85 96
85 99
86 87
86 88
86 90
86 91
86 92
86 95
86 96
86 99
87 89
87 95
87 96
87 97
88 89
88 91
88 93
88 94
88 96
88 97
88 99
89 90
89 93
89 94
89 95
89 98
89 99
90 92
90 93
90 94
90 96
90 97
90 98
90 99
91 93
91 94
91 98
91 99
92 94
92 97
92 99
93 94
93 95
93 96
93 99
94 95
94 97
94 99
95 97
95 98
96 97
96 98
96 99
98 99
