0 9
0 10
0 13
0 15
0 20
0 23
0 31
0 32
0 33
0 35
0 46
0 51
0 54
0 57
0 58
0 59
0 60
0 63
0 64
0 66
0 73
0 79
0 80
0 82
0 95
0 97
0 99
1 3
1 4
1 5
1 9
1 17
1 24
1 25
1 26
1 27
1 32
1 34
1 35
1 40
1 46
1 65
1 66
1 71
1 73
2 10
2 18
2 20
2 21
2 22
2 29
2 35
2 36
2 37
2 40
2 49
2 51
2 54
2 55
2 65
2 67
2 69
2 74
2 75
2 78
2 88
2 89
2 92
3 7
3 8
3 14
3 24
3 29
3 31
3 35
3 37
3 43
3 46
3 49
3 53
3 67
3 78
3 79
3 84
3 88
3 98
4 5
4 9
4 11
4 16
4 22
4 27
4 29
4 36
4 37
4 53
4 54
4 56
4 60
4 64
4 67
4 74
4 77
4 81
4 85
4 87
4 90
4 97
4 99
5 8
5 11
5 17
5 21
5 24
5 26
5 32
5 39
5 51
5 56
5 62
5 64
5 78
5 79
5 87
5 90
5 95
6 13
6 16
6 20
6 21
6 51
6 57
6 61
6 63
6 70
6 73
6 86
6 94
6 98
7 8
7 9
7 12
7 13
7 16
7 17
7 20
7 24
7 30
7 32
7 33
7 35
7 40
7 43
7 47
7 50
7 52
7 57
7 64
7 70
7 73
7 79
7 81
7 83
7 86
7 99
8 12
8 19
8 21
8 23
8 33
8 36
8 41
8 45
8 46
8 47
8 60
8 63
8 68
8 72
8 76
8 77
8 82
8 85
8 92
8 93
8 94
8 96
9 11
9 12
9 13
9 14
9 25
9 29
9 32
9 35
9 39
9 42
9 45
9 68
9 78
9 82
9 86
10 16
10 27
10 35
10 47
10 51
10 53
10 59
10 64
10 68
10 70
10 79
10 82
10 83
10 84
10 88
10 90
10 91
10 96
11 16
11 28
11 29
11 31
11 42
11 43
11 44
11 47
11 48
11 51
11 53
11 58
11 65
11 70
11 74
11 75
11 81
11 93
11 95
11 96
12 22
12 23
12 26
12 30
12 36
12 46
12 49
12 57
12 66
12 67
12 79
12 80
12 84
12 92
12 94
12 97
13 15
13 16
13 22
13 24
13 27
13 34
13 46
13 48
13 50
13 53
13 54
13 57
13 63
13 72
13 76
13 81
13 83
13 88
13 93
14 24
14 25
14 32
14 38
14 46
14 52
14 54
14 59
14 60
14 63
14 67
14 72
14 79
15 16
15 20
15 25
15 28
15 33
15 38
15 47
15 53
15 64
15 74
15 75
15 81
15 85
15 87
15 94
15 95
15 98
16 26
16 35
16 41
16 46
16 54
16 64
16 70
16 86
16 88
16 95
16 96
16 99
17 20
17 25
17 28
17 31
17 39
17 43
17 57
17 58
17 64
17 66
17 68
17 70
17 71
17 76
17 77
17 83
17 92
18 23
18 30
18 32
18 38
18 48
18 52
18 58
18 59
18 67
18 70
18 72
18 86
18 99
19 26
19 27
19 30
19 36
19 42
19 46
19 48
19 50
19 52
19 54
19 59
19 62
19 66
19 67
19 78
19 87
19 88
20 30
20 37
20 49
20 54
20 55
20 57
20 62
20 63
20 68
20 69
20 72
20 80
20 84
20 85
20 87
20 88
21 23
21 25
21 28
21 36
21 38
21 52
21 72
21 75
21 79
21 81
21 90
21 95
22 24
22 26
22 34
22 37
22 42
22 47
22 58
22 67
22 68
22 70
22 72
22 73
22 75
22 89
23 26
23 27
23 31
23 34
23 38
23 39
23 41
23 46
23 50
23 69
23 73
23 74
23 88
23 93
23 96
23 97
23 98
24 27
24 45
24 46
24 56
24 67
24 71
24 77
24 80
24 81
24 87
24 88
24 90
24 97
24 98
25 27
25 29
25 34
25 35
25 37
25 40
25 44
25 48
25 50
25 51
25 52
25 55
25 56
25 64
25 68
25 70
25 73
25 75
25 82
25 86
25 91
25 92
25 93
25 96
26 40
26 42
26 44
26 48
26 50
26 55
26 58
26 61
26 63
26 65
26 66
26 68
26 70
26 72
26 84
26 90
26 92
27 29
27 35
27 59
27 61
27 62
27 64
27 68
27 75
27 80
27 81
27 82
27 90
27 94
27 96
28 31
28 40
28 41
28 45
28 46
28 48
28 50
28 52
28 56
28 59
28 64
28 65
28 74
28 76
28 79
28 83
28 84
28 87
28 90
29 30
29 33
29 36
29 50
29 59
29 63
29 65
29 66
29 69
29 70
29 77
29 87
29 91
29 94
29 97
29 98
30 31
30 32
30 38
30 42
30 49
30 51
30 61
30 66
30 68
30 74
30 76
30 77
30 88
30 89
30 92
30 98
31 56
31 63
31 66
31 68
31 69
31 79
31 85
31 99
32 38
32 39
32 50
32 55
32 60
32 62
32 70
32 79
32 86
32 88
32 89
32 91
32 94
32 95
32 96
32 98
33 34
33 43
33 46
33 47
33 55
33 58
33 61
33 66
33 72
33 74
33 84
33 87
33 88
33 95
33 98
34 39
34 43
34 59
34 62
34 66
34 67
34 79
35 36
35 37
35 42
35 46
35 49
35 50
35 53
35 55
35 56
35 63
35 68
35 72
35 75
35 80
35 83
35 99
36 43
36 51
36 64
36 67
36 69
36 73
36 74
36 76
36 77
36 78
36 79
36 86
36 87
36 92
36 96
37 41
37 45
37 47
37 49
37 51
37 54
37 58
37 60
37 65
37 66
37 67
37 85
37 92
37 96
37 99
38 46
38 53
38 54
38 63
38 76
38 77
38 78
38 80
38 89
38 95
39 43
39 45
39 48
39 59
39 62
39 68
39 73
39 78
39 80
39 83
39 84
39 88
39 92
39 97
40 43
40 44
40 71
40 72
40 77
40 78
40 84
40 97
41 45
41 52
41 59
41 60
41 64
41 67
41 78
41 82
41 96
42 46
42 47
42 50
42 51
42 52
42 54
42 55
42 61
42 66
42 67
42 69
42 72
42 73
42 75
42 92
43 45
43 53
43 75
43 76
43 83
43 84
43 91
43 95
43 99
44 47
44 54
44 55
44 59
44 62
44 65
44 68
44 77
44 90
44 92
44 93
44 94
44 96
44 97
44 98
45 52
45 55
45 56
45 58
45 65
45 67
45 77
45 79
45 88
45 89
45 94
45 95
46 53
46 54
46 57
46 58
46 61
46 65
46 76
46 82
46 84
46 98
47 67
47 73
47 74
47 80
47 81
47 82
47 84
47 97
47 98
48 49
48 65
48 69
48 71
48 81
48 89
48 90
48 93
49 52
49 63
49 68
49 76
49 77
49 85
49 91
49 96
49 98
50 54
50 56
50 57
50 68
50 79
50 80
50 86
50 93
51 54
51 63
51 66
51 67
51 72
51 83
51 88
51 89
51 96
52 60
52 61
52 64
52 71
52 73
52 83
52 90
52 98
53 54
53 56
53 59
53 62
53 63
53 65
53 68
53 74
53 80
53 81
53 85
53 89
53 99
54 61
54 69
54 73
54 75
54 76
54 77
54 82
54 83
54 92
54 97
54 99
55 64
55 71
55 80
55 83
55 90
55 92
55 94
55 98
56 64
56 74
56 77
56 82
56 92
56 96
57 77
57 94
57 95
58 59
58 61
58 69
58 72
58 73
58 75
58 87
58 89
58 91
58 97
59 63
59 65
59 73
59 89
59 90
59 95
59 97
60 62
60 68
60 70
60 76
60 79
60 81
60 87
60 89
60 91
60 97
60 99
61 64
61 67
61 77
61 79
61 82
61 91
61 92
61 96
62 64
62 65
62 67
62 69
62 80
62 88
62 90
62 91
62 92
62 99
63 64
63 65
63 68
63 72
63 74
63 77
63 88
63 89
63 94
64 67
64 69
64 71
64 80
64 82
64 83
64 85
64 89
64 91
64 94
64 99
65 66
65 70
65 79
65 80
65 81
65 86
65 88
65 95
65 96
66 76
66 81
66 85
66 86
66 88
66 94
66 99
67 76
67 81
67 82
67 83
67 86
67 88
67 89
67 98
68 79
68 82
68 85
68 90
68 95
69 93
69 94
69 97
70 72
70 75
70 76
70 83
70 91
70 92
70 94
70 97
70 99
71 75
71 79
71 80
71 82
71 93
71 95
72 73
72 78
72 94
72 95
72 97
72 99
73 77
73 83
73 93
74 93
74 94
74 96
75 76
75 80
75 86
75 95
76 78
76 80
76 85
77 95
77 97
78 89
78 92
78 95
78 96
79 81
79 89
79 91
79 95
79 96
79 98
80 82
80 87
80 90
81 83
81 89
81 92
81 93
81 97
82 89
82 92
82 97
83 87
83 88
84 87
84 89
84 90
84 95
84 99
85 91
85 96
86 87
86 91
86 97
88 92
88 96
89 94
89 96
89 97
90 96
90 98
91 95
91 99
93 97
94 95
94 96
94 97
95 99
