0 2
0 5
0 8
0 9
0 10
0 14
0 16
0 26
0 27
0 29
0 30
0 33
0 38
0 39
0 40
0 41
0 45
0 49
0 51
0 53
0 54
0 59
0 60
0 61
0 62
0 63
0 64
0 65
0 66
0 68
0 69
0 70
0 72
0 73
0 76
0 78
0 80
0 81
0 82
0 83
0 84
0 85
0 86
0 88
0 90
0 91
0 92
0 95
0 96
0 99
1 4
1 9
1 10
1 13
1 16
1 17
1 18
1 19
1 20
1 25
1 26
1 29
1 30
1 33
1 35
1 36
1 38
1 39
1 40
1 41
1 42
1 44
1 46
1 48
1 49
1 50
1 51
1 52
1 54
1 55
1 56
1 57
1 59
1 60
1 61
1 62
1 64
1 65
1 66
1 68
1 70
1 71
1 74
1 75
1 76
1 77
1 80
1 82
1 86
1 87
1 88
1 91
1 92
1 96
1 98
2 4
2 6
2 12
2 14
2 17
2 18
2 19
2 20
2 24
2 25
2 27
2 28
2 29
2 34
2 35
2 37
2 38
2 39
2 40
2 41
2 42
2 45
2 48
2 51
2 52
2 53
2 55
2 56
2 60
2 61
2 62
2 65
2 66
2 67
2 70
2 71
2 72
2 73
2 75
2 77
2 79
2 81
2 82
2 83
2 86
2 89
2 91
2 93
2 94
2 95
2 99
3 4
3 5
3 6
3 7
3 9
3 10
3 11
3 14
3 15
3 16
3 19
3 20
3 21
3 22
3 24
3 28
3 30
3 33
3 35
3 39
3 41
3 42
3 43
3 45
3 46
3 47
3 49
3 50
3 52
3 53
3 55
3 56
3 57
3 60
3 61
3 65
3 67
3 69
3 70
3 72
3 73
3 75
3 76
3 77
3 78
3 79
3 82
3 83
3 85
3 88
3 89
3 91
3 94
3 98
3 99
4 8
4 9
4 10
4 11
4 12
4 13
4 14
4 15
4 17
4 21
4 22
4 23
4 26
4 27
4 33
4 34
4 37
4 38
4 39
4 42
4 44
4 48
4 50
4 51
4 54
4 56
4 57
4 58
4 61
4 62
4 63
4 69
4 71
4 72
4 73
4 74
4 75
4 78
4 80
4 81
4 83
4 86
4 87
4 88
4 89
4 92
4 94
4 97
4 99
5 6
5 7
5 8
5 9
5 12
5 13
5 17
5 18
5 19
5 21
5 26
5 27
5 30
5 33
5 34
5 35
5 36
5 41
5 42
5 44
5 51
5 52
5 53
5 54
5 55
5 56
5 57
5 58
5 59
5 61
5 62
5 64
5 65
5 66
5 68
5 69
5 70
5 72
5 74
5 76
5 78
5 82
5 83
5 84
5 85
5 86
5 89
5 91
5 93
5 94
5 95
5 96
5 98
5 99
6 7
6 9
6 10
6 11
6 12
6 13
6 14
6 15
6 20
6 22
6 23
6 24
6 26
6 27
6 29
6 30
6 33
6 36
6 38
6 41
6 42
6 47
6 48
6 49
6 50
6 53
6 54
6 55
6 58
6 62
6 64
6 68
6 71
6 72
6 75
6 82
6 84
6 85
6 87
6 88
6 89
6 90
6 91
6 92
6 97
6 98
6 99
7 8
7 10
7 12
7 13
7 18
7 20
7 21
7 22
7 25
7 26
7 27
7 32
7 38
7 40
7 43
7 47
7 52
7 53
7 54
7 55
7 58
7 59
7 60
7 61
7 62
7 63
7 64
7 69
7 71
7 73
7 74
7 75
7 76
7 77
7 78
7 80
7 84
7 87
7 88
7 91
7 92
7 93
7 95
7 99
8 10
8 12
8 17
8 18
8 22
8 28
8 31
8 32
8 33
8 39
8 40
8 41
8 45
8 48
8 51
8 52
8 53
8 55
8 72
8 75
8 76
8 78
8 79
8 83
8 85
8 86
8 95
8 97
8 99
9 10
9 13
9 16
9 17
9 21
9 22
9 24
9 25
9 26
9 28
9 29
9 36
9 38
9 39
9 45
9 46
9 49
9 50
9 51
9 52
9 53
9 58
9 61
9 62
9 64
9 65
9 66
9 67
9 72
9 73
9 75
9 76
9 79
9 81
9 82
9 84
9 85
9 93
9 96
9 97
9 98
10 11
10 16
10 17
10 20
10 21
10 22
10 23
10 27
10 28
10 29
10 31
10 33
10 36
10 37
10 39
10 40
10 42
10 44
10 45
10 47
10 50
10 51
10 53
10 58
10 59
10 61
10 63
10 67
10 68
10 70
10 73
10 74
10 76
10 77
10 79
10 81
10 83
10 84
10 85
10 86
10 88
10 89
10 90
10 91
10 92
10 93
10 95
10 97
11 13
11 14
11 17
11 18
11 20
11 21
11 22
11 24
11 27
11 28
11 32
11 35
11 41
11 42
11 43
11 46
11 47
11 48
11 51
11 52
11 54
11 55
11 58
11 60
11 64
11 69
11 70
11 71
11 72
11 74
11 75
11 77
11 81
11 82
11 85
11 86
11 88
11 89
11 90
11 92
11 93
11 94
11 95
11 97
12 13
12 15
12 20
12 23
12 27
12 29
12 30
12 37
12 42
12 49
12 50
12 51
12 52
12 54
12 55
12 57
12 61
12 62
12 64
12 65
12 66
12 70
12 71
12 72
12 75
12 76
12 77
12 80
12 82
12 83
12 89
12 90
12 92
12 94
12 96
12 97
13 20
13 21
13 25
13 31
13 32
13 33
13 37
13 38
13 42
13 44
13 45
13 49
13 50
13 52
13 55
13 56
13 57
13 58
13 66
13 67
13 68
13 69
13 70
13 72
13 77
13 78
13 79
13 84
13 86
13 87
13 88
13 92
13 96
13 98
13 99
14 15
14 17
14 18
14 20
14 22
14 27
14 31
14 34
14 35
14 38
14 39
14 41
14 43
14 44
14 48
14 51
14 54
14 57
14 58
14 60
14 62
14 63
14 64
14 65
14 66
14 67
14 68
14 69
14 70
14 71
14 73
14 74
14 75
14 76
14 77
14 78
14 81
14 84
14 86
14 87
14 88
14 93
14 94
14 95
14 96
14 97
14 98
14 99
15 19
15 21
15 22
15 26
15 28
15 32
15 34
15 35
15 40
15 41
15 44
15 46
15 47
15 49
15 51
15 56
15 57
15 58
15 61
15 64
15 65
15 66
15 69
15 70
15 73
15 74
15 77
15 82
15 84
15 85
15 87
15 89
15 91
15 92
15 94
15 96
15 97
16 17
16 18
16 19
16 20
16 21
16 27
16 28
16 29
16 33
16 35
16 36
16 37
16 38
16 39
16 42
16 46
16 49
16 50
16 51
16 52
16 54
16 55
16 56
16 57
16 58
16 59
16 60
16 61
16 62
16 64
16 65
16 66
16 67
16 69
16 70
16 71
16 72
16 74
16 76
16 77
16 78
16 80
16 82
16 88
16 91
16 93
16 95
16 97
16 99
17 18
17 19
17 24
17 25
17 26
17 28
17 29
17 30
17 31
17 32
17 33
17 35
17 40
17 46
17 47
17 49
17 54
17 56
17 57
17 58
17 59
17 64
17 66
17 68
17 69
17 70
17 72
17 75
17 78
17 82
17 87
17 88
17 89
17 90
17 92
17 93
17 96
17 97
17 98
17 99
18 21
18 24
18 26
18 27
18 28
18 30
18 31
18 32
18 34
18 35
18 39
18 40
18 47
18 50
18 52
18 53
18 54
18 56
18 57
18 58
18 61
18 62
18 67
18 68
18 69
18 70
18 71
18 72
18 77
18 78
18 81
18 84
18 86
18 87
18 91
18 94
18 96
18 98
19 21
19 24
19 25
19 29
19 31
19 37
19 38
19 39
19 40
19 41
19 42
19 47
19 50
19 51
19 52
19 53
19 57
19 59
19 66
19 67
19 68
19 69
19 70
19 71
19 74
19 75
19 76
19 78
19 79
19 80
19 81
19 91
19 93
19 94
19 97
19 98
19 99
20 21
20 22
20 24
20 26
20 27
20 28
20 29
20 30
20 31
20 32
20 33
20 36
20 37
20 38
20 39
20 46
20 48
20 50
20 51
20 53
20 54
20 56
20 57
20 60
20 61
20 62
20 66
20 67
20 68
20 70
20 75
20 78
20 79
20 80
20 81
20 89
20 91
20 92
20 94
20 95
20 96
20 97
20 99
21 23
21 26
21 27
21 31
21 32
21 34
21 36
21 37
21 38
21 39
21 41
21 42
21 43
21 46
21 47
21 50
21 51
21 52
21 54
21 55
21 59
21 61
21 62
21 64
21 68
21 69
21 70
21 73
21 74
21 75
21 76
21 77
21 85
21 86
21 90
21 92
21 94
21 97
21 99
22 24
22 27
22 30
22 32
22 33
22 34
22 35
22 39
22 40
22 41
22 42
22 45
22 46
22 47
22 48
22 51
22 58
22 59
22 62
22 66
22 68
22 71
22 80
22 81
22 82
22 83
22 84
22 88
22 89
22 90
22 91
22 92
22 95
22 98
22 99
23 24
23 25
23 26
23 28
23 29
23 30
23 33
23 34
23 37
23 38
23 40
23 42
23 44
23 45
23 46
23 48
23 49
23 54
23 55
23 56
23 58
23 59
23 60
23 63
23 67
23 69
23 70
23 71
23 72
23 74
23 76
23 77
23 78
23 81
23 82
23 85
23 86
23 88
23 89
23 90
23 92
23 94
23 95
23 96
23 97
23 98
23 99
24 26
24 29
24 30
24 32
24 33
24 38
24 39
24 42
24 43
24 44
24 45
24 46
24 48
24 49
24 50
24 52
24 53
24 55
24 60
24 61
24 62
24 64
24 65
24 66
24 67
24 69
24 71
24 73
24 74
24 78
24 79
24 81
24 85
24 87
24 88
24 89
24 92
24 93
24 94
24 96
24 98
25 26
25 29
25 33
25 36
25 37
25 38
25 43
25 44
25 48
25 50
25 51
25 54
25 58
25 59
25 60
25 61
25 63
25 65
25 66
25 70
25 74
25 76
25 77
25 78
25 82
25 84
25 85
25 87
25 89
25 90
25 92
26 27
26 30
26 31
26 32
26 33
26 34
26 36
26 37
26 38
26 39
26 40
26 42
26 44
26 46
26 48
26 49
26 51
26 52
26 53
26 54
26 64
26 66
26 68
26 70
26 71
26 73
26 74
26 75
26 76
26 77
26 81
26 84
26 92
26 97
26 98
27 29
27 31
27 33
27 35
27 36
27 37
27 40
27 41
27 44
27 45
27 47
27 48
27 51
27 53
27 58
27 61
27 67
27 68
27 70
27 71
27 72
27 73
27 75
27 76
27 78
27 79
27 80
27 82
27 84
27 85
27 86
27 87
27 89
27 90
27 92
27 99
28 29
28 32
28 34
28 35
28 37
28 38
28 39
28 43
28 45
28 46
28 47
28 48
28 49
28 50
28 53
28 54
28 55
28 56
28 57
28 58
28 59
28 61
28 62
28 67
28 68
28 71
28 75
28 80
28 81
28 82
28 83
28 84
28 86
28 87
28 92
28 94
28 96
28 97
29 30
29 40
29 42
29 43
29 44
29 47
29 48
29 50
29 51
29 52
29 53
29 54
29 56
29 58
29 60
29 62
29 63
29 65
29 66
29 67
29 74
29 78
29 79
29 81
29 82
29 83
29 84
29 86
29 88
29 89
29 92
29 94
29 97
29 98
30 31
30 33
30 36
30 37
30 38
30 39
30 41
30 46
30 47
30 49
30 52
30 53
30 54
30 59
30 60
30 64
30 68
30 69
30 70
30 71
30 72
30 79
30 81
30 82
30 88
30 93
30 94
30 98
30 99
31 33
31 34
31 35
31 36
31 38
31 40
31 42
31 46
31 47
31 57
31 59
31 60
31 63
31 64
31 67
31 68
31 69
31 70
31 74
31 75
31 76
31 79
31 86
31 88
31 89
31 90
31 91
32 33
32 35
32 37
32 39
32 41
32 42
32 44
32 46
32 50
32 51
32 53
32 54
32 55
32 56
32 58
32 59
32 60
32 62
32 63
32 66
32 67
32 68
32 70
32 73
32 74
32 76
32 78
32 79
32 81
32 83
32 84
32 85
32 86
32 87
32 90
32 91
32 92
32 93
32 95
32 97
32 99
33 34
33 36
33 44
33 49
33 52
33 53
33 55
33 56
33 57
33 61
33 62
33 63
33 69
33 70
33 71
33 72
33 75
33 79
33 80
33 81
33 83
33 86
33 88
33 92
33 98
33 99
34 37
34 38
34 39
34 40
34 44
34 45
34 48
34 50
34 52
34 53
34 54
34 55
34 56
34 58
34 59
34 60
34 63
34 64
34 65
34 67
34 68
34 70
34 71
34 72
34 73
34 76
34 77
34 79
34 80
34 81
34 84
34 85
34 87
34 91
34 96
34 97
34 98
34 99
35 37
35 39
35 41
35 45
35 48
35 49
35 50
35 51
35 52
35 55
35 56
35 58
35 60
35 61
35 64
35 65
35 66
35 71
35 72
35 73
35 76
35 79
35 80
35 81
35 84
35 85
35 87
35 91
35 92
35 94
35 95
35 97
36 38
36 41
36 42
36 43
36 44
36 47
36 49
36 50
36 52
36 55
36 58
36 61
36 65
36 66
36 67
36 68
36 70
36 71
36 72
36 74
36 75
36 76
36 80
36 84
36 85
36 88
36 94
36 96
36 97
36 99
37 40
37 41
37 46
37 49
37 50
37 59
37 61
37 62
37 67
37 69
37 74
37 76
37 77
37 78
37 79
37 86
37 90
37 91
37 92
37 94
37 97
37 99
38 39
38 40
38 42
38 46
38 48
38 50
38 53
38 55
38 59
38 61
38 62
38 64
38 65
38 69
38 71
38 72
38 73
38 77
38 78
38 79
38 80
38 82
38 87
38 89
38 93
38 94
38 95
39 41
39 43
39 44
39 45
39 50
39 51
39 53
39 55
39 56
39 57
39 60
39 66
39 67
39 68
39 70
39 73
39 77
39 79
39 80
39 81
39 82
39 83
39 84
39 85
39 86
39 89
39 94
39 96
39 97
40 42
40 49
40 51
40 53
40 54
40 60
40 61
40 62
40 63
40 65
40 66
40 69
40 70
40 71
40 72
40 77
40 78
40 80
40 81
40 82
40 83
40 89
40 90
40 96
40 97
40 98
41 42
41 43
41 45
41 46
41 47
41 49
41 53
41 57
41 63
41 64
41 65
41 67
41 68
41 69
41 71
41 72
41 81
41 83
41 84
41 86
41 89
41 90
41 93
41 95
41 99
42 44
42 54
42 56
42 57
42 59
42 61
42 63
42 65
42 70
42 74
42 75
42 76
42 78
42 82
42 83
42 86
42 88
42 92
42 95
42 98
43 45
43 46
43 50
43 55
43 58
43 61
43 63
43 69
43 70
43 73
43 76
43 77
43 80
43 82
43 84
43 86
43 89
43 90
43 96
43 97
44 47
44 48
44 49
44 50
44 51
44 54
44 60
44 61
44 62
44 64
44 69
44 70
44 71
44 72
44 73
44 78
44 79
44 87
44 88
44 89
44 92
44 93
44 95
44 96
44 98
44 99
45 46
45 49
45 50
45 51
45 53
45 54
45 65
45 66
45 69
45 70
45 72
45 75
45 79
45 80
45 81
45 83
45 85
45 90
45 92
45 93
45 94
45 97
45 99
46 47
46 50
46 51
46 53
46 54
46 56
46 57
46 59
46 60
46 62
46 63
46 67
46 69
46 70
46 72
46 73
46 82
46 83
46 84
46 85
46 87
46 88
46 89
46 91
46 94
46 96
46 97
46 98
46 99
47 50
47 52
47 55
47 56
47 58
47 62
47 63
47 65
47 66
47 67
47 68
47 72
47 73
47 75
47 77
47 78
47 79
47 81
47 83
47 84
47 88
47 90
47 94
47 95
47 99
48 50
48 51
48 52
48 56
48 58
48 61
48 62
48 63
48 68
48 69
48 74
48 75
48 76
48 77
48 78
48 79
48 83
48 85
48 87
48 88
48 91
48 93
48 97
48 99
49 57
49 60
49 62
49 67
49 77
49 80
49 81
49 82
49 86
49 87
49 88
49 90
49 94
49 96
49 97
49 99
50 51
50 52
50 53
50 57
50 58
50 59
50 61
50 63
50 64
50 68
50 69
50 70
50 71
50 72
50 74
50 75
50 76
50 82
50 85
50 87
50 89
50 90
50 92
50 93
50 94
51 53
51 54
51 56
51 57
51 59
51 61
51 62
51 64
51 65
51 66
51 67
51 70
51 71
51 72
51 75
51 76
51 81
51 82
51 83
51 84
51 86
51 89
51 90
51 91
51 92
51 94
51 97
51 98
52 53
52 54
52 55
52 56
52 57
52 58
52 59
52 60
52 62
52 65
52 67
52 69
52 70
52 73
52 74
52 75
52 77
52 80
52 86
52 87
52 89
52 90
52 91
52 94
52 95
52 96
53 55
53 56
53 61
53 62
53 63
53 64
53 65
53 67
53 69
53 71
53 75
53 79
53 80
53 82
53 83
53 86
53 87
53 89
53 91
53 92
53 94
53 96
53 98
53 99
54 56
54 57
54 58
54 61
54 62
54 63
54 64
54 69
54 72
54 75
54 76
54 80
54 81
54 82
54 84
54 85
54 87
54 89
54 90
54 91
54 92
54 94
54 95
54 96
54 97
54 99
55 56
55 58
55 59
55 60
55 61
55 66
55 68
55 70
55 71
55 73
55 75
55 77
55 80
55 83
55 84
55 86
55 87
55 88
55 90
55 93
55 95
55 97
56 58
56 63
56 64
56 65
56 66
56 67
56 69
56 71
56 73
56 74
56 78
56 80
56 81
56 85
56 87
56 88
56 91
56 92
56 93
56 94
56 95
56 98
56 99
57 65
57 66
57 67
57 68
57 69
57 70
57 71
57 74
57 75
57 77
57 79
57 80
57 81
57 82
57 87
57 88
57 92
57 93
57 94
57 98
57 99
58 63
58 65
58 68
58 72
58 77
58 84
58 85
58 88
58 91
58 94
58 95
58 96
58 97
58 98
59 60
59 62
59 63
59 64
59 65
59 67
59 68
59 71
59 74
59 75
59 76
59 77
59 78
59 80
59 82
59 85
59 86
59 87
59 89
59 90
59 92
59 93
59 96
60 61
60 62
60 63
60 64
60 69
60 71
60 73
60 74
60 76
60 77
60 78
60 79
60 81
60 82
60 83
60 84
60 91
60 92
60 94
60 97
60 98
61 63
61 64
61 70
61 72
61 73
61 74
61 76
61 81
61 82
61 83
61 84
61 85
61 88
61 90
61 92
61 93
61 94
61 96
61 97
61 99
62 64
62 65
62 68
62 71
62 72
62 73
62 75
62 77
62 78
62 79
62 81
62 84
62 85
62 87
62 88
62 92
62 93
62 94
62 97
62 98
62 99
63 64
63 66
63 67
63 70
63 71
63 72
63 73
63 75
63 76
63 77
63 80
63 83
63 85
63 86
63 87
63 88
63 89
63 90
63 91
63 92
63 94
63 95
63 96
64 69
64 71
64 72
64 73
64 74
64 77
64 81
64 83
64 84
64 86
64 87
64 90
64 92
64 97
64 98
64 99
65 66
65 72
65 76
65 79
65 84
65 86
65 90
65 91
65 92
65 93
65 94
65 95
65 96
66 68
66 73
66 76
66 78
66 83
66 84
66 85
66 86
66 87
66 88
66 89
66 92
66 93
66 94
66 96
66 97
66 99
67 69
67 70
67 71
67 74
67 75
67 78
67 79
67 83
67 89
67 91
67 92
67 93
67 94
68 69
68 70
68 71
68 73
68 75
68 79
68 81
68 83
68 85
68 86
68 87
68 88
68 90
68 94
68 96
68 97
68 99
69 71
69 73
69 74
69 76
69 78
69 79
69 80
69 84
69 85
69 88
69 89
69 91
69 92
69 95
69 97
70 71
70 77
70 78
70 79
70 81
70 82
70 83
70 84
70 85
70 87
70 89
70 90
70 91
70 92
70 94
70 99
71 72
71 74
71 75
71 77
71 81
71 83
71 84
71 85
71 87
71 88
71 90
71 92
72 75
72 77
72 78
72 79
72 81
72 84
72 85
72 86
72 89
72 90
72 91
72 92
72 94
72 96
72 97
72 98
73 74
73 80
73 81
73 82
73 83
73 90
73 96
73 97
73 98
73 99
74 79
74 80
74 82
74 86
74 87
74 88
74 90
74 91
74 92
74 93
74 94
74 95
74 96
74 98
75 77
75 83
75 86
75 87
75 89
75 90
75 91
75 92
75 93
75 94
75 95
75 97
75 98
75 99
76 78
76 81
76 82
76 83
76 86
76 88
76 89
76 90
76 95
76 97
76 98
76 99
77 79
77 81
77 82
77 83
77 87
77 91
77 92
77 93
77 94
77 97
77 98
77 99
78 79
78 82
78 85
78 86
78 89
78 90
78 93
78 94
78 95
78 97
79 82
79 83
79 85
79 89
79 91
79 92
79 94
79 95
79 96
79 97
79 98
80 82
80 83
80 86
80 87
80 88
80 89
80 91
80 94
80 95
80 96
80 97
80 98
80 99
81 83
81 85
81 90
81 91
81 92
81 93
81 94
81 95
82 84
82 94
82 95
82 97
82 98
83 87
83 91
83 92
83 94
83 96
83 97
83 99
84 85
84 87
84 88
84 89
84 90
84 92
84 93
84 94
84 95
84 97
84 98
85 88
85 89
85 91
85 95
85 97
85 99
86 88
86 90
86 91
86 94
86 99
87 89
87 90
87 96
87 98
88 90
88 91
88 92
88 96
88 97
88 98
88 99
89 92
89 93
89 98
89 99
90 93
90 97
90 98
90 99
91 92
91 93
92 93
92 95
92 97
92 99
93 94
93 96
93 97
93 98
93 99
94 97
95 97
95 98
95 99
96 97
96 98
98 99
