0 5
0 9
0 10
0 11
0 16
0 20
0 24
0 31
0 33
0 37
0 38
0 41
0 60
0 68
0 74
0 75
0 76
0 92
0 93
0 94
0 97
1 2
1 3
1 4
1 11
1 12
1 14
1 17
1 28
1 29
1 30
1 31
1 34
1 43
1 45
1 48
1 51
1 54
1 56
1 70
1 71
2 3
2 5
2 10
2 11
2 17
2 18
2 21
2 23
2 26
2 41
2 47
2 48
2 68
2 70
2 71
2 75
2 79
2 88
2 89
2 97
3 4
3 9
3 11
3 12
3 13
3 16
3 17
3 18
3 20
3 21
3 25
3 28
3 30
3 33
3 37
3 38
3 45
3 48
3 70
3 80
3 86
3 95
3 98
3 99
4 5
4 8
4 9
4 12
4 19
4 31
4 34
4 36
4 42
4 44
4 45
4 46
4 48
4 50
4 62
4 66
4 68
4 71
4 73
4 90
5 7
5 19
5 25
5 33
5 34
5 35
5 36
5 38
5 45
5 49
5 69
5 73
5 75
5 84
5 95
5 96
6 10
6 13
6 15
6 16
6 21
6 36
6 37
6 38
6 46
6 48
6 59
6 65
6 66
6 72
6 80
6 85
6 92
6 93
6 95
7 27
7 42
7 43
7 47
7 53
7 55
7 61
7 65
7 68
7 70
7 76
7 79
7 83
7 86
7 88
7 94
7 95
7 96
8 9
8 11
8 20
8 23
8 27
8 28
8 29
8 30
8 31
8 32
8 33
8 34
8 35
8 39
8 45
8 55
8 75
8 76
8 82
8 83
8 93
9 11
9 22
9 23
9 26
9 28
9 31
9 44
9 52
9 61
9 62
9 65
9 75
9 83
9 91
9 98
10 16
10 17
10 21
10 23
10 26
10 28
10 37
10 42
10 44
10 50
10 51
10 56
10 59
10 64
10 67
10 75
10 82
10 84
10 85
10 97
11 24
11 34
11 39
11 43
11 47
11 48
11 49
11 53
11 57
11 63
11 68
11 69
11 73
11 74
11 82
11 88
11 96
12 24
12 27
12 28
12 36
12 40
12 42
12 45
12 54
12 56
12 63
12 64
12 72
12 79
12 80
12 85
12 86
12 89
12 95
13 17
13 18
13 41
13 43
13 45
13 54
13 55
13 62
13 64
13 66
13 67
13 68
13 72
13 82
13 85
13 87
13 89
13 93
14 15
14 21
14 28
14 30
14 32
14 34
14 35
14 43
14 48
14 52
14 58
14 62
14 65
14 71
14 81
14 91
14 97
15 20
15 24
15 27
15 30
15 33
15 41
15 47
15 56
15 62
15 78
15 79
15 82
15 84
16 22
16 23
16 24
16 28
16 31
16 32
16 34
16 35
16 37
16 41
16 48
16 49
16 52
16 57
16 60
16 64
16 73
16 78
16 79
16 81
16 90
16 95
17 19
17 26
17 29
17 31
17 39
17 41
17 44
17 46
17 70
17 75
17 76
17 90
18 28
18 31
18 39
18 42
18 43
18 56
18 57
18 59
18 60
18 61
18 67
18 71
18 73
18 79
18 89
18 90
18 95
18 96
19 21
19 37
19 38
19 40
19 41
19 43
19 47
19 53
19 58
19 59
19 60
19 61
19 62
19 64
19 65
19 75
19 80
19 87
19 88
19 89
19 91
19 92
19 94
19 97
19 98
20 27
20 30
20 37
20 38
20 59
20 60
20 62
20 67
20 70
20 72
20 75
20 80
20 83
20 84
20 86
20 89
20 90
20 93
21 22
21 23
21 28
21 30
21 35
21 40
21 44
21 45
21 49
21 51
21 62
21 64
21 68
21 76
21 81
21 85
21 87
21 90
22 36
22 41
22 42
22 46
22 50
22 51
22 62
22 77
22 90
22 93
22 98
23 37
23 38
23 41
23 46
23 50
23 68
23 70
23 85
23 87
23 90
23 95
23 96
23 99
24 30
24 32
24 35
24 43
24 44
24 45
24 48
24 51
24 55
24 58
24 60
24 84
24 86
24 87
24 90
24 97
24 98
25 35
25 40
25 41
25 45
25 57
25 63
25 75
25 77
25 79
25 89
25 96
26 38
26 41
26 43
26 44
26 50
26 53
26 57
26 61
26 69
26 70
26 72
26 75
26 78
26 79
26 81
26 96
27 35
27 38
27 40
27 41
27 51
27 61
27 69
27 70
27 73
27 78
27 80
27 83
27 99
28 36
28 39
28 44
28 48
28 52
28 55
28 56
28 62
28 66
28 67
28 68
28 89
28 96
29 34
29 35
29 37
29 49
29 54
29 61
29 62
29 64
29 65
29 66
29 67
29 74
29 80
29 86
29 92
30 32
30 35
30 37
30 41
30 45
30 46
30 63
30 66
30 70
30 71
30 74
30 79
30 97
31 35
31 41
31 53
31 61
31 67
31 71
31 74
31 84
31 86
31 87
31 89
32 34
32 42
32 44
32 46
32 55
32 56
32 60
32 62
32 63
32 67
32 70
32 80
32 85
32 91
32 95
32 96
32 98
33 35
33 36
33 39
33 40
33 42
33 43
33 49
33 53
33 55
33 63
33 67
33 70
33 79
33 86
33 87
33 97
34 35
34 40
34 42
34 59
34 60
34 62
34 66
34 78
34 80
34 81
34 83
34 85
34 90
34 97
35 40
35 43
35 47
35 49
35 50
35 55
35 75
35 76
35 77
35 78
35 79
35 92
35 99
36 41
36 46
36 49
36 50
36 53
36 61
36 67
36 68
36 69
36 74
36 86
36 88
36 90
36 91
36 94
36 97
37 51
37 62
37 66
37 70
37 71
37 73
37 74
37 87
37 89
37 95
38 43
38 54
38 56
38 68
38 69
38 71
38 80
38 81
38 84
38 91
39 40
39 44
39 49
39 51
39 52
39 54
39 55
39 73
39 80
39 82
39 86
39 89
39 91
39 95
39 98
40 42
40 48
40 57
40 58
40 59
40 65
40 66
40 83
40 89
40 95
41 42
41 47
41 52
41 64
41 65
41 66
41 71
41 72
41 80
41 86
42 59
42 68
42 75
42 80
42 82
42 87
42 88
42 91
43 45
43 46
43 64
43 71
43 72
43 76
43 77
43 78
43 79
43 80
43 85
43 88
43 89
43 94
43 98
44 46
44 54
44 62
44 64
44 68
44 69
44 71
44 77
44 82
44 86
44 94
44 96
45 55
45 81
45 87
45 90
45 99
46 52
46 54
46 72
46 74
46 80
46 91
46 93
47 52
47 57
47 62
47 63
47 65
47 66
47 68
47 70
47 77
47 80
47 81
47 86
47 89
47 90
47 96
47 99
48 53
48 55
48 59
48 74
48 80
48 83
48 84
48 93
48 97
49 55
49 60
49 61
49 67
49 68
49 73
49 80
50 52
50 53
50 58
50 61
50 64
50 78
50 79
50 80
50 81
50 86
50 90
50 92
50 94
50 96
51 52
51 74
51 75
51 84
51 90
51 93
51 95
51 99
52 57
52 62
52 63
52 69
52 70
52 73
52 75
52 79
52 84
52 95
53 59
53 72
53 79
53 97
53 98
53 99
54 62
54 65
54 70
54 71
54 78
54 83
54 86
54 88
54 91
54 99
55 62
55 67
55 70
55 73
55 82
55 85
55 89
55 93
55 98
56 58
56 60
56 67
56 74
56 75
56 79
56 81
56 84
56 89
56 97
57 59
57 61
57 63
57 68
57 69
57 76
57 77
57 79
58 59
58 66
58 75
58 76
58 78
58 86
58 92
58 97
59 65
59 70
59 75
59 76
59 78
59 82
59 84
59 87
59 89
60 66
60 68
60 80
60 81
60 82
60 83
60 85
60 89
60 90
60 92
60 99
61 63
61 65
61 68
61 74
61 81
61 97
61 98
62 77
62 78
62 80
62 82
62 86
62 91
62 93
62 96
63 64
63 65
63 69
63 74
63 84
63 93
63 96
63 99
64 66
64 84
64 89
64 96
65 68
65 70
65 73
65 77
65 81
65 86
65 90
65 91
65 97
66 67
66 69
66 71
66 78
66 87
66 95
66 97
67 80
67 87
67 91
67 97
68 86
68 89
68 90
69 70
69 71
69 72
69 75
69 77
69 81
69 83
69 89
69 96
70 71
70 74
70 80
70 82
70 90
70 92
71 82
71 93
71 96
71 99
72 77
72 82
72 86
72 87
72 89
72 92
72 98
73 85
73 88
73 94
73 95
73 96
74 83
74 95
75 78
75 80
75 89
75 90
75 96
75 99
76 85
76 91
76 93
77 93
77 96
77 97
78 82
78 86
78 87
78 92
78 97
79 92
80 81
80 84
80 86
80 87
80 88
80 89
80 91
80 95
80 96
80 99
81 84
81 86
81 89
81 94
81 96
82 87
82 89
82 94
83 87
83 95
84 96
85 87
86 87
86 90
86 97
86 98
87 89
88 89
89 95
89 96
89 97
89 99
90 96
91 95
92 96
93 94
93 97
