0 4
0 9
0 15
0 17
0 25
0 27
0 29
0 33
0 36
0 39
0 40
0 41
0 43
0 46
0 49
0 53
0 63
0 65
0 66
0 71
0 72
0 80
0 82
0 85
0 90
0 92
0 93
0 95
0 96
1 2
1 5
1 6
1 7
1 14
1 15
1 16
1 17
1 20
1 21
1 24
1 25
1 26
1 27
1 31
1 33
1 34
1 35
1 36
1 38
1 39
1 43
1 44
1 47
1 48
1 53
1 54
1 59
1 60
1 65
1 66
1 67
1 73
1 74
1 75
1 76
1 78
1 79
1 82
1 84
1 86
1 89
1 90
1 96
1 98
1 99
2 3
2 7
2 11
2 12
2 16
2 17
2 18
2 20
2 25
2 26
2 28
2 29
2 31
2 34
2 35
2 37
2 39
2 40
2 41
2 42
2 43
2 44
2 45
2 46
2 50
2 51
2 52
2 53
2 58
2 59
2 63
2 66
2 67
2 68
2 74
2 80
2 82
2 83
2 85
2 90
2 93
2 95
2 96
3 10
3 12
3 13
3 14
3 16
3 22
3 24
3 25
3 29
3 33
3 36
3 39
3 40
3 42
3 46
3 51
3 52
3 53
3 55
3 57
3 62
3 64
3 65
3 66
3 69
3 71
3 72
3 74
3 80
3 81
3 83
3 84
3 85
3 88
3 91
3 92
3 97
3 98
4 5
4 11
4 14
4 16
4 17
4 18
4 19
4 21
4 24
4 25
4 26
4 27
4 31
4 33
4 34
4 37
4 38
4 42
4 43
4 48
4 49
4 51
4 52
4 54
4 60
4 62
4 66
4 68
4 71
4 72
4 73
4 75
4 81
4 83
4 85
4 87
4 95
4 97
4 98
4 99
5 7
5 8
5 17
5 21
5 22
5 35
5 37
5 42
5 43
5 54
5 55
5 56
5 57
5 61
5 66
5 70
5 72
5 73
5 74
5 75
5 76
5 78
5 80
5 82
5 83
5 85
5 86
5 88
5 89
5 92
5 93
5 95
5 96
5 97
6 8
6 10
6 11
6 14
6 16
6 21
6 22
6 35
6 41
6 42
6 44
6 46
6 48
6 49
6 50
6 52
6 60
6 65
6 66
6 68
6 70
6 71
6 73
6 84
6 85
6 86
6 87
6 89
6 90
6 95
6 96
6 98
6 99
7 8
7 10
7 11
7 13
7 14
7 16
7 18
7 23
7 25
7 28
7 30
7 31
7 33
7 34
7 35
7 36
7 37
7 40
7 44
7 47
7 48
7 49
7 53
7 54
7 59
7 60
7 64
7 65
7 68
7 70
7 71
7 73
7 75
7 82
7 83
7 89
7 90
7 92
7 94
7 96
7 98
7 99
8 11
8 12
8 13
8 18
8 20
8 21
8 23
8 27
8 28
8 29
8 32
8 33
8 34
8 37
8 41
8 42
8 43
8 45
8 49
8 50
8 52
8 55
8 57
8 58
8 61
8 65
8 66
8 69
8 74
8 76
8 83
8 86
8 89
8 91
8 92
8 93
8 95
8 96
9 11
9 12
9 15
9 23
9 24
9 26
9 29
9 32
9 34
9 35
9 38
9 39
9 42
9 45
9 48
9 55
9 57
9 58
9 60
9 61
9 62
9 64
9 65
9 68
9 69
9 70
9 71
9 73
9 74
9 77
9 79
9 80
9 82
9 84
9 87
9 89
9 91
9 93
9 98
9 99
10 11
10 12
10 13
10 17
10 18
10 19
10 21
10 24
10 26
10 29
10 30
10 33
10 34
10 37
10 38
10 41
10 42
10 45
10 47
10 53
10 58
10 63
10 67
10 68
10 70
10 74
10 77
10 78
10 81
10 83
10 86
10 89
10 93
10 99
11 12
11 13
11 19
11 23
11 25
11 29
11 31
11 33
11 36
11 37
11 40
11 41
11 44
11 46
11 47
11 48
11 49
11 53
11 56
11 60
11 62
11 64
11 65
11 70
11 72
11 76
11 79
11 80
11 81
11 82
11 87
11 88
11 89
11 90
11 91
11 92
11 95
11 96
11 99
12 16
12 20
12 21
12 22
12 24
12 28
12 29
12 31
12 34
12 39
12 41
12 42
12 43
12 44
12 45
12 46
12 47
12 48
12 57
12 58
12 59
12 63
12 64
12 68
12 69
12 70
12 71
12 73
12 84
12 90
12 91
12 94
12 95
12 97
12 98
12 99
13 14
13 18
13 19
13 20
13 21
13 26
13 32
13 34
13 35
13 36
13 37
13 38
13 41
13 42
13 43
13 44
13 45
13 47
13 54
13 55
13 56
13 58
13 59
13 60
13 61
13 62
13 64
13 65
13 70
13 73
13 74
13 76
13 77
13 80
13 82
13 93
13 95
14 15
14 17
14 19
14 26
14 30
14 32
14 33
14 34
14 40
14 41
14 44
14 45
14 50
14 51
14 56
14 57
14 58
14 59
14 62
14 63
14 64
14 65
14 67
14 71
14 72
14 74
14 78
14 80
14 85
14 94
14 98
15 16
15 17
15 18
15 20
15 21
15 23
15 24
15 25
15 27
15 28
15 30
15 37
15 39
15 41
15 46
15 47
15 48
15 49
15 52
15 53
15 55
15 59
15 62
15 63
15 64
15 65
15 66
15 69
15 71
15 72
15 73
15 74
15 75
15 76
15 77
15 78
15 79
15 81
15 82
15 84
15 85
15 87
15 89
15 91
15 97
15 98
15 99
16 25
16 26
16 28
16 31
16 32
16 34
16 36
16 41
16 45
16 46
16 47
16 48
16 54
16 55
16 57
16 59
16 62
16 63
16 69
16 71
16 73
16 75
16 78
16 81
16 83
16 86
16 88
16 92
16 95
16 96
16 97
16 98
17 18
17 19
17 22
17 23
17 24
17 26
17 28
17 30
17 38
17 42
17 43
17 47
17 50
17 52
17 53
17 54
17 55
17 56
17 59
17 67
17 69
17 71
17 78
17 80
17 83
17 85
17 88
17 95
17 97
17 99
18 19
18 20
18 22
18 25
18 27
18 33
18 34
18 38
18 41
18 43
18 44
18 45
18 46
18 47
18 51
18 54
18 55
18 57
18 59
18 61
18 62
18 64
18 72
18 74
18 77
18 81
18 82
18 83
18 85
18 88
18 92
18 95
18 97
18 98
18 99
19 23
19 25
19 27
19 30
19 31
19 33
19 39
19 41
19 45
19 50
19 53
19 61
19 68
19 71
19 73
19 78
19 82
19 83
19 90
19 93
19 99
20 21
20 22
20 24
20 26
20 28
20 30
20 32
20 37
20 39
20 42
20 46
20 50
20 51
20 53
20 54
20 56
20 58
20 59
20 62
20 65
20 69
20 75
20 80
20 81
20 82
20 85
20 86
20 91
20 96
20 98
21 22
21 23
21 29
21 32
21 34
21 47
21 48
21 50
21 52
21 54
21 58
21 65
21 72
21 77
21 78
21 82
21 86
21 91
21 92
21 94
21 95
21 97
22 27
22 31
22 33
22 34
22 36
22 39
22 40
22 43
22 44
22 45
22 47
22 48
22 49
22 58
22 59
22 60
22 61
22 62
22 63
22 64
22 66
22 69
22 70
22 74
22 77
22 79
22 81
22 82
22 83
22 85
22 86
22 90
22 95
23 25
23 26
23 28
23 31
23 32
23 36
23 38
23 39
23 40
23 41
23 42
23 46
23 47
23 49
23 52
23 56
23 59
23 64
23 65
23 66
23 68
23 69
23 71
23 72
23 74
23 77
23 83
23 84
23 86
23 87
23 88
23 89
23 93
23 94
23 96
23 97
24 25
24 26
24 27
24 29
24 30
24 31
24 32
24 40
24 44
24 49
24 50
24 52
24 53
24 54
24 55
24 58
24 61
24 66
24 67
24 68
24 69
24 70
24 72
24 75
24 77
24 79
24 80
24 89
24 94
24 95
24 97
25 28
25 29
25 30
25 32
25 38
25 39
25 40
25 43
25 44
25 50
25 51
25 53
25 54
25 55
25 65
25 67
25 68
25 74
25 77
25 78
25 79
25 80
25 82
25 85
25 87
25 90
25 91
25 93
25 94
25 96
25 97
25 98
26 28
26 29
26 33
26 35
26 38
26 39
26 43
26 44
26 46
26 48
26 49
26 53
26 58
26 61
26 64
26 65
26 66
26 68
26 74
26 75
26 81
26 94
26 95
26 96
26 97
26 99
27 29
27 32
27 38
27 42
27 45
27 47
27 49
27 52
27 54
27 57
27 61
27 63
27 65
27 67
27 79
27 80
27 82
27 83
27 85
27 86
27 97
27 98
28 31
28 33
28 38
28 40
28 42
28 44
28 45
28 47
28 49
28 50
28 53
28 59
28 60
28 62
28 63
28 65
28 68
28 71
28 72
28 74
28 81
28 82
28 83
28 88
28 89
28 90
28 92
28 94
28 95
28 96
28 98
29 31
29 33
29 35
29 36
29 39
29 41
29 43
29 44
29 48
29 49
29 51
29 54
29 55
29 57
29 58
29 60
29 62
29 64
29 67
29 68
29 69
29 70
29 72
29 74
29 82
29 85
29 86
29 88
29 92
29 94
29 96
29 97
30 33
30 34
30 35
30 47
30 49
30 52
30 53
30 55
30 56
30 57
30 63
30 64
30 66
30 67
30 69
30 73
30 75
30 76
30 77
30 87
30 91
30 94
30 96
30 98
30 99
31 33
31 35
31 36
31 38
31 40
31 43
31 46
31 48
31 51
31 52
31 53
31 55
31 58
31 59
31 60
31 62
31 64
31 65
31 66
31 68
31 70
31 77
31 79
31 82
31 83
31 87
31 92
31 97
31 98
31 99
32 33
32 34
32 36
32 38
32 39
32 40
32 43
32 44
32 48
32 51
32 54
32 57
32 59
32 60
32 65
32 67
32 69
32 71
32 76
32 77
32 78
32 79
32 81
32 84
32 85
32 87
32 92
32 93
32 94
33 36
33 38
33 39
33 42
33 44
33 46
33 48
33 49
33 51
33 52
33 61
33 63
33 64
33 65
33 69
33 70
33 76
33 78
33 79
33 80
33 83
33 88
33 91
33 92
33 96
33 97
33 99
34 35
34 44
34 46
34 47
34 48
34 49
34 50
34 51
34 54
34 56
34 60
34 64
34 65
34 68
34 69
34 70
34 71
34 79
34 81
34 85
34 86
34 88
34 90
34 91
34 92
34 97
34 99
35 36
35 38
35 40
35 43
35 46
35 47
35 51
35 53
35 58
35 59
35 60
35 62
35 63
35 69
35 71
35 73
35 75
35 77
35 79
35 85
35 86
35 94
35 95
35 98
35 99
36 38
36 43
36 44
36 47
36 51
36 60
36 61
36 62
36 63
36 64
36 67
36 70
36 71
36 72
36 74
36 78
36 79
36 80
36 81
36 83
36 88
36 91
36 94
36 96
36 97
37 39
37 41
37 42
37 47
37 53
37 56
37 58
37 59
37 63
37 64
37 66
37 68
37 69
37 71
37 72
37 73
37 74
37 75
37 76
37 77
37 78
37 80
37 81
37 84
37 90
37 92
37 95
37 97
37 98
38 40
38 42
38 43
38 47
38 50
38 52
38 54
38 58
38 59
38 63
38 66
38 68
38 70
38 76
38 77
38 78
38 79
38 82
38 84
38 85
38 87
38 91
38 95
38 98
39 42
39 43
39 47
39 48
39 49
39 51
39 56
39 61
39 62
39 65
39 67
39 69
39 70
39 71
39 75
39 76
39 77
39 78
39 79
39 81
39 84
39 85
39 87
39 88
39 93
39 94
39 95
39 97
39 98
39 99
40 45
40 48
40 50
40 51
40 53
40 56
40 57
40 60
40 63
40 66
40 70
40 72
40 73
40 76
40 77
40 79
40 88
40 89
40 90
40 95
40 97
40 99
41 45
41 51
41 54
41 64
41 72
41 75
41 77
41 78
41 80
41 82
41 87
41 89
41 96
41 97
42 43
42 44
42 46
42 49
42 51
42 56
42 57
42 58
42 59
42 64
42 65
42 67
42 69
42 72
42 77
42 78
42 80
42 82
42 85
42 92
42 93
42 95
43 44
43 46
43 48
43 52
43 54
43 55
43 57
43 58
43 60
43 61
43 62
43 66
43 67
43 68
43 70
43 71
43 73
43 75
43 76
43 77
43 79
43 80
43 81
43 85
43 86
43 98
44 45
44 46
44 48
44 50
44 51
44 52
44 57
44 58
44 60
44 61
44 63
44 64
44 70
44 71
44 72
44 73
44 75
44 77
44 80
44 81
44 84
44 90
44 95
44 97
44 98
45 46
45 49
45 51
45 53
45 58
45 59
45 60
45 63
45 66
45 67
45 68
45 69
45 70
45 72
45 73
45 76
45 78
45 80
45 81
45 83
45 85
45 87
45 89
45 91
45 92
45 95
45 97
45 99
46 48
46 50
46 52
46 53
46 54
46 58
46 60
46 62
46 64
46 68
46 70
46 71
46 72
46 73
46 75
46 78
46 79
46 81
46 83
46 85
46 86
46 90
46 94
46 97
47 48
47 49
47 58
47 59
47 60
47 64
47 65
47 66
47 69
47 70
47 73
47 75
47 76
47 80
47 82
47 85
47 91
47 93
47 94
47 96
47 97
47 99
48 50
48 53
48 56
48 57
48 59
48 61
48 65
48 77
48 79
48 82
48 85
48 89
48 95
48 98
49 50
49 52
49 53
49 54
49 57
49 59
49 60
49 68
49 72
49 73
49 79
49 84
49 85
49 88
49 90
49 93
49 94
49 95
49 96
49 97
49 98
50 52
50 61
50 62
50 65
50 67
50 71
50 78
50 80
50 82
50 87
50 88
50 91
50 92
50 95
51 60
51 61
51 62
51 63
51 64
51 66
51 67
51 68
51 71
51 73
51 81
51 82
51 84
51 86
51 87
51 91
51 94
51 95
52 53
52 54
52 57
52 60
52 64
52 67
52 68
52 71
52 72
52 75
52 77
52 80
52 83
52 85
52 90
52 91
52 92
52 94
52 96
52 97
52 98
53 54
53 55
53 56
53 57
53 59
53 61
53 63
53 64
53 66
53 68
53 69
53 71
53 73
53 74
53 75
53 76
53 86
53 89
53 92
54 63
54 64
54 66
54 69
54 70
54 71
54 73
54 76
54 79
54 80
54 82
54 83
54 87
54 88
54 90
54 91
54 92
54 95
54 96
54 98
54 99
55 56
55 57
55 58
55 60
55 61
55 64
55 69
55 73
55 74
55 79
55 82
55 84
55 86
55 87
55 88
55 90
55 93
56 57
56 62
56 65
56 66
56 68
56 69
56 70
56 73
56 74
56 75
56 76
56 77
56 79
56 81
56 83
56 87
56 88
56 93
56 95
56 97
57 58
57 60
57 62
57 64
57 66
57 68
57 69
57 71
57 72
57 74
57 84
57 85
57 88
57 89
57 97
58 61
58 63
58 67
58 69
58 71
58 73
58 78
58 80
58 85
58 86
58 88
58 90
58 93
58 94
58 96
59 60
59 64
59 66
59 68
59 71
59 72
59 75
59 76
59 79
59 84
59 86
59 88
59 89
59 91
59 92
59 93
59 98
59 99
60 63
60 67
60 69
60 71
60 72
60 73
60 74
60 76
60 77
60 90
60 93
60 94
60 98
61 62
61 63
61 66
61 67
61 70
61 71
61 74
61 76
61 79
61 81
61 83
61 85
61 90
61 91
61 94
61 95
62 64
62 66
62 67
62 68
62 69
62 70
62 71
62 72
62 73
62 77
62 81
62 82
62 86
62 87
62 88
62 90
62 91
62 93
62 96
62 97
62 98
63 74
63 76
63 80
63 81
63 83
63 84
63 86
63 87
63 88
63 90
63 91
63 95
64 67
64 68
64 70
64 71
64 72
64 76
64 77
64 81
64 83
64 85
64 87
64 90
64 93
64 96
64 98
65 66
65 68
65 76
65 80
65 81
65 85
65 86
65 87
65 88
65 93
65 94
65 95
66 67
66 75
66 80
66 82
66 83
66 90
66 94
67 68
67 70
67 72
67 75
67 76
67 77
67 78
67 79
67 80
67 82
67 85
67 89
67 90
67 91
67 94
67 95
67 97
68 70
68 73
68 74
68 78
68 79
68 81
68 82
68 86
68 89
68 91
68 92
68 93
68 94
68 96
68 97
68 98
69 71
69 72
69 73
69 74
69 79
69 80
69 83
69 84
69 88
69 90
69 91
69 92
69 94
69 97
70 71
70 72
70 74
70 77
70 79
70 82
70 83
70 86
70 88
70 91
70 92
70 93
70 95
71 77
71 80
71 82
71 83
71 85
71 86
71 87
71 89
71 93
71 97
71 98
72 73
72 75
72 78
72 80
72 84
72 86
72 88
72 90
72 93
72 97
72 98
72 99
73 75
73 77
73 78
73 80
73 86
73 88
73 93
73 94
73 95
73 99
74 76
74 78
74 81
74 85
74 87
74 90
74 91
74 92
74 93
75 77
75 82
75 84
75 85
75 86
75 87
75 92
75 98
76 78
76 80
76 82
76 83
76 85
76 88
76 89
76 93
76 94
76 96
77 79
77 80
77 82
77 83
77 89
77 91
77 94
77 95
77 99
78 84
78 87
78 88
78 90
78 92
78 98
78 99
79 87
79 91
79 92
79 93
79 97
79 98
80 81
80 83
80 84
80 85
80 86
80 89
80 93
80 94
80 95
80 98
80 99
81 82
81 84
81 89
81 90
81 94
81 96
81 97
81 99
82 85
82 86
82 87
82 91
82 93
82 96
82 97
82 98
83 86
83 90
83 91
83 93
83 94
83 95
83 97
84 89
84 90
84 92
84 93
84 94
84 98
85 87
85 88
85 90
85 96
85 97
86 93
86 96
87 94
87 96
87 99
88 92
88 94
88 96
88 98
89 92
89 93
90 92
90 93
90 94
90 96
90 97
90 98
91 96
91 99
92 94
92 99
93 98
93 99
94 99
95 96
98 99
