0 3
0 4
0 8
0 9
0 13
0 17
0 18
0 22
0 23
0 25
0 28
0 30
0 31
0 32
0 34
0 35
0 37
0 38
0 40
0 41
0 50
0 51
0 52
0 53
0 56
0 57
0 59
0 62
0 64
0 66
0 67
0 75
0 77
0 78
0 82
0 91
0 95
0 96
1 4
1 6
1 8
1 10
1 12
1 24
1 26
1 28
1 31
1 33
1 35
1 36
1 42
1 43
1 49
1 51
1 56
1 58
1 61
1 65
1 66
1 68
1 70
1 72
1 73
1 74
1 78
1 83
1 84
1 85
1 86
1 87
1 96
1 98
2 5
2 7
2 13
2 17
2 18
2 20
2 21
2 24
2 27
2 31
2 32
2 33
2 37
2 38
2 41
2 42
2 48
2 50
2 55
2 57
2 58
2 59
2 60
2 63
2 67
2 69
2 72
2 73
2 74
2 77
2 79
2 81
2 84
2 88
2 89
2 90
2 91
2 94
2 97
3 6
3 8
3 9
3 10
3 11
3 17
3 21
3 23
3 24
3 26
3 29
3 30
3 33
3 34
3 39
3 41
3 42
3 44
3 45
3 49
3 52
3 54
3 55
3 56
3 57
3 62
3 63
3 66
3 68
3 70
3 71
3 73
3 74
3 75
3 76
3 77
3 81
3 83
3 84
3 86
3 89
3 90
3 94
3 96
3 98
3 99
4 6
4 8
4 21
4 23
4 24
4 25
4 27
4 33
4 34
4 35
4 38
4 40
4 43
4 44
4 47
4 49
4 51
4 56
4 58
4 60
4 61
4 66
4 67
4 69
4 74
4 75
4 76
4 78
4 80
4 81
4 83
4 85
4 86
4 94
4 95
5 7
5 8
5 11
5 12
5 13
5 14
5 16
5 17
5 20
5 21
5 23
5 25
5 26
5 28
5 29
5 30
5 39
5 43
5 44
5 45
5 47
5 48
5 52
5 53
5 54
5 57
5 59
5 62
5 63
5 66
5 70
5 71
5 72
5 73
5 74
5 75
5 79
5 81
5 90
5 91
5 92
5 95
5 96
5 98
6 9
6 10
6 11
6 12
6 15
6 16
6 17
6 20
6 21
6 22
6 25
6 27
6 28
6 30
6 35
6 37
6 41
6 44
6 47
6 48
6 55
6 56
6 57
6 58
6 61
6 62
6 67
6 68
6 71
6 73
6 76
6 77
6 78
6 80
6 86
6 87
6 88
6 90
6 96
6 97
7 8
7 9
7 10
7 11
7 13
7 20
7 21
7 22
7 23
7 30
7 32
7 44
7 46
7 50
7 53
7 54
7 56
7 61
7 62
7 63
7 64
7 66
7 76
7 77
7 79
7 80
7 81
7 82
7 83
7 86
7 87
7 88
7 90
7 91
7 92
7 96
7 97
7 98
8 9
8 10
8 11
8 13
8 14
8 21
8 26
8 27
8 28
8 29
8 31
8 41
8 44
8 48
8 49
8 51
8 54
8 57
8 58
8 64
8 65
8 66
8 68
8 71
8 75
8 77
8 79
8 80
8 84
8 92
8 96
8 97
8 98
9 11
9 12
9 14
9 17
9 20
9 27
9 31
9 34
9 35
9 38
9 39
9 40
9 41
9 48
9 50
9 51
9 54
9 57
9 58
9 60
9 61
9 64
9 66
9 68
9 69
9 70
9 74
9 76
9 80
9 81
9 83
9 84
9 90
9 92
9 93
9 95
9 96
10 12
10 13
10 15
10 18
10 23
10 24
10 27
10 31
10 32
10 33
10 35
10 36
10 37
10 39
10 40
10 42
10 43
10 46
10 48
10 55
10 59
10 63
10 64
10 65
10 67
10 68
10 70
10 74
10 75
10 76
10 77
10 78
10 79
10 82
10 83
10 86
10 87
10 90
10 94
10 96
10 97
11 13
11 14
11 17
11 22
11 23
11 25
11 27
11 28
11 29
11 31
11 32
11 33
11 35
11 36
11 40
11 45
11 50
11 51
11 53
11 55
11 58
11 60
11 66
11 70
11 78
11 80
11 83
11 85
11 90
11 96
12 16
12 19
12 20
12 21
12 27
12 28
12 29
12 32
12 37
12 40
12 42
12 44
12 46
12 49
12 52
12 53
12 54
12 56
12 57
12 59
12 61
12 63
12 64
12 65
12 67
12 68
12 69
12 70
12 72
12 76
12 78
12 82
12 83
12 87
12 90
12 92
12 93
12 98
13 14
13 16
13 18
13 25
13 29
13 30
13 32
13 35
13 37
13 39
13 41
13 45
13 46
13 49
13 50
13 53
13 55
13 61
13 63
13 65
13 68
13 71
13 72
13 76
13 78
13 80
13 82
13 85
13 87
13 90
13 94
13 95
14 16
14 18
14 20
14 22
14 24
14 26
14 30
14 34
14 38
14 39
14 40
14 41
14 42
14 46
14 50
14 51
14 53
14 55
14 61
14 65
14 66
14 67
14 68
14 71
14 73
14 77
14 79
14 80
14 81
14 82
14 89
14 92
14 93
14 95
15 16
15 17
15 18
15 19
15 20
15 22
15 31
15 32
15 36
15 37
15 42
15 43
15 44
15 48
15 49
15 56
15 60
15 61
15 62
15 67
15 69
15 72
15 74
15 76
15 77
15 78
15 81
15 83
15 84
15 85
15 87
15 88
15 89
15 93
15 98
16 17
16 19
16 21
16 23
16 28
16 31
16 32
16 33
16 37
16 38
16 41
16 42
16 45
16 46
16 47
16 48
16 51
16 53
16 55
16 64
16 65
16 66
16 70
16 71
16 72
16 75
16 76
16 77
16 80
16 82
16 84
16 89
17 20
17 23
17 26
17 29
17 30
17 31
17 41
17 43
17 45
17 49
17 50
17 53
17 54
17 56
17 58
17 62
17 63
17 64
17 65
17 67
17 69
17 71
17 76
17 82
17 85
17 86
17 89
17 93
17 94
17 95
17 97
18 21
18 35
18 36
18 37
18 38
18 41
18 42
18 43
18 44
18 47
18 48
18 49
18 53
18 60
18 61
18 62
18 63
18 64
18 65
18 67
18 68
18 69
18 70
18 73
18 75
18 76
18 82
18 87
18 88
18 89
18 91
18 92
18 93
18 96
18 98
19 21
19 23
19 25
19 27
19 28
19 30
19 33
19 34
19 35
19 36
19 38
19 39
19 40
19 41
19 42
19 43
19 44
19 47
19 49
19 53
19 59
19 61
19 63
19 66
19 68
19 69
19 70
19 71
19 73
19 81
19 82
19 84
19 87
19 92
19 95
19 96
19 97
19 98
19 99
20 22
20 24
20 25
20 26
20 29
20 30
20 31
20 32
20 35
20 37
20 42
20 45
20 46
20 50
20 55
20 56
20 58
20 65
20 67
20 78
20 83
20 85
20 86
20 90
20 91
20 98
20 99
21 22
21 24
21 25
21 27
21 28
21 29
21 33
21 38
21 40
21 41
21 42
21 47
21 48
21 50
21 54
21 55
21 57
21 59
21 60
21 61
21 63
21 64
21 68
21 71
21 72
21 73
21 77
21 78
21 79
21 81
21 82
21 84
21 85
21 86
21 88
21 89
21 93
21 94
21 96
21 97
21 98
22 23
22 25
22 28
22 30
22 31
22 36
22 37
22 38
22 40
22 43
22 44
22 47
22 48
22 50
22 53
22 55
22 56
22 57
22 58
22 62
22 63
22 64
22 69
22 70
22 79
22 80
22 82
22 85
22 86
22 88
23 25
23 26
23 28
23 31
23 32
23 37
23 40
23 42
23 43
23 47
23 48
23 49
23 55
23 56
23 57
23 58
23 59
23 60
23 61
23 66
23 70
23 71
23 73
23 74
23 77
23 81
23 83
23 88
23 89
23 91
23 92
23 93
23 97
23 98
23 99
24 25
24 27
24 28
24 29
24 33
24 34
24 36
24 38
24 40
24 44
24 46
24 47
24 48
24 54
24 56
24 59
24 60
24 61
24 65
24 69
24 73
24 75
24 78
24 79
24 84
24 85
24 87
24 88
24 89
24 90
24 94
24 95
24 99
25 27
25 29
25 34
25 40
25 43
25 44
25 46
25 50
25 52
25 53
25 56
25 58
25 59
25 61
25 65
25 71
25 72
25 73
25 74
25 78
25 83
25 86
25 87
25 95
25 97
25 99
26 27
26 28
26 31
26 32
26 34
26 35
26 41
26 42
26 44
26 47
26 50
26 51
26 57
26 58
26 59
26 60
26 62
26 68
26 71
26 73
26 76
26 88
26 89
26 90
26 92
26 95
26 97
27 29
27 31
27 36
27 38
27 48
27 51
27 53
27 57
27 58
27 61
27 62
27 63
27 68
27 72
27 75
27 77
27 78
27 82
27 83
27 86
27 88
27 90
27 92
27 94
28 35
28 38
28 39
28 40
28 45
28 46
28 51
28 56
28 60
28 65
28 66
28 67
28 70
28 72
28 73
28 74
28 77
28 78
28 84
28 85
28 86
28 88
28 89
28 92
28 95
28 99
29 32
29 33
29 34
29 35
29 36
29 40
29 44
29 49
29 51
29 53
29 54
29 57
29 59
29 61
29 63
29 64
29 65
29 68
29 70
29 71
29 74
29 77
29 78
29 83
29 85
29 91
29 92
29 93
30 37
30 45
30 48
30 50
30 52
30 53
30 55
30 61
30 62
30 63
30 65
30 66
30 71
30 72
30 75
30 79
30 81
30 84
30 86
30 87
30 89
30 91
30 93
30 95
30 96
30 99
31 35
31 40
31 43
31 45
31 47
31 48
31 53
31 54
31 59
31 61
31 62
31 64
31 68
31 71
31 73
31 75
31 77
31 80
31 82
31 83
31 92
31 93
31 94
31 96
32 35
32 37
32 39
32 40
32 41
32 42
32 45
32 53
32 54
32 57
32 58
32 59
32 63
32 65
32 69
32 72
32 73
32 77
32 78
32 80
32 83
32 86
32 88
32 92
32 93
32 95
32 98
33 38
33 40
33 41
33 42
33 46
33 48
33 49
33 50
33 51
33 53
33 54
33 58
33 59
33 60
33 63
33 65
33 68
33 73
33 74
33 78
33 79
33 80
33 87
33 89
33 92
33 93
33 94
33 95
33 96
33 98
33 99
34 36
34 38
34 41
34 42
34 46
34 48
34 53
34 54
34 57
34 59
34 61
34 64
34 65
34 73
34 77
34 79
34 80
34 82
34 83
34 84
34 88
34 90
34 91
34 93
34 95
34 98
35 36
35 38
35 39
35 42
35 48
35 49
35 56
35 58
35 59
35 63
35 66
35 72
35 73
35 79
35 80
35 81
35 86
35 88
35 92
35 93
35 96
35 98
35 99
36 39
36 40
36 41
36 43
36 46
36 51
36 52
36 55
36 56
36 60
36 63
36 64
36 65
36 69
36 72
36 73
36 74
36 81
36 83
36 86
36 88
36 89
36 90
36 91
36 93
36 94
36 95
36 97
36 98
37 38
37 47
37 49
37 52
37 54
37 55
37 56
37 58
37 62
37 65
37 69
37 74
37 75
37 76
37 77
37 79
37 81
37 83
37 87
37 89
37 92
37 93
37 97
37 98
38 40
38 41
38 43
38 44
38 45
38 47
38 48
38 49
38 54
38 55
38 56
38 64
38 66
38 69
38 70
38 77
38 79
38 83
38 88
38 89
38 93
38 94
38 95
38 96
38 98
38 99
39 42
39 44
39 45
39 46
39 48
39 49
39 52
39 55
39 62
39 63
39 65
39 66
39 67
39 72
39 75
39 76
39 77
39 79
39 82
39 84
39 87
39 95
39 99
40 41
40 43
40 44
40 45
40 50
40 52
40 54
40 55
40 56
40 57
40 58
40 60
40 64
40 74
40 75
40 79
40 81
40 82
40 84
40 85
40 97
40 98
40 99
41 42
41 43
41 44
41 45
41 47
41 48
41 51
41 52
41 56
41 58
41 64
41 65
41 68
41 71
41 72
41 73
41 75
41 78
41 79
41 81
41 87
41 88
41 91
41 93
41 95
41 97
41 99
42 45
42 46
42 49
42 51
42 57
42 60
42 61
42 63
42 64
42 65
42 69
42 72
42 73
42 74
42 75
42 78
42 80
42 82
42 83
42 97
42 98
42 99
43 45
43 46
43 47
43 49
43 56
43 59
43 60
43 63
43 65
43 67
43 68
43 74
43 75
43 78
43 82
43 83
43 84
43 85
43 87
43 88
43 89
43 93
43 97
44 47
44 50
44 54
44 55
44 57
44 58
44 59
44 60
44 61
44 63
44 64
44 71
44 73
44 74
44 75
44 77
44 79
44 81
44 82
44 83
44 84
44 87
44 88
44 89
44 91
44 95
45 46
45 47
45 53
45 55
45 56
45 57
45 67
45 71
45 75
45 77
45 78
45 81
45 86
45 87
45 91
45 93
45 94
45 95
45 98
46 47
46 50
46 51
46 52
46 54
46 56
46 61
46 62
46 64
46 72
46 75
46 76
46 78
46 80
46 81
46 83
46 84
46 88
46 95
46 96
46 99
47 55
47 60
47 62
47 64
47 71
47 72
47 75
47 77
47 79
47 82
47 85
47 86
47 89
47 91
47 94
47 97
47 98
48 53
48 61
48 67
48 69
48 70
48 71
48 74
48 75
48 77
48 78
48 83
48 89
48 90
48 91
48 92
48 95
48 96
48 99
49 51
49 53
49 55
49 58
49 59
49 62
49 64
49 73
49 75
49 76
49 77
49 79
49 83
49 85
49 90
49 93
49 95
49 97
50 52
50 53
50 56
50 58
50 60
50 61
50 63
50 64
50 73
50 74
50 75
50 77
50 79
50 82
50 83
50 84
50 86
50 89
50 90
50 92
50 97
51 52
51 53
51 54
51 56
51 58
51 59
51 65
51 67
51 68
51 73
51 75
51 76
51 78
51 79
51 80
51 85
51 89
51 90
51 92
51 96
51 97
51 99
52 54
52 55
52 56
52 58
52 60
52 62
52 63
52 65
52 66
52 67
52 68
52 69
52 70
52 74
52 75
52 76
52 77
52 78
52 81
52 83
52 85
52 86
52 92
52 95
52 97
52 99
53 54
53 56
53 59
53 60
53 63
53 66
53 71
53 72
53 73
53 77
53 86
53 88
53 90
53 91
53 92
53 94
54 57
54 63
54 64
54 70
54 71
54 72
54 73
54 74
54 77
54 81
54 83
54 84
54 85
54 86
54 87
54 90
54 91
54 95
54 96
54 98
55 60
55 62
55 67
55 71
55 74
55 75
55 77
55 82
55 85
55 95
55 97
55 99
56 59
56 62
56 63
56 67
56 68
56 69
56 71
56 73
56 76
56 80
56 81
56 83
56 84
56 91
56 99
57 58
57 59
57 63
57 65
57 72
57 76
57 77
57 81
57 84
57 88
57 91
57 92
57 93
57 95
57 99
58 64
58 70
58 73
58 75
58 80
58 81
58 82
58 83
58 84
58 88
58 89
58 90
58 95
58 96
59 60
59 61
59 62
59 63
59 64
59 67
59 69
59 70
59 71
59 76
59 78
59 80
59 81
59 84
59 86
59 92
59 93
59 95
59 97
59 98
59 99
60 63
60 65
60 68
60 69
60 73
60 74
60 79
60 80
60 84
60 86
60 91
60 92
60 93
60 94
60 96
60 99
61 63
61 65
61 66
61 68
61 69
61 72
61 73
61 74
61 83
61 88
61 94
61 95
61 96
62 64
62 66
62 68
62 72
62 76
62 77
62 80
62 83
62 88
62 89
62 91
62 95
62 97
62 98
63 64
63 67
63 69
63 72
63 73
63 74
63 81
63 83
63 84
63 86
63 87
63 88
63 91
63 94
63 95
63 96
64 65
64 66
64 70
64 71
64 74
64 75
64 76
64 77
64 79
64 80
64 82
64 83
64 84
64 92
64 93
64 94
64 95
64 99
65 70
65 71
65 75
65 77
65 78
65 80
65 88
65 89
65 90
65 92
65 98
66 72
66 76
66 78
66 80
66 81
66 82
66 83
66 85
66 86
66 88
66 89
66 90
66 92
66 95
66 97
66 98
67 68
67 79
67 83
67 86
67 87
67 89
67 93
67 94
68 71
68 74
68 76
68 77
68 82
68 83
68 85
68 87
68 88
68 89
68 90
68 94
68 96
68 97
69 72
69 76
69 78
69 82
69 83
69 89
69 91
69 97
69 99
70 72
70 73
70 76
70 78
70 79
70 80
70 82
70 85
70 86
70 87
70 88
70 92
70 95
70 98
71 73
71 74
71 79
71 80
71 81
71 82
71 87
71 89
71 90
71 93
71 94
71 97
72 74
72 78
72 79
72 81
72 84
72 85
72 87
72 91
72 95
72 97
72 98
73 74
73 80
73 81
73 82
73 85
73 91
73 93
73 94
73 96
74 75
74 78
74 81
74 84
74 85
74 86
74 87
74 90
74 95
74 96
75 76
75 77
75 80
75 85
75 86
75 87
75 89
75 91
75 93
76 77
76 78
76 79
76 83
76 88
76 89
76 90
76 91
76 92
76 93
76 94
76 96
76 97
76 98
76 99
77 84
77 90
77 91
77 92
77 93
77 96
77 97
77 98
78 79
78 80
78 81
78 84
78 87
78 92
78 93
78 97
78 99
79 80
79 81
79 83
79 86
79 87
79 93
79 95
79 99
80 81
80 82
80 83
80 89
80 91
80 93
80 95
80 96
80 99
81 82
81 86
81 87
81 89
81 91
81 92
81 96
81 97
81 99
82 83
82 84
82 85
82 87
82 89
82 91
82 92
82 94
83 85
83 90
83 92
83 94
83 99
84 87
84 90
84 91
84 93
84 98
85 86
85 88
85 89
85 90
85 94
85 96
85 98
86 87
86 89
86 94
86 95
86 97
87 93
87 94
87 95
87 96
87 98
88 89
88 92
88 98
88 99
89 91
89 95
89 99
90 91
90 93
90 94
90 96
90 99
91 97
91 98
92 93
92 96
92 97
92 99
93 96
94 96
94 97
94 98
94 99
95 98
96 99
