0 7
0 9
0 10
0 11
0 14
0 18
0 20
0 22
0 23
0 26
0 28
0 35
0 37
0 38
0 40
0 42
0 43
0 44
0 46
0 48
0 52
0 53
0 55
0 60
0 61
0 62
0 68
0 70
0 72
0 73
0 82
0 83
0 84
0 85
0 87
0 89
0 91
0 93
0 96
0 99
1 2
1 5
1 8
1 12
1 13
1 19
1 24
1 26
1 28
1 31
1 33
1 34
1 35
1 36
1 37
1 41
1 45
1 48
1 57
1 58
1 69
1 70
1 72
1 74
1 76
1 78
1 79
1 80
1 83
1 85
1 86
1 90
1 92
1 99
2 3
2 7
2 8
2 10
2 11
2 13
2 14
2 21
2 24
2 25
2 27
2 28
2 29
2 31
2 33
2 34
2 35
2 38
2 46
2 48
2 50
2 53
2 54
2 55
2 59
2 64
2 66
2 67
2 68
2 69
2 70
2 71
2 75
2 77
2 81
2 84
2 85
2 88
2 89
2 96
2 97
2 98
2 99
3 5
3 8
3 9
3 10
3 16
3 18
3 19
3 20
3 23
3 30
3 31
3 33
3 35
3 38
3 39
3 41
3 42
3 43
3 46
3 54
3 56
3 59
3 62
3 65
3 72
3 73
3 74
3 76
3 83
3 84
3 86
3 88
3 91
3 92
3 93
3 95
3 97
3 98
4 5
4 8
4 9
4 10
4 12
4 15
4 19
4 22
4 25
4 26
4 27
4 29
4 34
4 35
4 37
4 42
4 43
4 48
4 49
4 51
4 53
4 54
4 55
4 57
4 58
4 60
4 65
4 66
4 70
4 71
4 77
4 79
4 81
4 82
4 83
4 86
4 88
4 89
4 91
4 92
4 96
5 17
5 23
5 27
5 32
5 34
5 36
5 38
5 40
5 47
5 49
5 50
5 52
5 55
5 56
5 59
5 63
5 65
5 68
5 69
5 74
5 76
5 77
5 78
5 81
5 82
5 87
5 88
5 90
5 91
5 93
5 94
5 95
5 96
5 98
6 9
6 11
6 15
6 16
6 17
6 20
6 27
6 28
6 36
6 37
6 40
6 44
6 53
6 56
6 57
6 58
6 61
6 65
6 66
6 67
6 68
6 72
6 74
6 78
6 80
6 85
6 86
6 88
6 89
6 99
7 13
7 19
7 21
7 23
7 26
7 29
7 31
7 32
7 38
7 39
7 44
7 47
7 50
7 58
7 60
7 62
7 64
7 66
7 68
7 69
7 70
7 71
7 73
7 75
7 78
7 79
7 81
7 82
7 84
7 85
7 89
7 91
7 92
7 94
7 99
8 10
8 13
8 16
8 20
8 23
8 26
8 34
8 35
8 36
8 46
8 47
8 49
8 51
8 54
8 55
8 56
8 58
8 59
8 63
8 65
8 68
8 71
8 73
8 76
8 77
8 78
8 81
8 82
8 83
8 85
8 86
8 87
8 91
8 99
9 10
9 11
9 15
9 17
9 18
9 22
9 23
9 28
9 29
9 30
9 31
9 32
9 34
9 37
9 43
9 44
9 45
9 47
9 55
9 56
9 57
9 59
9 60
9 61
9 62
9 65
9 69
9 70
9 72
9 75
9 83
9 84
9 85
9 86
9 88
9 91
9 95
9 98
10 11
10 13
10 14
10 16
10 21
10 22
10 23
10 24
10 25
10 28
10 30
10 31
10 37
10 38
10 43
10 44
10 50
10 51
10 53
10 54
10 57
10 58
10 59
10 61
10 63
10 64
10 65
10 68
10 70
10 75
10 76
10 79
10 84
10 85
10 89
10 91
10 97
10 99
11 12
11 17
11 18
11 23
11 24
11 25
11 26
11 28
11 29
11 31
11 35
11 43
11 51
11 53
11 56
11 63
11 64
11 67
11 68
11 69
11 76
11 77
11 79
11 82
11 85
11 86
11 92
11 95
11 97
11 99
12 16
12 17
12 22
12 25
12 26
12 28
12 29
12 32
12 33
12 34
12 36
12 37
12 38
12 43
12 44
12 45
12 46
12 47
12 49
12 54
12 55
12 56
12 58
12 60
12 62
12 63
12 65
12 66
12 67
12 75
12 76
12 81
12 83
12 85
12 86
12 89
12 90
12 92
12 95
12 96
12 99
13 18
13 19
13 20
13 22
13 24
13 26
13 27
13 30
13 31
13 37
13 38
13 40
13 41
13 43
13 47
13 49
13 52
13 57
13 58
13 59
13 61
13 67
13 69
13 70
13 83
13 88
13 96
13 99
14 15
14 16
14 17
14 20
14 22
14 23
14 24
14 26
14 27
14 29
14 30
14 32
14 36
14 37
14 40
14 42
14 43
14 44
14 47
14 54
14 55
14 57
14 60
14 62
14 67
14 73
14 75
14 78
14 80
14 81
14 83
14 85
14 86
14 88
14 90
14 94
14 97
14 98
15 16
15 19
15 21
15 32
15 34
15 35
15 37
15 40
15 42
15 47
15 51
15 52
15 55
15 58
15 59
15 62
15 65
15 66
15 67
15 69
15 70
15 71
15 72
15 77
15 78
15 91
15 94
15 95
16 17
16 18
16 20
16 21
16 22
16 24
16 27
16 29
16 31
16 35
16 39
16 41
16 43
16 47
16 48
16 51
16 53
16 55
16 60
16 61
16 62
16 66
16 70
16 71
16 76
16 77
16 79
16 83
16 89
16 91
16 92
17 20
17 21
17 22
17 23
17 25
17 26
17 31
17 32
17 34
17 38
17 39
17 40
17 44
17 48
17 50
17 51
17 56
17 59
17 63
17 68
17 69
17 72
17 74
17 75
17 79
17 82
17 83
17 84
17 86
17 88
17 89
17 92
17 96
17 99
18 22
18 25
18 28
18 29
18 31
18 32
18 34
18 41
18 42
18 43
18 45
18 46
18 47
18 48
18 51
18 56
18 57
18 58
18 60
18 61
18 63
18 66
18 68
18 69
18 72
18 78
18 79
18 80
18 84
18 85
18 86
18 87
18 92
18 97
18 99
19 20
19 21
19 22
19 24
19 25
19 26
19 27
19 28
19 34
19 40
19 45
19 46
19 47
19 52
19 53
19 55
19 57
19 59
19 60
19 61
19 64
19 65
19 66
19 71
19 73
19 74
19 75
19 77
19 80
19 83
19 85
19 86
19 87
19 88
19 93
19 99
20 24
20 25
20 26
20 28
20 29
20 33
20 35
20 36
20 38
20 39
20 47
20 53
20 55
20 62
20 65
20 68
20 71
20 75
20 77
20 80
20 82
20 86
20 88
20 89
20 90
20 93
20 94
20 98
21 24
21 28
21 29
21 31
21 34
21 35
21 36
21 37
21 43
21 46
21 47
21 49
21 53
21 55
21 56
21 57
21 59
21 60
21 62
21 67
21 68
21 76
21 77
21 81
21 86
21 87
21 88
21 92
21 96
21 97
21 98
21 99
22 23
22 25
22 30
22 35
22 40
22 44
22 46
22 47
22 49
22 52
22 53
22 60
22 63
22 64
22 66
22 67
22 68
22 75
22 82
22 84
22 91
22 93
22 95
22 97
23 24
23 27
23 29
23 31
23 32
23 33
23 34
23 35
23 39
23 40
23 43
23 45
23 47
23 48
23 49
23 50
23 52
23 54
23 55
23 56
23 58
23 60
23 63
23 64
23 69
23 70
23 75
23 82
23 83
23 85
23 88
23 91
23 94
23 98
23 99
24 25
24 26
24 27
24 31
24 32
24 37
24 38
24 42
24 43
24 44
24 45
24 49
24 50
24 57
24 60
24 63
24 68
24 69
24 74
24 76
24 77
24 78
24 80
24 82
24 90
24 92
24 96
24 98
25 29
25 32
25 37
25 39
25 42
25 43
25 46
25 50
25 53
25 54
25 55
25 57
25 58
25 59
25 65
25 66
25 71
25 73
25 74
25 76
25 78
25 82
25 83
25 84
25 86
25 87
25 92
25 95
25 96
25 98
26 27
26 28
26 30
26 32
26 33
26 35
26 39
26 40
26 45
26 46
26 48
26 56
26 59
26 60
26 62
26 66
26 70
26 71
26 74
26 75
26 77
26 78
26 79
26 81
26 88
26 90
26 93
26 94
26 98
26 99
27 30
27 31
27 32
27 33
27 47
27 48
27 61
27 62
27 66
27 67
27 68
27 70
27 74
27 77
27 78
27 80
27 83
27 84
27 87
27 89
27 93
28 29
28 32
28 34
28 37
28 39
28 40
28 41
28 44
28 45
28 49
28 50
28 51
28 53
28 54
28 56
28 57
28 60
28 68
28 70
28 74
28 76
28 78
28 80
28 84
28 85
28 89
28 90
28 91
28 93
28 97
28 98
28 99
29 34
29 36
29 37
29 39
29 44
29 45
29 46
29 50
29 52
29 54
29 55
29 57
29 58
29 62
29 64
29 69
29 70
29 77
29 78
29 81
29 85
29 92
29 99
30 32
30 36
30 37
30 44
30 45
30 47
30 49
30 50
30 53
30 54
30 56
30 60
30 61
30 62
30 64
30 65
30 66
30 67
30 68
30 69
30 70
30 71
30 72
30 76
30 77
30 79
30 80
30 83
30 85
30 90
30 91
30 93
30 96
30 98
31 32
31 33
31 36
31 38
31 41
31 43
31 45
31 46
31 47
31 48
31 50
31 56
31 57
31 63
31 65
31 75
31 76
31 77
31 78
31 79
31 80
31 84
31 87
31 88
31 90
31 92
31 95
31 96
32 35
32 38
32 41
32 47
32 48
32 52
32 54
32 56
32 58
32 60
32 63
32 64
32 65
32 67
32 68
32 69
32 73
32 75
32 76
32 77
32 81
32 83
32 84
32 89
32 90
32 91
32 92
32 93
32 94
32 98
33 34
33 36
33 40
33 41
33 45
33 47
33 48
33 49
33 50
33 52
33 54
33 73
33 75
33 76
33 78
33 80
33 85
33 90
33 93
33 95
33 97
34 35
34 36
34 37
34 39
34 40
34 41
34 42
34 44
34 46
34 51
34 60
34 62
34 66
34 67
34 69
34 70
34 72
34 75
34 76
34 77
34 79
34 83
34 86
34 87
34 88
34 90
34 91
34 93
34 94
34 96
34 97
35 37
35 44
35 46
35 51
35 54
35 55
35 58
35 59
35 62
35 68
35 71
35 72
35 73
35 74
35 75
35 84
35 86
35 89
35 93
35 94
35 95
35 96
35 99
36 37
36 40
36 46
36 48
36 50
36 52
36 61
36 68
36 69
36 71
36 76
36 77
36 78
36 79
36 85
36 87
36 88
36 89
36 91
36 95
36 96
36 97
37 40
37 41
37 45
37 48
37 50
37 52
37 55
37 57
37 58
37 63
37 64
37 66
37 67
37 69
37 71
37 72
37 75
37 76
37 78
37 79
37 80
37 81
37 90
37 92
37 93
37 98
37 99
38 40
38 43
38 47
38 51
38 52
38 54
38 55
38 56
38 60
38 61
38 62
38 65
38 66
38 69
38 79
38 80
38 86
38 89
38 90
38 95
38 96
38 99
39 40
39 41
39 42
39 50
39 59
39 62
39 64
39 67
39 68
39 70
39 71
39 72
39 73
39 77
39 81
39 82
39 89
39 90
39 94
39 95
40 42
40 44
40 47
40 48
40 50
40 54
40 57
40 60
40 66
40 67
40 68
40 71
40 72
40 74
40 80
40 82
40 85
40 87
40 88
40 90
40 93
40 94
40 95
40 96
40 97
40 98
41 44
41 48
41 49
41 50
41 52
41 53
41 56
41 65
41 66
41 68
41 69
41 71
41 83
41 86
41 88
41 89
41 95
41 98
42 43
42 46
42 48
42 55
42 60
42 62
42 63
42 66
42 69
42 71
42 75
42 76
42 78
42 81
42 83
42 88
42 89
42 91
42 92
42 94
42 95
43 44
43 46
43 48
43 49
43 51
43 55
43 58
43 60
43 61
43 63
43 64
43 65
43 66
43 70
43 71
43 73
43 74
43 76
43 77
43 80
43 83
43 86
43 91
43 92
43 95
43 98
44 45
44 50
44 52
44 54
44 55
44 56
44 61
44 63
44 64
44 67
44 72
44 76
44 78
44 79
44 80
44 85
44 89
44 93
44 94
45 47
45 57
45 59
45 66
45 68
45 69
45 71
45 76
45 81
45 85
45 92
45 94
45 95
45 96
45 97
45 98
46 49
46 52
46 58
46 60
46 68
46 70
46 71
46 72
46 73
46 79
46 81
46 82
46 83
46 84
46 86
46 88
46 89
46 90
46 92
46 93
46 97
46 98
47 48
47 50
47 51
47 52
47 53
47 56
47 57
47 63
47 68
47 70
47 71
47 75
47 76
47 79
47 82
47 85
47 86
47 87
47 92
47 94
47 95
47 99
48 50
48 54
48 57
48 60
48 62
48 63
48 68
48 69
48 74
48 76
48 78
48 80
48 81
48 82
48 84
48 85
48 86
48 92
48 95
48 98
48 99
49 52
49 55
49 56
49 61
49 63
49 69
49 73
49 74
49 75
49 76
49 77
49 79
49 80
49 81
49 83
49 84
49 85
49 87
49 88
49 91
49 93
49 95
49 96
49 99
50 56
50 58
50 61
50 62
50 63
50 65
50 68
50 69
50 70
50 72
50 74
50 75
50 77
50 78
50 81
50 85
50 87
50 88
50 89
50 90
50 91
50 92
50 93
50 97
50 98
51 53
51 57
51 59
51 60
51 61
51 62
51 63
51 64
51 73
51 79
51 80
51 82
51 83
51 93
51 96
51 98
52 53
52 55
52 56
52 59
52 60
52 61
52 64
52 65
52 68
52 70
52 72
52 73
52 81
52 84
52 85
52 87
52 92
52 93
52 97
52 99
53 54
53 58
53 61
53 63
53 68
53 71
53 72
53 73
53 77
53 81
53 82
53 87
53 88
53 95
53 98
54 59
54 61
54 63
54 65
54 66
54 67
54 72
54 73
54 74
54 77
54 79
54 81
54 87
54 90
54 91
54 94
54 96
54 97
54 99
55 59
55 60
55 62
55 63
55 64
55 68
55 70
55 72
55 80
55 84
55 86
55 88
55 89
55 90
55 92
55 95
55 98
56 57
56 58
56 59
56 60
56 62
56 65
56 68
56 73
56 74
56 76
56 77
56 79
56 82
56 85
56 86
56 87
56 93
56 97
56 99
57 60
57 61
57 64
57 65
57 66
57 78
57 81
57 87
57 91
57 95
57 97
57 99
58 59
58 60
58 61
58 62
58 65
58 66
58 67
58 69
58 72
58 73
58 74
58 79
58 80
58 83
58 86
58 90
58 94
58 95
58 96
58 98
58 99
59 61
59 62
59 65
59 66
59 69
59 74
59 77
59 81
59 82
59 86
59 87
59 90
59 97
59 98
59 99
60 62
60 65
60 66
60 70
60 72
60 73
60 76
60 78
60 79
60 82
60 83
60 85
60 88
60 92
60 94
60 95
60 97
60 99
61 64
61 65
61 66
61 68
61 71
61 76
61 77
61 90
61 93
61 94
61 98
61 99
62 63
62 66
62 69
62 70
62 72
62 80
62 81
62 83
62 88
62 89
62 90
62 91
62 93
62 95
62 96
62 97
62 99
63 65
63 66
63 67
63 71
63 73
63 80
63 82
63 83
63 84
63 85
63 86
63 91
63 93
63 94
63 95
63 96
63 98
64 66
64 68
64 71
64 74
64 75
64 76
64 80
64 81
64 82
64 84
64 87
64 88
64 90
64 91
64 94
64 96
64 97
65 69
65 70
65 71
65 72
65 76
65 77
65 78
65 80
65 81
65 82
65 86
65 88
65 91
65 92
65 95
65 96
65 97
65 98
66 71
66 72
66 73
66 75
66 76
66 77
66 79
66 81
66 82
66 85
66 93
66 94
66 99
67 68
67 71
67 73
67 78
67 83
67 84
67 91
67 96
67 99
68 70
68 72
68 75
68 76
68 80
68 89
68 94
68 95
68 97
69 72
69 76
69 78
69 83
69 86
69 91
69 94
69 95
69 97
70 71
70 76
70 77
70 78
70 81
70 83
70 85
70 86
70 92
70 94
70 96
70 99
71 72
71 74
71 80
71 81
71 83
71 84
71 85
71 88
71 89
71 96
71 97
71 98
71 99
72 73
72 74
72 77
72 78
72 80
72 81
72 82
72 83
72 84
72 87
72 88
72 91
72 92
72 98
72 99
73 77
73 82
73 84
73 95
73 96
73 98
74 77
74 78
74 83
74 92
74 93
74 94
74 95
74 97
75 76
75 79
75 81
75 83
75 89
75 91
75 94
75 98
76 77
76 93
76 97
76 98
77 78
77 79
77 81
77 82
77 83
77 85
77 88
77 91
77 99
78 81
78 83
78 84
78 85
78 91
78 97
78 98
79 86
79 88
79 89
79 92
79 94
79 95
79 99
80 88
80 89
80 93
80 94
80 95
80 96
80 98
81 83
81 85
81 91
81 92
81 93
81 99
82 83
82 86
82 87
82 91
82 92
82 93
83 85
83 93
84 85
84 87
84 89
84 93
84 94
84 95
84 96
84 99
85 88
85 89
85 90
85 96
85 98
86 89
86 90
86 92
86 94
86 95
86 96
86 98
87 88
87 90
87 92
87 94
87 95
87 98
87 99
88 89
88 95
88 96
88 97
89 90
89 92
89 99
90 92
90 95
90 98
90 99
91 92
91 93
91 96
92 95
92 97
93 94
93 96
93 98
95 96
95 97
96 99
