0 2
0 4
0 6
0 8
0 9
0 14
0 15
0 16
0 20
0 21
0 23
0 25
0 28
0 30
0 32
0 34
0 35
0 38
0 39
0 40
0 44
0 48
0 50
0 53
0 57
0 58
0 61
0 63
0 64
0 66
0 68
0 69
0 74
0 76
0 79
0 81
0 85
0 87
0 90
0 92
0 95
0 96
0 97
0 98
0 99
1 8
1 9
1 11
1 13
1 14
1 17
1 19
1 23
1 24
1 25
1 26
1 27
1 33
1 34
1 35
1 40
1 41
1 42
1 44
1 45
1 46
1 51
1 52
1 53
1 56
1 58
1 62
1 64
1 65
1 66
1 79
1 81
1 83
1 86
1 92
1 94
1 96
2 3
2 7
2 9
2 10
2 11
2 12
2 13
2 16
2 17
2 19
2 20
2 21
2 24
2 27
2 29
2 30
2 32
2 35
2 36
2 38
2 39
2 42
2 43
2 44
2 45
2 46
2 47
2 48
2 49
2 53
2 54
2 60
2 61
2 62
2 64
2 66
2 70
2 71
2 72
2 74
2 75
2 76
2 77
2 80
2 81
2 82
2 85
2 86
2 87
2 88
2 91
2 92
2 95
2 96
2 97
3 4
3 6
3 7
3 8
3 9
3 10
3 14
3 20
3 21
3 23
3 24
3 26
3 29
3 31
3 36
3 37
3 39
3 45
3 47
3 48
3 51
3 52
3 53
3 54
3 55
3 56
3 57
3 59
3 64
3 65
3 69
3 70
3 71
3 73
3 76
3 77
3 78
3 80
3 81
3 83
3 86
3 88
3 90
3 95
3 96
3 97
4 5
4 7
4 8
4 10
4 14
4 16
4 17
4 18
4 21
4 24
4 26
4 27
4 28
4 29
4 30
4 32
4 33
4 34
4 35
4 36
4 37
4 40
4 45
4 46
4 48
4 50
4 51
4 57
4 58
4 59
4 60
4 63
4 68
4 75
4 77
4 78
4 81
4 84
4 88
4 89
4 90
4 91
4 92
4 99
5 7
5 8
5 10
5 11
5 12
5 15
5 16
5 18
5 20
5 23
5 24
5 26
5 27
5 32
5 34
5 36
5 37
5 38
5 39
5 45
5 49
5 51
5 52
5 53
5 54
5 55
5 58
5 59
5 60
5 61
5 64
5 67
5 68
5 69
5 70
5 73
5 75
5 80
5 82
5 84
5 87
5 89
5 91
5 92
5 94
6 7
6 9
6 10
6 11
6 15
6 16
6 18
6 20
6 24
6 27
6 29
6 30
6 31
6 32
6 33
6 34
6 35
6 36
6 37
6 38
6 39
6 41
6 44
6 45
6 48
6 49
6 50
6 51
6 52
6 55
6 57
6 58
6 61
6 62
6 63
6 64
6 65
6 67
6 69
6 73
6 74
6 76
6 78
6 79
6 80
6 82
6 84
6 91
6 93
6 94
6 96
6 98
7 9
7 10
7 12
7 16
7 18
7 21
7 22
7 23
7 29
7 30
7 32
7 33
7 35
7 36
7 39
7 46
7 51
7 53
7 55
7 57
7 59
7 60
7 61
7 62
7 66
7 68
7 70
7 71
7 73
7 77
7 78
7 79
7 80
7 84
7 87
7 88
7 93
7 94
7 96
7 99
8 9
8 10
8 13
8 14
8 17
8 18
8 19
8 24
8 25
8 26
8 27
8 28
8 30
8 31
8 32
8 34
8 35
8 36
8 37
8 38
8 39
8 40
8 42
8 43
8 44
8 49
8 50
8 53
8 56
8 57
8 60
8 61
8 64
8 65
8 66
8 67
8 69
8 71
8 74
8 78
8 79
8 81
8 83
8 84
8 85
8 88
8 89
8 90
8 91
8 92
8 97
8 99
9 11
9 13
9 15
9 17
9 19
9 22
9 23
9 28
9 29
9 30
9 35
9 36
9 37
9 40
9 41
9 43
9 44
9 51
9 52
9 57
9 62
9 63
9 64
9 68
9 69
9 73
9 74
9 75
9 76
9 78
9 83
9 87
9 93
9 94
9 95
10 16
10 17
10 18
10 20
10 23
10 28
10 30
10 32
10 36
10 37
10 42
10 47
10 48
10 49
10 50
10 56
10 57
10 58
10 60
10 61
10 62
10 65
10 67
10 68
10 69
10 70
10 71
10 72
10 73
10 74
10 75
10 77
10 79
10 82
10 83
10 85
10 88
10 92
10 96
10 97
10 99
11 13
11 18
11 20
11 21
11 25
11 26
11 30
11 31
11 32
11 33
11 34
11 37
11 38
11 39
11 40
11 42
11 44
11 45
11 46
11 48
11 50
11 52
11 54
11 55
11 56
11 59
11 60
11 65
11 71
11 74
11 76
11 82
11 84
11 85
11 86
11 90
11 93
11 94
11 98
12 15
12 16
12 19
12 20
12 24
12 25
12 26
12 27
12 28
12 29
12 31
12 32
12 34
12 36
12 39
12 40
12 45
12 46
12 47
12 49
12 50
12 51
12 53
12 57
12 58
12 59
12 64
12 67
12 69
12 70
12 71
12 72
12 74
12 76
12 81
12 82
12 85
12 92
12 93
12 97
12 99
13 14
13 17
13 18
13 20
13 23
13 24
13 29
13 32
13 33
13 34
13 36
13 38
13 40
13 47
13 48
13 50
13 51
13 53
13 54
13 55
13 56
13 59
13 60
13 61
13 62
13 63
13 64
13 66
13 67
13 69
13 77
13 78
13 79
13 81
13 87
13 89
13 90
13 93
13 96
13 97
13 99
14 17
14 19
14 20
14 21
14 23
14 24
14 25
14 26
14 28
14 33
14 34
14 37
14 38
14 41
14 45
14 46
14 47
14 50
14 51
14 52
14 53
14 56
14 57
14 59
14 60
14 61
14 62
14 64
14 67
14 69
14 77
14 78
14 80
14 81
14 82
14 83
14 84
14 85
14 87
14 91
14 95
14 99
15 17
15 18
15 20
15 22
15 23
15 25
15 26
15 27
15 31
15 32
15 34
15 35
15 39
15 40
15 41
15 43
15 50
15 51
15 55
15 56
15 59
15 63
15 64
15 66
15 68
15 69
15 70
15 71
15 73
15 74
15 75
15 76
15 77
15 79
15 84
15 86
15 87
15 88
15 90
15 92
15 95
15 99
16 17
16 20
16 24
16 25
16 26
16 27
16 29
16 34
16 35
16 37
16 40
16 41
16 43
16 44
16 47
16 48
16 49
16 51
16 52
16 54
16 55
16 56
16 57
16 59
16 60
16 62
16 65
16 66
16 69
16 70
16 71
16 72
16 74
16 76
16 77
16 81
16 84
16 86
16 90
16 91
16 92
16 95
16 96
16 99
17 18
17 19
17 22
17 24
17 26
17 27
17 29
17 31
17 33
17 34
17 36
17 37
17 38
17 41
17 43
17 44
17 46
17 47
17 48
17 50
17 52
17 53
17 57
17 59
17 62
17 68
17 70
17 74
17 79
17 80
17 81
17 82
17 83
17 84
17 85
17 89
17 91
17 93
17 96
17 97
17 98
18 21
18 22
18 23
18 24
18 25
18 26
18 29
18 31
18 34
18 37
18 40
18 41
18 43
18 45
18 46
18 50
18 51
18 53
18 54
18 55
18 56
18 58
18 65
18 66
18 67
18 69
18 70
18 73
18 75
18 76
18 80
18 82
18 83
18 84
18 85
18 86
18 87
18 88
18 92
18 94
19 20
19 21
19 25
19 28
19 29
19 30
19 31
19 35
19 36
19 37
19 40
19 41
19 44
19 45
19 46
19 48
19 51
19 54
19 56
19 62
19 63
19 64
19 65
19 68
19 69
19 70
19 72
19 73
19 74
19 75
19 76
19 81
19 82
19 85
19 87
19 88
19 92
19 94
19 97
20 23
20 24
20 25
20 26
20 28
20 29
20 30
20 33
20 34
20 35
20 36
20 38
20 39
20 41
20 42
20 43
20 46
20 47
20 48
20 49
20 50
20 51
20 53
20 55
20 56
20 60
20 63
20 64
20 66
20 67
20 72
20 74
20 76
20 77
20 80
20 81
20 82
20 86
20 88
20 90
20 91
20 92
20 97
21 24
21 27
21 29
21 33
21 34
21 36
21 37
21 44
21 46
21 48
21 54
21 56
21 60
21 63
21 64
21 65
21 67
21 70
21 71
21 72
21 75
21 78
21 80
21 81
21 82
21 83
21 84
21 86
21 92
21 94
21 95
21 99
22 23
22 24
22 25
22 27
22 28
22 29
22 32
22 33
22 35
22 36
22 37
22 38
22 39
22 40
22 43
22 44
22 47
22 48
22 50
22 54
22 56
22 57
22 63
22 67
22 68
22 69
22 71
22 73
22 76
22 77
22 79
22 81
22 82
22 83
22 84
22 86
22 88
22 90
22 91
22 92
22 93
22 94
22 95
22 96
23 28
23 29
23 32
23 33
23 39
23 40
23 41
23 42
23 43
23 44
23 45
23 47
23 48
23 49
23 50
23 51
23 52
23 53
23 54
23 56
23 58
23 59
23 61
23 62
23 63
23 66
23 67
23 71
23 72
23 73
23 76
23 78
23 79
23 80
23 82
23 83
23 86
23 87
23 88
23 89
23 90
23 94
23 95
23 97
24 26
24 27
24 29
24 34
24 35
24 37
24 38
24 41
24 44
24 45
24 47
24 50
24 51
24 53
24 55
24 57
24 59
24 60
24 61
24 64
24 65
24 66
24 69
24 71
24 73
24 74
24 75
24 77
24 78
24 79
24 80
24 81
24 85
24 87
24 88
24 89
24 90
24 95
24 96
24 97
25 27
25 28
25 30
25 32
25 35
25 36
25 37
25 38
25 39
25 41
25 42
25 43
25 45
25 48
25 50
25 54
25 57
25 59
25 60
25 62
25 64
25 67
25 68
25 70
25 74
25 75
25 76
25 77
25 78
25 79
25 82
25 83
25 87
25 88
25 89
25 92
25 93
25 94
25 95
25 97
26 27
26 29
26 31
26 32
26 36
26 40
26 41
26 43
26 45
26 47
26 49
26 50
26 52
26 54
26 55
26 56
26 57
26 58
26 59
26 60
26 61
26 63
26 66
26 67
26 71
26 72
26 74
26 78
26 79
26 80
26 81
26 82
26 83
26 84
26 87
26 89
26 90
26 91
26 92
26 93
26 94
26 95
26 96
26 98
27 31
27 33
27 34
27 35
27 36
27 37
27 38
27 39
27 41
27 44
27 45
27 48
27 49
27 50
27 52
27 53
27 55
27 58
27 59
27 60
27 63
27 64
27 65
27 73
27 74
27 81
27 91
27 93
27 98
28 30
28 31
28 32
28 33
28 39
28 40
28 41
28 42
28 43
28 44
28 45
28 47
28 50
28 52
28 53
28 54
28 55
28 59
28 60
28 61
28 64
28 65
28 70
28 71
28 75
28 76
28 77
28 79
28 80
28 81
28 82
28 84
28 85
28 86
28 92
28 94
28 95
28 96
28 97
28 98
29 30
29 31
29 32
29 33
29 34
29 35
29 36
29 38
29 39
29 40
29 42
29 43
29 45
29 47
29 48
29 49
29 50
29 54
29 55
29 56
29 57
29 59
29 60
29 65
29 67
29 68
29 71
29 74
29 76
29 82
29 83
29 84
29 86
29 96
29 99
30 35
30 36
30 37
30 39
30 40
30 42
30 43
30 46
30 47
30 48
30 49
30 50
30 52
30 53
30 55
30 58
30 60
30 61
30 62
30 64
30 65
30 70
30 71
30 72
30 74
30 75
30 76
30 77
30 78
30 79
30 80
30 81
30 84
30 85
30 86
30 89
30 91
30 94
30 95
30 96
30 97
30 99
31 34
31 42
31 46
31 47
31 56
31 59
31 60
31 61
31 66
31 71
31 74
31 76
31 77
31 80
31 84
31 88
31 90
31 91
31 92
31 93
31 94
31 95
31 97
31 99
32 33
32 34
32 38
32 39
32 40
32 43
32 44
32 48
32 51
32 53
32 54
32 55
32 58
32 59
32 62
32 65
32 67
32 71
32 76
32 77
32 80
32 84
32 86
32 88
32 89
32 92
32 95
32 96
33 36
33 37
33 38
33 40
33 42
33 44
33 46
33 49
33 54
33 56
33 57
33 59
33 60
33 62
33 63
33 66
33 69
33 71
33 73
33 75
33 76
33 77
33 79
33 81
33 82
33 83
33 84
33 86
33 89
33 90
33 91
33 92
33 94
33 96
33 97
33 98
34 35
34 36
34 38
34 39
34 42
34 43
34 47
34 48
34 52
34 53
34 58
34 60
34 61
34 63
34 65
34 66
34 70
34 73
34 77
34 78
34 80
34 88
34 90
34 92
34 93
34 94
34 97
34 98
34 99
35 36
35 37
35 39
35 40
35 41
35 42
35 43
35 44
35 45
35 46
35 47
35 48
35 57
35 58
35 59
35 64
35 65
35 66
35 67
35 69
35 72
35 73
35 74
35 76
35 78
35 79
35 80
35 81
35 82
35 83
35 86
35 87
35 94
35 95
35 96
35 97
35 98
35 99
36 37
36 38
36 40
36 41
36 43
36 48
36 53
36 54
36 56
36 57
36 58
36 62
36 64
36 65
36 68
36 69
36 71
36 73
36 74
36 77
36 79
36 81
36 83
36 84
36 86
36 92
36 93
36 97
36 99
37 40
37 43
37 45
37 46
37 48
37 50
37 52
37 54
37 57
37 59
37 60
37 61
37 62
37 69
37 71
37 72
37 73
37 74
37 77
37 78
37 80
37 82
37 83
37 84
37 85
37 86
37 89
37 90
37 91
37 93
37 94
37 96
37 97
37 98
38 40
38 42
38 43
38 44
38 49
38 51
38 54
38 56
38 57
38 59
38 60
38 61
38 62
38 63
38 64
38 65
38 66
38 67
38 69
38 72
38 75
38 76
38 77
38 78
38 79
38 81
38 83
38 84
38 85
38 86
38 89
38 91
38 92
38 93
38 95
38 96
38 97
39 41
39 43
39 48
39 50
39 55
39 57
39 59
39 60
39 64
39 65
39 68
39 69
39 70
39 72
39 74
39 75
39 81
39 83
39 84
39 85
39 86
39 87
39 93
39 94
39 95
39 96
39 97
40 43
40 45
40 47
40 48
40 50
40 54
40 56
40 58
40 59
40 63
40 68
40 71
40 72
40 74
40 75
40 77
40 79
40 83
40 84
40 85
40 90
40 91
40 92
40 93
40 95
40 96
40 97
40 99
41 44
41 47
41 49
41 50
41 51
41 52
41 53
41 54
41 55
41 57
41 58
41 59
41 61
41 64
41 65
41 68
41 70
41 74
41 75
41 76
41 77
41 79
41 82
41 83
41 86
41 87
41 89
41 91
41 92
41 99
42 44
42 45
42 47
42 49
42 51
42 55
42 59
42 60
42 61
42 62
42 64
42 65
42 66
42 68
42 69
42 70
42 71
42 76
42 78
42 84
42 85
42 88
42 96
42 98
43 46
43 47
43 48
43 51
43 54
43 57
43 60
43 61
43 64
43 65
43 69
43 73
43 74
43 75
43 76
43 79
43 80
43 81
43 82
43 83
43 86
43 90
43 91
43 94
43 97
43 99
44 47
44 49
44 51
44 53
44 56
44 63
44 64
44 66
44 71
44 78
44 79
44 80
44 83
44 84
44 85
44 86
44 87
44 89
44 91
44 93
44 94
44 95
44 96
44 97
44 98
45 46
45 50
45 51
45 53
45 54
45 58
45 60
45 62
45 64
45 70
45 71
45 73
45 74
45 76
45 83
45 87
45 88
45 89
45 90
45 92
45 95
45 98
46 47
46 48
46 51
46 52
46 53
46 54
46 56
46 61
46 62
46 65
46 66
46 68
46 70
46 71
46 73
46 74
46 76
46 78
46 81
46 82
46 84
46 85
46 86
46 87
46 89
46 91
46 92
46 96
47 48
47 54
47 56
47 57
47 59
47 61
47 64
47 68
47 72
47 73
47 79
47 82
47 85
47 86
47 87
47 89
47 94
47 95
47 97
47 98
48 52
48 61
48 66
48 72
48 73
48 74
48 77
48 78
48 79
48 82
48 83
48 84
48 85
48 86
48 88
48 89
48 91
48 94
48 96
48 98
49 50
49 51
49 55
49 57
49 59
49 60
49 61
49 62
49 64
49 65
49 68
49 72
49 74
49 77
49 81
49 84
49 89
49 91
49 92
49 94
49 96
49 98
50 51
50 52
50 53
50 54
50 57
50 60
50 61
50 63
50 64
50 71
50 72
50 74
50 75
50 76
50 78
50 79
50 80
50 81
50 83
50 87
50 91
50 97
51 52
51 55
51 57
51 64
51 66
51 69
51 72
51 73
51 75
51 76
51 77
51 78
51 80
51 81
51 82
51 88
51 93
51 96
51 97
51 98
51 99
52 54
52 55
52 56
52 60
52 61
52 65
52 66
52 67
52 72
52 75
52 76
52 80
52 81
52 82
52 83
52 84
52 86
52 89
52 90
52 92
52 94
52 95
52 96
52 97
52 99
53 57
53 58
53 59
53 60
53 61
53 63
53 67
53 68
53 71
53 72
53 73
53 74
53 75
53 81
53 82
53 86
53 88
53 91
53 95
54 55
54 59
54 60
54 61
54 62
54 65
54 72
54 74
54 75
54 76
54 78
54 80
54 84
54 91
54 92
54 96
54 98
55 57
55 60
55 62
55 64
55 65
55 67
55 69
55 70
55 76
55 78
55 81
55 82
55 88
55 89
55 91
55 99
56 57
56 58
56 60
56 62
56 64
56 66
56 69
56 70
56 71
56 76
56 77
56 78
56 80
56 82
56 83
56 86
56 88
56 90
56 92
56 95
56 96
57 59
57 60
57 63
57 64
57 65
57 67
57 68
57 69
57 71
57 72
57 73
57 74
57 77
57 79
57 85
57 86
57 87
57 89
57 90
57 91
57 92
57 93
57 94
57 96
57 97
58 59
58 61
58 62
58 63
58 64
58 65
58 70
58 71
58 73
58 75
58 79
58 80
58 82
58 85
58 87
58 88
58 89
58 90
58 91
58 92
58 96
58 97
58 98
59 60
59 61
59 62
59 63
59 66
59 68
59 70
59 71
59 73
59 75
59 76
59 80
59 83
59 84
59 85
59 88
59 90
59 91
59 93
59 94
59 95
59 96
59 97
59 99
60 64
60 65
60 68
60 69
60 70
60 71
60 74
60 75
60 79
60 80
60 82
60 85
60 89
60 90
60 94
61 62
61 68
61 70
61 72
61 74
61 75
61 78
61 79
61 80
61 81
61 83
61 84
61 87
61 89
61 90
61 92
61 95
61 98
62 64
62 66
62 67
62 73
62 74
62 82
62 86
62 87
62 88
62 92
62 94
62 95
62 99
63 66
63 68
63 69
63 70
63 72
63 73
63 75
63 79
63 81
63 82
63 83
63 84
63 86
63 87
63 88
63 89
63 92
63 93
63 95
63 96
63 98
63 99
64 66
64 67
64 70
64 71
64 72
64 74
64 76
64 77
64 80
64 81
64 82
64 86
64 87
64 91
64 93
64 96
64 97
64 99
65 71
65 73
65 76
65 77
65 81
65 88
65 91
65 92
65 93
65 94
65 96
65 99
66 72
66 73
66 77
66 80
66 82
66 83
66 85
66 87
66 88
66 90
66 91
66 92
66 93
66 95
66 97
66 98
66 99
67 68
67 69
67 72
67 77
67 80
67 82
67 83
67 86
67 88
67 93
67 95
67 97
67 99
68 72
68 74
68 75
68 78
68 79
68 82
68 84
68 86
68 90
68 94
68 95
69 70
69 71
69 72
69 77
69 78
69 79
69 80
69 83
69 84
69 86
69 91
69 93
69 98
70 71
70 72
70 73
70 74
70 77
70 80
70 81
70 84
70 85
70 86
70 87
70 88
70 90
70 93
70 97
71 73
71 74
71 77
71 78
71 79
71 82
71 85
71 88
71 89
71 90
71 97
71 98
71 99
72 73
72 74
72 75
72 76
72 78
72 81
72 82
72 83
72 84
72 87
72 88
72 90
72 91
72 93
72 96
72 97
72 99
73 74
73 76
73 77
73 80
73 81
73 82
73 83
73 86
73 87
73 89
73 91
73 92
73 95
73 97
73 98
74 75
74 76
74 77
74 78
74 79
74 83
74 86
74 87
74 88
74 90
74 92
74 95
74 96
75 76
75 77
75 79
75 84
75 86
75 87
75 90
75 93
75 95
75 97
75 99
76 79
76 83
76 87
76 89
76 91
76 92
76 97
76 99
77 82
77 84
77 86
77 90
77 92
77 94
77 97
77 98
78 79
78 81
78 82
78 83
78 86
78 87
78 88
78 90
78 94
78 95
78 96
78 97
78 98
79 80
79 81
79 83
79 84
79 85
79 87
79 92
79 94
79 97
79 98
79 99
80 82
80 83
80 84
80 87
80 90
80 92
80 93
80 95
80 97
80 98
81 85
81 88
81 89
81 90
81 95
81 96
81 97
81 98
81 99
82 86
82 87
82 88
82 89
82 90
82 91
82 92
82 93
82 94
82 95
82 96
82 97
83 84
83 87
83 90
83 91
83 95
83 98
84 86
84 87
84 88
84 89
84 90
84 92
84 94
84 95
84 98
84 99
85 88
85 90
85 93
85 94
85 95
85 96
86 87
86 88
86 90
86 93
86 94
86 97
86 99
87 88
87 89
87 90
87 91
87 92
87 93
87 94
87 95
87 97
88 89
88 90
88 91
88 95
88 96
89 93
89 94
89 97
89 98
89 99
90 93
90 94
90 97
90 99
91 94
91 95
91 97
92 93
93 94
93 95
93 96
93 97
94 96
94 97
94 98
95 96
95 97
95 98
97 98
97 99
98 99
