0 1
0 4
0 6
0 9
0 11
0 15
0 16
0 18
0 24
0 26
0 27
0 34
0 40
0 41
0 43
0 45
0 46
0 49
0 50
0 52
0 53
0 55
0 58
0 61
0 63
0 67
0 70
0 75
0 77
0 79
0 80
0 83
0 88
0 90
0 93
0 96
1 8
1 13
1 15
1 17
1 25
1 31
1 32
1 34
1 39
1 45
1 49
1 53
1 54
1 55
1 57
1 59
1 60
1 66
1 67
1 71
1 73
1 76
1 82
1 83
1 84
1 86
1 89
1 97
2 6
2 11
2 12
2 13
2 17
2 18
2 22
2 23
2 25
2 32
2 40
2 44
2 52
2 55
2 61
2 69
2 73
2 79
2 82
2 85
2 86
2 87
2 89
2 92
2 93
2 96
2 98
2 99
3 4
3 8
3 10
3 13
3 16
3 19
3 20
3 22
3 23
3 24
3 30
3 32
3 34
3 36
3 44
3 50
3 55
3 57
3 60
3 63
3 65
3 67
3 68
3 70
3 72
3 76
3 85
3 87
3 89
3 92
3 94
3 97
4 7
4 10
4 13
4 21
4 23
4 26
4 32
4 47
4 51
4 53
4 54
4 68
4 69
4 74
4 82
4 88
4 89
4 90
4 93
5 6
5 8
5 10
5 11
5 12
5 21
5 22
5 25
5 26
5 28
5 30
5 35
5 36
5 38
5 39
5 45
5 47
5 48
5 52
5 53
5 58
5 61
5 64
5 70
5 73
5 74
5 75
5 79
5 83
5 84
5 86
5 87
5 89
6 11
6 13
6 15
6 16
6 19
6 24
6 25
6 29
6 30
6 33
6 43
6 48
6 50
6 54
6 62
6 63
6 65
6 66
6 71
6 80
6 88
6 97
7 11
7 18
7 24
7 36
7 40
7 42
7 43
7 45
7 46
7 47
7 57
7 60
7 61
7 66
7 67
7 69
7 73
7 78
7 88
7 91
7 97
8 15
8 19
8 20
8 24
8 27
8 28
8 34
8 40
8 44
8 51
8 60
8 61
8 63
8 68
8 71
8 79
8 81
8 84
8 86
8 88
8 89
8 90
8 93
8 94
8 97
9 11
9 20
9 22
9 30
9 32
9 34
9 43
9 47
9 50
9 57
9 58
9 62
9 71
9 77
9 79
9 86
9 87
9 97
10 15
10 16
10 17
10 19
10 22
10 25
10 27
10 33
10 37
10 39
10 44
10 46
10 49
10 50
10 52
10 53
10 54
10 59
10 61
10 72
10 75
10 76
10 77
10 80
10 81
10 84
10 85
10 96
10 97
11 18
11 29
11 30
11 31
11 32
11 33
11 34
11 42
11 43
11 44
11 45
11 49
11 59
11 62
11 64
11 66
11 68
11 69
11 71
11 73
11 77
11 81
11 82
11 84
11 90
11 94
11 95
11 98
11 99
12 13
12 14
12 15
12 16
12 20
12 27
12 31
12 32
12 38
12 41
12 43
12 46
12 49
12 51
12 52
12 53
12 54
12 56
12 60
12 61
12 65
12 66
12 68
12 71
12 76
12 78
12 81
12 84
12 88
12 91
12 92
13 21
13 28
13 31
13 32
13 33
13 35
13 38
13 39
13 42
13 43
13 44
13 45
13 47
13 50
13 58
13 60
13 61
13 65
13 67
13 68
13 82
13 84
13 87
13 89
13 90
13 92
13 96
13 97
13 99
14 17
14 18
14 24
14 31
14 36
14 37
14 38
14 39
14 47
14 51
14 56
14 57
14 58
14 59
14 61
14 62
14 63
14 64
14 67
14 70
14 71
14 75
14 76
14 78
14 83
14 88
14 89
14 90
14 92
14 96
14 98
14 99
15 16
15 17
15 20
15 32
15 36
15 40
15 43
15 45
15 47
15 48
15 53
15 60
15 61
15 62
15 64
15 65
15 67
15 71
15 75
15 77
15 82
15 83
15 85
15 87
15 88
15 98
16 18
16 24
16 25
16 27
16 29
16 36
16 37
16 39
16 45
16 48
16 57
16 60
16 62
16 70
16 74
16 76
16 77
16 81
16 84
16 85
16 92
16 93
16 94
16 99
17 27
17 29
17 33
17 40
17 42
17 43
17 46
17 47
17 48
17 50
17 51
17 54
17 56
17 57
17 62
17 64
17 68
17 69
17 71
17 74
17 81
17 84
17 85
17 86
17 87
17 91
17 99
18 19
18 27
18 29
18 30
18 33
18 46
18 50
18 51
18 55
18 57
18 62
18 65
18 68
18 75
18 79
18 83
18 92
18 93
18 94
18 96
18 97
18 98
18 99
19 23
19 25
19 34
19 35
19 41
19 42
19 45
19 47
19 51
19 54
19 56
19 66
19 67
19 68
19 70
19 72
19 74
19 77
19 78
19 89
19 91
19 93
19 96
19 98
20 25
20 26
20 31
20 32
20 41
20 43
20 48
20 53
20 54
20 55
20 56
20 58
20 59
20 63
20 67
20 70
20 71
20 73
20 75
20 79
20 80
20 82
20 84
20 88
21 23
21 24
21 26
21 31
21 33
21 36
21 37
21 38
21 42
21 57
21 62
21 63
21 65
21 66
21 67
21 69
21 72
21 74
21 75
21 76
21 79
21 82
21 84
21 85
21 95
22 24
22 25
22 29
22 30
22 31
22 32
22 34
22 36
22 39
22 42
22 47
22 54
22 57
22 59
22 60
22 62
22 66
22 68
22 70
22 72
22 78
22 79
22 86
22 88
22 96
22 99
23 26
23 27
23 32
23 34
23 44
23 46
23 47
23 49
23 55
23 56
23 58
23 61
23 66
23 68
23 69
23 70
23 77
23 78
23 86
23 88
23 91
23 95
23 97
24 30
24 34
24 38
24 42
24 43
24 53
24 54
24 57
24 58
24 60
24 65
24 75
24 76
24 77
24 83
24 91
24 92
24 94
24 96
25 26
25 28
25 31
25 32
25 41
25 44
25 46
25 48
25 49
25 50
25 54
25 62
25 63
25 77
25 78
25 79
25 80
25 83
25 87
25 88
25 93
25 94
25 97
26 29
26 30
26 31
26 35
26 36
26 46
26 50
26 57
26 61
26 62
26 64
26 65
26 67
26 68
26 70
26 71
26 76
26 82
26 86
26 94
26 98
26 99
27 36
27 39
27 41
27 42
27 48
27 49
27 50
27 52
27 53
27 57
27 64
27 68
27 77
27 80
27 81
27 84
27 94
28 29
28 40
28 44
28 46
28 48
28 50
28 58
28 60
28 67
28 69
28 71
28 76
28 78
28 81
28 85
28 89
28 95
28 97
29 31
29 35
29 36
29 39
29 40
29 43
29 45
29 47
29 50
29 51
29 56
29 57
29 69
29 70
29 72
29 78
29 80
29 87
29 88
29 94
29 97
30 33
30 35
30 39
30 43
30 49
30 51
30 52
30 56
30 58
30 60
30 62
30 71
30 86
30 97
31 32
31 33
31 34
31 39
31 42
31 44
31 46
31 55
31 57
31 59
31 61
31 65
31 67
31 76
31 77
31 81
31 88
31 92
31 94
31 96
31 97
31 99
32 37
32 38
32 39
32 43
32 44
32 45
32 46
32 47
32 48
32 52
32 58
32 62
32 63
32 65
32 66
32 68
32 81
32 86
32 88
32 91
32 92
33 37
33 39
33 40
33 41
33 43
33 44
33 49
33 55
33 56
33 58
33 59
33 62
33 71
33 72
33 83
33 86
33 89
33 91
33 96
33 97
34 35
34 37
34 43
34 48
34 50
34 57
34 60
34 61
34 65
34 70
34 74
34 75
34 77
34 79
34 84
34 88
34 89
34 90
34 91
34 93
34 94
34 95
34 99
35 40
35 44
35 47
35 54
35 60
35 62
35 73
35 74
35 76
35 77
35 78
35 79
35 82
35 83
35 87
35 89
35 90
35 92
35 93
35 94
35 95
36 38
36 41
36 51
36 55
36 56
36 59
36 64
36 65
36 66
36 67
36 68
36 70
36 75
36 76
36 79
36 80
36 82
36 84
36 85
36 89
36 94
36 95
36 99
37 38
37 39
37 41
37 43
37 47
37 48
37 49
37 59
37 66
37 68
37 79
37 80
37 83
37 86
37 95
38 39
38 44
38 49
38 54
38 55
38 59
38 64
38 70
38 71
38 74
38 75
38 77
38 96
39 45
39 46
39 49
39 52
39 53
39 60
39 61
39 66
39 72
39 74
39 85
39 89
39 93
39 94
39 95
39 97
39 98
39 99
40 42
40 44
40 47
40 48
40 53
40 56
40 61
40 63
40 66
40 72
40 73
40 77
40 79
40 80
40 84
40 88
40 91
40 92
41 47
41 55
41 56
41 57
41 60
41 63
41 66
41 67
41 72
41 78
41 82
41 84
41 85
41 86
41 87
41 97
42 43
42 44
42 46
42 47
42 48
42 50
42 51
42 57
42 60
42 62
42 63
42 65
42 68
42 69
42 74
42 75
42 78
42 84
42 87
42 90
42 93
42 97
42 99
43 48
43 50
43 52
43 55
43 58
43 62
43 65
43 66
43 67
43 74
43 75
43 76
43 78
43 80
43 83
43 91
43 95
44 45
44 49
44 50
44 59
44 62
44 64
44 67
44 73
44 77
44 80
44 82
44 83
44 88
44 90
44 92
44 93
44 94
44 96
45 48
45 51
45 52
45 53
45 63
45 66
45 67
45 69
45 73
45 75
45 77
45 78
45 79
45 90
45 91
45 92
45 93
45 98
46 50
46 55
46 56
46 57
46 58
46 64
46 67
46 68
46 69
46 75
46 83
46 84
46 85
46 88
46 89
46 90
47 48
47 49
47 53
47 56
47 59
47 60
47 62
47 65
47 70
47 76
47 84
47 85
47 87
47 88
47 89
47 93
47 96
47 98
48 50
48 54
48 58
48 59
48 64
48 68
48 70
48 73
48 74
48 77
48 80
48 90
48 94
48 98
49 50
49 53
49 56
49 57
49 62
49 65
49 68
49 73
49 74
49 75
49 76
49 77
49 86
49 89
49 94
49 96
49 98
50 51
50 57
50 58
50 59
50 62
50 64
50 69
50 72
50 75
50 81
50 87
50 90
50 92
50 93
50 95
50 96
50 98
50 99
51 57
51 63
51 64
51 69
51 73
51 76
51 78
51 87
51 89
51 99
52 61
52 63
52 64
52 65
52 71
52 72
52 77
52 83
52 87
52 90
52 92
52 98
53 55
53 56
53 57
53 60
53 61
53 62
53 64
53 71
53 75
53 78
53 82
53 86
53 87
53 88
53 91
53 93
53 95
53 97
54 58
54 60
54 61
54 66
54 81
54 86
54 89
54 91
54 92
54 93
55 59
55 60
55 67
55 71
55 75
55 76
55 81
55 89
55 92
55 93
56 60
56 61
56 62
56 67
56 71
56 72
56 74
56 76
56 79
56 82
56 83
56 87
56 92
56 96
56 98
57 59
57 65
57 70
57 72
57 74
57 75
57 78
57 79
57 82
57 83
57 87
57 90
57 92
57 97
57 98
58 62
58 67
58 68
58 75
58 76
58 83
58 84
58 87
58 91
58 97
59 60
59 63
59 67
59 68
59 69
59 74
59 76
59 79
59 81
59 82
59 88
59 91
59 92
59 94
59 95
60 64
60 66
60 68
60 71
60 72
60 75
60 77
60 79
60 91
60 97
61 66
61 68
61 69
61 70
61 72
61 77
61 82
61 84
61 88
61 90
61 92
61 95
61 96
62 64
62 68
62 70
62 71
62 80
62 85
62 89
62 90
62 92
62 97
62 98
63 69
63 78
63 82
63 83
63 86
63 99
64 65
64 66
64 69
64 71
64 72
64 80
64 84
64 86
64 87
64 91
64 92
64 93
64 97
65 66
65 67
65 68
65 72
65 76
65 77
65 80
65 81
65 82
65 83
65 84
65 86
65 90
65 91
65 92
65 97
65 98
66 72
66 73
66 75
66 80
66 86
66 90
66 92
66 93
66 94
66 96
66 98
66 99
67 68
67 70
67 71
67 73
67 74
67 76
67 79
67 82
67 84
67 85
67 86
67 87
67 95
68 70
68 71
68 73
68 75
68 77
68 78
68 79
68 81
68 90
68 96
69 72
69 73
69 74
69 76
69 77
69 82
69 84
69 87
69 93
69 95
70 71
70 76
70 85
70 86
70 88
70 92
71 72
71 74
71 78
71 80
71 82
72 77
72 86
72 87
72 90
72 93
72 94
72 96
72 97
72 98
73 74
73 79
73 82
73 84
73 88
73 94
73 97
73 98
74 75
74 77
74 78
74 83
74 84
74 85
74 87
74 88
74 89
74 91
74 95
74 98
75 80
75 84
75 88
75 96
75 98
76 77
76 78
76 79
76 88
76 90
76 93
76 94
76 95
76 99
77 80
77 88
77 89
77 91
77 95
78 79
78 83
78 84
78 89
78 91
78 92
78 94
78 96
78 98
79 80
79 88
79 90
79 95
79 98
79 99
80 84
80 88
80 93
80 94
80 97
80 99
81 82
81 84
81 86
81 91
81 95
81 98
82 90
82 91
82 92
82 93
82 96
82 97
82 98
83 86
83 89
83 93
84 86
84 87
84 91
84 92
84 97
85 94
85 95
85 98
85 99
86 89
86 95
87 91
87 92
87 94
87 95
87 99
88 94
88 96
88 98
89 90
89 94
89 95
90 93
90 94
90 95
90 96
91 92
91 94
91 95
92 96
92 98
93 95
93 99
94 95
94 96
95 96
95 99
97 98
