0 9
0 27
0 29
0 31
0 32
0 39
0 46
0 50
0 60
0 61
0 62
0 63
0 65
0 66
0 69
0 74
0 75
0 83
0 85
0 87
0 91
0 94
0 96
0 98
1 4
1 8
1 16
1 18
1 28
1 30
1 31
1 36
1 43
1 44
1 51
1 58
1 59
1 62
1 63
1 66
1 67
1 73
1 74
1 85
1 91
2 4
2 9
2 11
2 12
2 17
2 20
2 24
2 28
2 35
2 45
2 50
2 52
2 60
2 72
2 81
2 83
2 85
2 86
2 88
2 89
2 90
2 93
2 95
3 12
3 20
3 23
3 29
3 32
3 38
3 41
3 43
3 44
3 50
3 52
3 57
3 69
3 70
3 74
3 77
3 80
3 81
3 82
3 83
3 84
3 85
3 86
3 87
3 88
3 89
3 92
3 94
3 99
4 5
4 13
4 14
4 17
4 21
4 26
4 41
4 48
4 54
4 55
4 57
4 60
4 79
4 82
4 84
4 87
5 17
5 24
5 30
5 40
5 44
5 46
5 54
5 64
5 74
5 91
5 92
5 94
6 8
6 11
6 21
6 28
6 29
6 39
6 41
6 67
6 70
6 71
6 73
6 74
6 83
6 85
6 90
6 95
7 10
7 17
7 21
7 23
7 29
7 33
7 36
7 39
7 61
7 71
7 72
7 74
7 75
7 76
7 78
7 79
7 86
7 89
7 93
7 99
8 9
8 19
8 20
8 26
8 42
8 48
8 54
8 62
8 64
8 65
8 72
8 75
8 80
8 82
8 90
8 93
8 99
9 19
9 22
9 23
9 39
9 40
9 41
9 52
9 54
9 62
9 64
9 78
9 82
9 87
9 92
9 93
9 99
10 17
10 25
10 26
10 34
10 39
10 42
10 43
10 49
10 54
10 57
10 61
10 73
10 74
10 77
10 84
11 16
11 25
11 27
11 36
11 38
11 39
11 40
11 46
11 65
11 72
11 76
11 77
11 90
12 17
12 18
12 25
12 26
12 33
12 40
12 41
12 47
12 55
12 57
12 60
12 65
12 71
12 73
12 77
12 97
12 99
13 16
13 17
13 29
13 36
13 39
13 40
13 41
13 42
13 45
13 47
13 48
13 49
13 57
13 61
13 63
13 64
13 66
13 67
13 75
13 77
13 85
13 91
13 99
14 21
14 26
14 30
14 31
14 36
14 39
14 40
14 42
14 54
14 55
14 56
14 61
14 62
14 63
14 70
14 79
14 84
14 87
14 89
14 91
14 95
15 28
15 44
15 45
15 59
15 60
15 61
15 64
15 66
15 69
15 70
15 71
15 78
15 82
15 83
15 84
15 87
15 92
15 96
15 97
16 20
16 21
16 42
16 49
16 58
16 63
16 67
16 70
16 71
16 72
16 74
16 77
16 88
16 91
16 95
17 19
17 20
17 24
17 25
17 26
17 28
17 30
17 31
17 41
17 56
17 68
17 88
17 91
17 92
17 95
17 97
18 20
18 25
18 26
18 40
18 41
18 60
18 61
18 66
18 78
18 81
18 87
18 95
18 96
19 30
19 35
19 37
19 42
19 43
19 44
19 49
19 62
19 67
19 73
19 78
19 79
19 85
19 91
19 92
19 95
19 99
20 21
20 24
20 27
20 30
20 31
20 36
20 40
20 45
20 60
20 64
20 73
20 77
20 78
20 82
20 83
21 22
21 25
21 32
21 38
21 39
21 45
21 47
21 52
21 55
21 58
21 59
21 62
21 71
21 75
21 79
21 90
21 93
21 94
21 96
21 98
22 27
22 28
22 30
22 34
22 37
22 38
22 58
22 71
22 73
22 84
22 89
22 90
22 92
22 93
23 36
23 39
23 41
23 44
23 50
23 52
23 53
23 59
23 60
23 62
23 64
23 75
23 77
23 86
24 27
24 28
24 29
24 33
24 40
24 41
24 49
24 50
24 51
24 52
24 55
24 63
24 65
24 80
24 82
24 83
24 87
24 93
24 95
24 96
25 41
25 42
25 43
25 59
25 61
25 62
25 66
25 70
25 78
25 87
25 88
25 90
25 93
25 98
25 99
26 29
26 35
26 38
26 57
26 64
26 66
26 67
26 70
26 71
26 72
26 79
26 81
26 86
26 92
26 96
26 98
27 32
27 34
27 39
27 44
27 50
27 56
27 60
27 62
27 63
27 66
27 76
27 82
27 83
27 84
27 88
27 91
27 92
28 31
28 37
28 39
28 44
28 49
28 54
28 58
28 61
28 71
28 74
28 75
28 80
28 82
28 88
28 90
28 98
28 99
29 35
29 38
29 47
29 48
29 68
29 69
29 84
29 91
30 32
30 33
30 36
30 38
30 39
30 42
30 43
30 52
30 54
30 59
30 70
30 79
30 82
30 85
30 90
30 96
30 98
31 38
31 40
31 44
31 46
31 47
31 50
31 57
31 76
31 78
31 82
31 98
32 48
32 57
32 65
32 68
32 75
32 84
32 97
32 99
33 41
33 44
33 46
33 47
33 52
33 59
33 61
33 66
33 71
33 72
33 85
33 87
33 92
33 97
33 98
34 40
34 46
34 51
34 52
34 62
34 67
34 71
34 74
34 77
34 90
34 91
34 97
35 43
35 67
35 71
35 77
35 80
35 82
35 83
35 85
36 37
36 50
36 52
36 61
36 62
36 72
36 80
36 85
36 87
36 92
36 96
37 39
37 46
37 49
37 52
37 53
37 54
37 59
37 64
37 65
37 66
37 75
37 76
37 89
37 93
37 98
38 40
38 46
38 48
38 49
38 69
38 80
38 83
38 85
38 98
39 43
39 44
39 46
39 47
39 57
39 58
39 66
39 73
39 74
39 86
39 90
39 92
40 46
40 49
40 55
40 63
40 73
40 75
40 78
41 46
41 53
41 57
41 66
41 72
41 76
41 82
41 84
41 86
41 92
41 95
41 97
42 54
42 58
42 62
42 74
42 76
42 78
43 48
43 49
43 58
43 60
43 62
43 65
43 68
43 70
43 76
43 81
43 83
43 95
44 45
44 52
44 53
44 64
44 66
44 80
44 81
44 87
44 97
44 98
44 99
45 47
45 53
45 61
45 62
45 64
45 70
45 78
45 84
45 91
45 95
46 50
46 51
46 54
46 67
46 75
46 89
46 92
46 94
46 97
46 98
47 52
47 53
47 55
47 59
47 60
47 63
47 66
47 70
47 76
47 78
47 86
47 89
48 52
48 59
48 61
48 70
48 71
48 80
48 87
48 90
49 51
49 52
49 53
49 61
49 75
49 77
49 78
49 79
49 81
49 82
49 88
50 58
50 70
50 72
50 78
50 87
50 92
51 64
51 68
51 71
51 72
51 78
51 82
51 88
51 93
51 95
51 96
51 98
52 53
52 57
52 64
52 65
52 78
52 80
52 90
52 94
52 98
53 54
53 58
53 63
53 71
53 73
53 75
53 76
53 85
53 88
53 89
53 91
54 62
54 64
54 72
54 74
54 77
54 90
54 99
55 60
55 61
55 71
55 76
55 77
55 78
55 87
55 88
55 94
55 95
56 61
56 71
56 89
56 93
56 98
57 58
57 60
57 64
57 74
57 75
57 83
57 87
57 89
57 91
57 94
57 95
57 98
58 59
58 60
58 61
58 68
58 71
58 74
58 85
59 60
59 61
59 75
59 78
59 84
59 88
60 64
60 66
60 69
60 75
60 78
60 80
60 90
60 99
61 64
61 68
61 74
61 78
61 80
61 85
61 92
61 97
61 98
61 99
62 63
62 76
62 84
62 87
62 90
62 91
63 69
63 74
63 81
63 92
63 94
63 96
64 65
64 68
64 73
64 75
64 81
64 87
64 94
64 95
65 67
65 68
65 80
65 95
66 67
66 77
66 79
66 80
66 90
66 91
67 69
67 73
67 77
67 84
67 89
68 70
68 79
68 81
68 86
69 71
69 89
69 97
70 72
70 73
70 80
70 81
70 86
70 98
71 74
71 78
71 84
71 86
71 87
71 88
71 90
71 93
72 79
72 85
72 95
73 77
73 83
73 88
73 93
73 95
73 98
73 99
74 77
74 82
74 84
74 85
75 77
75 89
75 95
75 99
76 82
76 86
77 85
77 91
77 93
78 80
78 84
78 92
79 83
79 87
79 91
79 95
79 98
81 83
81 85
81 86
81 99
82 94
82 95
82 97
83 90
83 95
83 96
83 97
84 85
84 86
84 92
85 86
85 92
85 97
86 92
86 96
87 89
87 90
87 96
87 97
88 89
88 90
88 91
88 95
88 99
89 90
89 91
90 97
90 98
90 99
91 96
91 97
92 95
92 96
92 98
94 95
94 97
95 96
95 99
