0 2
0 5
0 8
0 12
0 14
0 16
0 21
0 25
0 30
0 31
0 33
0 35
0 42
0 43
0 49
0 50
0 63
0 64
0 70
0 71
0 77
0 81
0 83
0 85
0 93
0 94
0 95
0 97
1 4
1 11
1 21
1 28
1 29
1 31
1 45
1 53
1 54
1 55
1 57
1 58
1 60
1 61
1 62
1 63
1 65
1 68
1 71
1 78
1 82
1 87
1 92
1 93
1 95
1 97
1 99
2 7
2 10
2 15
2 16
2 22
2 23
2 25
2 26
2 27
2 30
2 45
2 46
2 52
2 53
2 55
2 61
2 63
2 66
2 67
2 76
2 80
2 86
2 91
2 92
2 94
2 98
3 5
3 6
3 7
3 10
3 14
3 20
3 27
3 28
3 31
3 34
3 43
3 45
3 48
3 53
3 55
3 59
3 64
3 66
3 67
3 68
3 69
3 73
3 75
3 76
3 79
3 80
3 81
3 82
3 84
3 90
3 99
4 9
4 10
4 12
4 19
4 25
4 27
4 28
4 29
4 39
4 41
4 47
4 49
4 52
4 58
4 67
4 68
4 70
4 73
4 77
4 83
4 88
4 92
5 7
5 10
5 13
5 16
5 20
5 22
5 24
5 28
5 39
5 40
5 42
5 43
5 44
5 48
5 51
5 53
5 56
5 57
5 59
5 60
5 61
5 63
5 64
5 65
5 67
5 71
5 72
5 78
5 79
5 82
5 85
5 91
5 92
5 93
5 96
5 99
6 10
6 13
6 14
6 22
6 26
6 36
6 38
6 43
6 50
6 54
6 58
6 60
6 61
6 62
6 68
6 72
6 76
6 77
6 80
6 81
6 86
6 90
6 91
6 92
6 95
6 96
7 11
7 16
7 19
7 21
7 22
7 23
7 28
7 33
7 34
7 36
7 37
7 42
7 44
7 50
7 54
7 66
7 70
7 71
7 74
7 76
7 78
7 84
7 85
7 86
7 88
7 89
7 90
7 91
7 95
8 10
8 13
8 18
8 20
8 27
8 28
8 32
8 33
8 44
8 45
8 49
8 57
8 59
8 61
8 62
8 65
8 68
8 71
8 76
8 77
8 81
8 82
8 85
8 87
8 89
8 90
8 92
8 93
8 99
9 10
9 16
9 26
9 28
9 30
9 32
9 36
9 39
9 49
9 53
9 56
9 57
9 65
9 66
9 67
9 68
9 69
9 74
9 82
9 89
9 91
10 14
10 15
10 16
10 18
10 19
10 20
10 22
10 30
10 34
10 38
10 43
10 44
10 47
10 48
10 52
10 53
10 60
10 63
10 64
10 68
10 70
10 72
10 73
10 76
10 77
10 78
10 80
10 86
10 87
10 89
10 93
10 96
10 99
11 14
11 15
11 18
11 20
11 24
11 26
11 30
11 35
11 39
11 48
11 60
11 64
11 66
11 68
11 69
11 73
11 79
11 80
11 81
11 82
11 83
11 85
11 86
11 87
11 96
11 98
12 13
12 17
12 19
12 20
12 32
12 34
12 37
12 41
12 42
12 48
12 51
12 54
12 64
12 65
12 67
12 70
12 73
12 74
12 78
12 80
12 88
12 92
12 98
13 19
13 22
13 29
13 32
13 34
13 36
13 44
13 48
13 49
13 50
13 55
13 57
13 59
13 65
13 67
13 68
13 80
13 81
13 82
13 83
13 84
13 85
13 87
13 92
13 95
13 97
14 22
14 24
14 25
14 26
14 27
14 30
14 32
14 35
14 37
14 41
14 45
14 46
14 49
14 54
14 60
14 65
14 66
14 76
14 79
14 81
14 83
14 87
14 92
14 94
14 98
15 19
15 25
15 29
15 31
15 34
15 36
15 39
15 40
15 41
15 42
15 47
15 54
15 55
15 56
15 60
15 62
15 63
15 66
15 74
15 76
15 83
15 91
15 98
16 17
16 20
16 21
16 23
16 25
16 28
16 30
16 31
16 39
16 45
16 50
16 52
16 53
16 54
16 59
16 64
16 68
16 73
16 79
16 82
16 84
16 85
16 88
16 92
16 94
16 95
17 18
17 21
17 22
17 23
17 24
17 35
17 36
17 38
17 41
17 43
17 56
17 68
17 69
17 70
17 72
17 73
17 75
17 77
17 79
17 80
17 88
17 93
17 95
18 25
18 28
18 30
18 39
18 40
18 43
18 46
18 47
18 49
18 53
18 63
18 69
18 75
18 77
18 81
18 84
18 91
18 97
18 98
19 20
19 21
19 30
19 32
19 33
19 34
19 38
19 40
19 41
19 45
19 46
19 47
19 48
19 52
19 58
19 61
19 63
19 72
19 75
19 86
19 89
19 95
19 96
19 97
19 98
20 22
20 23
20 27
20 28
20 34
20 44
20 47
20 48
20 49
20 50
20 54
20 58
20 59
20 60
20 61
20 63
20 64
20 66
20 73
20 76
20 77
20 79
20 80
20 87
20 89
20 97
21 22
21 35
21 44
21 45
21 47
21 56
21 57
21 67
21 71
21 80
21 87
21 88
21 97
21 99
22 24
22 28
22 30
22 32
22 33
22 35
22 37
22 40
22 41
22 43
22 50
22 53
22 59
22 60
22 65
22 68
22 69
22 70
22 75
22 82
22 87
22 93
22 95
22 96
22 99
23 25
23 26
23 37
23 66
23 67
23 69
23 71
23 73
23 83
23 85
23 90
23 96
23 99
24 30
24 36
24 37
24 38
24 48
24 53
24 57
24 61
24 62
24 68
24 69
24 71
24 75
24 76
24 80
24 82
24 84
24 90
24 91
24 97
25 31
25 34
25 35
25 40
25 42
25 46
25 48
25 49
25 54
25 60
25 63
25 65
25 68
25 69
25 77
25 78
25 79
25 80
25 81
25 85
25 91
25 92
25 98
26 27
26 30
26 31
26 32
26 41
26 44
26 45
26 47
26 50
26 54
26 58
26 61
26 63
26 66
26 68
26 69
26 74
26 76
26 77
26 78
26 79
26 80
26 82
26 87
26 96
27 29
27 37
27 38
27 39
27 42
27 43
27 44
27 46
27 56
27 60
27 61
27 65
27 68
27 70
27 72
27 77
27 78
27 79
27 82
27 83
27 88
27 96
27 99
28 29
28 30
28 32
28 36
28 38
28 39
28 40
28 42
28 45
28 47
28 50
28 54
28 58
28 59
28 60
28 64
28 72
28 73
28 75
28 87
28 88
28 91
28 97
29 31
29 33
29 41
29 54
29 57
29 67
29 73
29 75
29 78
29 80
29 83
29 88
29 89
29 91
29 93
29 95
30 36
30 37
30 39
30 42
30 43
30 46
30 47
30 51
30 53
30 56
30 57
30 59
30 62
30 63
30 66
30 69
30 72
30 76
30 84
30 85
30 86
30 88
30 91
30 93
30 94
31 33
31 34
31 37
31 47
31 51
31 54
31 55
31 61
31 62
31 63
31 65
31 68
31 70
31 71
31 74
31 76
31 77
31 79
31 80
31 82
31 83
31 87
31 93
31 97
31 98
32 33
32 41
32 46
32 52
32 54
32 61
32 71
32 73
32 74
32 76
32 78
32 79
32 84
32 86
32 87
32 88
32 90
32 95
33 34
33 39
33 47
33 49
33 54
33 60
33 65
33 73
33 76
33 77
33 80
33 88
33 89
33 91
33 94
33 99
34 37
34 40
34 44
34 48
34 51
34 53
34 55
34 58
34 67
34 68
34 72
34 73
34 74
34 77
34 79
34 84
34 85
34 92
34 93
34 94
34 97
34 99
35 40
35 60
35 62
35 63
35 65
35 70
35 71
35 73
35 77
35 79
35 93
35 99
36 42
36 43
36 44
36 49
36 52
36 53
36 56
36 57
36 61
36 62
36 63
36 65
36 74
36 76
36 85
36 86
36 88
36 90
36 97
37 40
37 42
37 45
37 52
37 55
37 56
37 60
37 61
37 64
37 69
37 73
37 80
37 81
37 83
37 85
37 86
37 88
37 92
37 94
37 95
37 98
37 99
38 41
38 52
38 53
38 55
38 56
38 58
38 62
38 64
38 65
38 67
38 69
38 75
38 76
38 84
38 85
38 86
38 91
38 92
38 94
38 95
38 96
39 43
39 48
39 49
39 51
39 54
39 56
39 57
39 65
39 70
39 73
39 77
39 83
39 84
39 90
39 93
39 97
40 41
40 49
40 60
40 63
40 65
40 69
40 75
40 81
40 82
40 83
40 85
40 92
41 44
41 48
41 51
41 53
41 59
41 62
41 63
41 64
41 65
41 71
41 75
41 76
41 77
41 80
41 89
41 91
41 94
42 43
42 48
42 50
42 51
42 53
42 59
42 64
42 66
42 68
42 70
42 73
42 74
42 80
42 86
42 87
42 90
42 93
42 95
43 44
43 48
43 49
43 51
43 61
43 63
43 64
43 67
43 73
43 78
43 83
43 84
43 89
43 90
43 91
43 95
43 96
44 45
44 46
44 48
44 52
44 54
44 58
44 60
44 61
44 62
44 71
44 74
44 76
44 78
44 81
44 83
44 85
44 88
44 95
44 97
45 46
45 49
45 63
45 66
45 76
45 77
45 83
45 89
45 92
45 93
45 94
45 98
46 49
46 51
46 60
46 61
46 64
46 65
46 70
46 80
46 83
46 85
46 87
46 94
46 95
46 96
47 48
47 49
47 52
47 54
47 59
47 60
47 63
47 66
47 67
47 69
47 70
47 71
47 77
47 84
47 86
47 87
47 92
47 95
47 98
47 99
48 56
48 58
48 66
48 68
48 73
48 75
48 82
48 87
48 89
48 92
48 93
48 94
48 95
48 99
49 51
49 57
49 58
49 63
49 67
49 68
49 71
49 77
49 78
49 84
49 85
49 88
49 92
49 98
50 59
50 61
50 62
50 64
50 69
50 71
50 82
50 83
50 84
50 85
50 87
50 88
50 91
50 98
51 52
51 59
51 64
51 68
51 73
51 75
51 76
51 78
51 81
51 85
51 94
51 95
52 68
52 77
52 78
52 80
52 82
52 86
52 98
53 64
53 67
53 69
53 70
53 72
53 75
53 76
53 77
53 78
53 80
53 82
53 86
53 89
53 99
54 59
54 60
54 61
54 69
54 73
54 77
54 78
54 79
54 82
54 89
54 94
54 95
54 98
54 99
55 61
55 65
55 68
55 69
55 70
55 71
55 72
55 73
55 77
55 79
55 80
55 82
55 83
55 85
55 86
55 93
55 94
55 95
55 97
55 98
56 65
56 68
56 70
56 73
56 78
56 79
56 91
56 95
56 96
57 58
57 59
57 63
57 66
57 67
57 69
57 70
57 81
57 89
57 90
57 91
57 92
57 96
57 97
58 62
58 67
58 70
58 77
58 79
58 83
58 86
58 87
58 88
58 92
58 93
58 97
59 60
59 63
59 65
59 68
59 71
59 73
59 75
59 76
59 82
59 87
59 88
59 89
59 92
59 99
60 61
60 63
60 64
60 67
60 68
60 69
60 72
60 73
60 77
60 82
60 83
60 86
60 88
60 91
61 62
61 74
61 77
61 78
61 81
61 82
61 83
61 84
61 91
61 96
61 97
61 99
62 66
62 70
62 71
62 72
62 74
62 75
62 76
62 78
62 83
62 84
62 89
62 90
62 92
62 99
63 65
63 70
63 73
63 76
63 84
63 89
63 90
63 91
63 93
63 96
63 97
63 98
64 65
64 68
64 69
64 72
64 80
64 85
64 86
64 87
64 95
64 98
65 71
65 74
65 76
65 78
65 81
65 82
65 85
65 86
65 95
66 72
66 73
66 75
66 84
66 88
66 95
67 68
67 69
67 77
67 78
67 83
67 84
67 86
67 87
67 89
67 90
67 91
67 93
67 94
68 69
68 75
68 76
68 78
68 87
68 91
68 97
68 98
69 71
69 78
69 79
69 81
69 83
69 84
69 90
69 92
69 93
69 97
69 99
70 73
70 88
70 91
70 96
70 97
71 78
71 80
71 82
71 89
71 92
71 93
71 97
71 98
71 99
72 75
72 76
72 77
72 78
72 79
72 81
72 82
72 87
72 90
72 92
72 93
72 94
72 96
72 98
73 75
73 77
73 84
73 85
73 86
73 88
73 92
74 80
74 81
74 87
74 89
74 93
74 94
74 95
74 99
75 83
75 84
75 86
75 87
75 99
76 81
76 85
76 86
76 88
76 92
76 95
76 99
77 81
77 83
77 84
77 90
78 80
78 82
78 86
78 89
78 94
78 95
79 83
79 84
79 86
79 94
79 98
80 82
80 83
80 87
80 90
80 95
80 97
80 99
81 91
81 92
81 93
81 96
81 97
81 98
81 99
82 90
82 97
83 85
83 86
83 90
83 94
83 98
83 99
84 85
84 86
84 90
84 92
84 93
85 86
85 87
85 92
85 96
86 88
86 89
86 91
86 92
86 98
87 90
87 91
87 94
88 89
88 97
89 91
89 92
90 95
90 96
91 93
91 97
92 95
92 98
93 94
95 97
96 97
