0 3
0 9
0 11
0 14
0 15
0 22
0 25
0 30
0 34
0 35
0 47
0 50
0 52
0 53
0 55
0 62
0 71
0 74
0 75
0 76
0 77
0 78
0 79
0 80
0 88
0 91
0 95
0 96
0 99
1 2
1 6
1 8
1 15
1 16
1 21
1 24
1 28
1 31
1 34
1 35
1 42
1 47
1 48
1 51
1 56
1 59
1 63
1 70
1 72
1 73
1 74
1 75
1 76
1 80
1 82
1 84
1 88
1 96
1 97
1 99
2 3
2 4
2 8
2 10
2 11
2 16
2 19
2 20
2 23
2 26
2 29
2 30
2 33
2 37
2 38
2 39
2 44
2 49
2 50
2 54
2 58
2 66
2 68
2 69
2 74
2 77
2 78
2 79
2 80
2 81
2 83
2 86
2 87
2 88
2 90
2 94
2 95
2 96
2 99
3 6
3 10
3 14
3 18
3 20
3 22
3 24
3 25
3 26
3 29
3 31
3 32
3 35
3 36
3 38
3 39
3 40
3 41
3 47
3 50
3 51
3 57
3 58
3 63
3 64
3 65
3 67
3 75
3 76
3 77
3 79
3 81
3 86
3 87
3 88
3 91
3 92
3 95
4 5
4 8
4 9
4 11
4 13
4 15
4 21
4 23
4 24
4 27
4 28
4 31
4 32
4 35
4 36
4 37
4 43
4 44
4 46
4 47
4 48
4 52
4 54
4 55
4 56
4 60
4 61
4 66
4 72
4 77
4 78
4 80
4 83
4 84
4 88
4 91
4 92
4 94
4 95
4 96
4 98
5 6
5 7
5 20
5 27
5 29
5 35
5 36
5 37
5 41
5 42
5 43
5 44
5 51
5 54
5 55
5 56
5 61
5 65
5 67
5 68
5 69
5 74
5 75
5 76
5 79
5 81
5 82
5 83
5 86
5 89
5 92
5 93
5 99
6 8
6 15
6 17
6 25
6 27
6 30
6 31
6 33
6 34
6 35
6 36
6 42
6 46
6 47
6 48
6 50
6 52
6 53
6 58
6 63
6 65
6 66
6 69
6 70
6 71
6 74
6 75
6 79
6 82
6 83
6 85
6 86
6 89
6 93
6 94
6 95
6 96
6 98
6 99
7 10
7 14
7 17
7 18
7 19
7 21
7 22
7 25
7 31
7 34
7 42
7 43
7 44
7 45
7 46
7 48
7 49
7 51
7 54
7 57
7 60
7 62
7 65
7 66
7 67
7 69
7 73
7 74
7 78
7 81
7 87
7 89
7 94
7 96
7 97
7 98
8 9
8 11
8 14
8 16
8 17
8 19
8 21
8 28
8 30
8 31
8 32
8 35
8 37
8 38
8 41
8 43
8 45
8 49
8 50
8 53
8 54
8 57
8 58
8 60
8 61
8 63
8 69
8 70
8 71
8 78
8 83
8 84
8 87
8 89
8 91
8 92
8 94
8 95
8 97
9 11
9 12
9 13
9 14
9 15
9 16
9 17
9 20
9 24
9 27
9 28
9 36
9 37
9 38
9 39
9 42
9 45
9 54
9 56
9 61
9 65
9 68
9 71
9 72
9 73
9 78
9 80
9 81
9 83
9 89
9 91
9 95
9 96
9 97
9 98
10 11
10 14
10 19
10 21
10 23
10 24
10 25
10 29
10 36
10 40
10 45
10 48
10 56
10 60
10 62
10 66
10 67
10 70
10 73
10 77
10 79
10 82
10 84
10 87
10 90
10 93
10 94
10 95
10 98
11 17
11 21
11 22
11 23
11 25
11 26
11 27
11 29
11 30
11 32
11 33
11 35
11 37
11 38
11 39
11 41
11 44
11 49
11 51
11 53
11 58
11 59
11 60
11 62
11 63
11 64
11 66
11 70
11 72
11 73
11 74
11 76
11 80
11 82
11 83
11 84
11 85
11 86
11 87
11 89
11 90
11 92
11 93
11 96
11 97
11 98
11 99
12 14
12 15
12 16
12 17
12 18
12 20
12 22
12 27
12 28
12 30
12 32
12 33
12 35
12 36
12 37
12 38
12 39
12 41
12 42
12 43
12 44
12 50
12 55
12 56
12 57
12 58
12 59
12 60
12 62
12 74
12 75
12 76
12 77
12 78
12 79
12 81
12 82
12 84
12 85
12 87
12 88
12 91
12 96
12 97
13 17
13 20
13 21
13 22
13 26
13 29
13 31
13 33
13 34
13 37
13 41
13 42
13 43
13 44
13 45
13 46
13 51
13 57
13 62
13 64
13 65
13 71
13 72
13 76
13 80
13 83
13 84
13 85
13 88
13 90
13 93
13 96
13 97
14 15
14 16
14 20
14 22
14 25
14 30
14 32
14 34
14 35
14 36
14 40
14 43
14 45
14 46
14 48
14 52
14 53
14 57
14 61
14 62
14 64
14 70
14 71
14 73
14 75
14 77
14 81
14 82
14 83
14 85
14 88
14 91
14 98
15 16
15 17
15 24
15 26
15 27
15 29
15 32
15 33
15 34
15 36
15 40
15 45
15 47
15 49
15 50
15 51
15 53
15 60
15 63
15 64
15 68
15 71
15 72
15 76
15 77
15 78
15 79
15 84
15 88
15 91
15 92
15 93
15 94
15 98
16 21
16 22
16 24
16 27
16 28
16 30
16 33
16 36
16 48
16 52
16 53
16 55
16 60
16 65
16 66
16 68
16 69
16 70
16 72
16 77
16 81
16 82
16 84
16 85
16 87
16 88
16 90
16 92
16 93
16 95
16 97
16 98
17 20
17 23
17 24
17 26
17 29
17 30
17 31
17 37
17 39
17 42
17 43
17 45
17 46
17 48
17 51
17 57
17 58
17 60
17 62
17 64
17 65
17 66
17 71
17 76
17 78
17 79
17 80
17 84
17 88
17 91
17 95
17 99
18 19
18 27
18 28
18 29
18 31
18 33
18 34
18 39
18 44
18 46
18 47
18 49
18 52
18 54
18 56
18 57
18 61
18 62
18 63
18 65
18 66
18 67
18 68
18 72
18 73
18 80
18 86
18 89
18 90
18 92
18 96
18 97
19 22
19 24
19 26
19 28
19 31
19 36
19 38
19 39
19 40
19 43
19 46
19 49
19 51
19 54
19 55
19 60
19 61
19 62
19 63
19 64
19 65
19 69
19 71
19 73
19 78
19 79
19 80
19 81
19 82
19 84
19 85
19 88
19 89
19 90
19 96
19 97
19 98
19 99
20 26
20 27
20 29
20 30
20 31
20 34
20 35
20 37
20 39
20 40
20 43
20 44
20 49
20 51
20 52
20 56
20 57
20 60
20 61
20 62
20 65
20 66
20 67
20 68
20 71
20 73
20 75
20 76
20 78
20 79
20 80
20 81
20 83
20 86
20 89
20 90
20 91
20 94
20 95
20 96
20 98
20 99
21 22
21 25
21 27
21 30
21 31
21 33
21 34
21 35
21 38
21 40
21 42
21 51
21 53
21 54
21 58
21 63
21 67
21 70
21 74
21 75
21 78
21 80
21 89
21 91
21 93
21 94
21 95
21 96
21 99
22 24
22 25
22 26
22 27
22 28
22 33
22 36
22 37
22 38
22 40
22 44
22 46
22 48
22 51
22 52
22 53
22 56
22 57
22 59
22 61
22 62
22 63
22 64
22 72
22 75
22 80
22 83
22 87
22 91
22 92
22 99
23 26
23 37
23 38
23 40
23 42
23 47
23 49
23 50
23 51
23 52
23 55
23 70
23 74
23 81
23 82
23 84
23 85
23 86
23 87
23 90
23 92
23 96
23 97
24 27
24 29
24 30
24 31
24 33
24 37
24 38
24 51
24 54
24 57
24 58
24 65
24 67
24 71
24 73
24 77
24 79
24 88
24 90
24 93
24 99
25 31
25 32
25 33
25 36
25 37
25 38
25 40
25 41
25 42
25 43
25 47
25 50
25 51
25 52
25 53
25 54
25 56
25 58
25 64
25 66
25 67
25 68
25 70
25 73
25 75
25 79
25 82
25 84
25 87
25 88
25 92
25 93
25 96
25 97
25 98
25 99
26 27
26 28
26 29
26 34
26 35
26 36
26 37
26 39
26 42
26 45
26 46
26 47
26 49
26 52
26 53
26 54
26 55
26 57
26 59
26 61
26 65
26 67
26 70
26 71
26 72
26 77
26 81
26 83
26 88
26 89
26 94
26 95
26 97
27 29
27 30
27 32
27 35
27 37
27 39
27 45
27 47
27 51
27 53
27 55
27 60
27 61
27 63
27 65
27 66
27 67
27 69
27 71
27 79
27 85
27 86
27 88
27 89
27 92
27 94
27 98
28 29
28 30
28 35
28 36
28 40
28 41
28 44
28 52
28 53
28 55
28 57
28 60
28 61
28 62
28 65
28 69
28 76
28 78
28 80
28 88
28 90
28 91
28 96
28 97
28 98
29 32
29 34
29 38
29 44
29 45
29 51
29 52
29 55
29 59
29 62
29 64
29 73
29 80
29 81
29 84
29 86
29 88
29 92
29 95
29 96
29 97
29 98
30 31
30 32
30 39
30 42
30 44
30 47
30 48
30 52
30 53
30 59
30 60
30 61
30 64
30 69
30 72
30 73
30 80
30 81
30 82
30 83
30 88
30 89
30 90
30 92
30 93
30 96
31 32
31 40
31 41
31 43
31 44
31 47
31 48
31 52
31 54
31 55
31 56
31 57
31 58
31 59
31 67
31 76
31 77
31 79
31 82
31 83
31 86
31 90
31 93
31 97
31 98
32 34
32 38
32 40
32 41
32 43
32 44
32 46
32 47
32 48
32 49
32 51
32 53
32 61
32 62
32 65
32 66
32 67
32 68
32 70
32 71
32 72
32 74
32 75
32 76
32 77
32 79
32 82
32 83
32 88
32 90
32 91
32 92
32 97
32 98
33 36
33 37
33 38
33 39
33 45
33 49
33 50
33 51
33 52
33 56
33 57
33 60
33 63
33 65
33 69
33 70
33 72
33 74
33 75
33 76
33 79
33 80
33 85
33 87
33 89
33 90
33 94
33 96
33 99
34 35
34 36
34 44
34 45
34 47
34 50
34 51
34 53
34 56
34 59
34 60
34 61
34 62
34 63
34 64
34 72
34 74
34 79
34 87
34 89
34 90
34 94
34 95
35 40
35 41
35 42
35 47
35 48
35 49
35 53
35 58
35 59
35 61
35 64
35 71
35 73
35 74
35 76
35 83
35 86
35 87
35 88
35 90
35 92
35 94
35 96
35 97
35 98
36 37
36 39
36 41
36 46
36 47
36 48
36 52
36 54
36 56
36 58
36 59
36 60
36 61
36 62
36 64
36 66
36 69
36 72
36 74
36 75
36 76
36 77
36 79
36 80
36 82
36 89
36 91
36 92
36 94
36 98
36 99
37 39
37 42
37 47
37 52
37 54
37 55
37 56
37 57
37 63
37 65
37 66
37 67
37 68
37 70
37 74
37 75
37 76
37 77
37 82
37 87
37 94
37 99
38 41
38 42
38 43
38 44
38 47
38 49
38 50
38 54
38 55
38 57
38 65
38 67
38 70
38 73
38 76
38 78
38 79
38 80
38 83
38 90
38 91
38 92
38 94
38 98
38 99
39 40
39 41
39 44
39 51
39 54
39 62
39 64
39 65
39 67
39 71
39 73
39 74
39 75
39 79
39 82
39 84
39 87
39 88
39 89
39 91
39 92
39 96
39 99
40 42
40 43
40 44
40 49
40 55
40 56
40 58
40 63
40 64
40 65
40 66
40 70
40 73
40 78
40 79
40 80
40 82
40 83
40 86
40 89
40 90
40 93
40 95
40 96
41 42
41 50
41 51
41 53
41 54
41 59
41 60
41 61
41 62
41 63
41 64
41 67
41 73
41 74
41 77
41 79
41 89
41 92
41 94
41 95
42 44
42 45
42 47
42 49
42 50
42 53
42 60
42 62
42 68
42 76
42 78
42 79
42 82
42 85
42 87
42 89
42 91
42 93
42 95
42 97
42 98
42 99
43 45
43 49
43 50
43 53
43 56
43 57
43 62
43 63
43 67
43 68
43 72
43 73
43 75
43 84
43 86
43 89
43 90
43 92
43 94
43 96
43 98
44 46
44 48
44 49
44 51
44 53
44 56
44 57
44 59
44 60
44 61
44 62
44 73
44 74
44 76
44 77
44 78
44 80
44 84
44 85
44 86
44 92
44 93
44 97
44 99
45 51
45 55
45 57
45 58
45 60
45 66
45 69
45 74
45 76
45 77
45 78
45 79
45 80
45 81
45 82
45 90
45 92
45 95
45 97
46 49
46 51
46 52
46 53
46 55
46 56
46 57
46 58
46 60
46 62
46 63
46 65
46 67
46 70
46 71
46 72
46 73
46 78
46 79
46 85
46 94
46 95
46 97
47 51
47 53
47 54
47 61
47 62
47 67
47 68
47 69
47 71
47 74
47 75
47 78
47 79
47 80
47 84
47 85
47 90
47 91
47 92
47 93
47 96
47 98
47 99
48 52
48 54
48 55
48 58
48 64
48 65
48 66
48 71
48 73
48 74
48 78
48 81
48 83
48 84
48 86
48 90
48 99
49 50
49 51
49 52
49 54
49 61
49 62
49 65
49 66
49 67
49 68
49 69
49 74
49 76
49 80
49 82
49 85
49 87
49 89
49 90
49 91
49 93
49 94
50 51
50 54
50 62
50 63
50 65
50 67
50 69
50 73
50 75
50 78
50 81
50 82
50 83
50 86
50 93
50 97
51 52
51 53
51 56
51 64
51 66
51 67
51 70
51 73
51 75
51 76
51 77
51 78
51 81
51 82
51 87
51 88
51 89
52 53
52 54
52 56
52 59
52 60
52 62
52 67
52 71
52 73
52 74
52 75
52 76
52 80
52 81
52 82
52 83
52 88
52 89
52 92
52 95
52 96
52 97
52 98
52 99
53 56
53 66
53 70
53 74
53 78
53 81
53 85
53 91
53 92
53 98
54 56
54 57
54 59
54 68
54 69
54 73
54 74
54 75
54 78
54 80
54 86
54 87
54 88
54 94
54 96
55 56
55 58
55 59
55 61
55 63
55 67
55 68
55 70
55 73
55 74
55 76
55 79
55 82
55 83
55 84
55 85
55 86
55 89
55 92
55 97
55 98
56 65
56 67
56 68
56 70
56 71
56 72
56 74
56 79
56 87
56 89
56 90
56 94
56 98
57 72
57 73
57 75
57 77
57 81
57 88
57 89
57 93
57 94
57 95
57 97
57 99
58 61
58 62
58 63
58 65
58 66
58 67
58 69
58 70
58 73
58 75
58 80
58 81
58 83
58 84
58 88
58 89
58 91
58 92
58 93
58 94
58 96
59 60
59 63
59 65
59 66
59 67
59 68
59 70
59 71
59 77
59 79
59 80
59 81
59 82
59 83
59 87
59 89
59 96
59 98
60 61
60 63
60 67
60 71
60 82
60 83
60 84
60 87
60 89
60 90
60 91
60 95
61 62
61 70
61 71
61 72
61 74
61 76
61 80
61 83
61 85
61 89
61 91
61 92
61 93
61 95
61 99
62 64
62 65
62 66
62 67
62 68
62 69
62 71
62 81
62 82
62 83
62 84
62 86
62 91
62 98
62 99
63 65
63 68
63 71
63 73
63 74
63 76
63 78
63 82
63 83
63 85
63 86
63 95
63 96
64 65
64 72
64 75
64 77
64 79
64 80
64 82
64 83
64 87
64 90
64 91
64 94
64 99
65 67
65 71
65 72
65 73
65 75
65 77
65 79
65 81
65 82
65 86
65 87
65 93
65 94
66 70
66 71
66 72
66 75
66 78
66 80
66 81
66 82
66 85
66 86
66 88
66 89
66 90
66 91
67 68
67 71
67 75
67 77
67 79
67 83
67 84
67 86
67 89
67 90
67 93
67 94
67 96
68 69
68 72
68 73
68 74
68 75
68 82
68 85
68 89
68 92
68 93
68 96
68 98
68 99
69 70
69 75
69 80
69 81
69 83
69 84
69 85
69 87
69 90
69 91
69 92
69 93
69 95
69 98
70 74
70 76
70 78
70 80
70 81
70 83
70 87
70 90
70 94
70 96
70 98
70 99
71 72
71 77
71 80
71 83
71 85
71 86
71 87
71 88
71 89
71 90
71 92
71 95
71 96
71 97
72 73
72 77
72 78
72 79
72 80
72 82
72 84
72 89
72 90
72 92
72 98
72 99
73 76
73 77
73 80
73 81
73 82
73 83
73 86
73 87
73 89
73 90
73 92
73 93
74 76
74 81
74 82
74 91
74 92
74 97
75 79
75 81
75 82
75 83
75 85
75 88
75 91
75 92
75 93
75 99
76 79
76 80
76 82
76 87
76 91
76 94
77 79
77 88
77 90
77 91
77 92
77 95
77 99
78 79
78 81
78 83
78 85
78 86
78 87
78 88
78 89
78 90
78 93
78 94
79 81
79 83
79 84
79 88
79 91
79 92
79 93
79 95
79 96
79 97
79 99
80 81
80 83
80 84
80 92
80 96
80 97
81 85
81 86
81 88
81 90
81 94
81 99
82 84
82 86
82 89
82 92
82 95
82 96
82 98
83 87
83 88
83 91
83 93
83 94
83 96
83 97
84 87
84 88
84 89
84 90
84 91
84 98
85 89
85 91
85 92
85 96
85 99
86 88
86 90
86 92
86 95
87 89
87 90
87 91
87 94
87 95
87 97
87 99
88 89
88 90
88 92
88 94
88 97
89 91
89 92
89 94
89 97
90 92
90 94
90 95
90 96
90 98
91 93
91 97
91 99
92 93
92 94
92 95
93 95
93 96
93 98
94 95
94 97
95 97
95 98
96 98
96 99
97 98
98 99
