0 2
0 3
0 4
0 5
0 8
0 16
0 17
0 18
0 20
0 23
0 27
0 33
0 34
0 38
0 39
0 41
0 42
0 43
0 45
0 46
0 47
0 49
0 50
0 51
0 52
0 53
0 54
0 56
0 58
0 59
0 60
0 62
0 64
0 65
0 67
0 68
0 70
0 73
0 77
0 79
0 81
0 82
0 90
0 94
0 95
0 96
0 97
1 6
1 7
1 9
1 10
1 11
1 12
1 14
1 15
1 17
1 18
1 19
1 21
1 23
1 29
1 30
1 31
1 32
1 35
1 37
1 38
1 41
1 44
1 47
1 48
1 49
1 51
1 53
1 63
1 64
1 65
1 66
1 67
1 69
1 70
1 71
1 72
1 73
1 74
1 76
1 78
1 79
1 81
1 82
1 83
1 85
1 88
1 89
1 90
1 91
1 92
1 94
1 95
1 96
1 97
1 99
2 3
2 4
2 10
2 15
2 16
2 21
2 27
2 28
2 29
2 30
2 32
2 34
2 35
2 37
2 39
2 41
2 43
2 48
2 49
2 50
2 55
2 58
2 61
2 62
2 63
2 64
2 65
2 66
2 68
2 69
2 70
2 73
2 75
2 77
2 79
2 86
2 89
2 91
2 92
2 93
2 94
2 96
2 98
2 99
3 4
3 6
3 9
3 10
3 11
3 12
3 14
3 21
3 22
3 23
3 24
3 25
3 28
3 36
3 39
3 43
3 44
3 46
3 47
3 48
3 50
3 51
3 52
3 57
3 58
3 59
3 61
3 62
3 67
3 68
3 72
3 73
3 76
3 79
3 81
3 82
3 83
3 85
3 86
3 87
3 88
3 89
3 90
3 91
3 94
3 99
4 6
4 7
4 8
4 10
4 12
4 13
4 16
4 17
4 18
4 19
4 20
4 23
4 24
4 27
4 30
4 31
4 32
4 34
4 35
4 37
4 38
4 39
4 42
4 45
4 47
4 51
4 52
4 53
4 56
4 57
4 62
4 65
4 66
4 67
4 69
4 70
4 71
4 73
4 75
4 77
4 90
4 92
4 93
4 94
4 99
5 7
5 9
5 10
5 12
5 15
5 19
5 21
5 23
5 28
5 29
5 31
5 34
5 35
5 36
5 37
5 39
5 41
5 45
5 46
5 47
5 48
5 50
5 51
5 52
5 54
5 55
5 56
5 64
5 66
5 67
5 68
5 69
5 70
5 71
5 74
5 80
5 81
5 84
5 85
5 86
5 87
5 88
5 89
5 91
5 92
5 93
5 94
5 97
5 98
6 7
6 8
6 9
6 12
6 13
6 14
6 15
6 16
6 17
6 18
6 19
6 20
6 22
6 23
6 25
6 26
6 27
6 28
6 29
6 30
6 31
6 34
6 36
6 37
6 38
6 40
6 41
6 42
6 43
6 45
6 46
6 49
6 54
6 60
6 61
6 62
6 64
6 65
6 67
6 68
6 70
6 71
6 72
6 73
6 74
6 76
6 78
6 81
6 85
6 87
6 90
6 91
6 93
6 94
6 95
6 97
7 8
7 11
7 17
7 19
7 20
7 22
7 27
7 29
7 30
7 31
7 33
7 35
7 36
7 37
7 38
7 43
7 45
7 46
7 48
7 49
7 50
7 51
7 55
7 58
7 59
7 60
7 61
7 62
7 63
7 64
7 65
7 66
7 67
7 69
7 71
7 72
7 73
7 75
7 76
7 78
7 79
7 81
7 82
7 83
7 84
7 90
7 96
7 97
7 98
8 9
8 11
8 12
8 13
8 15
8 18
8 20
8 21
8 27
8 32
8 33
8 35
8 38
8 40
8 41
8 42
8 46
8 47
8 48
8 50
8 53
8 55
8 56
8 59
8 60
8 62
8 63
8 66
8 67
8 68
8 71
8 72
8 73
8 74
8 75
8 76
8 77
8 78
8 81
8 82
8 86
8 87
8 92
8 93
8 94
9 11
9 12
9 14
9 16
9 17
9 19
9 21
9 25
9 26
9 28
9 29
9 31
9 39
9 40
9 42
9 45
9 47
9 49
9 53
9 55
9 57
9 58
9 59
9 60
9 61
9 66
9 67
9 68
9 70
9 71
9 72
9 74
9 75
9 78
9 79
9 80
9 82
9 83
9 84
9 86
9 87
9 93
9 95
9 97
9 98
9 99
10 12
10 13
10 16
10 17
10 20
10 21
10 22
10 25
10 27
10 29
10 31
10 33
10 34
10 35
10 36
10 37
10 41
10 43
10 45
10 48
10 50
10 52
10 53
10 54
10 58
10 62
10 67
10 69
10 72
10 73
10 74
10 75
10 77
10 78
10 79
10 80
10 82
10 83
10 84
10 85
10 87
10 88
10 89
10 90
10 91
10 92
10 93
10 94
10 95
10 96
10 98
10 99
11 12
11 13
11 14
11 16
11 18
11 19
11 20
11 22
11 27
11 28
11 29
11 33
11 38
11 42
11 43
11 49
11 51
11 52
11 53
11 54
11 55
11 58
11 62
11 63
11 64
11 65
11 67
11 68
11 71
11 72
11 73
11 74
11 77
11 78
11 79
11 82
11 84
11 85
11 86
11 87
11 90
11 91
11 93
11 95
11 96
11 97
11 98
11 99
12 13
12 15
12 17
12 20
12 22
12 28
12 29
12 30
12 35
12 37
12 38
12 39
12 41
12 43
12 48
12 50
12 51
12 53
12 56
12 59
12 60
12 61
12 64
12 65
12 66
12 68
12 73
12 74
12 75
12 76
12 78
12 81
12 82
12 89
12 90
12 92
12 93
12 94
12 95
12 97
13 14
13 15
13 17
13 22
13 23
13 24
13 25
13 27
13 28
13 31
13 38
13 41
13 45
13 47
13 49
13 50
13 51
13 52
13 54
13 55
13 58
13 59
13 61
13 65
13 68
13 70
13 71
13 73
13 77
13 78
13 79
13 80
13 83
13 87
13 89
13 91
13 92
13 93
13 94
13 95
14 16
14 17
14 18
14 22
14 26
14 28
14 30
14 32
14 36
14 38
14 41
14 42
14 43
14 44
14 45
14 47
14 48
14 49
14 51
14 55
14 56
14 57
14 58
14 62
14 63
14 65
14 66
14 67
14 68
14 70
14 74
14 76
14 77
14 81
14 87
14 88
14 90
14 91
14 95
15 18
15 20
15 23
15 24
15 25
15 26
15 28
15 30
15 31
15 33
15 41
15 43
15 47
15 48
15 49
15 50
15 52
15 56
15 58
15 59
15 60
15 64
15 66
15 67
15 71
15 77
15 79
15 81
15 84
15 85
15 88
15 89
15 91
15 93
15 94
15 95
15 96
15 97
15 98
16 17
16 20
16 25
16 26
16 29
16 30
16 32
16 33
16 34
16 35
16 36
16 38
16 41
16 44
16 46
16 47
16 48
16 50
16 52
16 58
16 59
16 60
16 61
16 62
16 63
16 64
16 65
16 68
16 70
16 74
16 75
16 76
16 77
16 79
16 80
16 81
16 83
16 84
16 85
16 89
16 90
16 92
16 93
16 97
16 99
17 18
17 20
17 25
17 26
17 27
17 28
17 29
17 30
17 31
17 33
17 34
17 35
17 39
17 41
17 43
17 46
17 50
17 51
17 52
17 53
17 54
17 55
17 56
17 57
17 58
17 60
17 64
17 65
17 68
17 73
17 74
17 75
17 78
17 79
17 80
17 82
17 86
17 87
17 89
17 92
17 93
17 94
17 98
17 99
18 20
18 23
18 25
18 26
18 27
18 31
18 32
18 33
18 35
18 38
18 40
18 41
18 42
18 43
18 45
18 46
18 50
18 53
18 54
18 56
18 57
18 58
18 62
18 66
18 69
18 72
18 73
18 77
18 80
18 81
18 84
18 85
18 88
18 89
18 98
19 22
19 23
19 24
19 25
19 27
19 28
19 29
19 30
19 33
19 37
19 38
19 39
19 40
19 43
19 45
19 48
19 51
19 53
19 54
19 56
19 60
19 63
19 64
19 65
19 67
19 69
19 70
19 71
19 73
19 76
19 77
19 78
19 79
19 81
19 84
19 87
19 89
19 91
19 96
19 99
20 23
20 25
20 26
20 28
20 29
20 30
20 31
20 33
20 36
20 38
20 42
20 47
20 49
20 50
20 52
20 55
20 56
20 57
20 60
20 64
20 66
20 69
20 70
20 71
20 72
20 73
20 75
20 77
20 78
20 80
20 81
20 82
20 83
20 84
20 86
20 89
20 90
20 91
20 92
20 94
20 97
20 98
21 22
21 23
21 24
21 25
21 26
21 27
21 28
21 31
21 32
21 36
21 37
21 39
21 40
21 45
21 46
21 48
21 49
21 50
21 51
21 52
21 54
21 56
21 57
21 58
21 61
21 63
21 65
21 67
21 68
21 69
21 71
21 72
21 73
21 74
21 75
21 78
21 79
21 80
21 82
21 83
21 84
21 85
21 86
21 92
21 93
21 94
21 95
21 99
22 24
22 25
22 28
22 29
22 38
22 39
22 40
22 41
22 42
22 50
22 52
22 53
22 54
22 55
22 57
22 59
22 61
22 62
22 66
22 67
22 69
22 70
22 71
22 73
22 74
22 77
22 78
22 79
22 81
22 82
22 83
22 84
22 85
22 89
22 90
22 93
22 94
22 95
22 96
22 97
22 98
23 25
23 29
23 30
23 31
23 32
23 33
23 34
23 35
23 37
23 42
23 43
23 44
23 51
23 52
23 53
23 56
23 58
23 61
23 62
23 63
23 65
23 66
23 69
23 70
23 71
23 73
23 74
23 76
23 77
23 78
23 79
23 80
23 81
23 83
23 84
23 86
23 88
23 89
23 92
23 93
24 26
24 27
24 28
24 31
24 33
24 34
24 35
24 38
24 41
24 43
24 44
24 48
24 49
24 50
24 55
24 57
24 58
24 61
24 65
24 67
24 68
24 69
24 70
24 72
24 74
24 75
24 78
24 80
24 86
24 87
24 88
24 89
24 90
24 91
24 96
24 97
25 26
25 28
25 30
25 32
25 33
25 34
25 36
25 38
25 39
25 40
25 41
25 43
25 44
25 45
25 47
25 48
25 49
25 50
25 53
25 55
25 56
25 60
25 64
25 65
25 66
25 67
25 69
25 73
25 74
25 76
25 81
25 82
25 84
25 85
25 86
25 87
25 90
25 92
25 93
25 94
25 95
25 97
25 98
25 99
26 28
26 30
26 32
26 34
26 37
26 40
26 42
26 44
26 48
26 51
26 52
26 57
26 60
26 61
26 62
26 63
26 64
26 65
26 67
26 69
26 71
26 74
26 77
26 78
26 80
26 85
26 86
26 87
26 89
26 90
26 92
26 95
26 96
26 97
26 98
26 99
27 28
27 29
27 31
27 34
27 36
27 37
27 38
27 42
27 45
27 48
27 49
27 50
27 56
27 60
27 61
27 64
27 65
27 68
27 69
27 79
27 80
27 82
27 86
27 88
27 89
27 92
27 98
28 29
28 31
28 33
28 36
28 40
28 43
28 45
28 46
28 48
28 49
28 51
28 52
28 55
28 58
28 59
28 60
28 63
28 67
28 68
28 69
28 70
28 71
28 72
28 73
28 74
28 75
28 76
28 77
28 80
28 81
28 83
28 84
28 85
28 88
28 90
28 92
28 93
28 95
28 97
28 99
29 31
29 33
29 35
29 36
29 37
29 38
29 39
29 40
29 45
29 49
29 50
29 58
29 59
29 60
29 64
29 65
29 67
29 70
29 72
29 73
29 78
29 79
29 82
29 85
29 88
29 89
29 90
29 92
29 93
29 95
29 99
30 31
30 33
30 34
30 35
30 37
30 38
30 41
30 43
30 45
30 47
30 49
30 51
30 53
30 59
30 60
30 62
30 63
30 64
30 68
30 70
30 72
30 73
30 74
30 75
30 76
30 77
30 79
30 80
30 81
30 82
30 83
30 85
30 87
30 88
30 90
30 92
30 95
31 37
31 38
31 39
31 41
31 42
31 44
31 47
31 48
31 50
31 53
31 54
31 58
31 60
31 65
31 66
31 69
31 70
31 71
31 74
31 76
31 79
31 80
31 81
31 82
31 83
31 84
31 85
31 86
31 87
31 89
31 90
31 91
31 93
31 95
31 96
31 97
31 98
32 33
32 34
32 35
32 40
32 44
32 45
32 48
32 54
32 57
32 58
32 60
32 61
32 62
32 63
32 64
32 65
32 66
32 68
32 69
32 71
32 72
32 75
32 76
32 77
32 78
32 80
32 82
32 84
32 88
32 89
32 94
32 96
32 97
32 98
32 99
33 34
33 36
33 37
33 38
33 39
33 42
33 43
33 44
33 46
33 48
33 49
33 50
33 51
33 52
33 53
33 56
33 58
33 59
33 60
33 67
33 69
33 70
33 73
33 76
33 77
33 79
33 81
33 82
33 85
33 87
33 89
33 90
33 91
33 94
33 96
33 98
34 36
34 37
34 42
34 43
34 45
34 50
34 51
34 56
34 57
34 58
34 59
34 62
34 64
34 66
34 67
34 68
34 69
34 70
34 71
34 72
34 74
34 80
34 81
34 82
34 84
34 85
34 86
34 87
34 88
34 91
34 92
34 96
34 97
34 99
35 39
35 40
35 41
35 43
35 45
35 47
35 49
35 50
35 52
35 53
35 54
35 56
35 57
35 59
35 60
35 61
35 63
35 64
35 67
35 73
35 75
35 78
35 83
35 84
35 87
35 90
35 91
35 92
35 94
35 95
35 96
35 98
36 37
36 39
36 40
36 41
36 46
36 47
36 50
36 52
36 56
36 59
36 60
36 62
36 65
36 66
36 71
36 73
36 74
36 75
36 81
36 83
36 85
36 86
36 88
36 93
36 96
37 39
37 41
37 42
37 44
37 47
37 48
37 50
37 52
37 53
37 54
37 56
37 57
37 59
37 60
37 63
37 65
37 67
37 68
37 69
37 72
37 73
37 74
37 75
37 77
37 78
37 79
37 83
37 88
37 91
37 92
37 94
37 96
38 40
38 41
38 42
38 43
38 44
38 46
38 48
38 49
38 51
38 53
38 59
38 60
38 61
38 65
38 67
38 69
38 71
38 73
38 74
38 76
38 77
38 78
38 79
38 80
38 82
38 83
38 85
38 88
38 90
38 91
38 92
38 95
38 97
39 46
39 51
39 53
39 54
39 57
39 58
39 59
39 62
39 63
39 64
39 66
39 68
39 69
39 70
39 75
39 76
39 80
39 81
39 82
39 83
39 87
39 89
39 92
39 94
39 96
40 41
40 43
40 44
40 46
40 48
40 50
40 51
40 54
40 55
40 56
40 57
40 60
40 61
40 62
40 64
40 71
40 72
40 75
40 77
40 82
40 84
40 85
40 87
40 88
40 89
40 92
40 93
40 98
40 99
41 44
41 45
41 46
41 48
41 50
41 53
41 56
41 57
41 58
41 60
41 62
41 63
41 64
41 65
41 68
41 69
41 70
41 71
41 73
41 76
41 78
41 79
41 80
41 83
41 87
41 89
41 93
41 96
41 98
41 99
42 44
42 45
42 47
42 48
42 49
42 52
42 53
42 54
42 55
42 57
42 67
42 68
42 70
42 74
42 75
42 76
42 77
42 78
42 80
42 84
42 86
42 87
42 88
42 92
42 93
42 95
42 96
42 97
42 98
43 44
43 48
43 50
43 51
43 52
43 53
43 54
43 55
43 57
43 59
43 60
43 61
43 62
43 63
43 68
43 71
43 72
43 75
43 76
43 77
43 78
43 82
43 87
43 88
43 91
43 92
43 93
43 95
43 98
44 45
44 46
44 48
44 53
44 56
44 59
44 63
44 64
44 65
44 66
44 67
44 69
44 72
44 73
44 74
44 78
44 80
44 81
44 82
44 83
44 84
44 85
44 86
44 87
44 89
44 91
44 95
44 96
44 97
44 98
45 46
45 48
45 49
45 52
45 56
45 58
45 62
45 65
45 66
45 70
45 71
45 73
45 74
45 75
45 76
45 80
45 82
45 83
45 88
45 89
45 93
45 95
45 97
45 98
46 55
46 57
46 60
46 68
46 69
46 70
46 72
46 74
46 75
46 76
46 83
46 84
46 85
46 91
46 93
46 94
46 96
46 97
46 98
47 55
47 56
47 57
47 59
47 66
47 67
47 68
47 70
47 71
47 72
47 74
47 75
47 78
47 79
47 80
47 81
47 82
47 86
47 87
47 92
47 96
47 97
48 50
48 53
48 54
48 55
48 56
48 59
48 60
48 61
48 62
48 63
48 65
48 66
48 67
48 70
48 71
48 72
48 75
48 77
48 79
48 81
48 82
48 84
48 85
48 86
48 88
48 91
48 92
48 98
49 50
49 51
49 52
49 58
49 60
49 62
49 63
49 64
49 65
49 67
49 70
49 72
49 75
49 76
49 80
49 81
49 83
49 84
49 88
49 91
49 93
49 95
49 96
49 97
49 99
50 52
50 55
50 56
50 57
50 59
50 60
50 61
50 62
50 63
50 65
50 68
50 69
50 70
50 72
50 73
50 75
50 77
50 79
50 81
50 82
50 83
50 86
50 91
50 93
50 94
50 98
50 99
51 52
51 54
51 60
51 61
51 67
51 68
51 70
51 71
51 77
51 78
51 79
51 81
51 83
51 84
51 86
51 87
51 91
51 92
51 95
51 96
51 97
51 98
51 99
52 56
52 58
52 61
52 62
52 63
52 65
52 67
52 68
52 73
52 75
52 76
52 78
52 80
52 81
52 84
52 85
52 86
52 90
52 91
52 93
52 94
52 95
52 97
52 98
53 55
53 56
53 57
53 58
53 62
53 63
53 64
53 67
53 68
53 72
53 74
53 76
53 78
53 80
53 82
53 83
53 85
53 87
53 88
53 91
53 93
53 95
53 96
53 99
54 55
54 56
54 59
54 61
54 62
54 63
54 64
54 66
54 67
54 68
54 70
54 74
54 76
54 77
54 83
54 84
54 85
54 87
54 89
54 90
54 91
54 93
54 94
54 95
54 97
54 99
55 56
55 57
55 58
55 59
55 60
55 61
55 62
55 64
55 66
55 67
55 69
55 71
55 73
55 74
55 78
55 79
55 80
55 81
55 83
55 85
55 86
55 88
55 89
55 91
55 92
55 94
55 95
55 98
55 99
56 57
56 58
56 59
56 61
56 65
56 70
56 73
56 76
56 77
56 79
56 80
56 82
56 84
56 85
56 87
56 89
56 91
56 93
56 94
56 97
56 99
57 58
57 61
57 63
57 64
57 65
57 66
57 70
57 72
57 73
57 76
57 77
57 82
57 83
57 88
57 89
57 90
57 91
57 94
57 95
57 96
57 98
57 99
58 60
58 64
58 67
58 71
58 72
58 73
58 77
58 79
58 80
58 82
58 83
58 84
58 85
58 86
58 88
58 90
58 93
58 96
58 97
58 99
59 60
59 63
59 66
59 67
59 68
59 70
59 71
59 73
59 75
59 78
59 80
59 81
59 82
59 83
59 89
59 93
59 94
59 95
59 97
59 98
60 61
60 64
60 66
60 67
60 69
60 71
60 73
60 74
60 75
60 77
60 78
60 80
60 81
60 88
60 90
60 91
60 92
60 95
60 96
60 97
60 98
60 99
61 62
61 64
61 65
61 68
61 69
61 70
61 78
61 80
61 81
61 86
61 89
61 90
61 92
61 93
61 95
61 98
62 64
62 65
62 67
62 68
62 71
62 72
62 74
62 76
62 77
62 80
62 81
62 83
62 85
62 88
62 90
62 91
62 94
62 95
62 96
62 97
62 98
62 99
63 67
63 68
63 69
63 70
63 72
63 74
63 76
63 77
63 78
63 80
63 81
63 82
63 83
63 85
63 89
63 91
63 92
63 96
63 97
63 98
64 65
64 66
64 67
64 68
64 69
64 72
64 73
64 74
64 75
64 76
64 84
64 85
64 86
64 89
64 90
64 92
64 93
64 94
64 97
64 98
64 99
65 66
65 68
65 69
65 70
65 71
65 73
65 76
65 78
65 79
65 83
65 84
65 85
65 87
65 90
65 91
65 94
65 95
65 97
66 68
66 73
66 76
66 77
66 80
66 81
66 84
66 86
66 88
66 91
66 94
66 95
66 97
66 99
67 68
67 69
67 70
67 71
67 74
67 75
67 76
67 77
67 79
67 81
67 83
67 85
67 87
67 89
67 90
67 93
67 94
67 98
67 99
68 70
68 72
68 76
68 77
68 78
68 79
68 80
68 82
68 83
68 84
68 86
68 87
68 88
68 91
68 92
68 94
68 95
68 96
68 97
68 98
68 99
69 73
69 76
69 80
69 83
69 84
69 86
69 88
69 91
69 92
69 95
69 98
70 72
70 73
70 74
70 77
70 78
70 79
70 81
70 84
70 85
70 86
70 87
70 88
70 90
70 92
70 94
71 73
71 75
71 76
71 77
71 78
71 79
71 80
71 81
71 85
71 86
71 88
71 89
71 90
71 93
71 95
71 96
71 98
71 99
72 73
72 75
72 77
72 79
72 80
72 81
72 85
72 86
72 87
72 89
72 93
72 94
72 95
72 96
72 99
73 74
73 78
73 79
73 80
73 82
73 83
73 86
73 87
73 88
73 91
73 92
73 93
73 94
73 95
73 98
74 75
74 78
74 81
74 89
74 91
74 92
74 93
74 94
74 98
75 76
75 78
75 82
75 86
75 87
75 90
75 93
75 95
75 98
76 80
76 82
76 83
76 87
76 88
76 92
76 93
76 94
76 95
76 96
76 97
76 98
77 84
77 88
77 89
77 92
77 93
77 95
77 96
77 98
78 79
78 81
78 83
78 85
78 86
78 87
78 88
78 92
78 93
78 94
78 97
78 98
79 82
79 83
79 86
79 87
79 89
79 90
79 91
79 93
79 95
79 96
79 97
80 81
80 82
80 83
80 84
80 86
80 87
80 89
80 90
80 92
80 94
80 96
80 97
80 98
81 82
81 84
81 85
81 88
81 90
81 93
81 96
81 99
82 83
82 84
82 88
82 90
82 93
82 94
82 95
82 97
82 98
82 99
83 86
83 88
83 90
83 91
83 94
83 95
83 96
83 97
83 99
84 86
84 87
84 88
84 89
84 94
84 99
85 91
85 93
85 95
85 96
85 97
85 98
85 99
86 88
86 89
86 90
86 91
86 92
86 93
86 95
86 96
86 97
86 98
86 99
87 89
87 90
87 91
87 96
87 99
88 89
88 90
88 94
88 95
88 96
89 95
89 97
89 98
90 91
90 96
90 97
90 99
91 92
91 95
92 93
92 94
92 96
92 97
92 99
93 94
93 96
93 99
94 96
94 98
94 99
95 96
95 97
96 99
97 98
97 99
98 99
