0 2
0 6
0 14
0 15
0 27
0 29
0 31
0 35
0 40
0 45
0 47
0 58
0 65
0 69
0 86
0 98
1 8
1 20
1 37
1 41
1 43
1 50
1 51
1 55
1 61
1 63
1 64
1 67
1 78
1 99
2 5
2 14
2 29
2 32
2 33
2 42
2 45
2 58
2 59
2 60
2 63
2 66
2 67
2 69
2 73
2 78
3 6
3 7
3 21
3 22
3 23
3 25
3 29
3 35
3 36
3 40
3 42
3 43
3 52
3 53
3 56
3 63
3 64
3 66
3 67
3 68
3 73
4 13
4 16
4 19
4 22
4 24
4 31
4 38
4 44
4 47
4 55
4 56
4 60
4 61
4 76
4 78
4 89
4 92
5 7
5 25
5 29
5 30
5 36
5 42
5 48
5 52
5 57
5 60
5 64
5 66
5 67
5 70
5 73
5 82
5 83
5 86
5 92
6 10
6 20
6 28
6 29
6 41
6 42
6 47
6 51
6 52
6 53
6 60
6 70
6 81
6 89
6 90
6 97
6 98
7 22
7 23
7 26
7 27
7 28
7 40
7 56
7 60
7 66
7 68
7 69
7 72
7 75
7 78
7 87
7 96
7 98
8 11
8 12
8 13
8 16
8 31
8 34
8 37
8 40
8 52
8 55
8 61
8 66
8 68
8 76
8 84
8 87
8 88
9 11
9 15
9 16
9 18
9 32
9 33
9 37
9 41
9 44
9 49
9 51
9 52
9 63
9 65
9 66
9 73
9 76
9 81
9 83
9 86
9 88
9 97
10 24
10 25
10 41
10 46
10 47
10 49
10 57
10 63
10 68
10 70
10 75
10 76
10 78
10 83
10 88
10 94
10 96
10 99
11 19
11 24
11 32
11 41
11 46
11 47
11 54
11 62
11 71
11 75
11 81
11 82
11 83
11 85
11 90
11 92
11 99
12 13
12 17
12 20
12 24
12 25
12 29
12 45
12 48
12 51
12 53
12 54
12 57
12 62
12 64
12 67
12 72
12 82
12 86
12 88
13 24
13 32
13 33
13 34
13 35
13 41
13 49
13 53
13 54
13 55
13 67
13 68
13 71
13 76
13 80
13 90
13 93
13 99
14 17
14 21
14 23
14 24
14 30
14 37
14 43
14 59
14 63
14 72
14 74
14 76
14 79
14 82
14 83
14 90
14 95
14 96
15 17
15 33
15 36
15 40
15 45
15 48
15 63
15 68
15 69
15 70
15 71
15 74
15 76
15 81
16 23
16 27
16 34
16 45
16 49
16 55
16 59
16 60
16 65
16 70
16 72
16 73
16 75
16 81
16 85
16 87
16 92
16 96
17 26
17 30
17 32
17 33
17 37
17 38
17 41
17 42
17 47
17 48
17 52
17 54
17 58
17 63
17 69
17 82
17 89
17 91
17 92
17 95
18 19
18 35
18 41
18 43
18 45
18 46
18 52
18 59
18 66
18 68
18 69
18 86
18 87
18 90
18 93
18 98
18 99
19 24
19 33
19 34
19 38
19 42
19 43
19 47
19 51
19 52
19 53
19 56
19 67
19 68
19 80
19 82
19 86
19 94
19 97
19 99
20 31
20 45
20 46
20 57
20 60
20 64
20 76
20 84
20 95
20 98
21 27
21 28
21 32
21 35
21 42
21 43
21 45
21 50
21 54
21 62
21 65
21 71
21 77
21 80
21 83
21 86
21 88
21 97
22 23
22 28
22 30
22 31
22 32
22 41
22 47
22 49
22 53
22 55
22 59
22 77
22 83
22 87
23 25
23 28
23 29
23 32
23 37
23 40
23 41
23 45
23 47
23 59
23 66
23 71
23 80
23 81
23 88
23 90
23 96
24 39
24 45
24 52
24 53
24 59
24 60
24 67
24 72
24 75
24 76
24 79
24 82
24 89
24 91
24 93
24 94
24 95
24 96
25 40
25 48
25 52
25 53
25 56
25 57
25 64
25 66
25 67
25 73
25 74
25 78
25 85
25 86
25 88
25 90
25 95
25 96
26 27
26 30
26 37
26 40
26 41
26 42
26 54
26 57
26 63
26 74
26 75
26 82
26 87
26 91
27 40
27 42
27 49
27 54
27 56
27 59
27 63
27 76
27 81
27 83
27 84
27 85
27 88
27 89
27 92
27 99
28 30
28 32
28 39
28 42
28 44
28 49
28 63
28 64
28 72
28 77
28 81
28 85
29 43
29 46
29 51
29 62
29 66
29 67
29 71
29 77
29 81
30 35
30 39
30 42
30 44
30 46
30 50
30 55
30 61
30 62
30 66
30 71
30 78
30 79
30 83
30 90
30 96
30 97
31 34
31 42
31 43
31 46
31 58
31 59
31 64
31 65
31 72
31 77
31 78
31 82
31 84
31 85
31 86
31 90
31 99
32 36
32 37
32 39
32 43
32 47
32 48
32 49
32 51
32 53
32 54
32 63
32 67
32 72
32 74
32 80
32 83
32 87
32 91
32 93
32 94
33 40
33 41
33 50
33 53
33 57
33 65
33 66
33 67
33 69
33 70
33 71
33 74
33 82
33 95
33 97
34 39
34 41
34 45
34 47
34 50
34 52
34 54
34 59
34 60
34 62
34 63
34 68
34 72
34 78
34 80
34 88
34 89
34 90
34 91
34 95
35 48
35 49
35 50
35 52
35 55
35 62
35 64
35 70
35 72
35 85
35 86
35 93
36 57
36 58
36 59
36 62
36 64
36 66
36 68
36 72
36 74
36 75
36 77
36 81
36 88
36 93
36 97
37 46
37 49
37 51
37 57
37 58
37 60
37 70
37 76
37 86
37 89
38 45
38 46
38 72
38 91
38 93
38 94
39 41
39 48
39 54
39 64
39 65
39 67
39 72
39 77
39 82
39 83
39 90
39 91
39 92
39 94
39 95
40 42
40 43
40 47
40 61
40 68
40 75
40 76
40 77
40 88
40 89
40 96
40 97
41 47
41 50
41 53
41 56
41 58
41 66
41 67
41 70
41 72
41 81
41 87
41 89
41 92
42 47
42 49
42 58
42 59
42 66
42 70
42 73
42 75
42 76
42 79
42 82
42 86
42 88
42 97
42 98
43 48
43 51
43 57
43 61
43 65
43 68
43 70
43 72
43 78
43 91
44 45
44 56
44 57
44 60
44 65
44 69
44 77
44 80
44 82
44 85
44 88
44 91
44 92
44 93
44 94
44 99
45 46
45 57
45 59
45 63
45 69
45 70
45 74
45 92
45 98
45 99
46 50
46 51
46 55
46 56
46 58
46 60
46 61
46 66
46 71
46 72
46 77
46 87
46 89
46 94
46 95
46 98
47 56
47 59
47 66
47 80
47 90
47 96
47 99
48 62
48 63
48 64
48 68
48 76
48 89
49 51
49 62
49 66
49 68
49 72
49 74
49 81
49 94
49 97
50 70
50 71
50 74
50 79
50 94
50 96
51 53
51 55
51 58
51 59
51 61
51 69
51 71
51 73
51 75
51 77
51 87
51 95
51 98
52 53
52 58
52 59
52 70
52 83
52 89
52 97
53 55
53 62
53 65
53 69
53 72
53 73
53 76
53 82
53 92
53 96
54 57
54 65
54 67
54 70
54 74
54 78
54 82
54 87
54 91
54 92
54 94
54 95
54 96
55 56
55 66
55 67
55 72
55 77
55 91
55 95
55 97
56 57
56 67
56 68
56 74
56 75
56 77
56 83
56 84
56 87
56 97
56 98
57 68
57 74
57 77
57 79
57 80
57 82
57 84
57 91
57 92
57 94
57 98
58 61
58 62
58 63
58 65
58 74
58 82
58 84
58 86
58 91
58 92
58 96
58 97
59 64
59 67
59 70
59 88
59 91
59 94
59 98
60 72
60 75
60 76
60 80
60 94
60 95
61 62
61 68
61 71
61 73
61 77
61 80
61 85
61 88
61 89
61 96
61 98
62 65
62 69
62 73
62 79
62 81
62 83
62 96
62 98
63 65
63 68
63 69
63 72
63 73
63 92
63 95
64 68
64 76
64 78
64 94
64 98
65 75
65 80
65 81
65 84
65 88
65 91
66 71
66 77
66 81
66 89
66 91
66 96
66 98
67 71
67 73
67 74
67 75
67 86
67 93
68 69
68 72
68 78
68 79
68 86
68 87
68 89
69 87
69 89
69 93
69 98
70 74
70 79
70 81
70 84
70 88
70 91
70 99
71 72
71 79
71 81
71 85
71 89
71 93
71 95
71 97
71 98
71 99
72 83
72 87
72 88
72 90
72 92
72 94
73 77
73 87
73 90
73 91
74 75
74 87
74 90
74 94
74 95
74 96
74 97
75 80
75 82
75 84
75 88
75 98
76 80
76 81
76 94
76 96
77 90
78 79
78 83
78 85
78 89
78 90
79 86
79 96
80 81
80 88
80 97
80 99
81 89
81 90
81 91
82 84
82 95
82 96
82 97
83 84
83 85
83 92
83 95
84 90
84 93
85 87
85 90
85 92
86 89
86 90
86 91
86 94
86 98
87 96
88 92
88 94
88 98
89 90
89 91
89 93
89 96
89 99
90 92
90 99
91 92
91 95
91 96
92 93
93 94
97 99
98 99
