0 2
0 5
0 6
0 8
0 11
0 12
0 16
0 18
0 22
0 23
0 30
0 37
0 41
0 44
0 45
0 60
0 61
0 63
0 78
0 82
0 87
0 96
1 3
1 12
1 16
1 18
1 24
1 27
1 28
1 31
1 38
1 47
1 54
1 56
1 58
1 62
1 70
1 74
1 75
1 81
1 84
2 9
2 11
2 13
2 15
2 16
2 20
2 21
2 23
2 25
2 28
2 34
2 38
2 42
2 43
2 44
2 46
2 48
2 52
2 53
2 61
2 68
2 77
2 82
2 86
2 87
2 89
2 91
2 93
2 99
3 4
3 6
3 7
3 9
3 13
3 25
3 37
3 40
3 46
3 53
3 56
3 62
3 74
3 84
3 87
4 8
4 9
4 13
4 15
4 16
4 17
4 20
4 24
4 31
4 34
4 38
4 39
4 42
4 47
4 60
4 64
4 65
4 70
4 71
4 76
4 78
4 94
5 9
5 16
5 19
5 21
5 25
5 26
5 30
5 32
5 36
5 43
5 54
5 56
5 60
5 81
5 84
5 85
5 87
5 88
5 94
6 9
6 14
6 23
6 24
6 25
6 40
6 46
6 47
6 55
6 57
6 74
6 87
7 12
7 13
7 20
7 22
7 26
7 33
7 35
7 40
7 53
7 57
7 59
7 81
7 82
7 86
7 90
7 91
7 94
7 97
8 12
8 14
8 24
8 25
8 27
8 33
8 34
8 37
8 43
8 45
8 53
8 60
8 61
8 67
8 81
8 82
8 83
8 86
8 98
9 13
9 15
9 18
9 22
9 43
9 46
9 50
9 53
9 60
9 63
9 86
9 94
9 99
10 11
10 12
10 13
10 27
10 31
10 32
10 36
10 45
10 49
10 51
10 52
10 55
10 77
10 83
10 95
10 98
11 16
11 28
11 34
11 36
11 38
11 65
11 68
11 69
11 70
11 73
11 78
11 79
11 80
11 82
11 94
12 22
12 26
12 30
12 36
12 37
12 39
12 40
12 43
12 47
12 52
12 63
12 64
12 69
12 76
12 84
12 93
12 94
12 97
13 29
13 31
13 36
13 38
13 46
13 50
13 54
13 57
13 59
13 63
13 67
13 69
13 73
13 80
13 81
13 82
13 84
13 87
13 93
13 94
13 99
14 25
14 26
14 27
14 35
14 36
14 37
14 41
14 45
14 46
14 48
14 50
14 60
14 67
14 87
14 92
14 94
14 95
14 99
15 16
15 20
15 21
15 26
15 29
15 32
15 36
15 48
15 58
15 60
15 62
15 63
15 68
15 75
15 82
15 83
15 91
15 92
15 93
15 94
16 18
16 27
16 28
16 33
16 35
16 41
16 42
16 48
16 54
16 60
16 66
16 67
16 76
16 81
16 84
17 23
17 24
17 33
17 40
17 43
17 44
17 46
17 48
17 51
17 60
17 64
17 67
17 71
17 72
17 83
17 85
17 88
18 20
18 22
18 24
18 70
18 71
18 74
18 82
19 26
19 27
19 30
19 35
19 41
19 42
19 51
19 52
19 55
19 56
19 64
19 67
19 68
19 70
19 73
19 76
19 82
19 84
19 85
19 90
19 93
20 23
20 24
20 25
20 33
20 38
20 41
20 44
20 53
20 62
20 65
20 69
20 88
20 97
20 98
21 24
21 37
21 40
21 47
21 48
21 52
21 53
21 54
21 58
21 60
21 64
21 65
21 66
21 69
21 82
21 83
22 23
22 24
22 32
22 36
22 39
22 40
22 44
22 50
22 64
22 68
22 70
22 73
22 75
22 86
22 88
22 92
22 98
23 30
23 38
23 43
23 50
23 52
23 67
23 69
23 70
23 79
23 84
23 87
23 88
23 94
23 96
24 29
24 30
24 31
24 34
24 49
24 56
24 58
24 59
24 65
24 67
24 78
24 79
24 82
24 89
24 94
24 99
25 29
25 31
25 32
25 37
25 38
25 53
25 67
25 81
25 82
25 85
26 27
26 28
26 32
26 35
26 38
26 40
26 48
26 52
26 60
26 63
26 82
26 84
27 33
27 34
27 40
27 52
27 56
27 57
27 59
27 60
27 61
27 67
27 80
27 84
27 85
27 86
27 88
27 92
27 93
28 32
28 33
28 47
28 54
28 64
28 70
28 81
28 84
28 88
28 89
29 47
29 48
29 53
29 59
29 63
29 66
29 70
29 74
29 79
29 93
30 42
30 44
30 46
30 48
30 61
30 63
30 66
30 74
30 80
30 88
30 90
30 92
30 95
30 99
31 32
31 34
31 41
31 47
31 51
31 54
31 56
31 58
31 65
31 66
31 77
31 83
31 88
31 89
31 90
31 95
31 98
31 99
32 35
32 38
32 39
32 41
32 44
32 49
32 50
32 51
32 52
32 54
32 57
32 60
32 73
32 78
32 85
32 92
32 96
32 98
32 99
33 35
33 44
33 51
33 59
33 62
33 75
33 80
33 83
33 85
33 94
33 99
34 42
34 43
34 46
34 49
34 51
34 63
34 65
34 74
34 80
34 81
34 82
34 84
34 85
35 51
35 53
35 57
35 61
35 65
35 68
35 70
35 72
35 74
35 79
35 83
35 88
35 99
36 37
36 41
36 44
36 46
36 50
36 51
36 64
36 74
36 75
36 78
36 81
36 83
36 85
36 99
37 39
37 42
37 47
37 51
37 57
37 59
37 64
37 66
37 67
37 72
37 75
37 78
37 79
37 83
37 86
37 93
37 94
37 96
37 97
38 49
38 83
38 90
38 91
38 93
38 95
38 98
39 47
39 54
39 56
39 60
39 62
39 68
39 69
39 85
39 86
39 90
39 93
39 95
40 48
40 56
40 57
40 59
40 62
40 73
40 76
40 78
40 88
40 90
41 51
41 52
41 53
41 56
41 58
41 61
41 66
41 69
41 71
41 73
41 84
41 89
41 94
41 95
41 98
42 50
42 52
42 63
42 66
42 70
42 71
42 93
42 96
42 97
43 45
43 56
43 57
43 77
43 81
43 84
43 95
43 96
43 97
43 98
44 46
44 52
44 57
44 58
44 60
44 64
44 74
44 75
44 81
44 89
44 95
45 47
45 50
45 51
45 61
45 63
45 68
45 70
45 83
45 87
46 53
46 54
46 59
46 61
46 62
46 70
46 72
46 75
46 85
46 90
47 50
47 52
47 54
47 68
47 72
47 74
47 77
47 83
47 92
47 95
47 97
48 53
48 56
48 62
48 67
48 79
48 84
48 95
49 55
49 58
49 60
49 68
49 71
49 76
49 78
49 95
50 56
50 62
50 63
50 66
50 68
50 71
50 74
50 75
50 76
50 80
50 82
50 88
50 90
50 94
50 95
50 96
50 97
51 56
51 67
51 71
51 77
51 80
51 83
51 90
51 95
51 98
52 69
52 70
52 71
52 72
52 77
52 82
52 85
52 86
52 87
52 89
52 90
52 94
52 99
53 55
53 58
53 60
53 65
53 66
53 67
53 75
53 76
53 78
53 79
53 80
53 83
53 92
53 93
54 57
54 64
54 71
54 72
54 73
54 80
54 81
54 98
55 56
55 57
55 60
55 67
55 71
55 73
55 79
55 83
55 91
55 92
55 98
56 58
56 62
56 67
56 78
56 81
56 88
57 59
57 60
57 66
57 70
57 71
57 77
57 87
57 91
57 96
58 63
58 66
58 78
58 89
59 65
59 68
59 69
59 70
59 71
59 72
59 81
59 90
59 92
59 93
59 94
59 99
60 67
60 84
60 92
60 93
60 97
61 64
61 67
61 71
61 72
61 82
61 84
61 89
61 90
61 99
62 67
62 70
62 73
62 75
62 77
62 79
62 85
62 96
63 67
63 77
63 78
63 81
63 87
63 99
64 66
64 70
64 73
64 74
64 79
64 84
64 86
64 95
65 69
65 73
65 77
65 83
65 86
65 93
66 69
66 75
66 76
66 78
66 97
67 72
67 74
67 75
67 78
67 91
67 97
67 98
68 72
68 74
68 76
68 88
68 90
68 96
68 98
68 99
69 75
69 88
69 90
69 91
69 95
70 71
70 74
70 75
70 76
70 77
70 79
70 82
70 83
70 85
70 94
70 96
71 82
71 83
71 91
72 74
72 84
72 95
72 96
73 78
73 83
73 90
73 96
74 75
74 76
74 89
74 93
74 98
75 82
75 83
75 88
75 90
76 90
76 98
77 78
77 92
77 95
78 81
78 82
78 87
78 94
78 96
78 99
79 80
79 81
79 84
79 88
79 90
79 92
79 96
80 85
80 94
80 96
81 87
81 89
81 92
81 94
82 90
82 92
82 94
82 97
83 85
83 90
83 91
85 94
85 97
86 87
86 89
86 96
87 91
88 91
88 94
88 95
88 96
88 98
88 99
89 94
89 98
89 99
90 97
91 95
92 93
92 96
94 97
95 97
97 98
