0 5
0 6
0 7
0 8
0 9
0 11
0 13
0 15
0 16
0 17
0 18
0 19
0 23
0 25
0 26
0 27
0 28
0 31
0 32
0 34
0 37
0 38
0 39
0 40
0 41
0 42
0 44
0 45
0 47
0 50
0 51
0 52
0 53
0 54
0 55
0 57
0 59
0 61
0 64
0 65
0 68
0 69
0 71
0 72
0 75
0 77
0 79
0 81
0 82
0 83
0 84
0 85
0 86
0 87
0 88
0 89
0 90
0 94
0 95
0 96
0 97
1 2
1 4
1 6
1 7
1 10
1 13
1 15
1 16
1 17
1 18
1 19
1 20
1 24
1 25
1 26
1 27
1 29
1 33
1 35
1 36
1 38
1 39
1 41
1 42
1 45
1 46
1 52
1 53
1 54
1 55
1 57
1 58
1 59
1 60
1 61
1 62
1 64
1 66
1 67
1 69
1 70
1 71
1 74
1 75
1 78
1 81
1 84
1 87
1 90
1 92
1 94
1 95
1 96
2 4
2 7
2 10
2 11
2 13
2 15
2 16
2 17
2 18
2 19
2 22
2 23
2 24
2 25
2 27
2 28
2 32
2 33
2 34
2 35
2 36
2 38
2 39
2 40
2 41
2 43
2 45
2 48
2 49
2 50
2 51
2 53
2 54
2 55
2 56
2 57
2 59
2 60
2 61
2 62
2 63
2 64
2 65
2 66
2 67
2 69
2 70
2 71
2 73
2 74
2 75
2 80
2 82
2 83
2 84
2 88
2 89
2 90
2 91
2 95
2 96
2 97
2 98
3 9
3 12
3 15
3 17
3 19
3 20
3 22
3 23
3 24
3 25
3 26
3 28
3 30
3 31
3 32
3 34
3 39
3 41
3 47
3 48
3 50
3 56
3 58
3 59
3 61
3 65
3 68
3 69
3 73
3 74
3 76
3 85
3 89
3 94
3 95
3 96
3 97
4 6
4 8
4 9
4 10
4 11
4 12
4 13
4 14
4 15
4 16
4 17
4 20
4 22
4 23
4 25
4 26
4 28
4 29
4 31
4 36
4 41
4 42
4 44
4 46
4 48
4 51
4 53
4 54
4 55
4 56
4 57
4 58
4 62
4 63
4 64
4 65
4 66
4 70
4 71
4 72
4 73
4 74
4 75
4 77
4 78
4 79
4 80
4 81
4 82
4 84
4 85
4 92
4 93
4 94
4 95
4 96
4 98
5 6
5 7
5 11
5 12
5 13
5 14
5 15
5 16
5 17
5 18
5 20
5 21
5 22
5 23
5 26
5 29
5 30
5 32
5 34
5 36
5 38
5 39
5 41
5 42
5 43
5 46
5 47
5 48
5 50
5 51
5 52
5 53
5 54
5 55
5 61
5 62
5 65
5 66
5 67
5 70
5 73
5 74
5 77
5 80
5 81
5 83
5 84
5 86
5 88
5 89
5 90
5 91
5 92
5 94
5 95
5 96
5 97
5 99
6 7
6 8
6 9
6 10
6 11
6 12
6 13
6 14
6 19
6 20
6 22
6 23
6 24
6 25
6 27
6 30
6 31
6 32
6 33
6 34
6 35
6 37
6 38
6 40
6 43
6 44
6 46
6 47
6 50
6 51
6 52
6 53
6 54
6 55
6 56
6 57
6 59
6 60
6 61
6 62
6 63
6 64
6 66
6 67
6 68
6 69
6 70
6 72
6 73
6 74
6 80
6 81
6 82
6 83
6 84
6 85
6 86
6 87
6 88
6 89
6 92
6 93
6 97
6 98
6 99
7 8
7 9
7 10
7 13
7 14
7 19
7 20
7 21
7 22
7 25
7 26
7 27
7 28
7 30
7 32
7 33
7 34
7 35
7 37
7 38
7 39
7 41
7 42
7 43
7 47
7 49
7 54
7 59
7 61
7 62
7 63
7 64
7 65
7 66
7 69
7 70
7 71
7 73
7 77
7 78
7 80
7 81
7 82
7 84
7 86
7 87
7 89
7 91
7 92
7 95
8 10
8 12
8 15
8 17
8 18
8 20
8 21
8 22
8 23
8 25
8 26
8 27
8 29
8 31
8 32
8 33
8 34
8 35
8 36
8 37
8 38
8 39
8 41
8 42
8 45
8 46
8 47
8 49
8 50
8 51
8 52
8 54
8 58
8 60
8 61
8 63
8 64
8 68
8 70
8 72
8 77
8 78
8 83
8 84
8 85
8 86
8 89
8 91
8 93
8 94
8 96
8 98
8 99
9 10
9 11
9 12
9 14
9 15
9 16
9 19
9 20
9 21
9 22
9 23
9 26
9 28
9 30
9 31
9 32
9 34
9 35
9 38
9 40
9 41
9 43
9 45
9 48
9 50
9 53
9 56
9 58
9 59
9 60
9 61
9 62
9 63
9 65
9 68
9 72
9 73
9 74
9 75
9 77
9 81
9 84
9 85
9 86
9 87
9 88
9 90
9 91
9 92
9 95
10 11
10 12
10 14
10 17
10 21
10 22
10 27
10 28
10 30
10 34
10 35
10 36
10 37
10 39
10 40
10 41
10 43
10 44
10 47
10 49
10 52
10 53
10 54
10 55
10 58
10 59
10 60
10 61
10 64
10 65
10 66
10 67
10 69
10 70
10 71
10 72
10 73
10 74
10 75
10 79
10 81
10 83
10 84
10 87
10 90
10 91
10 93
10 94
10 95
10 96
11 12
11 13
11 20
11 22
11 24
11 25
11 26
11 27
11 28
11 29
11 31
11 32
11 33
11 35
11 36
11 37
11 39
11 41
11 43
11 45
11 46
11 47
11 48
11 51
11 52
11 53
11 55
11 58
11 59
11 61
11 62
11 63
11 65
11 66
11 68
11 70
11 71
11 73
11 74
11 75
11 76
11 78
11 80
11 82
11 86
11 88
11 90
11 91
11 92
11 93
11 94
11 95
11 96
11 98
11 99
12 14
12 15
12 17
12 19
12 20
12 21
12 22
12 23
12 24
12 25
12 26
12 27
12 28
12 30
12 32
12 33
12 35
12 37
12 38
12 39
12 40
12 42
12 46
12 48
12 49
12 50
12 52
12 54
12 57
12 58
12 60
12 67
12 69
12 70
12 71
12 75
12 76
12 80
12 84
12 86
12 87
12 90
12 91
12 92
12 93
12 95
12 97
12 98
12 99
13 14
13 16
13 19
13 21
13 23
13 25
13 27
13 28
13 29
13 31
13 33
13 34
13 35
13 36
13 38
13 41
13 42
13 43
13 44
13 45
13 46
13 48
13 49
13 50
13 52
13 53
13 56
13 58
13 59
13 61
13 62
13 63
13 66
13 67
13 68
13 70
13 73
13 74
13 75
13 79
13 81
13 82
13 84
13 86
13 89
13 90
13 91
13 95
13 96
13 97
13 98
13 99
14 15
14 16
14 17
14 18
14 19
14 21
14 23
14 24
14 25
14 26
14 27
14 28
14 29
14 32
14 35
14 36
14 37
14 38
14 39
14 42
14 43
14 44
14 45
14 47
14 48
14 51
14 52
14 53
14 54
14 57
14 58
14 60
14 61
14 62
14 64
14 65
14 66
14 67
14 69
14 70
14 72
14 74
14 75
14 76
14 78
14 82
14 84
14 87
14 88
14 91
14 94
14 96
15 16
15 20
15 21
15 22
15 23
15 24
15 25
15 26
15 28
15 29
15 30
15 32
15 34
15 36
15 38
15 39
15 41
15 44
15 47
15 48
15 49
15 51
15 53
15 54
15 56
15 57
15 58
15 59
15 61
15 62
15 64
15 69
15 70
15 73
15 74
15 75
15 76
15 77
15 78
15 79
15 80
15 83
15 85
15 87
15 90
15 91
15 92
15 93
15 94
15 96
15 98
16 18
16 19
16 20
16 22
16 23
16 24
16 28
16 29
16 30
16 31
16 32
16 35
16 37
16 38
16 39
16 42
16 43
16 46
16 47
16 49
16 51
16 52
16 53
16 55
16 56
16 60
16 63
16 64
16 65
16 67
16 68
16 70
16 71
16 72
16 73
16 74
16 75
16 77
16 78
16 79
16 81
16 82
16 84
16 85
16 87
16 88
16 89
16 91
16 92
16 93
16 94
16 95
16 97
17 19
17 21
17 24
17 25
17 26
17 28
17 32
17 33
17 35
17 36
17 38
17 39
17 42
17 44
17 45
17 46
17 48
17 49
17 50
17 51
17 53
17 54
17 56
17 57
17 58
17 59
17 60
17 66
17 67
17 68
17 69
17 70
17 71
17 73
17 79
17 80
17 82
17 83
17 84
17 85
17 87
17 88
17 90
17 91
17 92
17 93
17 95
17 96
17 97
17 99
18 19
18 20
18 21
18 22
18 25
18 26
18 28
18 31
18 35
18 37
18 38
18 40
18 41
18 44
18 45
18 46
18 47
18 48
18 49
18 52
18 54
18 55
18 57
18 58
18 59
18 60
18 61
18 62
18 65
18 67
18 68
18 70
18 71
18 72
18 74
18 75
18 76
18 77
18 78
18 80
18 81
18 82
18 83
18 84
18 85
18 86
18 87
18 88
18 91
18 92
18 93
18 95
18 96
18 97
18 98
18 99
19 21
19 22
19 23
19 24
19 25
19 26
19 29
19 31
19 32
19 33
19 34
19 35
19 36
19 38
19 39
19 40
19 46
19 50
19 52
19 53
19 58
19 60
19 62
19 63
19 64
19 65
19 68
19 69
19 70
19 71
19 72
19 74
19 75
19 76
19 78
19 80
19 82
19 83
19 84
19 86
19 88
19 89
19 90
19 92
19 93
19 94
19 95
19 97
19 98
20 21
20 22
20 25
20 26
20 27
20 28
20 29
20 30
20 31
20 33
20 34
20 38
20 39
20 40
20 41
20 46
20 47
20 48
20 49
20 52
20 53
20 54
20 56
20 57
20 59
20 60
20 62
20 63
20 65
20 67
20 69
20 76
20 79
20 80
20 84
20 85
20 86
20 88
20 91
20 92
20 94
20 95
20 96
20 99
21 23
21 24
21 26
21 29
21 31
21 32
21 34
21 35
21 36
21 37
21 38
21 39
21 40
21 42
21 43
21 44
21 45
21 46
21 48
21 49
21 50
21 51
21 52
21 53
21 55
21 56
21 57
21 58
21 60
21 62
21 63
21 64
21 65
21 67
21 72
21 77
21 79
21 80
21 81
21 83
21 88
21 89
21 90
21 91
21 92
21 93
21 96
21 98
22 24
22 29
22 34
22 36
22 37
22 39
22 40
22 42
22 45
22 46
22 47
22 48
22 49
22 50
22 51
22 52
22 56
22 57
22 62
22 63
22 64
22 65
22 66
22 67
22 70
22 71
22 73
22 75
22 76
22 77
22 79
22 80
22 81
22 85
22 86
22 88
22 94
22 98
22 99
23 26
23 27
23 28
23 32
23 33
23 35
23 38
23 40
23 45
23 46
23 48
23 49
23 50
23 51
23 53
23 54
23 55
23 60
23 61
23 63
23 65
23 66
23 68
23 70
23 72
23 74
23 75
23 76
23 80
23 81
23 83
23 85
23 87
23 88
23 89
23 90
23 92
23 93
23 94
23 97
23 99
24 25
24 26
24 27
24 29
24 36
24 37
24 38
24 39
24 41
24 42
24 44
24 45
24 46
24 47
24 48
24 50
24 52
24 54
24 55
24 58
24 59
24 60
24 61
24 62
24 63
24 64
24 66
24 67
24 68
24 69
24 71
24 72
24 77
24 78
24 87
24 89
24 90
24 91
24 93
24 96
24 98
25 26
25 27
25 28
25 29
25 31
25 33
25 34
25 35
25 36
25 37
25 40
25 43
25 45
25 47
25 48
25 49
25 50
25 51
25 52
25 54
25 56
25 58
25 59
25 60
25 61
25 62
25 65
25 66
25 67
25 68
25 70
25 71
25 73
25 75
25 78
25 79
25 81
25 82
25 83
25 84
25 85
25 86
25 87
25 89
25 90
25 92
25 93
25 95
25 97
25 98
25 99
26 27
26 28
26 29
26 30
26 31
26 32
26 34
26 36
26 37
26 39
26 41
26 45
26 46
26 48
26 49
26 50
26 51
26 54
26 55
26 60
26 61
26 62
26 63
26 67
26 70
26 72
26 74
26 77
26 80
26 81
26 82
26 84
26 85
26 86
26 88
26 89
26 90
26 91
26 92
26 93
26 94
26 95
26 96
26 97
26 98
27 29
27 30
27 32
27 33
27 34
27 35
27 36
27 38
27 39
27 40
27 41
27 42
27 44
27 45
27 46
27 47
27 49
27 51
27 52
27 53
27 54
27 58
27 59
27 61
27 62
27 63
27 64
27 66
27 68
27 69
27 70
27 71
27 72
27 73
27 76
27 78
27 80
27 83
27 85
27 86
27 87
27 89
27 93
27 95
27 97
27 98
27 99
28 29
28 30
28 33
28 34
28 35
28 36
28 38
28 42
28 44
28 45
28 46
28 48
28 52
28 53
28 54
28 57
28 60
28 63
28 66
28 67
28 71
28 74
28 75
28 76
28 77
28 78
28 79
28 80
28 81
28 82
28 84
28 87
28 88
28 89
28 90
28 91
28 92
28 93
28 94
28 97
28 98
28 99
29 31
29 33
29 34
29 35
29 36
29 38
29 42
29 49
29 50
29 52
29 54
29 55
29 57
29 58
29 59
29 63
29 65
29 72
29 73
29 74
29 76
29 77
29 79
29 80
29 82
29 84
29 86
29 87
29 88
29 90
29 92
29 94
29 95
30 33
30 35
30 36
30 37
30 41
30 42
30 45
30 46
30 47
30 48
30 49
30 50
30 53
30 54
30 55
30 56
30 57
30 59
30 60
30 62
30 63
30 65
30 66
30 68
30 72
30 73
30 76
30 77
30 78
30 79
30 82
30 83
30 84
30 85
30 89
30 90
30 91
30 92
30 93
30 94
30 96
30 98
30 99
31 32
31 34
31 38
31 39
31 42
31 43
31 44
31 45
31 46
31 47
31 49
31 50
31 51
31 52
31 53
31 54
31 55
31 57
31 58
31 60
31 63
31 64
31 65
31 67
31 76
31 77
31 78
31 79
31 80
31 82
31 83
31 85
31 86
31 88
31 89
31 91
31 94
31 96
31 97
32 33
32 35
32 41
32 43
32 44
32 46
32 50
32 51
32 52
32 53
32 55
32 56
32 58
32 59
32 60
32 61
32 63
32 64
32 66
32 67
32 69
32 72
32 74
32 75
32 76
32 78
32 79
32 81
32 82
32 83
32 84
32 85
32 86
32 90
32 96
32 97
32 98
33 35
33 36
33 39
33 41
33 42
33 43
33 46
33 48
33 50
33 51
33 52
33 53
33 54
33 59
33 60
33 62
33 63
33 64
33 65
33 67
33 69
33 72
33 73
33 74
33 75
33 78
33 80
33 81
33 82
33 83
33 85
33 87
33 90
33 91
33 92
33 93
33 94
33 95
33 96
33 97
33 98
34 35
34 36
34 37
34 39
34 40
34 41
34 43
34 45
34 46
34 47
34 49
34 50
34 51
34 52
34 53
34 54
34 55
34 56
34 57
34 58
34 59
34 62
34 64
34 65
34 67
34 68
34 70
34 75
34 76
34 79
34 80
34 81
34 83
34 84
34 85
34 87
34 88
34 90
34 91
34 92
34 93
34 94
34 95
34 96
34 98
34 99
35 38
35 39
35 40
35 41
35 44
35 45
35 49
35 51
35 52
35 53
35 54
35 55
35 59
35 60
35 61
35 62
35 63
35 67
35 68
35 69
35 70
35 72
35 73
35 74
35 76
35 77
35 79
35 80
35 81
35 84
35 87
35 88
35 89
35 90
35 91
35 92
35 93
35 94
35 95
35 97
36 38
36 39
36 41
36 42
36 48
36 51
36 52
36 54
36 55
36 56
36 58
36 59
36 61
36 62
36 63
36 65
36 66
36 67
36 68
36 69
36 71
36 72
36 74
36 76
36 77
36 79
36 84
36 85
36 86
36 88
36 89
36 91
36 93
36 95
36 97
37 38
37 42
37 43
37 45
37 46
37 47
37 48
37 50
37 53
37 54
37 55
37 56
37 60
37 61
37 66
37 67
37 70
37 72
37 73
37 74
37 75
37 76
37 77
37 79
37 81
37 82
37 83
37 89
37 91
37 92
37 96
37 98
38 39
38 40
38 45
38 49
38 50
38 51
38 52
38 53
38 57
38 59
38 60
38 61
38 62
38 63
38 64
38 66
38 67
38 73
38 74
38 75
38 77
38 78
38 79
38 80
38 83
38 84
38 87
38 88
38 89
38 90
38 92
38 94
38 96
38 97
38 98
39 41
39 43
39 44
39 45
39 47
39 49
39 53
39 54
39 55
39 57
39 60
39 62
39 63
39 64
39 65
39 67
39 68
39 70
39 71
39 72
39 75
39 77
39 79
39 80
39 82
39 85
39 86
39 89
39 90
39 91
39 92
39 93
39 96
40 43
40 44
40 45
40 46
40 47
40 48
40 49
40 51
40 54
40 55
40 56
40 57
40 59
40 60
40 61
40 62
40 63
40 64
40 66
40 68
40 70
40 71
40 72
40 73
40 74
40 75
40 78
40 79
40 80
40 81
40 82
40 84
40 89
40 90
40 92
40 94
40 95
40 96
40 97
40 99
41 42
41 43
41 45
41 46
41 48
41 49
41 50
41 53
41 55
41 56
41 57
41 59
41 61
41 62
41 63
41 64
41 65
41 67
41 69
41 70
41 72
41 73
41 76
41 77
41 79
41 81
41 83
41 84
41 87
41 89
41 90
41 92
41 93
41 95
41 97
41 98
41 99
42 44
42 45
42 46
42 48
42 50
42 54
42 55
42 56
42 57
42 58
42 59
42 61
42 62
42 63
42 64
42 65
42 69
42 71
42 74
42 75
42 77
42 79
42 81
42 82
42 85
42 86
42 90
42 91
42 96
42 97
42 98
43 44
43 45
43 46
43 47
43 49
43 50
43 51
43 52
43 53
43 54
43 57
43 60
43 62
43 65
43 66
43 67
43 69
43 70
43 72
43 73
43 74
43 77
43 79
43 80
43 81
43 82
43 84
43 88
43 89
43 90
43 91
43 92
43 94
43 95
43 98
43 99
44 45
44 46
44 47
44 48
44 49
44 50
44 51
44 52
44 53
44 54
44 55
44 57
44 58
44 60
44 62
44 63
44 66
44 68
44 69
44 70
44 72
44 76
44 77
44 78
44 79
44 84
44 85
44 86
44 88
44 89
44 90
44 91
44 92
44 93
44 94
44 95
44 96
44 97
44 98
45 46
45 47
45 48
45 50
45 51
45 52
45 53
45 55
45 56
45 59
45 64
45 65
45 66
45 67
45 68
45 69
45 71
45 72
45 73
45 74
45 76
45 77
45 80
45 81
45 86
45 87
45 88
45 89
45 90
45 92
45 93
45 95
45 96
46 47
46 48
46 51
46 52
46 54
46 55
46 57
46 58
46 60
46 61
46 62
46 63
46 67
46 68
46 70
46 71
46 74
46 77
46 78
46 79
46 80
46 81
46 82
46 84
46 85
46 87
46 89
46 90
46 93
46 95
46 96
46 98
46 99
47 48
47 52
47 55
47 56
47 60
47 61
47 62
47 64
47 66
47 68
47 70
47 71
47 72
47 73
47 74
47 75
47 76
47 77
47 79
47 80
47 81
47 82
47 83
47 84
47 85
47 86
47 91
47 92
47 95
47 96
47 97
48 49
48 50
48 53
48 54
48 55
48 57
48 60
48 62
48 63
48 64
48 65
48 66
48 67
48 68
48 69
48 71
48 73
48 75
48 77
48 78
48 84
48 87
48 89
48 90
48 91
48 92
48 94
48 98
48 99
49 50
49 52
49 53
49 54
49 55
49 58
49 60
49 61
49 63
49 66
49 70
49 71
49 73
49 76
49 78
49 79
49 81
49 85
49 86
49 88
49 91
49 92
49 95
49 96
49 97
49 98
49 99
50 51
50 55
50 56
50 58
50 60
50 62
50 63
50 64
50 65
50 67
50 68
50 71
50 73
50 75
50 76
50 77
50 78
50 79
50 80
50 81
50 82
50 83
50 84
50 86
50 88
50 91
50 96
50 97
50 99
51 52
51 55
51 56
51 57
51 58
51 59
51 60
51 61
51 63
51 65
51 66
51 69
51 71
51 72
51 75
51 76
51 77
51 79
51 80
51 81
51 82
51 83
51 86
51 88
51 91
51 92
51 95
51 96
51 97
51 98
51 99
52 53
52 55
52 57
52 62
52 64
52 65
52 68
52 69
52 70
52 71
52 73
52 74
52 75
52 76
52 77
52 78
52 79
52 81
52 82
52 83
52 84
52 85
52 87
52 91
52 92
52 94
52 98
52 99
53 55
53 59
53 60
53 62
53 66
53 67
53 69
53 70
53 71
53 73
53 74
53 76
53 79
53 81
53 82
53 83
53 84
53 85
53 86
53 88
53 89
53 91
53 93
53 95
53 96
53 99
54 55
54 58
54 59
54 60
54 62
54 64
54 65
54 66
54 67
54 68
54 74
54 75
54 76
54 77
54 78
54 80
54 81
54 82
54 84
54 85
54 86
54 88
54 89
54 90
54 92
54 93
54 94
54 95
54 96
54 98
55 56
55 57
55 60
55 61
55 62
55 63
55 64
55 65
55 68
55 69
55 71
55 72
55 73
55 74
55 75
55 77
55 79
55 80
55 81
55 83
55 84
55 85
55 88
55 89
55 90
55 91
55 93
55 94
55 97
55 99
56 57
56 59
56 60
56 62
56 63
56 64
56 65
56 66
56 69
56 71
56 76
56 78
56 79
56 84
56 86
56 88
56 90
56 91
56 94
56 95
56 97
56 98
57 58
57 59
57 60
57 63
57 65
57 66
57 68
57 69
57 73
57 74
57 75
57 76
57 78
57 80
57 81
57 86
57 87
57 88
57 92
57 93
57 96
57 97
57 98
58 59
58 62
58 63
58 64
58 65
58 66
58 68
58 71
58 72
58 73
58 75
58 76
58 77
58 78
58 81
58 84
58 89
58 93
58 94
58 95
58 96
58 97
59 60
59 61
59 63
59 64
59 68
59 69
59 70
59 72
59 73
59 74
59 75
59 76
59 77
59 80
59 81
59 82
59 83
59 85
59 87
59 89
59 90
59 91
59 93
59 95
59 96
59 97
59 98
60 61
60 64
60 67
60 68
60 69
60 70
60 71
60 72
60 73
60 75
60 77
60 79
60 80
60 81
60 82
60 84
60 85
60 86
60 87
60 89
60 90
60 91
60 92
60 93
60 95
60 96
60 99
61 62
61 63
61 64
61 65
61 67
61 68
61 70
61 71
61 72
61 73
61 76
61 77
61 79
61 82
61 86
61 88
61 89
61 90
61 92
61 93
61 94
61 98
61 99
62 63
62 64
62 66
62 69
62 70
62 75
62 77
62 80
62 82
62 85
62 87
62 90
62 91
62 94
62 95
62 96
62 99
63 65
63 68
63 70
63 71
63 73
63 75
63 77
63 78
63 79
63 80
63 81
63 82
63 83
63 84
63 88
63 90
63 91
63 92
63 94
63 95
63 96
63 97
63 98
64 65
64 67
64 68
64 69
64 70
64 71
64 72
64 74
64 75
64 76
64 80
64 81
64 86
64 87
64 88
64 89
64 90
64 91
64 93
64 95
64 97
65 68
65 70
65 71
65 72
65 75
65 77
65 78
65 79
65 80
65 83
65 85
65 87
65 93
65 94
65 95
65 96
65 98
66 67
66 69
66 72
66 73
66 74
66 75
66 76
66 77
66 79
66 80
66 81
66 82
66 85
66 87
66 88
66 89
66 90
66 95
66 97
66 98
67 68
67 69
67 71
67 72
67 77
67 78
67 79
67 80
67 82
67 83
67 85
67 87
67 91
67 93
67 94
67 95
67 96
67 97
68 69
68 71
68 72
68 74
68 76
68 78
68 80
68 81
68 84
68 85
68 87
68 88
68 89
68 90
68 93
68 95
68 96
68 99
69 71
69 77
69 82
69 83
69 84
69 85
69 86
69 87
69 88
69 89
69 93
69 95
69 96
69 97
69 98
69 99
70 72
70 73
70 75
70 76
70 78
70 80
70 81
70 82
70 83
70 84
70 86
70 88
70 90
70 91
70 93
70 95
70 96
70 97
70 98
71 72
71 73
71 74
71 78
71 82
71 83
71 84
71 87
71 88
71 90
71 91
71 92
71 94
71 95
71 99
72 74
72 75
72 76
72 78
72 80
72 81
72 83
72 84
72 86
72 87
72 89
72 91
72 92
72 94
72 95
72 96
72 97
73 75
73 76
73 79
73 80
73 81
73 82
73 87
73 88
73 90
73 91
73 93
73 95
73 97
73 98
74 75
74 76
74 77
74 78
74 80
74 81
74 82
74 84
74 85
74 87
74 88
74 89
74 91
74 92
74 93
74 94
74 96
74 98
74 99
75 76
75 77
75 78
75 79
75 81
75 82
75 85
75 87
75 88
75 90
75 91
75 92
75 93
75 94
75 95
76 78
76 80
76 81
76 82
76 83
76 84
76 85
76 86
76 88
76 89
76 90
76 91
76 95
76 99
77 80
77 85
77 86
77 88
77 91
77 92
77 93
77 94
77 96
78 79
78 80
78 81
78 85
78 89
78 90
78 91
78 92
78 93
78 94
78 95
78 96
78 97
78 98
78 99
79 80
79 81
79 83
79 84
79 88
79 89
79 90
79 91
79 92
79 93
79 96
79 97
80 81
80 82
80 83
80 84
80 87
80 91
80 93
80 94
80 95
80 96
81 85
81 86
81 88
81 90
81 92
81 93
81 95
81 96
81 97
81 99
82 84
82 86
82 89
82 90
82 91
82 93
82 94
82 96
82 97
82 99
83 87
83 88
83 89
83 91
83 93
83 94
83 95
83 96
83 97
84 85
84 92
84 94
84 95
84 96
84 97
84 98
85 86
85 87
85 89
85 90
85 92
85 93
85 94
85 96
85 98
85 99
86 88
86 91
86 93
86 95
86 96
86 97
86 98
86 99
87 88
87 90
87 92
87 93
87 94
87 95
87 97
87 98
87 99
88 89
88 90
88 92
88 93
88 95
88 97
89 90
89 93
89 97
90 92
90 93
90 95
90 97
90 98
90 99
91 95
91 96
91 97
91 99
92 93
92 94
92 95
92 96
92 98
93 94
93 95
93 96
93 99
94 95
94 96
94 97
94 99
95 96
95 98
95 99
96 99
98 99
