0 4
0 17
0 21
0 24
0 25
0 26
0 30
0 32
0 36
0 39
0 42
0 43
0 44
0 46
0 47
0 48
0 49
0 50
0 52
0 56
0 57
0 58
0 62
0 65
0 66
0 70
0 72
0 74
0 86
0 99
1 5
1 11
1 16
1 18
1 19
1 21
1 26
1 30
1 32
1 33
1 40
1 51
1 54
1 56
1 63
1 69
1 70
1 72
1 73
1 86
1 89
1 90
1 99
2 3
2 9
2 11
2 16
2 17
2 18
2 19
2 32
2 36
2 39
2 48
2 50
2 51
2 56
2 58
2 63
2 65
2 67
2 71
2 72
2 77
2 78
2 79
2 80
2 85
2 88
2 92
2 93
2 99
3 6
3 13
3 16
3 18
3 22
3 24
3 31
3 33
3 34
3 38
3 40
3 41
3 44
3 45
3 51
3 53
3 55
3 56
3 60
3 61
3 64
3 65
3 67
3 68
3 73
3 74
3 75
3 77
3 86
3 88
3 94
3 97
4 6
4 10
4 15
4 16
4 18
4 19
4 25
4 26
4 32
4 33
4 36
4 37
4 40
4 44
4 50
4 52
4 55
4 56
4 59
4 61
4 67
4 69
4 70
4 73
4 74
4 76
4 88
4 93
4 94
5 8
5 14
5 16
5 20
5 26
5 30
5 37
5 41
5 52
5 59
5 63
5 64
5 65
5 67
5 70
5 71
5 76
5 77
5 82
5 85
5 86
5 87
5 90
5 95
5 98
5 99
6 10
6 27
6 28
6 31
6 33
6 40
6 45
6 52
6 55
6 60
6 61
6 62
6 65
6 66
6 67
6 72
6 76
6 77
6 85
6 92
6 93
6 94
6 99
7 9
7 19
7 23
7 25
7 35
7 40
7 45
7 51
7 55
7 56
7 64
7 68
7 69
7 72
7 78
7 79
7 80
7 82
7 91
7 98
8 12
8 16
8 18
8 24
8 27
8 29
8 32
8 34
8 35
8 49
8 54
8 55
8 59
8 64
8 70
8 77
8 78
8 80
8 83
8 86
8 87
8 89
8 91
8 92
8 93
8 97
9 17
9 18
9 21
9 24
9 28
9 31
9 37
9 38
9 41
9 43
9 44
9 49
9 50
9 56
9 63
9 65
9 66
9 68
9 77
9 87
9 89
9 90
9 91
9 92
9 93
9 94
9 98
10 15
10 20
10 22
10 24
10 26
10 27
10 28
10 30
10 37
10 39
10 40
10 41
10 42
10 46
10 47
10 54
10 58
10 59
10 62
10 64
10 66
10 74
10 88
10 90
10 92
10 93
10 95
10 96
10 97
11 16
11 20
11 25
11 30
11 32
11 37
11 45
11 47
11 48
11 50
11 51
11 56
11 62
11 63
11 65
11 70
11 72
11 74
11 77
11 78
11 79
11 80
11 83
11 90
11 91
11 92
11 98
11 99
12 16
12 20
12 28
12 37
12 45
12 55
12 56
12 57
12 60
12 63
12 68
12 70
12 75
12 83
12 84
12 85
12 87
12 94
12 95
12 97
13 15
13 16
13 17
13 22
13 24
13 27
13 28
13 31
13 32
13 37
13 39
13 41
13 42
13 47
13 52
13 53
13 57
13 61
13 65
13 66
13 69
13 71
13 72
13 73
13 75
13 76
13 77
13 80
13 84
13 85
13 88
13 93
13 97
14 17
14 19
14 23
14 26
14 29
14 36
14 40
14 43
14 47
14 48
14 58
14 60
14 63
14 66
14 68
14 69
14 71
14 76
14 78
14 80
14 82
14 85
14 93
14 98
15 18
15 21
15 22
15 25
15 32
15 35
15 40
15 41
15 44
15 48
15 49
15 52
15 54
15 56
15 59
15 60
15 62
15 64
15 66
15 72
15 73
15 79
15 80
15 83
15 87
15 93
15 96
15 98
15 99
16 21
16 26
16 27
16 30
16 32
16 34
16 47
16 48
16 53
16 54
16 55
16 65
16 68
16 71
16 72
16 73
16 75
16 77
16 78
16 79
16 80
16 81
16 83
16 91
16 96
16 98
17 24
17 26
17 29
17 35
17 45
17 47
17 51
17 57
17 60
17 61
17 64
17 65
17 69
17 75
17 76
17 77
17 80
17 81
17 83
17 86
17 91
17 96
18 19
18 21
18 22
18 27
18 30
18 35
18 37
18 38
18 45
18 47
18 50
18 56
18 57
18 61
18 62
18 74
18 75
18 77
18 80
18 83
18 85
18 87
18 93
18 96
19 20
19 21
19 26
19 28
19 29
19 36
19 38
19 42
19 46
19 49
19 56
19 62
19 66
19 67
19 70
19 75
19 78
19 80
19 85
19 86
19 94
19 96
20 23
20 26
20 28
20 31
20 34
20 35
20 37
20 38
20 39
20 41
20 45
20 48
20 49
20 53
20 55
20 56
20 57
20 64
20 65
20 66
20 70
20 77
20 83
20 85
20 92
20 93
20 94
20 97
20 99
21 22
21 23
21 26
21 29
21 38
21 46
21 50
21 54
21 55
21 56
21 57
21 60
21 61
21 68
21 69
21 75
21 77
21 78
21 85
21 88
21 95
21 96
21 98
22 23
22 27
22 28
22 33
22 35
22 36
22 43
22 44
22 49
22 58
22 61
22 62
22 67
22 68
22 73
22 74
22 78
22 81
22 83
22 86
22 88
22 89
22 90
22 93
22 94
22 95
22 96
22 97
23 27
23 30
23 32
23 34
23 42
23 49
23 51
23 57
23 58
23 59
23 61
23 69
23 70
23 71
23 76
23 80
23 82
23 85
23 92
23 98
23 99
24 25
24 28
24 36
24 38
24 40
24 41
24 46
24 59
24 67
24 68
24 69
24 71
24 72
24 76
24 79
24 81
24 83
24 87
24 88
24 91
24 92
24 97
25 26
25 27
25 32
25 36
25 41
25 43
25 47
25 51
25 54
25 56
25 58
25 62
25 66
25 69
25 70
25 73
25 74
25 77
25 87
25 92
25 93
26 33
26 34
26 37
26 44
26 45
26 48
26 51
26 54
26 58
26 64
26 74
26 75
26 78
26 79
26 80
26 81
26 89
26 95
26 96
26 98
26 99
27 28
27 32
27 33
27 34
27 35
27 37
27 39
27 44
27 49
27 50
27 51
27 52
27 53
27 54
27 55
27 56
27 58
27 63
27 65
27 67
27 69
27 70
27 75
27 76
27 77
27 86
28 29
28 32
28 36
28 37
28 40
28 43
28 47
28 48
28 52
28 53
28 56
28 58
28 59
28 60
28 61
28 64
28 67
28 71
28 74
28 76
28 83
28 85
28 86
28 91
28 93
28 95
28 96
29 32
29 36
29 37
29 40
29 43
29 44
29 52
29 54
29 55
29 59
29 62
29 65
29 66
29 69
29 77
29 78
29 79
29 80
29 86
29 89
29 94
29 96
29 99
30 31
30 33
30 34
30 37
30 40
30 42
30 43
30 44
30 47
30 52
30 59
30 62
30 66
30 69
30 70
30 71
30 78
30 81
30 88
30 90
30 93
30 94
31 32
31 37
31 40
31 44
31 45
31 48
31 51
31 53
31 54
31 59
31 61
31 71
31 72
31 83
31 84
31 89
32 33
32 38
32 45
32 49
32 52
32 60
32 64
32 66
32 69
32 71
32 78
32 89
32 90
32 96
32 98
33 36
33 40
33 44
33 46
33 60
33 63
33 66
33 67
33 68
33 69
33 74
33 75
33 82
33 86
33 98
34 36
34 37
34 48
34 55
34 60
34 61
34 64
34 65
34 67
34 68
34 81
34 86
34 89
34 90
34 91
34 97
34 98
35 36
35 38
35 39
35 40
35 41
35 44
35 45
35 48
35 49
35 61
35 66
35 67
35 70
35 71
35 76
35 79
35 87
35 88
35 89
35 90
35 94
35 97
35 99
36 39
36 40
36 41
36 43
36 56
36 59
36 62
36 64
36 68
36 72
36 78
36 79
36 81
36 84
36 87
36 97
37 38
37 42
37 49
37 52
37 55
37 57
37 59
37 64
37 67
37 69
37 70
37 74
37 78
37 84
37 87
37 91
37 92
37 96
37 97
37 98
38 39
38 42
38 45
38 48
38 52
38 54
38 55
38 57
38 68
38 69
38 70
38 74
38 76
38 80
38 87
38 88
38 92
39 42
39 44
39 46
39 49
39 55
39 56
39 58
39 64
39 73
39 81
39 85
39 88
39 93
39 94
39 97
39 98
40 41
40 42
40 43
40 44
40 49
40 54
40 57
40 59
40 64
40 67
40 68
40 73
40 74
40 85
40 87
40 91
40 93
40 96
40 97
41 47
41 48
41 50
41 52
41 58
41 65
41 66
41 67
41 74
41 79
41 81
41 82
41 84
41 85
41 88
41 91
41 93
41 94
41 96
41 97
42 43
42 46
42 51
42 52
42 54
42 60
42 61
42 62
42 63
42 69
42 70
42 76
42 84
42 85
42 89
42 90
42 97
43 45
43 49
43 50
43 51
43 53
43 56
43 57
43 58
43 59
43 60
43 65
43 66
43 67
43 68
43 69
43 71
43 72
43 73
43 75
43 77
43 79
43 82
43 84
43 88
43 89
43 97
43 98
43 99
44 49
44 50
44 53
44 57
44 61
44 75
44 77
44 85
44 92
44 93
44 94
44 95
44 98
45 51
45 52
45 54
45 60
45 73
45 75
45 77
45 78
45 80
45 83
45 91
45 98
46 47
46 51
46 53
46 62
46 65
46 70
46 73
46 78
46 79
46 83
46 89
46 90
46 92
46 93
46 98
47 49
47 51
47 52
47 54
47 56
47 70
47 71
47 73
47 74
47 75
47 76
47 77
47 80
47 84
47 87
47 88
47 89
47 90
47 93
47 96
47 98
48 50
48 51
48 52
48 55
48 57
48 62
48 64
48 65
48 66
48 68
48 72
48 76
48 82
48 83
48 85
48 88
48 93
48 97
49 51
49 55
49 56
49 57
49 58
49 60
49 62
49 63
49 65
49 67
49 68
49 78
49 84
49 97
50 52
50 55
50 58
50 62
50 65
50 68
50 74
50 80
50 82
50 88
50 96
51 62
51 63
51 65
51 67
51 70
51 71
51 73
51 79
51 81
51 82
51 85
51 93
51 96
51 97
52 60
52 64
52 68
52 69
52 75
52 78
52 80
52 82
52 84
52 87
52 88
52 95
52 98
53 62
53 64
53 69
53 70
53 71
53 73
53 75
53 79
53 81
53 82
53 92
53 94
53 95
53 96
54 59
54 60
54 61
54 74
54 77
54 80
54 84
54 89
54 94
54 99
55 56
55 58
55 60
55 63
55 64
55 65
55 68
55 69
55 70
55 71
55 73
55 76
55 77
55 90
55 92
55 95
55 96
56 59
56 62
56 65
56 80
56 81
56 82
56 85
56 87
56 89
56 92
56 97
56 98
56 99
57 58
57 59
57 60
57 68
57 73
57 74
57 81
57 84
57 85
57 88
57 91
57 96
58 63
58 67
58 69
58 71
58 72
58 74
58 80
58 86
58 88
58 96
59 61
59 62
59 63
59 65
59 67
59 69
59 70
59 75
59 77
59 79
59 88
59 92
59 93
59 96
60 61
60 67
60 69
60 72
60 73
60 75
60 80
60 88
60 90
60 91
60 92
61 63
61 67
61 70
61 73
61 75
61 76
61 81
61 84
61 85
61 87
61 89
61 92
61 93
61 95
61 97
61 99
62 63
62 65
62 66
62 73
62 74
62 75
62 77
62 79
62 81
62 83
62 84
62 85
62 88
62 92
62 94
62 98
63 67
63 72
63 76
63 77
63 78
63 82
63 86
63 88
63 89
63 92
63 94
63 99
64 67
64 72
64 78
64 79
64 83
64 89
64 90
64 91
64 95
64 96
64 97
64 99
65 67
65 72
65 75
65 78
65 83
65 88
66 67
66 72
66 73
66 74
66 76
66 78
66 79
66 80
66 84
66 86
66 89
66 92
66 94
66 95
66 97
67 69
67 71
67 72
67 74
67 75
67 76
67 79
67 80
67 82
67 84
67 85
67 86
67 87
67 89
67 97
67 98
67 99
68 69
68 71
68 74
68 78
68 82
68 91
68 94
68 98
68 99
69 72
69 83
69 89
69 96
70 78
70 81
70 85
70 88
70 92
70 98
71 74
71 76
71 78
71 79
71 84
71 85
71 93
71 95
71 97
72 75
72 77
72 78
72 82
72 83
72 84
72 87
72 90
72 93
72 96
72 98
73 75
73 76
73 77
73 79
73 84
73 85
73 86
73 88
73 90
73 93
73 96
73 97
74 75
74 78
74 86
74 93
74 97
75 82
75 83
75 85
75 86
75 88
75 89
75 92
75 94
75 97
76 87
76 89
76 90
76 97
76 98
77 78
77 79
77 83
77 86
77 88
77 91
77 93
77 96
77 99
78 87
78 89
78 91
78 94
78 95
78 98
79 87
79 90
79 93
79 99
80 81
80 82
80 84
80 86
80 87
80 96
80 97
81 83
81 86
81 92
81 93
81 94
81 95
81 96
82 83
82 84
82 95
82 97
82 98
82 99
83 86
83 88
83 92
83 95
83 96
83 97
83 98
84 86
84 91
84 92
84 93
84 94
84 96
84 99
85 93
85 97
85 98
86 88
86 89
86 92
86 96
87 88
87 92
87 96
88 90
88 93
88 95
88 96
88 97
89 90
89 91
89 93
89 98
89 99
90 91
90 92
90 97
90 98
91 93
91 95
91 96
91 97
91 98
92 94
92 97
92 99
93 94
93 96
93 98
93 99
94 95
94 97
95 98
95 99
96 98
96 99
