0 1
0 2
0 3
0 5
0 7
0 12
0 14
0 16
0 18
0 20
0 22
0 23
0 24
0 25
0 26
0 29
0 30
0 32
0 37
0 40
0 41
0 43
0 44
0 45
0 47
0 52
0 53
0 55
0 57
0 59
0 60
0 62
0 66
0 69
0 70
0 71
0 72
0 75
0 76
0 91
0 94
0 97
0 98
0 99
1 2
1 4
1 5
1 8
1 9
1 12
1 14
1 16
1 19
1 20
1 24
1 28
1 29
1 31
1 37
1 39
1 40
1 41
1 42
1 43
1 44
1 47
1 50
1 51
1 52
1 54
1 59
1 60
1 62
1 63
1 66
1 67
1 70
1 71
1 74
1 77
1 79
1 82
1 84
1 85
1 90
1 96
1 97
1 98
1 99
2 8
2 9
2 11
2 12
2 13
2 14
2 15
2 16
2 19
2 21
2 22
2 23
2 24
2 27
2 29
2 34
2 35
2 36
2 37
2 38
2 40
2 42
2 43
2 44
2 47
2 48
2 57
2 58
2 60
2 64
2 65
2 66
2 67
2 71
2 72
2 77
2 78
2 79
2 80
2 83
2 90
2 93
2 94
2 95
3 13
3 14
3 15
3 16
3 20
3 22
3 25
3 27
3 30
3 32
3 38
3 39
3 41
3 43
3 46
3 55
3 60
3 63
3 65
3 67
3 69
3 73
3 74
3 76
3 82
3 85
3 86
3 87
3 88
3 89
3 92
3 94
3 98
3 99
4 6
4 10
4 13
4 18
4 20
4 21
4 25
4 30
4 31
4 33
4 35
4 39
4 40
4 46
4 48
4 49
4 53
4 54
4 56
4 58
4 59
4 62
4 64
4 66
4 74
4 80
4 83
4 84
4 85
4 88
4 89
4 90
4 93
4 96
4 97
5 6
5 10
5 11
5 14
5 17
5 18
5 19
5 21
5 22
5 23
5 24
5 31
5 34
5 36
5 38
5 44
5 49
5 51
5 52
5 53
5 58
5 64
5 66
5 67
5 70
5 74
5 77
5 80
5 81
5 83
5 85
5 86
5 88
5 89
5 90
5 91
5 94
5 98
5 99
6 7
6 9
6 10
6 12
6 15
6 17
6 19
6 25
6 26
6 32
6 33
6 34
6 35
6 36
6 38
6 39
6 41
6 50
6 51
6 52
6 55
6 57
6 59
6 62
6 64
6 65
6 68
6 72
6 73
6 74
6 75
6 77
6 78
6 80
6 85
6 90
6 91
6 92
7 8
7 11
7 12
7 15
7 19
7 24
7 27
7 28
7 32
7 33
7 36
7 37
7 40
7 42
7 45
7 49
7 50
7 51
7 53
7 54
7 55
7 58
7 60
7 61
7 64
7 71
7 74
7 78
7 79
7 84
7 90
7 91
7 92
7 93
7 94
7 96
8 10
8 11
8 13
8 14
8 16
8 17
8 20
8 22
8 23
8 26
8 29
8 31
8 34
8 37
8 42
8 44
8 45
8 48
8 49
8 50
8 51
8 53
8 57
8 60
8 63
8 64
8 66
8 69
8 70
8 71
8 72
8 78
8 81
8 82
8 84
8 85
8 86
8 89
8 92
8 96
8 98
8 99
9 10
9 13
9 15
9 16
9 17
9 19
9 21
9 22
9 24
9 25
9 30
9 32
9 34
9 36
9 37
9 39
9 43
9 44
9 46
9 47
9 49
9 54
9 56
9 59
9 61
9 67
9 69
9 71
9 74
9 76
9 78
9 84
9 85
9 86
9 93
9 95
9 98
10 11
10 18
10 22
10 23
10 25
10 28
10 30
10 31
10 33
10 38
10 40
10 41
10 42
10 44
10 47
10 50
10 51
10 52
10 54
10 55
10 57
10 59
10 61
10 63
10 64
10 65
10 66
10 69
10 70
10 71
10 78
10 79
10 81
10 83
10 85
10 89
10 92
10 93
10 96
11 19
11 23
11 24
11 28
11 29
11 30
11 34
11 45
11 48
11 50
11 52
11 58
11 61
11 62
11 68
11 69
11 73
11 76
11 77
11 80
11 83
11 85
11 88
11 90
11 93
11 94
11 97
11 98
12 13
12 14
12 17
12 19
12 20
12 23
12 29
12 31
12 33
12 34
12 37
12 45
12 46
12 48
12 49
12 52
12 53
12 55
12 56
12 59
12 60
12 65
12 73
12 74
12 78
12 80
12 83
12 85
12 87
12 88
12 89
12 90
12 92
12 93
12 94
12 98
13 15
13 16
13 18
13 20
13 23
13 24
13 25
13 27
13 29
13 34
13 36
13 45
13 46
13 49
13 50
13 51
13 55
13 56
13 58
13 63
13 65
13 66
13 67
13 68
13 69
13 70
13 72
13 73
13 75
13 77
13 78
13 82
13 83
13 84
13 86
13 91
13 93
13 98
13 99
14 17
14 21
14 23
14 24
14 26
14 27
14 28
14 29
14 31
14 32
14 36
14 37
14 40
14 44
14 46
14 47
14 51
14 53
14 55
14 56
14 59
14 60
14 62
14 63
14 65
14 72
14 82
14 84
14 87
14 93
14 95
14 97
15 17
15 20
15 22
15 23
15 24
15 27
15 29
15 30
15 34
15 35
15 36
15 37
15 39
15 43
15 45
15 46
15 47
15 48
15 51
15 54
15 55
15 63
15 64
15 66
15 67
15 68
15 72
15 73
15 75
15 77
15 78
15 79
15 80
15 82
15 83
15 88
15 89
15 90
15 97
15 99
16 18
16 19
16 20
16 22
16 27
16 29
16 30
16 32
16 33
16 34
16 39
16 42
16 44
16 45
16 46
16 47
16 51
16 52
16 55
16 61
16 64
16 65
16 69
16 71
16 72
16 73
16 74
16 75
16 76
16 79
16 80
16 81
16 82
16 83
16 84
16 85
16 87
16 94
16 98
17 22
17 27
17 29
17 30
17 31
17 32
17 34
17 35
17 37
17 39
17 41
17 42
17 43
17 53
17 55
17 59
17 60
17 63
17 70
17 71
17 74
17 75
17 76
17 78
17 83
17 84
17 85
17 86
17 88
17 89
17 94
17 95
17 97
17 98
18 19
18 20
18 21
18 22
18 26
18 28
18 32
18 33
18 35
18 39
18 42
18 43
18 44
18 45
18 47
18 51
18 55
18 56
18 58
18 63
18 65
18 69
18 74
18 78
18 79
18 80
18 86
18 98
19 34
19 35
19 36
19 37
19 40
19 51
19 55
19 57
19 59
19 63
19 65
19 67
19 68
19 69
19 70
19 72
19 76
19 77
19 78
19 82
19 83
19 84
19 88
19 90
19 92
19 95
19 96
19 98
20 21
20 25
20 26
20 27
20 36
20 38
20 39
20 43
20 47
20 49
20 52
20 54
20 57
20 60
20 61
20 62
20 64
20 65
20 67
20 73
20 74
20 75
20 77
20 79
20 82
20 83
20 86
20 89
21 22
21 28
21 31
21 32
21 33
21 34
21 40
21 41
21 44
21 46
21 48
21 52
21 53
21 56
21 59
21 60
21 63
21 65
21 70
21 72
21 74
21 75
21 81
21 84
21 88
21 89
21 90
22 23
22 26
22 28
22 29
22 33
22 35
22 41
22 44
22 46
22 48
22 51
22 54
22 58
22 61
22 66
22 69
22 70
22 75
22 76
22 77
22 79
22 82
22 83
22 86
22 87
22 88
22 90
22 91
22 92
22 93
22 95
22 97
23 24
23 25
23 27
23 29
23 30
23 31
23 35
23 40
23 41
23 50
23 53
23 55
23 56
23 58
23 62
23 67
23 74
23 75
23 76
23 78
23 79
23 80
23 88
23 91
23 92
23 96
23 97
23 98
24 27
24 28
24 32
24 35
24 36
24 41
24 42
24 43
24 44
24 45
24 46
24 47
24 51
24 54
24 57
24 61
24 63
24 65
24 67
24 68
24 71
24 74
24 75
24 77
24 78
24 84
24 85
24 87
24 88
24 89
24 96
24 98
25 28
25 30
25 31
25 34
25 36
25 37
25 38
25 40
25 41
25 42
25 45
25 46
25 48
25 49
25 50
25 52
25 57
25 60
25 62
25 64
25 67
25 68
25 69
25 70
25 71
25 75
25 76
25 77
25 78
25 79
25 80
25 81
25 82
25 84
25 90
25 91
25 97
25 99
26 35
26 37
26 41
26 44
26 46
26 47
26 50
26 51
26 54
26 56
26 57
26 59
26 61
26 67
26 69
26 70
26 71
26 73
26 78
26 85
26 88
26 90
26 91
26 94
26 95
26 96
26 97
26 98
27 28
27 29
27 30
27 32
27 35
27 36
27 40
27 42
27 43
27 44
27 45
27 47
27 52
27 54
27 55
27 57
27 58
27 59
27 62
27 63
27 65
27 68
27 71
27 72
27 73
27 78
27 80
27 87
27 91
27 97
27 98
28 29
28 30
28 31
28 32
28 33
28 34
28 37
28 38
28 39
28 41
28 42
28 44
28 45
28 48
28 51
28 53
28 54
28 56
28 57
28 58
28 61
28 62
28 63
28 64
28 69
28 72
28 73
28 74
28 76
28 77
28 82
28 84
28 85
28 86
28 87
28 88
28 99
29 30
29 31
29 32
29 34
29 35
29 36
29 42
29 46
29 56
29 57
29 59
29 64
29 65
29 66
29 68
29 75
29 76
29 80
29 81
29 82
29 83
29 84
29 85
29 87
29 89
29 90
29 92
30 32
30 35
30 37
30 42
30 44
30 45
30 48
30 50
30 51
30 55
30 56
30 57
30 58
30 60
30 66
30 69
30 74
30 75
30 76
30 78
30 80
30 81
30 87
30 90
30 96
30 97
31 32
31 33
31 37
31 40
31 41
31 42
31 49
31 50
31 52
31 54
31 56
31 59
31 60
31 62
31 64
31 69
31 71
31 72
31 73
31 77
31 79
31 82
31 85
31 86
31 92
31 97
32 36
32 37
32 45
32 46
32 47
32 51
32 55
32 57
32 58
32 60
32 62
32 66
32 67
32 70
32 76
32 80
32 84
32 86
32 87
32 88
32 94
32 98
33 34
33 37
33 45
33 48
33 49
33 55
33 56
33 58
33 64
33 67
33 69
33 70
33 71
33 72
33 76
33 81
33 83
33 86
33 92
33 93
33 95
33 99
34 36
34 39
34 48
34 49
34 53
34 55
34 65
34 67
34 72
34 73
34 78
34 80
34 81
34 83
34 86
34 87
34 88
34 90
34 91
34 93
34 94
34 96
34 98
35 37
35 38
35 39
35 41
35 43
35 44
35 46
35 48
35 50
35 54
35 56
35 57
35 59
35 61
35 67
35 70
35 71
35 74
35 75
35 79
35 85
35 86
35 90
35 91
35 92
35 93
35 94
35 95
35 96
35 97
35 98
35 99
36 38
36 40
36 46
36 48
36 50
36 51
36 52
36 55
36 58
36 59
36 60
36 66
36 67
36 69
36 73
36 74
36 75
36 77
36 78
36 80
36 81
36 85
36 87
36 88
36 90
36 92
36 93
36 94
36 95
36 97
37 42
37 43
37 44
37 45
37 46
37 47
37 53
37 54
37 55
37 59
37 60
37 61
37 63
37 66
37 67
37 74
37 77
37 78
37 82
37 83
37 86
37 88
37 89
37 90
37 93
37 97
37 99
38 39
38 41
38 48
38 51
38 53
38 59
38 61
38 68
38 73
38 78
38 79
38 80
38 81
38 82
38 83
38 88
38 89
38 90
38 91
38 92
38 95
38 97
38 98
39 40
39 41
39 44
39 46
39 53
39 54
39 55
39 61
39 65
39 68
39 69
39 71
39 72
39 76
39 79
39 81
39 82
39 84
39 85
39 86
39 88
39 89
39 92
39 95
39 99
40 41
40 45
40 49
40 52
40 54
40 55
40 56
40 57
40 58
40 63
40 70
40 71
40 73
40 74
40 75
40 77
40 81
40 84
40 90
40 91
40 95
40 96
40 98
41 43
41 47
41 48
41 49
41 57
41 58
41 64
41 66
41 68
41 69
41 70
41 71
41 73
41 74
41 75
41 77
41 80
41 83
41 84
42 43
42 44
42 47
42 51
42 54
42 56
42 63
42 64
42 65
42 66
42 70
42 73
42 75
42 77
42 78
42 83
42 84
42 85
42 86
42 89
42 90
42 93
42 96
42 98
43 44
43 52
43 55
43 56
43 60
43 62
43 65
43 66
43 67
43 69
43 76
43 79
43 81
43 82
43 83
43 88
43 89
43 90
43 91
43 98
43 99
44 45
44 47
44 50
44 51
44 53
44 56
44 60
44 61
44 62
44 66
44 69
44 74
44 75
44 76
44 78
44 83
44 87
44 88
44 90
44 94
44 95
44 99
45 46
45 48
45 49
45 50
45 54
45 56
45 57
45 59
45 60
45 62
45 63
45 68
45 69
45 70
45 71
45 72
45 73
45 79
45 87
45 88
45 90
45 91
45 94
45 96
45 98
46 49
46 51
46 53
46 56
46 57
46 59
46 62
46 64
46 66
46 69
46 72
46 73
46 74
46 78
46 85
46 86
46 91
46 93
46 94
46 96
46 97
46 99
47 49
47 54
47 61
47 62
47 65
47 66
47 68
47 69
47 70
47 71
47 73
47 75
47 77
47 80
47 81
47 85
47 88
47 89
47 90
47 91
47 92
47 98
48 51
48 53
48 54
48 56
48 57
48 60
48 61
48 63
48 64
48 65
48 68
48 80
48 81
48 83
48 87
48 88
48 89
48 92
48 97
48 98
48 99
49 52
49 56
49 57
49 58
49 59
49 63
49 65
49 67
49 72
49 75
49 85
49 90
49 93
49 97
50 51
50 54
50 57
50 59
50 61
50 63
50 64
50 66
50 67
50 68
50 71
50 73
50 74
50 78
50 82
50 85
50 89
50 93
50 95
50 96
50 99
51 53
51 56
51 58
51 61
51 67
51 68
51 69
51 72
51 78
51 79
51 80
51 84
51 86
51 87
51 88
51 90
51 97
51 99
52 54
52 55
52 57
52 59
52 61
52 63
52 64
52 65
52 69
52 73
52 75
52 76
52 81
52 83
52 84
52 89
52 90
52 92
52 93
52 94
52 95
52 97
52 99
53 54
53 56
53 57
53 61
53 62
53 65
53 67
53 69
53 74
53 79
53 83
53 84
53 85
53 86
53 87
53 93
53 94
53 95
54 55
54 62
54 66
54 67
54 70
54 74
54 77
54 80
54 81
54 83
54 86
54 87
54 88
54 96
54 97
55 57
55 60
55 64
55 65
55 69
55 72
55 78
55 80
55 81
55 85
55 86
55 88
55 92
55 97
55 98
56 61
56 62
56 68
56 69
56 70
56 72
56 77
56 79
56 80
56 82
56 86
56 87
56 89
56 95
56 96
56 97
57 62
57 63
57 65
57 68
57 72
57 77
57 82
57 83
57 85
57 86
57 87
57 88
57 89
57 95
57 98
58 59
58 63
58 64
58 66
58 68
58 69
58 70
58 76
58 81
58 84
59 61
59 62
59 63
59 67
59 68
59 69
59 73
59 74
59 79
59 82
59 85
59 88
59 93
59 95
60 63
60 66
60 68
60 73
60 77
60 78
60 82
60 84
60 90
60 94
60 95
61 62
61 63
61 64
61 72
61 74
61 75
61 77
61 85
61 87
61 88
61 89
61 91
61 93
61 94
61 97
61 98
61 99
62 64
62 67
62 68
62 69
62 73
62 74
62 78
62 79
62 84
62 86
62 89
62 91
62 97
62 98
63 66
63 75
63 76
63 77
63 79
63 80
63 82
63 87
63 88
63 89
63 91
63 92
63 94
63 96
63 97
63 98
64 69
64 73
64 74
64 76
64 78
64 85
64 86
64 89
64 92
64 94
65 67
65 68
65 69
65 70
65 72
65 74
65 76
65 79
65 83
65 85
65 86
65 90
65 92
66 69
66 70
66 74
66 76
66 82
66 83
66 84
66 87
66 88
66 90
66 95
66 98
67 68
67 69
67 70
67 78
67 84
67 95
68 71
68 72
68 73
68 74
68 75
68 78
68 80
68 85
68 90
68 96
68 98
69 72
69 73
69 77
69 81
69 82
69 84
69 87
69 90
69 91
69 96
69 97
69 99
70 71
70 72
70 75
70 76
70 78
70 79
70 81
70 82
70 86
70 87
70 88
70 89
70 90
70 92
71 73
71 74
71 76
71 79
71 80
71 81
71 84
71 86
71 91
71 94
71 95
71 99
72 73
72 75
72 76
72 78
72 79
72 81
72 85
72 86
72 91
72 95
72 96
72 97
73 74
73 76
73 78
73 79
73 80
73 84
73 85
73 86
73 87
73 89
73 94
73 95
73 96
73 97
73 98
74 87
74 95
74 98
75 76
75 82
75 83
75 84
75 86
75 87
75 89
75 91
75 93
75 94
75 98
75 99
76 77
76 84
76 86
76 87
76 89
76 90
76 91
76 93
77 78
77 79
77 80
77 82
77 83
77 86
77 95
77 97
77 99
78 79
78 80
78 83
78 85
78 90
78 93
79 81
79 83
79 84
79 88
79 92
79 98
80 83
80 84
80 88
80 92
80 93
80 97
80 98
81 83
81 84
81 85
81 91
81 98
81 99
82 83
82 85
82 88
82 90
82 91
82 92
82 95
83 84
83 86
83 88
83 91
83 96
84 85
84 86
84 87
84 88
84 90
84 91
84 92
84 93
84 97
84 98
85 92
85 95
86 89
86 92
86 95
86 98
87 90
87 95
87 96
87 97
87 99
88 92
88 97
89 90
89 98
89 99
90 92
90 93
90 97
90 99
91 93
91 96
91 97
92 93
92 95
92 96
92 97
92 98
93 95
93 96
94 97
94 98
95 96
95 97
96 98
