0 2
0 3
0 6
0 9
0 11
0 12
0 21
0 22
0 23
0 27
0 31
0 34
0 36
0 45
0 49
0 52
0 59
0 69
0 70
0 71
0 72
0 74
0 75
0 78
0 92
0 97
0 99
1 2
1 12
1 13
1 14
1 15
1 20
1 24
1 27
1 30
1 32
1 33
1 36
1 40
1 49
1 54
1 55
1 65
1 69
1 73
1 74
1 80
1 81
1 95
1 98
2 4
2 6
2 12
2 16
2 18
2 21
2 22
2 23
2 25
2 32
2 37
2 43
2 44
2 46
2 48
2 49
2 54
2 61
2 63
2 66
2 70
2 82
2 83
2 85
2 88
2 92
3 4
3 5
3 10
3 13
3 19
3 21
3 22
3 32
3 37
3 42
3 45
3 53
3 57
3 65
3 72
3 73
3 76
3 79
3 82
3 83
3 84
3 86
3 87
3 97
4 6
4 8
4 10
4 18
4 19
4 20
4 23
4 25
4 27
4 30
4 33
4 34
4 38
4 44
4 48
4 56
4 61
4 62
4 64
4 66
4 67
4 70
4 74
4 75
4 79
4 82
4 83
4 85
4 86
4 99
5 18
5 19
5 20
5 23
5 26
5 29
5 42
5 44
5 46
5 50
5 51
5 54
5 57
5 58
5 59
5 63
5 69
5 70
5 71
5 72
5 75
5 81
5 83
5 85
5 89
5 93
5 98
6 12
6 14
6 23
6 27
6 28
6 32
6 33
6 36
6 37
6 39
6 48
6 49
6 51
6 52
6 55
6 57
6 62
6 73
6 74
6 79
6 80
6 81
6 83
6 87
6 94
6 97
7 11
7 16
7 17
7 27
7 35
7 39
7 43
7 44
7 51
7 62
7 64
7 65
7 67
7 72
7 74
7 75
7 81
7 91
7 92
7 93
7 94
7 96
7 99
8 10
8 12
8 14
8 22
8 23
8 24
8 25
8 31
8 33
8 34
8 38
8 39
8 42
8 44
8 49
8 52
8 54
8 60
8 61
8 63
8 64
8 66
8 69
8 70
8 77
8 81
8 82
8 84
8 86
8 87
8 88
8 90
8 91
8 92
8 96
8 98
9 11
9 14
9 16
9 18
9 19
9 21
9 28
9 34
9 36
9 37
9 38
9 41
9 43
9 46
9 47
9 53
9 55
9 65
9 69
9 70
9 74
9 75
9 78
9 80
9 89
9 90
9 94
9 98
10 15
10 22
10 23
10 26
10 31
10 40
10 41
10 42
10 46
10 49
10 53
10 54
10 55
10 60
10 61
10 62
10 65
10 66
10 72
10 81
10 82
10 83
10 86
10 87
10 95
10 96
10 97
11 13
11 21
11 22
11 25
11 27
11 30
11 36
11 48
11 49
11 52
11 62
11 63
11 68
11 69
11 79
11 80
11 82
11 83
11 84
11 86
11 88
11 95
11 99
12 16
12 19
12 22
12 24
12 25
12 26
12 31
12 39
12 46
12 49
12 51
12 52
12 53
12 64
12 68
12 71
12 74
12 81
12 83
12 88
12 93
12 96
12 97
13 18
13 20
13 21
13 24
13 28
13 32
13 35
13 38
13 39
13 44
13 45
13 49
13 50
13 51
13 56
13 59
13 61
13 62
13 65
13 67
13 68
13 75
13 78
13 80
13 91
14 25
14 29
14 36
14 41
14 44
14 46
14 56
14 58
14 61
14 63
14 66
14 67
14 74
14 76
14 77
14 78
14 81
14 83
14 85
14 91
14 94
15 17
15 18
15 23
15 24
15 27
15 30
15 31
15 37
15 38
15 40
15 42
15 43
15 44
15 53
15 57
15 61
15 63
15 66
15 72
15 74
15 80
15 81
15 85
15 86
15 88
15 94
15 95
16 18
16 19
16 21
16 26
16 27
16 35
16 37
16 38
16 46
16 48
16 49
16 51
16 53
16 55
16 56
16 57
16 61
16 67
16 68
16 71
16 84
16 87
16 93
16 98
17 18
17 21
17 23
17 25
17 26
17 33
17 35
17 42
17 44
17 48
17 57
17 73
17 77
17 80
17 84
17 88
17 90
17 94
17 95
17 96
17 97
18 25
18 26
18 27
18 36
18 41
18 47
18 49
18 60
18 61
18 65
18 68
18 72
18 73
18 76
18 77
18 78
18 79
18 80
18 83
18 84
18 89
18 92
18 93
18 97
19 20
19 23
19 24
19 32
19 35
19 38
19 40
19 43
19 47
19 48
19 49
19 51
19 53
19 54
19 57
19 61
19 62
19 63
19 68
19 69
19 71
19 73
19 76
19 77
19 78
19 81
19 84
19 85
19 86
19 89
19 90
19 92
19 94
19 95
19 97
20 22
20 23
20 25
20 27
20 28
20 32
20 33
20 37
20 44
20 51
20 56
20 58
20 60
20 62
20 63
20 64
20 65
20 66
20 67
20 68
20 76
20 77
20 79
20 82
20 87
20 92
20 97
21 24
21 26
21 30
21 34
21 41
21 44
21 45
21 52
21 54
21 55
21 66
21 67
21 68
21 71
21 73
21 76
21 77
21 80
21 82
21 83
21 89
21 91
21 93
21 94
21 95
22 30
22 32
22 33
22 34
22 38
22 42
22 43
22 44
22 47
22 50
22 52
22 59
22 74
22 77
22 78
22 79
22 82
22 86
22 89
22 91
22 94
23 27
23 29
23 30
23 31
23 33
23 36
23 37
23 40
23 43
23 47
23 51
23 52
23 57
23 61
23 65
23 66
23 67
23 68
23 70
23 71
23 74
23 75
23 76
23 81
23 85
23 91
23 93
23 96
24 25
24 26
24 27
24 29
24 31
24 36
24 40
24 45
24 61
24 63
24 67
24 70
24 75
24 79
24 85
24 90
24 92
25 30
25 34
25 35
25 39
25 45
25 46
25 50
25 53
25 58
25 71
25 75
25 76
25 78
25 79
25 80
25 81
25 83
25 86
25 89
25 92
25 95
25 97
25 98
26 28
26 29
26 34
26 35
26 37
26 39
26 40
26 45
26 46
26 48
26 54
26 60
26 62
26 63
26 65
26 76
26 77
26 82
26 85
26 93
26 94
26 96
26 98
26 99
27 29
27 31
27 32
27 34
27 40
27 41
27 42
27 49
27 52
27 57
27 58
27 67
27 71
27 76
27 77
27 78
27 84
27 87
27 91
27 93
27 99
28 35
28 38
28 40
28 44
28 47
28 52
28 59
28 65
28 66
28 68
28 70
28 74
28 75
28 76
28 82
28 98
29 30
29 37
29 44
29 46
29 58
29 62
29 65
29 75
29 76
29 79
29 85
29 87
29 88
29 89
30 33
30 44
30 47
30 49
30 53
30 57
30 59
30 65
30 72
30 78
30 80
30 81
30 84
30 87
30 91
30 96
30 97
31 35
31 38
31 42
31 43
31 46
31 48
31 51
31 52
31 62
31 66
31 67
31 69
31 71
31 73
31 84
31 88
31 96
32 33
32 39
32 43
32 45
32 47
32 55
32 58
32 60
32 62
32 63
32 69
32 71
32 72
32 75
32 78
32 82
32 83
32 84
32 85
32 86
32 87
32 90
32 95
32 97
33 34
33 36
33 48
33 59
33 65
33 66
33 69
33 76
33 78
33 85
33 88
33 89
33 90
33 91
33 92
34 38
34 40
34 43
34 47
34 49
34 50
34 52
34 56
34 59
34 70
34 73
34 76
34 80
34 81
34 85
34 88
34 91
34 92
35 38
35 39
35 43
35 47
35 48
35 53
35 62
35 66
35 68
35 72
35 75
35 76
35 84
35 86
35 88
35 89
35 93
35 96
36 48
36 50
36 57
36 59
36 60
36 62
36 65
36 69
36 71
36 74
36 78
36 85
36 89
36 90
36 96
36 98
37 39
37 46
37 48
37 49
37 51
37 56
37 57
37 60
37 62
37 66
37 72
37 76
37 78
37 83
37 87
37 90
37 95
37 96
37 97
37 99
38 41
38 42
38 43
38 49
38 52
38 54
38 56
38 64
38 67
38 68
38 72
38 73
38 77
38 79
38 81
38 82
38 84
38 86
38 87
38 94
38 96
38 98
39 45
39 47
39 51
39 53
39 58
39 59
39 64
39 70
39 73
39 88
39 96
40 41
40 58
40 64
40 65
40 71
40 73
40 79
40 80
40 86
40 90
40 91
40 93
40 94
40 97
40 98
41 45
41 51
41 52
41 53
41 56
41 61
41 66
41 74
41 77
41 82
41 83
41 86
41 97
42 47
42 51
42 54
42 55
42 57
42 62
42 66
42 74
42 75
42 82
42 83
42 85
42 87
42 88
42 89
42 90
42 91
42 92
42 97
42 98
43 53
43 54
43 58
43 59
43 61
43 63
43 71
43 76
43 78
43 82
43 85
43 86
43 89
43 91
43 93
43 97
43 99
44 52
44 53
44 57
44 58
44 59
44 63
44 67
44 68
44 69
44 70
44 71
44 79
44 81
44 87
44 88
44 90
44 92
44 93
44 97
45 49
45 53
45 57
45 58
45 61
45 62
45 68
45 69
45 75
45 76
45 77
45 79
45 81
45 82
45 84
45 86
45 90
45 93
45 94
45 99
46 48
46 52
46 53
46 55
46 62
46 65
46 68
46 71
46 73
46 79
46 82
46 86
46 89
46 91
46 93
47 50
47 55
47 56
47 59
47 61
47 62
47 63
47 68
47 73
47 76
47 78
47 80
47 88
47 90
47 91
47 92
47 95
48 49
48 50
48 51
48 58
48 61
48 62
48 63
48 72
48 73
48 77
48 81
48 86
48 87
48 88
48 89
48 91
48 92
48 97
48 98
49 50
49 55
49 61
49 68
49 70
49 74
49 75
49 76
49 77
49 79
49 82
49 89
49 93
49 95
49 99
50 57
50 58
50 60
50 66
50 69
50 72
50 74
50 75
50 90
50 98
50 99
51 54
51 60
51 69
51 74
51 76
51 79
51 80
51 81
51 82
51 89
51 97
51 98
51 99
52 60
52 61
52 62
52 63
52 65
52 68
52 72
52 73
52 74
52 75
52 76
52 82
52 84
52 85
52 88
52 90
52 92
52 95
52 97
52 98
53 56
53 69
53 73
53 77
53 78
53 79
53 80
53 86
53 87
53 92
53 93
53 94
53 98
54 61
54 64
54 69
54 80
54 83
54 90
54 92
55 58
55 59
55 61
55 63
55 73
55 74
55 75
55 83
55 87
55 88
55 89
55 91
55 94
56 61
56 62
56 73
56 74
56 75
56 79
56 82
56 93
57 59
57 65
57 66
57 72
57 76
57 80
57 83
57 84
57 86
57 90
57 97
57 98
58 64
58 72
58 76
58 78
58 79
58 82
58 83
58 86
58 87
58 89
58 90
58 92
58 93
58 95
58 97
59 71
59 74
59 77
59 81
59 86
59 91
59 92
59 97
59 98
60 68
60 69
60 70
60 72
60 77
60 78
60 81
60 83
60 84
60 85
60 87
60 91
60 92
60 93
60 95
60 96
61 67
61 71
61 74
61 75
61 83
61 91
61 92
61 96
61 97
62 69
62 74
62 75
62 76
62 80
62 86
62 88
62 90
62 91
62 92
62 94
62 95
62 97
62 98
62 99
63 65
63 66
63 67
63 72
63 74
63 75
63 77
63 79
63 81
63 84
63 85
63 87
63 92
63 93
63 95
64 65
64 67
64 68
64 69
64 72
64 73
64 82
64 83
64 87
64 91
64 92
64 93
64 97
64 98
65 66
65 85
65 88
65 92
65 93
65 95
65 97
66 68
66 69
66 73
66 81
66 82
66 83
66 85
66 86
67 71
67 72
67 74
67 75
67 76
67 85
67 87
67 88
67 91
67 95
67 98
68 69
68 73
68 74
68 77
68 83
68 87
68 91
68 98
69 73
69 74
69 84
69 86
69 89
69 95
70 72
70 74
70 78
70 82
70 95
70 99
71 74
71 76
71 78
71 79
71 86
71 88
71 89
71 90
71 95
71 96
71 99
72 74
72 77
72 78
72 80
72 81
72 86
72 88
72 89
72 91
72 93
72 95
73 74
73 80
73 81
73 82
73 83
73 84
73 85
73 87
73 89
73 93
73 96
73 97
73 98
74 75
74 82
74 83
74 84
74 92
74 96
74 98
75 80
75 82
75 84
75 87
75 91
75 92
75 94
75 96
75 99
76 78
76 81
76 84
76 85
76 87
76 89
76 90
76 91
76 95
76 96
76 98
76 99
77 79
77 84
77 86
77 90
77 93
77 97
78 80
78 85
78 86
78 93
78 94
78 95
78 96
78 99
79 80
79 81
79 90
79 93
79 95
79 96
79 98
80 81
80 86
80 89
80 90
80 91
80 92
80 93
80 98
81 82
81 83
81 88
81 91
81 93
81 96
81 97
82 85
82 91
82 95
83 86
83 97
83 98
84 85
84 86
84 87
84 90
84 94
84 95
85 86
85 91
85 95
85 99
86 88
86 89
86 92
86 93
86 95
87 94
87 97
87 98
88 92
88 93
88 94
88 98
88 99
89 90
89 92
89 97
89 98
90 93
90 95
90 97
91 92
91 97
91 98
92 99
93 94
93 96
94 95
94 97
96 98
97 99
