0 1
0 2
0 3
0 4
0 5
0 6
0 7
0 8
0 9
0 11
0 13
0 16
0 17
0 18
0 21
0 22
0 24
0 25
0 26
0 28
0 29
0 31
0 33
0 36
0 38
0 41
0 43
0 46
0 47
0 49
0 51
0 55
0 56
0 59
0 60
0 61
0 62
0 64
0 65
0 67
0 68
0 70
0 72
0 75
0 77
0 79
0 80
0 81
0 83
0 84
0 86
0 87
0 89
0 90
0 93
0 95
0 98
1 2
1 3
1 4
1 6
1 8
1 9
1 11
1 15
1 18
1 21
1 25
1 26
1 27
1 28
1 35
1 36
1 38
1 40
1 41
1 42
1 45
1 53
1 56
1 57
1 67
1 68
1 69
1 71
1 72
1 80
1 81
1 82
1 83
1 84
1 87
1 90
1 91
1 92
1 94
1 95
1 98
2 3
2 4
2 6
2 7
2 8
2 10
2 11
2 12
2 13
2 15
2 17
2 22
2 24
2 28
2 29
2 34
2 36
2 37
2 38
2 40
2 41
2 42
2 45
2 48
2 50
2 51
2 55
2 58
2 61
2 62
2 63
2 64
2 65
2 71
2 72
2 77
2 78
2 79
2 81
2 82
2 84
2 85
2 90
2 94
2 97
2 98
2 99
3 5
3 11
3 12
3 15
3 16
3 18
3 19
3 20
3 23
3 24
3 25
3 26
3 27
3 31
3 33
3 35
3 37
3 38
3 39
3 42
3 43
3 47
3 49
3 51
3 52
3 54
3 55
3 58
3 59
3 62
3 65
3 67
3 68
3 69
3 70
3 72
3 76
3 78
3 81
3 84
3 85
3 86
3 90
3 91
3 93
3 97
3 98
3 99
4 7
4 8
4 9
4 10
4 12
4 13
4 16
4 20
4 22
4 23
4 24
4 27
4 28
4 30
4 31
4 33
4 34
4 35
4 36
4 39
4 40
4 44
4 46
4 47
4 50
4 52
4 53
4 55
4 56
4 57
4 58
4 59
4 63
4 65
4 67
4 69
4 70
4 75
4 77
4 81
4 82
4 83
4 84
4 85
4 86
4 89
4 91
4 92
4 93
4 95
4 96
4 97
4 98
5 7
5 8
5 9
5 14
5 15
5 16
5 17
5 20
5 24
5 25
5 31
5 32
5 33
5 34
5 35
5 36
5 37
5 38
5 41
5 43
5 44
5 46
5 47
5 49
5 52
5 53
5 54
5 55
5 56
5 57
5 58
5 62
5 63
5 65
5 66
5 67
5 68
5 70
5 72
5 73
5 74
5 76
5 77
5 78
5 80
5 82
5 83
5 86
5 92
5 95
5 96
5 97
6 9
6 10
6 12
6 13
6 14
6 17
6 21
6 24
6 28
6 29
6 30
6 31
6 34
6 35
6 36
6 37
6 38
6 40
6 42
6 43
6 46
6 47
6 48
6 52
6 53
6 56
6 60
6 65
6 69
6 72
6 73
6 74
6 75
6 76
6 78
6 82
6 83
6 84
6 88
6 90
6 91
6 92
6 93
6 94
6 95
6 97
6 98
6 99
7 10
7 12
7 13
7 14
7 17
7 18
7 19
7 20
7 23
7 24
7 29
7 32
7 34
7 35
7 36
7 38
7 39
7 40
7 42
7 45
7 46
7 49
7 54
7 55
7 56
7 59
7 61
7 62
7 63
7 65
7 66
7 67
7 68
7 70
7 72
7 76
7 77
7 80
7 84
7 85
7 88
7 89
7 92
7 93
7 95
7 96
7 98
8 10
8 11
8 12
8 13
8 15
8 16
8 17
8 19
8 22
8 24
8 26
8 30
8 31
8 32
8 33
8 34
8 36
8 37
8 39
8 41
8 42
8 43
8 47
8 50
8 52
8 53
8 54
8 59
8 60
8 61
8 67
8 68
8 69
8 72
8 73
8 74
8 76
8 77
8 78
8 80
8 83
8 86
8 87
8 88
8 90
8 91
8 92
8 95
8 99
9 13
9 14
9 15
9 16
9 19
9 25
9 26
9 27
9 31
9 32
9 33
9 35
9 36
9 40
9 43
9 44
9 45
9 46
9 49
9 50
9 52
9 53
9 54
9 57
9 58
9 65
9 66
9 67
9 69
9 74
9 78
9 81
9 83
9 84
9 88
9 89
9 93
9 94
9 98
10 14
10 15
10 20
10 21
10 22
10 23
10 26
10 27
10 29
10 32
10 37
10 40
10 42
10 44
10 49
10 50
10 51
10 52
10 56
10 57
10 58
10 59
10 62
10 63
10 65
10 66
10 67
10 68
10 73
10 75
10 76
10 78
10 79
10 80
10 81
10 88
10 90
10 94
10 95
10 96
10 97
11 12
11 13
11 15
11 16
11 21
11 22
11 24
11 25
11 26
11 27
11 28
11 29
11 30
11 31
11 35
11 38
11 39
11 40
11 41
11 42
11 43
11 45
11 46
11 47
11 53
11 54
11 57
11 58
11 59
11 63
11 64
11 65
11 67
11 68
11 70
11 71
11 73
11 75
11 76
11 77
11 79
11 81
11 84
11 86
11 87
11 88
11 89
11 91
11 92
11 93
11 94
11 97
11 99
12 14
12 18
12 19
12 20
12 21
12 22
12 26
12 28
12 30
12 34
12 36
12 37
12 38
12 41
12 42
12 44
12 47
12 48
12 49
12 51
12 52
12 54
12 55
12 56
12 57
12 58
12 59
12 64
12 65
12 66
12 68
12 69
12 71
12 72
12 74
12 76
12 79
12 81
12 83
12 87
12 88
12 90
12 91
12 94
12 97
13 15
13 16
13 17
13 20
13 21
13 22
13 23
13 24
13 25
13 27
13 28
13 29
13 30
13 31
13 32
13 33
13 34
13 36
13 38
13 40
13 42
13 45
13 48
13 49
13 53
13 54
13 57
13 58
13 59
13 67
13 69
13 70
13 73
13 74
13 75
13 76
13 81
13 83
13 85
13 86
13 89
13 91
13 93
13 94
13 95
13 98
14 16
14 19
14 21
14 22
14 26
14 29
14 30
14 35
14 36
14 37
14 38
14 39
14 44
14 50
14 52
14 54
14 55
14 57
14 58
14 61
14 62
14 64
14 65
14 66
14 67
14 68
14 69
14 71
14 73
14 75
14 79
14 80
14 81
14 83
14 85
14 86
14 88
14 89
14 90
14 91
14 92
14 93
14 94
14 99
15 18
15 19
15 20
15 21
15 23
15 24
15 28
15 29
15 30
15 31
15 32
15 34
15 35
15 37
15 38
15 40
15 41
15 42
15 44
15 45
15 47
15 48
15 49
15 52
15 53
15 54
15 55
15 57
15 58
15 60
15 61
15 63
15 67
15 69
15 70
15 72
15 74
15 75
15 76
15 83
15 85
15 86
15 87
15 88
15 89
15 90
15 93
15 95
15 97
15 98
16 18
16 19
16 22
16 23
16 24
16 25
16 28
16 31
16 34
16 35
16 36
16 38
16 39
16 41
16 42
16 43
16 44
16 47
16 48
16 50
16 51
16 54
16 57
16 58
16 59
16 61
16 63
16 65
16 66
16 71
16 73
16 74
16 75
16 76
16 77
16 78
16 79
16 80
16 81
16 82
16 84
16 87
16 89
16 91
16 92
16 96
16 97
16 99
17 18
17 20
17 21
17 22
17 23
17 24
17 28
17 31
17 32
17 33
17 34
17 36
17 38
17 39
17 40
17 41
17 42
17 46
17 47
17 53
17 54
17 55
17 57
17 58
17 60
17 61
17 63
17 65
17 66
17 68
17 70
17 71
17 73
17 75
17 76
17 77
17 78
17 81
17 88
17 90
17 92
17 93
17 99
18 19
18 21
18 22
18 25
18 28
18 29
18 30
18 31
18 32
18 33
18 35
18 36
18 37
18 39
18 40
18 42
18 44
18 45
18 46
18 47
18 48
18 50
18 51
18 54
18 55
18 57
18 58
18 59
18 60
18 63
18 64
18 66
18 72
18 78
18 79
18 80
18 83
18 87
18 89
18 92
18 98
19 20
19 21
19 22
19 23
19 25
19 28
19 29
19 30
19 31
19 32
19 36
19 37
19 38
19 39
19 42
19 43
19 49
19 50
19 51
19 52
19 53
19 54
19 55
19 56
19 62
19 68
19 69
19 70
19 72
19 73
19 75
19 76
19 79
19 82
19 85
19 86
19 90
19 91
19 92
19 96
19 97
19 98
19 99
20 21
20 26
20 27
20 28
20 32
20 34
20 35
20 36
20 42
20 44
20 45
20 49
20 51
20 52
20 53
20 54
20 57
20 60
20 61
20 62
20 63
20 67
20 68
20 71
20 72
20 73
20 76
20 77
20 78
20 79
20 82
20 83
20 84
20 85
20 88
20 92
20 93
20 95
20 97
20 99
21 22
21 26
21 28
21 29
21 30
21 31
21 32
21 34
21 37
21 38
21 40
21 44
21 45
21 49
21 50
21 52
21 56
21 57
21 61
21 62
21 64
21 65
21 66
21 70
21 71
21 72
21 76
21 77
21 78
21 79
21 80
21 83
21 85
21 87
21 88
21 90
21 93
21 97
22 24
22 27
22 28
22 29
22 30
22 31
22 34
22 36
22 37
22 40
22 41
22 42
22 44
22 46
22 48
22 52
22 54
22 57
22 58
22 60
22 63
22 64
22 67
22 70
22 75
22 77
22 79
22 80
22 82
22 84
22 87
22 93
22 95
22 98
23 24
23 25
23 26
23 28
23 31
23 33
23 35
23 37
23 38
23 41
23 42
23 46
23 47
23 49
23 52
23 53
23 54
23 56
23 62
23 63
23 64
23 66
23 67
23 72
23 74
23 75
23 76
23 77
23 80
23 82
23 84
23 85
23 88
23 89
23 90
23 92
23 94
23 96
23 97
23 98
23 99
24 26
24 27
24 32
24 33
24 34
24 35
24 37
24 41
24 42
24 43
24 44
24 45
24 48
24 51
24 52
24 53
24 55
24 59
24 61
24 63
24 64
24 67
24 71
24 73
24 74
24 75
24 76
24 77
24 83
24 87
24 89
24 91
24 94
24 96
24 97
24 98
25 26
25 28
25 30
25 32
25 34
25 35
25 40
25 41
25 42
25 43
25 45
25 46
25 48
25 49
25 53
25 54
25 56
25 57
25 58
25 59
25 60
25 62
25 66
25 68
25 69
25 70
25 72
25 75
25 76
25 79
25 81
25 82
25 83
25 84
25 86
25 87
25 88
25 92
25 94
25 97
25 98
25 99
26 28
26 30
26 31
26 32
26 33
26 40
26 42
26 44
26 49
26 51
26 52
26 54
26 58
26 59
26 60
26 61
26 63
26 65
26 67
26 70
26 78
26 79
26 80
26 81
26 84
26 87
26 92
26 94
27 29
27 32
27 34
27 35
27 37
27 38
27 41
27 46
27 48
27 51
27 55
27 56
27 58
27 59
27 60
27 61
27 62
27 65
27 66
27 68
27 69
27 71
27 72
27 81
27 87
27 88
27 94
27 98
27 99
28 29
28 31
28 32
28 35
28 36
28 38
28 39
28 40
28 41
28 42
28 44
28 46
28 51
28 52
28 54
28 55
28 56
28 57
28 58
28 63
28 67
28 68
28 70
28 71
28 72
28 73
28 77
28 79
28 80
28 84
28 85
28 86
28 87
28 90
28 92
28 94
28 96
28 97
28 98
28 99
29 30
29 36
29 38
29 39
29 44
29 45
29 47
29 49
29 50
29 51
29 52
29 53
29 54
29 56
29 59
29 60
29 61
29 62
29 64
29 68
29 69
29 71
29 72
29 76
29 77
29 78
29 79
29 82
29 84
29 87
29 88
29 91
29 95
29 98
29 99
30 32
30 35
30 39
30 41
30 42
30 44
30 45
30 46
30 53
30 56
30 57
30 58
30 63
30 67
30 74
30 75
30 77
30 79
30 80
30 82
30 90
30 91
30 94
30 95
30 97
31 33
31 37
31 40
31 41
31 42
31 44
31 45
31 46
31 48
31 50
31 52
31 54
31 56
31 57
31 58
31 60
31 61
31 65
31 66
31 67
31 68
31 69
31 70
31 72
31 76
31 77
31 78
31 79
31 84
31 85
31 87
31 88
31 89
31 91
31 92
31 96
31 97
32 33
32 34
32 35
32 38
32 40
32 43
32 49
32 50
32 51
32 52
32 53
32 54
32 55
32 56
32 59
32 62
32 64
32 66
32 70
32 72
32 73
32 75
32 78
32 82
32 87
32 90
32 95
32 96
32 99
33 34
33 35
33 36
33 37
33 39
33 40
33 43
33 47
33 49
33 51
33 53
33 54
33 59
33 62
33 63
33 66
33 67
33 68
33 69
33 71
33 72
33 73
33 74
33 78
33 79
33 80
33 84
33 85
33 95
34 36
34 37
34 39
34 40
34 48
34 51
34 52
34 53
34 56
34 57
34 58
34 59
34 60
34 61
34 66
34 67
34 68
34 69
34 72
34 76
34 78
34 79
34 80
34 82
34 83
34 85
34 86
34 87
34 90
34 92
34 93
34 94
34 95
35 41
35 43
35 45
35 46
35 48
35 49
35 50
35 52
35 53
35 54
35 57
35 61
35 62
35 65
35 68
35 69
35 74
35 75
35 80
35 81
35 84
35 85
35 86
35 87
35 88
35 90
35 91
35 92
35 94
35 95
35 96
36 40
36 41
36 42
36 43
36 45
36 47
36 48
36 52
36 53
36 54
36 55
36 56
36 57
36 58
36 59
36 61
36 63
36 66
36 67
36 73
36 74
36 76
36 79
36 80
36 83
36 86
36 88
36 90
36 91
36 93
36 94
36 95
36 96
36 97
37 38
37 40
37 41
37 42
37 43
37 45
37 49
37 50
37 51
37 54
37 55
37 57
37 58
37 60
37 62
37 64
37 67
37 68
37 72
37 73
37 74
37 75
37 77
37 79
37 83
37 84
37 87
37 89
37 90
37 91
37 93
37 94
37 95
37 96
38 39
38 41
38 45
38 46
38 50
38 52
38 54
38 55
38 60
38 62
38 64
38 66
38 68
38 70
38 71
38 72
38 73
38 74
38 75
38 76
38 81
38 83
38 84
38 85
38 87
38 89
38 92
38 94
38 95
38 96
39 40
39 44
39 45
39 46
39 50
39 51
39 52
39 53
39 57
39 64
39 66
39 67
39 68
39 69
39 71
39 72
39 75
39 76
39 81
39 83
39 86
39 90
39 92
39 94
39 95
39 96
39 98
39 99
40 42
40 44
40 49
40 50
40 51
40 52
40 53
40 57
40 58
40 60
40 61
40 63
40 68
40 69
40 71
40 72
40 73
40 74
40 76
40 79
40 81
40 82
40 84
40 85
40 87
40 89
40 90
40 93
40 94
40 96
40 99
41 42
41 45
41 46
41 50
41 51
41 52
41 53
41 54
41 55
41 59
41 60
41 62
41 64
41 67
41 68
41 71
41 74
41 75
41 77
41 78
41 79
41 80
41 83
41 84
41 85
41 86
41 87
41 89
41 90
41 91
41 93
41 98
41 99
42 45
42 46
42 47
42 48
42 49
42 52
42 53
42 54
42 56
42 57
42 62
42 67
42 68
42 69
42 70
42 71
42 73
42 74
42 79
42 80
42 81
42 82
42 85
42 87
42 91
42 92
42 93
42 94
42 96
42 97
42 98
43 44
43 48
43 52
43 53
43 54
43 57
43 59
43 60
43 65
43 66
43 67
43 68
43 71
43 73
43 74
43 75
43 77
43 79
43 80
43 81
43 82
43 84
43 85
43 89
43 92
43 93
43 95
43 97
44 47
44 51
44 52
44 53
44 54
44 59
44 60
44 61
44 64
44 66
44 67
44 69
44 71
44 72
44 75
44 77
44 78
44 79
44 80
44 81
44 83
44 84
44 87
44 88
44 89
44 94
44 98
45 46
45 47
45 48
45 49
45 51
45 57
45 60
45 61
45 62
45 63
45 67
45 68
45 72
45 76
45 81
45 82
45 85
45 87
45 88
45 90
45 91
45 93
45 94
45 96
45 98
46 48
46 53
46 54
46 55
46 58
46 60
46 62
46 63
46 65
46 70
46 72
46 75
46 78
46 80
46 83
46 84
46 85
46 86
46 93
46 94
46 96
46 97
46 98
47 48
47 49
47 50
47 55
47 56
47 60
47 61
47 65
47 66
47 67
47 68
47 73
47 74
47 75
47 76
47 78
47 79
47 82
47 85
47 87
47 88
47 89
47 90
47 91
47 93
47 95
47 96
47 97
48 49
48 53
48 54
48 56
48 57
48 58
48 59
48 61
48 62
48 64
48 65
48 66
48 67
48 69
48 72
48 73
48 74
48 75
48 79
48 80
48 81
48 83
48 84
48 85
48 86
48 88
48 90
48 91
48 93
48 94
48 95
48 98
49 51
49 52
49 53
49 56
49 58
49 59
49 62
49 64
49 66
49 72
49 73
49 74
49 83
49 84
49 85
49 88
49 89
49 90
49 92
49 94
49 96
49 98
50 54
50 56
50 57
50 58
50 60
50 62
50 63
50 64
50 67
50 68
50 69
50 70
50 71
50 72
50 73
50 75
50 76
50 82
50 85
50 89
50 91
50 92
50 93
50 95
50 97
50 99
51 52
51 53
51 54
51 59
51 64
51 67
51 68
51 69
51 70
51 71
51 76
51 80
51 81
51 82
51 83
51 84
51 86
51 88
51 89
51 90
51 91
51 92
51 94
51 97
52 53
52 54
52 55
52 58
52 61
52 63
52 64
52 66
52 70
52 71
52 73
52 75
52 76
52 79
52 80
52 81
52 83
52 85
52 86
52 87
52 90
52 94
52 96
52 98
52 99
53 56
53 57
53 58
53 62
53 63
53 64
53 65
53 66
53 70
53 72
53 74
53 76
53 80
53 81
53 83
53 86
53 87
53 88
53 90
53 91
53 94
53 95
53 96
53 97
53 99
54 56
54 57
54 59
54 62
54 65
54 66
54 68
54 69
54 70
54 72
54 75
54 77
54 78
54 79
54 80
54 81
54 82
54 83
54 85
54 86
54 87
54 88
54 92
54 93
54 94
54 95
55 59
55 60
55 62
55 63
55 70
55 71
55 74
55 79
55 81
55 82
55 84
55 86
55 90
55 91
55 92
55 93
55 96
55 97
56 57
56 58
56 60
56 61
56 65
56 68
56 69
56 70
56 73
56 74
56 75
56 78
56 80
56 81
56 82
56 84
56 85
56 86
56 87
56 93
56 95
56 96
56 98
57 58
57 60
57 64
57 68
57 70
57 71
57 72
57 77
57 81
57 85
57 87
57 88
57 89
57 93
57 96
57 99
58 59
58 60
58 62
58 63
58 66
58 69
58 71
58 73
58 74
58 75
58 80
58 84
58 85
58 86
58 88
58 89
58 90
58 91
58 92
58 93
58 94
58 98
58 99
59 62
59 69
59 70
59 74
59 75
59 76
59 78
59 79
59 81
59 82
59 83
59 85
59 86
59 87
59 88
59 90
59 91
59 92
59 94
59 96
59 97
60 63
60 65
60 67
60 68
60 69
60 70
60 71
60 73
60 81
60 83
60 85
60 89
60 92
60 95
60 97
60 98
61 65
61 66
61 67
61 76
61 77
61 78
61 83
61 84
61 85
61 87
61 89
61 91
61 95
61 96
61 97
61 98
61 99
62 64
62 65
62 68
62 70
62 71
62 73
62 75
62 76
62 79
62 80
62 83
62 90
62 93
62 96
62 97
62 98
63 64
63 65
63 66
63 68
63 70
63 72
63 73
63 74
63 76
63 78
63 79
63 82
63 85
63 86
63 88
63 89
63 91
63 92
63 93
63 94
63 95
63 96
63 97
63 98
64 65
64 66
64 69
64 72
64 73
64 74
64 76
64 81
64 82
64 84
64 85
64 87
64 92
64 93
64 94
64 96
64 97
64 99
65 68
65 70
65 72
65 74
65 75
65 76
65 77
65 81
65 82
65 83
65 84
65 87
65 90
65 92
65 94
65 96
65 97
65 98
66 67
66 69
66 74
66 77
66 81
66 82
66 84
66 85
66 87
66 91
66 92
66 93
66 95
66 97
66 98
67 68
67 69
67 71
67 72
67 75
67 78
67 80
67 81
67 83
67 85
67 87
67 91
67 95
67 96
67 97
67 99
68 72
68 75
68 76
68 80
68 81
68 82
68 83
68 85
68 86
68 87
68 88
68 92
68 96
68 98
68 99
69 71
69 73
69 74
69 75
69 76
69 77
69 78
69 80
69 81
69 82
69 84
69 86
69 89
69 90
69 91
69 93
69 95
69 98
69 99
70 73
70 75
70 77
70 78
70 80
70 84
70 87
70 88
70 89
70 90
70 91
70 92
70 94
70 95
70 97
71 73
71 74
71 75
71 78
71 81
71 82
71 83
71 84
71 87
71 88
71 91
71 92
71 94
71 95
71 96
71 98
72 74
72 76
72 78
72 79
72 80
72 81
72 87
72 88
72 89
72 90
72 91
72 93
72 94
72 95
72 99
73 74
73 75
73 79
73 83
73 84
73 85
73 86
73 88
73 90
73 91
73 93
73 95
73 99
74 75
74 78
74 80
74 87
74 89
74 91
74 93
74 95
74 97
74 98
74 99
75 76
75 78
75 82
75 83
75 84
75 85
75 86
75 87
75 91
75 92
75 93
75 94
76 80
76 82
76 83
76 84
76 87
76 88
76 90
76 93
76 94
76 96
76 97
76 99
77 79
77 80
77 81
77 83
77 84
77 87
77 89
77 90
77 92
77 94
77 96
77 99
78 79
78 80
78 81
78 82
78 86
78 87
78 88
78 90
78 91
78 92
78 95
78 96
78 99
79 82
79 83
79 84
79 85
79 86
79 87
79 89
79 91
79 95
79 97
79 98
80 86
80 90
80 92
80 93
80 99
81 88
81 91
81 95
81 98
82 83
82 86
82 88
82 89
82 90
82 95
82 96
82 97
82 98
82 99
83 85
83 87
83 88
83 89
83 90
83 92
83 94
83 95
83 96
83 97
83 98
83 99
84 87
84 88
84 91
84 95
84 97
84 98
85 86
85 87
85 90
85 93
85 95
85 96
85 99
86 89
86 94
86 95
86 99
87 88
87 89
87 91
87 92
87 93
87 94
87 95
87 99
88 89
88 91
88 92
88 93
88 95
88 96
88 97
88 99
89 90
89 91
89 94
90 94
90 96
91 92
91 93
91 95
91 96
91 97
91 98
92 93
92 95
92 99
93 94
93 95
93 96
93 99
94 97
94 99
95 96
95 98
95 99
96 97
96 99
97 98
