0 2
0 7
0 8
0 9
0 10
0 15
0 22
0 25
0 28
0 32
0 41
0 42
0 44
0 45
0 54
0 55
0 56
0 57
0 59
0 61
0 63
0 65
0 72
0 73
0 88
0 89
0 92
0 93
0 99
1 12
1 13
1 15
1 17
1 19
1 22
1 24
1 30
1 33
1 34
1 35
1 36
1 37
1 38
1 39
1 41
1 46
1 48
1 49
1 51
1 53
1 60
1 61
1 62
1 63
1 65
1 69
1 70
1 72
1 76
1 78
1 83
1 87
1 90
1 93
1 96
1 97
1 98
1 99
2 9
2 10
2 11
2 14
2 15
2 18
2 20
2 21
2 22
2 24
2 25
2 26
2 28
2 30
2 33
2 44
2 45
2 46
2 47
2 48
2 54
2 61
2 64
2 65
2 67
2 68
2 69
2 74
2 75
2 80
2 84
2 85
2 86
2 88
2 89
2 95
2 96
2 97
3 12
3 13
3 14
3 25
3 27
3 34
3 40
3 41
3 45
3 59
3 61
3 64
3 65
3 66
3 68
3 71
3 72
3 73
3 86
3 87
3 88
3 92
4 8
4 10
4 11
4 12
4 15
4 17
4 18
4 26
4 29
4 40
4 55
4 59
4 63
4 66
4 69
4 81
4 91
4 92
4 96
5 6
5 10
5 12
5 15
5 16
5 20
5 21
5 23
5 31
5 36
5 37
5 44
5 48
5 49
5 50
5 51
5 52
5 53
5 58
5 60
5 61
5 62
5 69
5 70
5 85
5 90
5 91
5 94
5 98
6 7
6 16
6 21
6 23
6 24
6 31
6 32
6 42
6 43
6 47
6 49
6 50
6 51
6 53
6 61
6 70
6 72
6 73
6 74
6 80
6 82
6 83
6 84
6 87
6 90
6 91
6 99
7 13
7 14
7 15
7 17
7 18
7 21
7 24
7 27
7 28
7 35
7 36
7 37
7 41
7 46
7 54
7 55
7 62
7 66
7 67
7 68
7 73
7 80
7 83
7 86
7 87
7 91
7 92
7 94
7 95
7 99
8 15
8 17
8 25
8 31
8 34
8 38
8 41
8 45
8 46
8 49
8 50
8 57
8 60
8 62
8 63
8 71
8 72
8 76
8 77
8 78
8 85
8 89
8 96
8 97
8 98
8 99
9 10
9 11
9 16
9 17
9 24
9 26
9 27
9 32
9 41
9 42
9 46
9 54
9 55
9 58
9 63
9 65
9 66
9 67
9 68
9 69
9 80
9 83
9 86
9 87
9 88
9 89
9 90
9 94
9 95
10 11
10 15
10 17
10 18
10 19
10 21
10 23
10 26
10 29
10 32
10 33
10 34
10 36
10 40
10 42
10 44
10 49
10 50
10 58
10 60
10 61
10 67
10 68
10 72
10 74
10 75
10 79
10 80
10 83
10 85
10 90
10 92
10 96
10 98
11 16
11 19
11 25
11 27
11 31
11 33
11 42
11 44
11 45
11 46
11 48
11 49
11 55
11 59
11 60
11 62
11 63
11 65
11 67
11 69
11 71
11 76
11 81
11 86
11 87
11 88
11 90
11 95
11 96
11 99
12 13
12 21
12 24
12 27
12 34
12 35
12 37
12 39
12 40
12 44
12 48
12 53
12 63
12 64
12 65
12 67
12 69
12 72
12 73
12 74
12 77
12 83
12 84
12 88
12 92
12 94
12 95
12 99
13 16
13 17
13 25
13 26
13 31
13 33
13 43
13 48
13 60
13 61
13 62
13 67
13 70
13 73
13 74
13 79
13 84
13 85
13 87
13 90
13 94
13 98
13 99
14 17
14 18
14 26
14 28
14 29
14 35
14 36
14 40
14 42
14 47
14 51
14 55
14 56
14 60
14 63
14 66
14 70
14 72
14 75
14 76
14 80
14 82
14 85
14 88
14 89
14 90
14 94
15 16
15 27
15 35
15 36
15 39
15 40
15 42
15 44
15 46
15 51
15 54
15 55
15 60
15 63
15 65
15 69
15 74
15 75
15 89
15 91
15 93
16 18
16 20
16 25
16 26
16 34
16 35
16 44
16 48
16 53
16 59
16 60
16 64
16 66
16 73
16 74
16 76
16 78
16 80
16 81
16 84
16 85
16 88
16 90
16 91
16 95
16 97
17 23
17 25
17 27
17 33
17 42
17 44
17 48
17 55
17 60
17 61
17 63
17 64
17 66
17 70
17 74
17 77
17 79
17 80
17 82
17 84
17 88
17 97
17 99
18 19
18 24
18 32
18 36
18 37
18 46
18 47
18 48
18 49
18 50
18 51
18 54
18 56
18 57
18 66
18 67
18 70
18 71
18 72
18 73
18 85
18 88
18 89
18 97
19 21
19 24
19 28
19 33
19 36
19 39
19 43
19 47
19 49
19 52
19 56
19 58
19 64
19 75
19 78
19 80
19 86
19 88
19 89
19 96
19 99
20 22
20 25
20 43
20 45
20 46
20 54
20 58
20 62
20 64
20 67
20 69
20 73
20 77
20 80
20 81
20 92
20 93
20 99
21 23
21 25
21 32
21 33
21 35
21 40
21 65
21 67
21 68
21 70
21 77
21 79
21 83
21 84
21 85
21 86
21 87
21 92
21 97
22 23
22 30
22 37
22 40
22 41
22 43
22 48
22 49
22 51
22 57
22 58
22 63
22 64
22 65
22 71
22 72
22 74
22 75
22 76
22 78
22 79
22 80
22 85
22 87
22 89
22 92
22 96
22 99
23 25
23 26
23 31
23 33
23 39
23 40
23 42
23 43
23 44
23 45
23 50
23 55
23 59
23 60
23 69
23 79
23 83
23 84
23 85
23 86
23 87
23 88
23 97
24 26
24 29
24 46
24 48
24 49
24 51
24 53
24 55
24 57
24 64
24 66
24 67
24 69
24 70
24 71
24 73
24 75
24 78
24 79
24 82
24 83
24 85
24 89
24 96
24 98
25 26
25 29
25 31
25 32
25 38
25 45
25 50
25 51
25 58
25 61
25 62
25 63
25 64
25 68
25 69
25 80
25 86
25 87
25 90
25 93
25 98
26 27
26 34
26 35
26 45
26 48
26 50
26 52
26 57
26 59
26 60
26 63
26 66
26 71
26 79
26 80
26 84
26 88
26 94
27 29
27 36
27 39
27 42
27 51
27 52
27 58
27 68
27 69
27 70
27 71
27 73
27 75
27 77
27 79
27 81
27 89
27 90
27 91
27 92
27 95
27 99
28 35
28 36
28 38
28 44
28 50
28 52
28 60
28 66
28 70
28 72
28 79
28 80
28 93
28 94
28 98
29 32
29 34
29 36
29 39
29 47
29 48
29 51
29 52
29 57
29 65
29 66
29 72
29 80
29 83
29 86
29 87
29 88
29 94
30 31
30 36
30 53
30 55
30 57
30 58
30 60
30 62
30 67
30 71
30 79
30 81
30 83
30 86
30 92
31 46
31 48
31 49
31 52
31 53
31 56
31 57
31 58
31 60
31 62
31 63
31 67
31 75
31 76
31 89
31 93
31 99
32 33
32 34
32 36
32 40
32 41
32 42
32 44
32 45
32 49
32 58
32 60
32 62
32 65
32 69
32 72
32 73
32 75
32 81
32 84
32 86
32 89
32 90
32 91
32 93
33 38
33 44
33 46
33 48
33 55
33 60
33 67
33 76
33 78
33 79
33 87
33 95
34 37
34 38
34 43
34 46
34 49
34 50
34 53
34 58
34 59
34 61
34 66
34 67
34 68
34 70
34 73
34 74
34 76
34 78
34 80
34 82
34 91
35 36
35 37
35 38
35 43
35 46
35 52
35 58
35 59
35 61
35 63
35 65
35 66
35 67
35 69
35 75
35 77
35 84
35 86
35 93
35 99
36 37
36 41
36 45
36 47
36 48
36 51
36 52
36 53
36 57
36 58
36 59
36 61
36 64
36 68
36 69
36 70
36 78
36 80
36 82
36 83
36 84
36 85
36 88
36 91
36 97
37 38
37 42
37 45
37 50
37 51
37 57
37 59
37 60
37 62
37 69
37 78
37 82
37 92
37 95
37 98
38 41
38 42
38 46
38 47
38 50
38 52
38 54
38 55
38 56
38 58
38 63
38 65
38 66
38 71
38 72
38 86
38 87
38 88
38 89
38 90
38 92
38 93
38 94
38 95
38 97
38 98
39 46
39 49
39 51
39 60
39 62
39 69
39 72
39 75
39 76
39 77
39 80
39 81
39 82
39 84
39 88
39 93
39 94
39 96
39 98
40 43
40 45
40 48
40 50
40 57
40 59
40 60
40 67
40 68
40 71
40 74
40 77
40 81
40 85
40 87
40 90
40 92
41 42
41 43
41 48
41 49
41 56
41 57
41 59
41 60
41 66
41 67
41 70
41 74
41 81
41 87
41 91
41 92
41 96
42 46
42 47
42 52
42 56
42 62
42 65
42 73
42 79
42 81
42 82
42 92
42 94
42 98
43 53
43 59
43 61
43 64
43 65
43 67
43 69
43 72
43 78
43 79
43 81
43 86
43 87
43 96
44 45
44 49
44 50
44 51
44 52
44 55
44 56
44 57
44 58
44 59
44 64
44 65
44 67
44 90
45 48
45 49
45 52
45 56
45 61
45 66
45 67
45 73
45 74
45 75
45 79
45 83
45 84
45 85
45 87
45 88
45 94
45 95
45 96
46 48
46 52
46 53
46 57
46 58
46 66
46 67
46 70
46 71
46 74
46 75
46 77
46 80
46 82
46 84
46 85
46 92
46 93
46 98
47 53
47 55
47 56
47 59
47 60
47 66
47 69
47 74
47 77
47 78
47 85
47 86
47 89
47 92
48 49
48 52
48 54
48 61
48 64
48 66
48 67
48 74
48 79
48 83
48 88
48 89
48 91
48 97
48 98
48 99
49 50
49 53
49 54
49 58
49 63
49 65
49 69
49 73
49 76
49 82
49 85
49 87
49 95
49 97
50 54
50 65
50 71
50 75
50 79
50 82
50 83
50 84
50 92
50 96
50 99
51 53
51 56
51 65
51 66
51 69
51 71
51 72
51 73
51 75
51 76
51 83
51 85
51 98
52 53
52 54
52 66
52 67
52 68
52 72
52 73
52 76
52 77
52 85
52 86
52 88
52 95
52 98
52 99
53 54
53 56
53 62
53 64
53 70
53 72
53 73
53 79
53 80
53 82
53 87
53 91
53 99
54 56
54 61
54 71
54 73
54 75
54 76
54 81
54 85
54 88
54 89
54 94
54 95
55 56
55 61
55 69
55 75
55 81
55 85
55 87
55 91
55 92
55 94
56 57
56 62
56 70
56 76
56 79
56 84
56 86
56 90
56 92
56 97
56 99
57 61
57 62
57 64
57 68
57 69
57 75
57 77
57 82
57 88
57 89
57 90
57 92
57 93
57 99
58 59
58 60
58 66
58 67
58 70
58 75
58 76
58 78
58 82
58 87
58 90
58 91
58 94
59 63
59 65
59 72
59 78
59 84
59 86
59 89
59 94
59 97
60 61
60 71
60 80
60 81
60 82
60 85
60 86
60 89
60 90
60 93
60 99
61 62
61 65
61 66
61 67
61 71
61 77
61 81
61 85
61 93
61 94
61 96
61 97
62 63
62 65
62 68
62 70
62 74
62 75
62 78
62 79
62 86
62 93
62 96
62 97
63 64
63 66
63 68
63 70
63 74
63 75
63 78
63 80
63 87
63 92
63 97
64 66
64 69
64 70
64 72
64 76
64 77
64 79
64 81
64 88
64 91
64 93
64 94
64 97
65 67
65 69
65 71
65 72
65 75
65 77
65 79
65 83
65 86
65 91
65 96
65 98
65 99
66 67
66 74
66 75
66 76
66 78
66 79
66 90
66 95
66 96
66 99
67 70
67 75
67 76
67 80
67 82
67 89
67 92
67 93
67 94
67 95
68 74
68 78
68 79
68 80
68 83
68 86
68 98
69 71
69 74
69 75
69 79
69 84
69 93
69 95
70 72
70 74
70 79
70 87
70 88
70 93
71 79
71 83
71 84
71 85
71 88
71 91
71 96
72 73
72 74
72 75
72 77
72 81
72 87
72 88
72 89
72 90
72 91
72 94
72 96
72 99
73 76
73 80
73 81
73 85
73 93
73 96
73 98
73 99
74 79
74 84
74 85
74 91
74 97
75 77
75 81
75 83
75 86
75 88
75 98
76 78
76 82
76 83
76 92
76 94
76 96
77 78
77 79
77 80
77 85
77 88
77 91
77 92
77 93
77 94
77 95
77 96
78 79
78 88
78 90
78 93
78 96
78 98
78 99
79 90
80 83
80 84
80 87
80 95
80 96
80 98
81 82
81 85
81 87
81 89
81 93
81 94
81 96
81 99
82 92
82 96
82 99
83 94
83 97
84 87
84 91
84 94
85 87
85 91
85 92
85 98
86 87
86 89
86 94
86 97
86 99
87 88
87 99
88 89
88 91
88 92
88 95
88 98
88 99
89 90
89 91
89 93
89 94
90 94
91 95
91 96
91 99
92 96
92 97
93 96
93 97
93 98
94 95
94 97
95 99
96 97
96 99
