0 1
0 3
0 5
0 7
0 8
0 12
0 15
0 21
0 35
0 39
0 41
0 43
0 44
0 53
0 54
0 56
0 58
0 64
0 68
0 69
0 73
0 74
0 75
0 77
0 81
0 82
0 83
0 84
0 85
0 88
0 90
0 91
0 92
0 96
0 97
0 98
0 99
1 3
1 4
1 6
1 7
1 10
1 12
1 13
1 18
1 20
1 21
1 29
1 30
1 33
1 38
1 41
1 42
1 43
1 44
1 45
1 50
1 51
1 54
1 57
1 60
1 67
1 69
1 70
1 71
1 72
1 74
1 75
1 80
1 83
1 85
1 88
1 89
1 91
2 4
2 6
2 7
2 8
2 9
2 10
2 12
2 14
2 20
2 22
2 24
2 25
2 27
2 32
2 37
2 38
2 39
2 42
2 46
2 51
2 53
2 54
2 58
2 59
2 61
2 62
2 65
2 66
2 67
2 68
2 69
2 74
2 80
2 81
2 85
2 88
2 90
2 92
2 93
2 95
2 97
3 5
3 7
3 8
3 9
3 10
3 11
3 14
3 23
3 24
3 25
3 28
3 33
3 34
3 37
3 40
3 43
3 46
3 47
3 51
3 56
3 58
3 61
3 62
3 64
3 68
3 70
3 74
3 75
3 76
3 77
3 78
3 81
3 82
3 84
3 87
3 89
3 90
3 93
3 95
3 96
3 98
4 6
4 10
4 11
4 13
4 14
4 18
4 19
4 22
4 25
4 28
4 31
4 33
4 35
4 36
4 37
4 43
4 45
4 47
4 50
4 51
4 52
4 54
4 55
4 57
4 59
4 61
4 62
4 63
4 64
4 65
4 67
4 68
4 72
4 74
4 78
4 79
4 81
4 82
4 85
4 86
4 88
4 92
4 93
4 94
4 96
4 97
5 12
5 13
5 14
5 17
5 18
5 23
5 25
5 32
5 33
5 35
5 36
5 38
5 41
5 45
5 46
5 47
5 48
5 49
5 52
5 55
5 58
5 59
5 61
5 62
5 63
5 64
5 67
5 72
5 73
5 74
5 76
5 79
5 81
5 83
5 87
5 89
5 90
5 97
5 98
5 99
6 7
6 8
6 10
6 12
6 13
6 16
6 21
6 23
6 24
6 26
6 27
6 30
6 32
6 33
6 35
6 37
6 38
6 39
6 41
6 43
6 44
6 46
6 52
6 53
6 56
6 58
6 59
6 60
6 62
6 70
6 75
6 76
6 77
6 80
6 83
6 84
6 95
6 96
6 99
7 8
7 9
7 11
7 12
7 13
7 15
7 16
7 17
7 19
7 21
7 26
7 31
7 32
7 43
7 46
7 48
7 50
7 52
7 53
7 54
7 55
7 64
7 65
7 70
7 71
7 72
7 73
7 74
7 77
7 79
7 81
7 86
7 87
7 89
7 92
7 93
7 96
7 99
8 13
8 17
8 18
8 20
8 24
8 27
8 28
8 29
8 30
8 31
8 34
8 35
8 37
8 40
8 41
8 48
8 59
8 60
8 62
8 66
8 79
8 80
8 81
8 82
8 83
8 84
8 85
8 88
8 89
8 91
8 93
8 94
8 95
9 12
9 13
9 16
9 17
9 19
9 20
9 24
9 28
9 29
9 33
9 34
9 36
9 39
9 42
9 43
9 44
9 45
9 48
9 49
9 54
9 55
9 56
9 58
9 61
9 65
9 70
9 71
9 75
9 76
9 79
9 81
9 83
9 88
9 89
9 91
9 92
9 98
9 99
10 11
10 12
10 15
10 17
10 19
10 23
10 26
10 29
10 30
10 32
10 33
10 36
10 37
10 38
10 39
10 45
10 46
10 47
10 48
10 49
10 51
10 54
10 59
10 62
10 67
10 72
10 75
10 78
10 80
10 81
10 82
10 84
10 87
10 88
10 92
10 95
10 96
10 97
10 98
11 14
11 15
11 19
11 21
11 25
11 28
11 29
11 32
11 35
11 36
11 42
11 45
11 46
11 48
11 51
11 52
11 59
11 60
11 69
11 70
11 71
11 72
11 77
11 78
11 80
11 82
11 85
11 86
11 88
11 92
11 93
11 97
11 99
12 16
12 17
12 25
12 26
12 27
12 31
12 33
12 35
12 37
12 44
12 46
12 49
12 56
12 57
12 59
12 60
12 61
12 62
12 64
12 65
12 66
12 68
12 72
12 74
12 75
12 77
12 78
12 79
12 80
12 81
12 84
12 86
12 87
12 88
12 89
12 90
12 92
12 95
12 96
12 99
13 14
13 16
13 17
13 22
13 23
13 24
13 28
13 32
13 36
13 37
13 39
13 40
13 43
13 45
13 48
13 50
13 54
13 58
13 61
13 64
13 66
13 67
13 75
13 77
13 83
13 87
13 89
13 91
13 93
13 94
13 95
13 97
13 99
14 17
14 19
14 20
14 21
14 24
14 25
14 27
14 31
14 38
14 40
14 41
14 42
14 45
14 46
14 48
14 52
14 56
14 57
14 60
14 62
14 63
14 68
14 70
14 73
14 75
14 77
14 79
14 82
14 83
14 86
14 89
14 91
14 92
14 94
14 95
14 97
14 99
15 17
15 19
15 21
15 26
15 29
15 33
15 35
15 48
15 53
15 56
15 57
15 59
15 61
15 62
15 63
15 67
15 70
15 72
15 73
15 74
15 75
15 76
15 77
15 78
15 79
15 80
15 84
15 86
15 87
15 89
15 90
15 91
15 97
16 18
16 21
16 22
16 24
16 25
16 33
16 34
16 35
16 37
16 43
16 45
16 47
16 49
16 53
16 61
16 62
16 63
16 64
16 67
16 68
16 70
16 74
16 75
16 76
16 78
16 79
16 82
16 83
16 84
16 90
16 91
16 92
16 93
16 98
17 20
17 21
17 23
17 27
17 31
17 32
17 40
17 41
17 43
17 47
17 51
17 54
17 55
17 56
17 59
17 60
17 62
17 68
17 69
17 71
17 72
17 76
17 78
17 80
17 81
17 82
17 84
17 89
17 92
17 93
18 19
18 21
18 23
18 32
18 33
18 34
18 35
18 36
18 40
18 41
18 43
18 45
18 48
18 55
18 56
18 58
18 59
18 61
18 62
18 63
18 65
18 67
18 69
18 72
18 73
18 75
18 76
18 77
18 80
18 82
18 85
18 90
18 92
18 96
19 20
19 28
19 29
19 30
19 31
19 33
19 35
19 38
19 39
19 43
19 46
19 48
19 50
19 54
19 55
19 56
19 60
19 63
19 70
19 71
19 72
19 73
19 75
19 76
19 77
19 79
19 80
19 82
19 87
19 88
19 90
19 92
19 93
19 95
19 97
19 98
20 23
20 24
20 26
20 27
20 28
20 29
20 33
20 35
20 40
20 42
20 45
20 47
20 48
20 51
20 53
20 54
20 55
20 59
20 60
20 61
20 62
20 65
20 71
20 72
20 77
20 78
20 79
20 86
20 87
20 89
20 93
20 94
20 95
21 22
21 26
21 27
21 28
21 30
21 32
21 34
21 35
21 38
21 43
21 45
21 46
21 48
21 51
21 56
21 58
21 59
21 60
21 62
21 63
21 69
21 74
21 78
21 81
21 85
21 90
21 92
21 93
21 99
22 24
22 26
22 30
22 31
22 36
22 42
22 44
22 46
22 48
22 50
22 51
22 55
22 57
22 59
22 62
22 63
22 66
22 71
22 75
22 77
22 78
22 80
22 82
22 83
22 88
22 90
22 96
22 99
23 24
23 26
23 32
23 34
23 39
23 41
23 45
23 47
23 49
23 50
23 51
23 52
23 53
23 55
23 56
23 60
23 61
23 62
23 65
23 67
23 68
23 69
23 70
23 74
23 80
23 82
23 85
23 88
23 89
23 95
23 98
24 27
24 32
24 33
24 38
24 40
24 42
24 46
24 50
24 51
24 54
24 56
24 60
24 62
24 67
24 71
24 73
24 75
24 78
24 81
24 82
24 85
24 88
24 93
24 95
24 96
24 97
25 28
25 32
25 33
25 35
25 36
25 38
25 39
25 45
25 47
25 48
25 50
25 52
25 53
25 54
25 57
25 61
25 62
25 63
25 65
25 70
25 71
25 73
25 74
25 75
25 76
25 78
25 79
25 80
25 82
25 83
25 84
25 87
25 89
25 90
25 91
25 92
25 96
26 27
26 28
26 32
26 33
26 35
26 38
26 40
26 43
26 46
26 48
26 50
26 51
26 54
26 55
26 60
26 63
26 67
26 68
26 72
26 74
26 80
26 83
26 84
26 86
26 87
26 91
26 93
26 94
26 96
26 97
26 98
27 28
27 29
27 32
27 33
27 35
27 38
27 45
27 46
27 51
27 52
27 54
27 55
27 56
27 58
27 59
27 60
27 64
27 66
27 67
27 70
27 71
27 72
27 76
27 78
27 79
27 80
27 81
27 85
27 90
27 91
27 92
27 95
27 96
27 97
28 29
28 31
28 33
28 38
28 39
28 43
28 47
28 50
28 57
28 58
28 59
28 60
28 61
28 62
28 63
28 66
28 67
28 71
28 72
28 76
28 77
28 81
28 82
28 83
28 85
28 87
28 89
28 91
28 94
28 98
28 99
29 32
29 34
29 35
29 36
29 39
29 43
29 46
29 49
29 53
29 55
29 57
29 58
29 59
29 62
29 63
29 65
29 68
29 69
29 70
29 71
29 73
29 74
29 75
29 77
29 80
29 81
29 83
29 84
29 86
29 87
29 88
29 93
29 95
29 96
29 98
29 99
30 34
30 37
30 38
30 39
30 42
30 43
30 49
30 56
30 59
30 63
30 66
30 68
30 69
30 70
30 73
30 74
30 75
30 76
30 77
30 78
30 79
30 81
30 82
30 89
30 90
30 93
30 95
30 96
30 98
30 99
31 32
31 37
31 39
31 40
31 42
31 55
31 56
31 57
31 59
31 61
31 62
31 68
31 70
31 71
31 78
31 80
31 81
31 89
31 93
31 94
31 96
32 34
32 35
32 40
32 44
32 45
32 47
32 49
32 51
32 52
32 56
32 58
32 59
32 61
32 64
32 67
32 68
32 71
32 73
32 74
32 78
32 79
32 82
32 83
32 84
32 90
32 93
32 96
32 97
32 98
33 35
33 37
33 39
33 42
33 43
33 46
33 51
33 52
33 54
33 59
33 63
33 64
33 67
33 70
33 71
33 72
33 73
33 74
33 75
33 78
33 80
33 81
33 93
33 94
33 95
33 96
33 97
34 38
34 39
34 40
34 42
34 44
34 50
34 51
34 52
34 55
34 56
34 57
34 59
34 60
34 61
34 64
34 65
34 66
34 67
34 73
34 74
34 77
34 79
34 80
34 82
34 83
34 86
34 89
34 90
34 99
35 37
35 38
35 43
35 48
35 51
35 54
35 55
35 56
35 58
35 63
35 64
35 67
35 68
35 72
35 73
35 75
35 80
35 81
35 83
35 84
35 86
35 87
35 88
35 94
35 96
35 97
35 99
36 37
36 45
36 47
36 48
36 51
36 52
36 53
36 54
36 56
36 57
36 60
36 63
36 64
36 68
36 69
36 70
36 71
36 73
36 74
36 76
36 78
36 80
36 82
36 84
36 90
36 91
36 92
36 93
36 96
36 99
37 39
37 40
37 42
37 43
37 47
37 49
37 50
37 52
37 54
37 55
37 64
37 66
37 67
37 68
37 72
37 78
37 79
37 81
37 86
37 96
37 99
38 42
38 48
38 49
38 50
38 54
38 59
38 64
38 66
38 69
38 70
38 72
38 74
38 78
38 81
38 83
38 87
38 93
38 94
38 97
39 42
39 43
39 45
39 47
39 52
39 53
39 56
39 57
39 62
39 63
39 65
39 67
39 77
39 78
39 79
39 84
39 85
39 86
39 89
39 90
39 92
39 97
39 99
40 42
40 43
40 44
40 46
40 48
40 49
40 50
40 52
40 56
40 57
40 58
40 59
40 60
40 62
40 65
40 66
40 73
40 76
40 78
40 79
40 80
40 81
40 84
40 88
40 89
40 92
40 94
40 96
41 42
41 44
41 45
41 46
41 56
41 62
41 65
41 67
41 68
41 69
41 76
41 80
41 81
41 85
41 89
41 92
41 96
41 97
41 98
42 46
42 47
42 53
42 60
42 66
42 67
42 69
42 75
42 81
42 82
42 83
42 84
42 86
42 90
42 91
42 97
43 48
43 49
43 50
43 54
43 55
43 58
43 61
43 62
43 63
43 64
43 65
43 72
43 79
43 83
43 84
43 85
43 88
43 91
43 93
43 96
44 45
44 48
44 50
44 53
44 55
44 56
44 67
44 68
44 74
44 81
44 82
44 85
44 86
44 87
44 88
44 89
44 92
44 96
44 97
45 50
45 54
45 55
45 57
45 59
45 61
45 62
45 66
45 67
45 68
45 72
45 73
45 75
45 76
45 79
45 87
45 88
45 91
45 92
45 94
45 95
45 96
45 97
45 98
46 47
46 51
46 52
46 54
46 56
46 57
46 61
46 62
46 71
46 72
46 76
46 81
46 83
46 84
46 89
46 90
46 91
46 96
46 98
47 48
47 49
47 50
47 54
47 57
47 58
47 64
47 66
47 75
47 76
47 79
47 80
47 83
47 85
47 87
47 88
47 89
47 95
47 96
48 49
48 50
48 54
48 55
48 56
48 57
48 59
48 60
48 61
48 69
48 72
48 73
48 82
48 84
48 89
48 90
48 94
48 95
48 97
49 50
49 51
49 55
49 59
49 60
49 61
49 64
49 67
49 71
49 77
49 82
49 83
49 86
49 89
49 90
49 96
49 98
50 51
50 55
50 56
50 60
50 62
50 64
50 65
50 67
50 71
50 73
50 74
50 75
50 77
50 81
50 82
50 85
50 86
50 90
50 91
50 93
50 95
50 97
50 98
51 57
51 58
51 62
51 65
51 68
51 71
51 73
51 75
51 76
51 77
51 80
51 81
51 82
51 84
51 88
51 92
51 93
51 98
52 55
52 57
52 58
52 60
52 63
52 67
52 71
52 72
52 76
52 77
52 78
52 80
52 81
52 87
52 93
52 95
52 97
53 56
53 62
53 64
53 67
53 68
53 71
53 75
53 78
53 79
53 80
53 86
53 96
53 98
53 99
54 56
54 57
54 58
54 59
54 62
54 69
54 72
54 75
54 76
54 78
54 83
54 85
54 86
54 87
54 94
54 95
55 62
55 66
55 68
55 71
55 73
55 81
55 83
55 84
55 86
55 87
55 90
55 92
55 93
55 96
56 60
56 61
56 64
56 65
56 67
56 68
56 70
56 71
56 72
56 73
56 76
56 79
56 82
56 83
56 84
56 86
56 87
56 88
56 96
56 97
56 99
57 58
57 61
57 64
57 66
57 67
57 73
57 76
57 79
57 86
57 89
57 90
57 93
57 96
57 97
58 59
58 60
58 63
58 65
58 67
58 70
58 72
58 73
58 75
58 78
58 79
58 82
58 86
58 89
58 91
58 92
58 96
59 64
59 66
59 67
59 69
59 77
59 78
59 81
59 82
59 83
59 84
59 85
59 89
59 91
59 98
60 62
60 67
60 70
60 73
60 74
60 75
60 77
60 84
60 88
60 89
60 92
60 94
60 97
61 71
61 74
61 75
61 77
61 78
61 81
61 82
61 85
61 87
61 88
61 94
62 64
62 65
62 66
62 68
62 69
62 73
62 74
62 77
62 78
62 79
62 81
62 83
62 85
62 86
62 89
62 91
62 96
62 97
62 98
63 64
63 66
63 67
63 70
63 72
63 73
63 74
63 76
63 77
63 78
63 80
63 81
63 82
63 83
63 84
63 87
63 88
63 92
63 94
63 95
63 98
64 69
64 71
64 72
64 80
64 83
64 84
64 85
64 86
64 88
64 89
64 93
64 94
64 99
65 66
65 67
65 68
65 73
65 74
65 79
65 80
65 81
65 82
65 86
65 87
65 88
65 89
65 90
65 96
65 98
66 70
66 74
66 75
66 77
66 80
66 81
66 83
66 87
66 88
66 89
66 90
66 92
66 93
66 94
67 68
67 69
67 71
67 73
67 78
67 82
67 83
67 87
67 89
67 93
67 96
67 97
67 98
68 73
68 75
68 77
68 78
68 82
68 85
68 87
68 89
68 90
68 94
68 96
68 98
68 99
69 71
69 72
69 73
69 77
69 78
69 80
69 81
69 83
69 84
69 89
69 90
69 92
69 95
69 98
70 73
70 75
70 76
70 78
70 79
70 80
70 83
70 84
70 86
70 89
70 90
70 91
70 92
70 97
70 99
71 74
71 75
71 78
71 82
71 86
71 87
71 92
71 95
71 96
71 99
72 74
72 76
72 77
72 78
72 79
72 80
72 82
72 83
72 85
72 86
72 87
72 89
72 90
72 93
72 96
73 76
73 79
73 83
73 84
73 88
73 90
73 97
73 98
73 99
74 76
74 77
74 82
74 83
74 84
74 88
74 92
74 95
74 97
74 98
74 99
75 76
75 77
75 87
75 88
75 89
75 90
75 98
76 77
76 80
76 85
76 89
76 94
76 96
76 97
77 80
77 81
77 82
77 84
77 85
77 87
77 88
77 89
77 91
77 93
77 95
77 96
77 98
78 80
78 81
78 83
78 85
78 89
78 90
78 98
79 81
79 84
79 90
79 92
79 94
79 96
79 97
80 81
80 82
80 87
80 88
80 89
80 90
80 91
80 94
81 87
81 88
81 94
81 95
81 96
82 83
82 86
82 89
82 90
82 91
82 93
82 94
82 95
82 98
82 99
83 88
83 92
83 93
83 95
84 85
84 87
84 88
84 91
84 92
84 96
84 97
84 99
85 89
85 92
86 88
86 89
86 91
86 92
86 94
86 97
87 91
87 98
88 89
88 90
88 91
88 98
88 99
89 90
89 92
89 97
90 91
90 92
90 96
91 92
91 94
91 97
92 93
92 94
92 95
92 98
92 99
93 96
94 98
94 99
95 97
95 99
96 98
96 99
98 99
