0 2
0 3
0 10
0 13
0 14
0 16
0 19
0 21
0 32
0 38
0 40
0 43
0 44
0 45
0 48
0 49
0 51
0 54
0 56
0 59
0 63
0 65
0 68
0 71
0 74
0 75
0 77
0 79
0 83
0 87
0 88
0 89
0 90
0 92
0 93
0 94
0 95
0 96
1 3
1 4
1 5
1 6
1 7
1 8
1 9
1 12
1 16
1 19
1 23
1 24
1 28
1 31
1 32
1 33
1 37
1 39
1 41
1 42
1 45
1 49
1 51
1 55
1 56
1 60
1 64
1 66
1 67
1 68
1 76
1 80
1 81
1 86
1 88
1 91
1 92
2 4
2 15
2 18
2 20
2 22
2 24
2 26
2 27
2 30
2 31
2 33
2 34
2 37
2 41
2 43
2 49
2 51
2 53
2 54
2 63
2 64
2 68
2 69
2 71
2 79
2 80
2 82
2 83
2 86
2 87
2 88
2 89
2 91
2 92
2 93
2 96
2 97
2 98
3 4
3 5
3 9
3 11
3 13
3 14
3 15
3 17
3 18
3 19
3 24
3 26
3 27
3 32
3 40
3 41
3 43
3 46
3 50
3 51
3 55
3 57
3 58
3 61
3 67
3 70
3 71
3 76
3 78
3 79
3 84
3 87
3 88
3 89
3 93
3 94
3 95
3 97
3 98
4 6
4 9
4 11
4 13
4 16
4 20
4 21
4 22
4 24
4 25
4 26
4 27
4 29
4 30
4 32
4 34
4 36
4 37
4 40
4 42
4 43
4 44
4 47
4 48
4 55
4 56
4 57
4 58
4 60
4 64
4 68
4 69
4 71
4 72
4 73
4 77
4 81
4 86
4 91
4 92
4 96
4 97
4 98
5 6
5 9
5 11
5 12
5 14
5 18
5 19
5 21
5 27
5 28
5 29
5 31
5 35
5 36
5 38
5 40
5 42
5 44
5 46
5 47
5 48
5 49
5 53
5 54
5 55
5 62
5 65
5 66
5 67
5 72
5 75
5 77
5 78
5 82
5 89
5 90
5 93
5 96
5 99
6 7
6 10
6 23
6 24
6 25
6 30
6 31
6 32
6 33
6 36
6 38
6 40
6 44
6 48
6 49
6 50
6 51
6 52
6 53
6 54
6 55
6 57
6 59
6 60
6 66
6 70
6 71
6 76
6 78
6 82
6 85
6 87
6 91
6 95
6 98
6 99
7 8
7 10
7 11
7 13
7 14
7 15
7 18
7 26
7 30
7 34
7 35
7 36
7 39
7 41
7 49
7 51
7 53
7 54
7 57
7 59
7 64
7 65
7 66
7 70
7 71
7 75
7 76
7 78
7 79
7 80
7 84
7 85
7 87
7 89
7 90
7 93
7 94
7 96
7 97
7 98
7 99
8 9
8 10
8 14
8 16
8 17
8 19
8 21
8 23
8 25
8 26
8 31
8 34
8 35
8 44
8 54
8 60
8 67
8 68
8 70
8 73
8 74
8 75
8 76
8 77
8 79
8 81
8 83
8 86
8 91
8 92
8 97
8 98
9 11
9 13
9 20
9 21
9 24
9 26
9 29
9 32
9 33
9 41
9 43
9 47
9 52
9 58
9 63
9 64
9 65
9 66
9 69
9 70
9 72
9 73
9 74
9 75
9 76
9 80
9 81
9 84
9 89
9 92
9 93
9 95
9 96
9 98
9 99
10 14
10 15
10 17
10 18
10 19
10 21
10 25
10 27
10 28
10 29
10 32
10 34
10 40
10 48
10 49
10 50
10 52
10 53
10 55
10 56
10 57
10 59
10 61
10 62
10 63
10 67
10 69
10 76
10 77
10 78
10 80
10 85
10 90
10 96
10 97
11 14
11 15
11 17
11 18
11 23
11 32
11 34
11 40
11 44
11 45
11 47
11 48
11 52
11 54
11 56
11 58
11 59
11 60
11 61
11 63
11 64
11 65
11 66
11 67
11 71
11 72
11 76
11 78
11 82
11 86
11 87
11 91
11 93
11 95
12 13
12 19
12 21
12 30
12 31
12 32
12 33
12 36
12 38
12 41
12 42
12 43
12 44
12 45
12 47
12 48
12 50
12 52
12 55
12 56
12 59
12 62
12 64
12 66
12 67
12 68
12 69
12 71
12 73
12 77
12 78
12 79
12 84
12 85
12 86
12 89
12 90
12 93
12 94
12 97
13 14
13 16
13 19
13 21
13 22
13 23
13 26
13 34
13 35
13 36
13 43
13 44
13 45
13 47
13 49
13 51
13 52
13 53
13 55
13 60
13 64
13 67
13 73
13 78
13 82
13 83
13 87
13 88
13 92
13 99
14 16
14 19
14 24
14 25
14 32
14 36
14 39
14 41
14 42
14 48
14 50
14 52
14 57
14 58
14 60
14 61
14 63
14 66
14 70
14 74
14 77
14 79
14 80
14 82
14 83
14 86
14 87
14 89
14 93
14 94
14 97
14 99
15 16
15 18
15 20
15 22
15 23
15 24
15 25
15 29
15 31
15 33
15 35
15 37
15 42
15 45
15 49
15 50
15 51
15 53
15 54
15 65
15 66
15 68
15 72
15 74
15 76
15 78
15 82
15 86
15 88
15 89
15 90
15 91
15 93
15 94
15 97
16 17
16 21
16 22
16 23
16 24
16 29
16 33
16 34
16 35
16 37
16 38
16 44
16 48
16 49
16 53
16 55
16 56
16 57
16 61
16 62
16 64
16 65
16 68
16 69
16 70
16 71
16 72
16 77
16 79
16 80
16 82
16 84
16 85
16 88
16 92
16 95
16 97
17 18
17 20
17 21
17 23
17 29
17 31
17 34
17 35
17 36
17 37
17 38
17 39
17 43
17 44
17 45
17 47
17 48
17 50
17 53
17 54
17 60
17 61
17 63
17 66
17 67
17 69
17 72
17 73
17 75
17 77
17 78
17 80
17 81
17 84
17 86
17 89
17 94
17 99
18 19
18 22
18 23
18 27
18 32
18 33
18 38
18 40
18 42
18 43
18 44
18 45
18 46
18 49
18 50
18 56
18 59
18 60
18 61
18 62
18 63
18 64
18 66
18 70
18 71
18 72
18 73
18 75
18 79
18 81
18 84
18 85
18 86
18 90
18 94
18 95
18 96
18 98
18 99
19 20
19 28
19 31
19 32
19 35
19 37
19 38
19 40
19 45
19 48
19 49
19 53
19 59
19 62
19 70
19 71
19 74
19 75
19 79
19 81
19 84
19 87
19 88
19 89
19 96
20 21
20 23
20 24
20 26
20 36
20 37
20 38
20 39
20 45
20 48
20 49
20 50
20 51
20 53
20 55
20 58
20 59
20 60
20 63
20 67
20 69
20 70
20 72
20 73
20 75
20 76
20 78
20 80
20 81
20 82
20 83
20 86
20 88
20 90
20 93
20 95
20 97
20 98
20 99
21 25
21 27
21 28
21 31
21 32
21 37
21 41
21 42
21 44
21 46
21 47
21 48
21 49
21 50
21 57
21 58
21 60
21 61
21 63
21 65
21 66
21 68
21 69
21 75
21 78
21 81
21 83
21 84
21 85
21 88
21 90
21 92
21 94
22 24
22 26
22 27
22 30
22 33
22 35
22 36
22 40
22 43
22 45
22 49
22 53
22 55
22 68
22 70
22 72
22 77
22 78
22 79
22 80
22 82
22 83
22 84
22 85
22 86
22 87
22 88
22 90
22 92
22 93
22 94
22 95
22 96
23 25
23 33
23 35
23 36
23 41
23 44
23 45
23 52
23 53
23 55
23 64
23 66
23 68
23 70
23 72
23 73
23 76
23 79
23 81
23 82
23 84
23 85
23 86
23 88
23 93
23 97
23 99
24 25
24 26
24 31
24 34
24 36
24 39
24 40
24 43
24 46
24 49
24 54
24 55
24 57
24 62
24 65
24 67
24 72
24 73
24 74
24 75
24 76
24 77
24 78
24 79
24 81
24 84
24 91
24 94
25 28
25 31
25 32
25 33
25 35
25 36
25 37
25 39
25 42
25 43
25 45
25 46
25 47
25 48
25 49
25 50
25 51
25 52
25 56
25 61
25 62
25 63
25 68
25 71
25 73
25 77
25 78
25 79
25 83
25 85
25 89
25 91
25 93
25 94
25 95
25 96
26 31
26 35
26 36
26 40
26 43
26 46
26 49
26 53
26 57
26 59
26 63
26 65
26 66
26 67
26 73
26 77
26 78
26 88
26 89
26 92
26 94
26 96
26 98
26 99
27 28
27 29
27 30
27 31
27 34
27 38
27 43
27 54
27 57
27 60
27 61
27 64
27 66
27 67
27 68
27 71
27 74
27 78
27 81
27 84
27 85
27 90
27 92
27 94
27 96
28 30
28 32
28 33
28 35
28 39
28 41
28 43
28 44
28 46
28 49
28 50
28 51
28 52
28 53
28 57
28 58
28 59
28 66
28 67
28 68
28 69
28 70
28 71
28 79
28 83
28 85
28 91
28 93
28 96
28 99
29 30
29 31
29 33
29 35
29 36
29 37
29 39
29 42
29 43
29 46
29 47
29 51
29 53
29 55
29 59
29 60
29 61
29 63
29 64
29 65
29 68
29 70
29 72
29 74
29 78
29 82
29 86
29 87
29 88
29 90
29 92
29 93
29 97
30 31
30 37
30 38
30 40
30 41
30 44
30 50
30 51
30 54
30 58
30 65
30 66
30 69
30 78
30 80
30 83
30 87
30 89
30 91
30 93
30 96
31 34
31 35
31 36
31 38
31 40
31 41
31 43
31 49
31 53
31 54
31 56
31 57
31 67
31 70
31 71
31 73
31 74
31 76
31 77
31 81
31 84
31 85
31 86
31 88
31 90
31 93
31 96
31 98
31 99
32 35
32 37
32 40
32 44
32 46
32 47
32 51
32 52
32 53
32 55
32 56
32 57
32 59
32 60
32 63
32 65
32 66
32 67
32 72
32 76
32 78
32 79
32 88
32 92
32 96
33 34
33 35
33 36
33 38
33 39
33 45
33 47
33 48
33 51
33 53
33 54
33 56
33 59
33 61
33 62
33 69
33 70
33 71
33 73
33 74
33 75
33 76
33 78
33 80
33 83
33 86
33 87
33 89
33 90
33 92
33 98
34 40
34 42
34 44
34 45
34 53
34 54
34 56
34 57
34 63
34 64
34 69
34 70
34 73
34 77
34 81
34 82
34 84
34 88
34 89
34 90
34 92
34 93
34 94
34 95
34 96
34 97
35 36
35 40
35 44
35 45
35 46
35 47
35 48
35 51
35 52
35 59
35 60
35 70
35 72
35 75
35 76
35 77
35 80
35 81
35 85
35 86
35 90
35 93
35 96
35 99
36 37
36 38
36 39
36 41
36 47
36 48
36 49
36 51
36 55
36 56
36 59
36 62
36 63
36 67
36 70
36 71
36 72
36 75
36 76
36 78
36 84
36 85
36 87
36 88
36 89
36 91
36 93
37 38
37 40
37 41
37 45
37 47
37 48
37 54
37 59
37 60
37 64
37 67
37 75
37 77
37 79
37 81
37 82
37 85
37 86
37 87
37 91
37 95
37 98
37 99
38 41
38 42
38 45
38 52
38 53
38 54
38 56
38 58
38 59
38 60
38 63
38 64
38 70
38 72
38 73
38 76
38 77
38 78
38 82
38 83
38 86
38 88
38 89
38 90
38 94
38 96
38 97
39 46
39 52
39 53
39 55
39 61
39 62
39 63
39 64
39 65
39 67
39 68
39 69
39 73
39 75
39 82
39 85
39 87
39 91
39 92
39 93
39 94
39 96
39 98
39 99
40 42
40 45
40 47
40 49
40 55
40 57
40 58
40 63
40 65
40 68
40 73
40 74
40 77
40 78
40 79
40 84
40 90
40 92
40 93
40 95
40 96
40 97
40 99
41 42
41 46
41 47
41 53
41 57
41 59
41 61
41 63
41 64
41 65
41 67
41 68
41 69
41 70
41 71
41 72
41 73
41 75
41 80
41 81
41 82
41 83
41 85
41 86
41 88
41 97
41 99
42 51
42 55
42 56
42 57
42 58
42 60
42 61
42 65
42 67
42 71
42 72
42 73
42 75
42 76
42 78
42 81
42 86
42 87
42 89
42 90
42 91
42 92
42 96
42 98
43 45
43 46
43 49
43 52
43 56
43 57
43 58
43 59
43 63
43 65
43 66
43 68
43 70
43 71
43 72
43 74
43 78
43 80
43 81
43 82
43 89
43 90
43 91
43 93
43 99
44 45
44 50
44 52
44 55
44 66
44 67
44 68
44 69
44 70
44 75
44 76
44 77
44 81
44 83
44 85
44 87
44 88
44 90
44 92
44 93
44 96
45 49
45 50
45 52
45 53
45 59
45 62
45 65
45 79
45 81
45 82
45 83
45 89
45 93
45 97
45 99
46 49
46 50
46 53
46 54
46 56
46 59
46 61
46 64
46 66
46 68
46 72
46 74
46 77
46 81
46 85
46 87
46 88
46 91
46 92
46 93
46 94
46 97
46 99
47 50
47 61
47 67
47 69
47 71
47 74
47 75
47 76
47 79
47 80
47 83
47 88
47 89
47 90
47 91
47 93
47 94
47 98
47 99
48 50
48 53
48 57
48 58
48 60
48 66
48 68
48 71
48 73
48 74
48 75
48 81
48 82
48 84
48 86
48 87
48 89
48 90
48 91
48 93
48 94
48 96
49 51
49 52
49 53
49 56
49 58
49 59
49 64
49 65
49 66
49 69
49 71
49 73
49 79
49 80
49 81
49 82
49 85
49 87
49 88
49 92
49 93
49 95
49 98
50 52
50 55
50 56
50 59
50 62
50 66
50 67
50 75
50 82
50 86
50 88
50 90
50 92
50 93
50 96
51 53
51 57
51 61
51 64
51 65
51 66
51 67
51 69
51 71
51 72
51 73
51 80
51 81
51 82
51 92
51 95
51 97
51 99
52 53
52 54
52 56
52 61
52 65
52 66
52 70
52 75
52 82
52 83
52 84
52 88
52 93
52 94
52 98
52 99
53 58
53 60
53 62
53 63
53 66
53 67
53 69
53 70
53 71
53 76
53 77
53 78
53 79
53 82
53 85
53 86
53 88
53 89
53 90
53 91
53 99
54 55
54 56
54 60
54 63
54 64
54 66
54 68
54 74
54 75
54 77
54 80
54 82
54 83
54 86
54 88
54 91
54 93
54 94
54 96
54 97
55 56
55 59
55 62
55 64
55 70
55 73
55 75
55 76
55 81
55 82
55 84
55 85
55 89
55 90
55 92
55 96
55 99
56 57
56 64
56 65
56 67
56 68
56 70
56 71
56 74
56 76
56 77
56 78
56 81
56 82
56 85
56 93
56 96
56 97
57 62
57 65
57 68
57 70
57 75
57 77
57 78
57 81
57 82
57 83
57 84
57 85
57 97
57 99
58 62
58 63
58 64
58 66
58 67
58 69
58 72
58 73
58 76
58 77
58 79
58 85
58 86
58 88
58 89
58 90
58 92
58 93
58 95
58 98
59 61
59 64
59 69
59 71
59 79
59 80
59 81
59 82
59 85
59 93
59 99
60 63
60 64
60 66
60 69
60 72
60 73
60 77
60 80
60 87
60 92
60 93
60 94
60 96
60 99
61 63
61 64
61 65
61 66
61 67
61 69
61 71
61 75
61 77
61 80
61 81
61 83
61 84
61 86
61 88
61 90
61 91
61 92
61 96
61 98
62 63
62 70
62 74
62 78
62 79
62 81
62 83
62 86
62 88
62 90
62 93
62 98
63 64
63 65
63 68
63 69
63 70
63 71
63 72
63 73
63 74
63 76
63 77
63 79
63 88
63 93
63 94
63 95
63 98
64 66
64 74
64 78
64 79
64 83
64 88
64 91
64 94
64 97
65 66
65 69
65 73
65 76
65 81
65 82
65 83
65 84
65 87
65 89
65 93
65 98
65 99
66 69
66 76
66 78
66 79
66 80
66 81
66 82
66 84
66 86
66 89
66 91
66 92
66 94
66 98
66 99
67 68
67 69
67 70
67 72
67 76
67 78
67 80
67 81
67 86
67 87
67 88
67 91
67 92
67 93
67 96
67 97
67 99
68 69
68 73
68 81
68 85
68 91
68 96
68 98
69 72
69 75
69 79
69 81
69 82
69 83
69 86
69 88
69 94
69 96
69 97
69 98
70 73
70 77
70 81
70 84
70 86
70 88
70 89
70 90
70 94
70 98
71 72
71 73
71 76
71 77
71 78
71 80
71 82
71 84
71 88
71 90
71 94
71 99
72 73
72 75
72 76
72 79
72 80
72 88
72 90
72 92
72 93
72 94
72 99
73 78
73 79
73 83
73 86
73 89
73 92
73 93
73 96
73 98
73 99
74 75
74 79
74 81
74 83
74 84
74 85
74 88
74 89
74 90
74 96
74 97
74 98
75 78
75 79
75 81
75 82
75 83
75 84
75 89
75 94
75 96
75 97
75 99
76 80
76 85
76 86
76 88
76 89
76 96
76 97
77 82
77 84
77 85
77 86
77 87
77 88
77 89
77 91
77 92
77 93
77 96
77 97
78 79
78 82
78 86
78 87
78 88
78 95
79 83
79 85
79 87
79 91
79 92
80 81
80 83
80 85
80 86
80 89
80 93
80 98
81 89
81 93
82 83
82 85
82 87
82 89
82 91
82 94
82 95
82 99
83 85
83 87
83 95
83 96
83 99
84 86
84 89
84 91
84 94
84 96
85 86
85 90
85 91
85 93
85 97
85 99
86 87
86 89
86 90
86 92
86 94
86 97
86 99
87 92
87 94
87 96
87 98
88 93
88 94
89 97
90 91
90 94
90 99
91 93
91 95
91 96
91 97
91 98
91 99
92 93
92 94
92 96
92 97
92 98
92 99
93 98
94 98
95 96
95 98
95 99
96 97
96 99
98 99
