0 1
0 3
0 11
0 13
0 18
0 19
0 25
0 27
0 32
0 37
0 41
0 43
0 50
0 55
0 56
0 65
0 66
0 68
0 69
0 76
0 77
0 81
0 88
0 90
0 94
0 96
0 97
0 98
1 9
1 16
1 17
1 19
1 28
1 29
1 30
1 31
1 34
1 40
1 43
1 46
1 48
1 51
1 54
1 56
1 58
1 69
1 76
1 78
1 81
1 82
1 83
1 85
1 94
2 3
2 11
2 13
2 16
2 19
2 24
2 29
2 31
2 34
2 35
2 37
2 38
2 40
2 41
2 45
2 51
2 53
2 54
2 55
2 60
2 61
2 63
2 71
2 73
2 76
2 82
2 83
2 84
2 88
2 90
2 91
2 92
2 97
3 12
3 14
3 15
3 18
3 19
3 24
3 26
3 33
3 35
3 37
3 38
3 44
3 59
3 60
3 61
3 63
3 65
3 74
3 76
3 78
3 79
3 80
3 85
3 91
3 96
4 8
4 11
4 15
4 17
4 23
4 24
4 27
4 38
4 39
4 40
4 41
4 44
4 53
4 55
4 57
4 60
4 61
4 64
4 65
4 68
4 71
4 72
4 74
4 77
4 84
4 88
4 89
4 90
4 93
5 8
5 11
5 16
5 18
5 19
5 21
5 28
5 36
5 37
5 39
5 40
5 42
5 48
5 49
5 50
5 52
5 53
5 57
5 59
5 60
5 64
5 65
5 70
5 72
5 75
5 76
5 77
5 83
5 84
5 85
5 86
5 92
5 93
5 95
5 96
5 99
6 11
6 14
6 18
6 23
6 25
6 26
6 34
6 35
6 39
6 41
6 43
6 46
6 47
6 49
6 50
6 54
6 57
6 58
6 62
6 66
6 68
6 69
6 71
6 73
6 76
6 79
6 90
6 94
6 97
6 98
7 13
7 14
7 16
7 28
7 29
7 30
7 35
7 38
7 42
7 43
7 45
7 46
7 48
7 52
7 55
7 61
7 64
7 66
7 67
7 69
7 73
7 81
7 84
7 88
7 90
7 92
7 94
7 96
7 97
8 12
8 23
8 27
8 28
8 31
8 33
8 41
8 47
8 52
8 53
8 55
8 57
8 59
8 60
8 66
8 74
8 77
8 81
8 89
8 93
9 10
9 20
9 26
9 27
9 30
9 34
9 35
9 36
9 38
9 39
9 40
9 42
9 43
9 45
9 56
9 61
9 62
9 72
9 74
9 77
9 83
9 89
9 92
10 12
10 14
10 16
10 17
10 25
10 29
10 30
10 35
10 37
10 39
10 46
10 52
10 60
10 68
10 69
10 72
10 73
10 77
10 80
10 82
10 83
10 84
10 85
10 89
10 98
10 99
11 14
11 17
11 21
11 27
11 28
11 30
11 34
11 35
11 36
11 37
11 38
11 39
11 40
11 45
11 46
11 50
11 52
11 54
11 59
11 65
11 66
11 68
11 71
11 73
11 81
11 83
11 84
11 87
11 88
11 90
11 91
11 92
11 94
11 95
11 98
12 18
12 21
12 22
12 23
12 26
12 29
12 30
12 33
12 45
12 51
12 53
12 54
12 55
12 56
12 57
12 60
12 65
12 72
12 77
12 78
12 79
12 80
12 81
12 89
12 90
12 92
12 93
12 94
12 95
13 15
13 18
13 19
13 25
13 29
13 33
13 35
13 37
13 41
13 43
13 47
13 49
13 50
13 59
13 60
13 62
13 63
13 64
13 68
13 74
13 75
13 82
13 83
13 93
13 98
13 99
14 15
14 16
14 19
14 21
14 22
14 24
14 27
14 28
14 35
14 42
14 43
14 46
14 57
14 59
14 61
14 62
14 63
14 66
14 67
14 69
14 70
14 74
14 75
14 79
14 80
14 81
14 82
14 83
14 86
14 88
14 92
14 97
14 98
15 21
15 26
15 30
15 37
15 39
15 47
15 48
15 49
15 58
15 60
15 63
15 67
15 73
15 83
15 95
16 17
16 19
16 21
16 22
16 23
16 27
16 30
16 39
16 40
16 41
16 43
16 44
16 48
16 52
16 53
16 64
16 66
16 79
16 85
16 87
16 95
16 96
16 97
16 98
17 23
17 24
17 27
17 31
17 32
17 33
17 36
17 38
17 41
17 42
17 46
17 47
17 50
17 51
17 52
17 60
17 64
17 77
17 81
17 84
17 85
17 88
17 89
17 90
17 93
17 97
18 35
18 37
18 39
18 42
18 53
18 54
18 56
18 66
18 67
18 68
18 71
18 73
18 88
18 95
18 98
19 22
19 26
19 28
19 30
19 33
19 35
19 36
19 38
19 45
19 49
19 54
19 60
19 63
19 66
19 73
19 76
19 77
19 79
19 80
19 85
19 86
19 87
19 90
19 91
19 92
19 97
19 98
20 21
20 22
20 25
20 26
20 27
20 28
20 34
20 40
20 43
20 46
20 48
20 55
20 62
20 63
20 73
20 74
20 75
20 77
20 79
20 80
20 83
20 86
20 88
20 97
21 25
21 28
21 31
21 32
21 35
21 36
21 43
21 48
21 50
21 51
21 54
21 55
21 59
21 70
21 72
21 78
21 84
21 88
21 93
21 96
21 98
22 23
22 25
22 26
22 27
22 31
22 39
22 40
22 41
22 49
22 50
22 56
22 59
22 60
22 61
22 62
22 64
22 66
22 68
22 71
22 72
22 74
22 76
22 83
22 94
22 99
23 24
23 28
23 29
23 34
23 36
23 38
23 39
23 40
23 42
23 45
23 46
23 49
23 53
23 54
23 55
23 62
23 64
23 67
23 68
23 73
23 76
23 79
23 83
23 91
23 95
23 98
24 27
24 29
24 30
24 34
24 39
24 42
24 46
24 47
24 48
24 49
24 55
24 65
24 68
24 72
24 74
24 76
24 79
24 80
24 82
24 85
24 93
24 94
24 95
24 97
25 26
25 31
25 35
25 40
25 41
25 44
25 45
25 50
25 52
25 53
25 57
25 64
25 68
25 73
25 74
25 76
25 79
25 81
25 84
25 85
25 91
25 92
25 94
25 96
25 99
26 32
26 36
26 40
26 41
26 45
26 46
26 49
26 51
26 55
26 59
26 64
26 66
26 68
26 70
26 72
26 73
26 75
26 81
26 84
26 88
26 96
26 99
27 29
27 32
27 36
27 39
27 42
27 43
27 44
27 51
27 53
27 57
27 60
27 61
27 69
27 74
27 79
27 80
27 88
27 97
28 32
28 33
28 34
28 36
28 37
28 42
28 45
28 50
28 54
28 55
28 57
28 63
28 64
28 66
28 70
28 73
28 74
28 76
28 77
28 83
28 90
28 91
29 37
29 39
29 44
29 47
29 54
29 62
29 71
29 73
29 77
29 78
29 81
29 83
29 87
29 90
29 92
29 94
29 99
30 38
30 60
30 63
30 66
30 69
30 72
30 77
30 84
30 86
30 91
30 97
31 37
31 38
31 43
31 44
31 47
31 49
31 50
31 51
31 53
31 55
31 57
31 59
31 60
31 64
31 66
31 67
31 75
31 76
31 83
31 90
31 91
31 93
31 94
31 96
32 34
32 35
32 37
32 39
32 41
32 44
32 47
32 53
32 57
32 63
32 68
32 78
32 93
33 34
33 35
33 38
33 39
33 42
33 43
33 46
33 48
33 50
33 54
33 60
33 61
33 76
33 87
33 90
33 96
33 97
34 36
34 37
34 39
34 47
34 55
34 59
34 60
34 64
34 67
34 71
34 72
34 74
34 75
34 76
34 77
34 78
34 83
34 84
34 85
34 89
34 97
35 38
35 41
35 44
35 47
35 49
35 54
35 55
35 57
35 58
35 66
35 68
35 73
35 74
35 77
35 78
35 81
35 84
35 89
35 92
35 95
36 37
36 38
36 39
36 44
36 45
36 48
36 50
36 54
36 55
36 56
36 60
36 62
36 66
36 67
36 83
36 84
36 85
36 86
36 90
36 92
36 93
36 97
37 44
37 46
37 48
37 49
37 50
37 55
37 66
37 67
37 72
37 78
37 79
37 83
37 87
37 98
38 41
38 47
38 50
38 54
38 56
38 57
38 58
38 59
38 61
38 70
38 72
38 75
38 83
38 93
38 97
39 44
39 52
39 54
39 55
39 57
39 60
39 62
39 64
39 65
39 67
39 71
39 77
39 84
39 85
39 87
39 92
39 93
39 95
39 97
39 98
40 42
40 43
40 48
40 51
40 53
40 54
40 60
40 66
40 74
40 84
40 86
40 93
40 94
40 98
41 45
41 51
41 56
41 60
41 62
41 63
41 66
41 75
41 82
41 85
41 86
41 87
41 90
41 96
41 98
42 47
42 50
42 52
42 53
42 56
42 58
42 63
42 68
42 69
42 71
42 79
42 87
42 88
42 90
42 93
42 94
42 95
42 97
42 98
42 99
43 48
43 52
43 56
43 60
43 61
43 62
43 70
43 72
43 73
43 83
43 88
43 93
43 94
43 97
43 98
44 47
44 49
44 57
44 62
44 71
44 95
45 49
45 52
45 53
45 54
45 56
45 61
45 62
45 63
45 64
45 68
45 74
45 75
45 80
45 87
45 92
45 99
46 48
46 52
46 53
46 57
46 62
46 63
46 65
46 66
46 67
46 70
46 73
46 75
46 83
46 84
46 87
46 90
46 93
46 94
46 98
47 48
47 50
47 51
47 54
47 56
47 59
47 62
47 63
47 65
47 66
47 68
47 69
47 71
47 72
47 77
47 78
47 82
47 83
47 91
47 93
47 94
47 95
48 52
48 57
48 61
48 66
48 72
48 74
48 75
48 85
48 90
48 94
49 50
49 52
49 59
49 61
49 67
49 70
49 75
49 78
49 80
49 81
49 83
49 84
49 94
49 96
49 98
50 51
50 57
50 63
50 66
50 72
50 73
50 74
50 76
50 80
50 81
50 90
50 92
50 93
50 95
51 53
51 55
51 56
51 58
51 59
51 61
51 63
51 65
51 73
51 75
51 79
51 89
51 99
52 53
52 54
52 56
52 62
52 64
52 65
52 71
52 75
52 83
52 87
52 90
52 91
52 94
52 95
52 96
52 98
53 56
53 57
53 61
53 62
53 65
53 75
53 76
53 79
53 80
53 82
53 86
53 87
53 88
53 90
53 92
53 93
53 96
54 56
54 61
54 64
54 65
54 67
54 68
54 70
54 80
54 81
54 82
54 86
54 89
54 94
54 97
55 57
55 59
55 63
55 67
55 70
55 73
55 75
55 79
55 80
55 81
55 82
55 83
55 84
55 86
55 87
55 89
55 92
55 96
55 97
55 98
56 61
56 63
56 65
56 67
56 68
56 71
56 73
56 74
56 75
56 76
56 78
56 81
56 84
56 88
56 89
56 98
57 62
57 66
57 68
57 69
57 71
57 80
57 81
57 82
57 84
57 87
57 90
57 95
58 62
58 64
58 65
58 68
58 72
58 77
58 79
58 80
58 81
58 82
58 89
58 91
58 93
58 98
59 60
59 61
59 62
59 66
59 67
59 68
59 69
59 72
59 75
59 77
59 79
59 82
59 83
59 84
59 86
59 90
59 99
60 61
60 65
60 66
60 68
60 72
60 73
60 84
60 87
60 88
60 89
60 90
60 92
60 93
60 98
61 66
61 75
61 79
61 87
61 97
61 99
62 67
62 69
62 71
62 74
62 78
62 81
62 91
62 92
63 66
63 67
63 72
63 74
63 75
63 79
63 80
63 82
63 87
63 93
63 94
63 95
63 96
64 66
64 70
64 72
64 74
64 75
64 82
64 84
64 85
64 86
64 87
64 92
64 94
64 96
65 66
65 67
65 69
65 72
65 75
65 78
65 83
65 85
65 91
65 93
65 94
65 97
65 98
66 69
66 71
66 72
66 74
66 76
66 77
66 80
66 83
66 85
66 92
66 95
67 68
67 70
67 74
67 75
67 80
67 81
67 82
67 84
67 88
67 89
67 90
68 70
68 73
68 76
68 77
68 78
68 79
68 81
68 83
68 84
68 86
68 87
68 90
68 93
68 94
68 96
68 98
69 74
69 75
69 83
69 84
69 87
69 89
69 92
69 95
69 97
70 72
70 79
70 91
70 94
70 97
70 99
71 72
71 77
71 81
71 83
71 97
71 99
72 73
72 75
72 76
72 82
72 83
72 85
72 86
72 88
72 90
72 91
72 95
72 96
72 97
73 77
73 78
73 84
73 87
73 90
73 91
73 95
73 99
74 76
74 79
74 83
74 85
74 87
74 91
74 92
75 77
75 80
75 86
75 88
75 89
75 92
75 94
75 95
75 96
75 99
76 77
76 79
76 82
76 84
76 85
76 94
76 96
76 99
77 79
77 86
77 87
77 88
77 93
77 95
77 97
77 98
78 79
78 85
78 91
78 97
78 98
78 99
79 87
79 90
80 82
80 84
80 86
80 92
80 96
81 82
81 86
81 90
81 92
81 94
81 96
81 97
82 84
82 85
82 92
82 95
82 96
83 87
83 89
83 95
83 96
83 98
84 88
84 91
84 93
84 94
84 95
84 96
85 87
85 89
85 90
85 93
85 94
85 95
85 96
85 99
86 96
86 99
87 92
87 96
88 98
89 90
89 94
89 95
90 91
90 94
90 96
91 93
91 97
91 98
92 94
92 96
93 98
94 97
95 96
98 99
