0 1
0 9
0 12
0 13
0 18
0 20
0 27
0 28
0 29
0 30
0 32
0 33
0 34
0 36
0 38
0 39
0 40
0 41
0 42
0 43
0 46
0 47
0 49
0 54
0 57
0 60
0 61
0 64
0 66
0 68
0 70
0 71
0 73
0 77
0 78
0 79
0 80
0 88
0 89
0 94
0 96
1 11
1 13
1 19
1 23
1 24
1 30
1 32
1 34
1 37
1 44
1 46
1 47
1 49
1 53
1 54
1 56
1 62
1 64
1 65
1 67
1 68
1 72
1 73
1 74
1 75
1 76
1 79
1 80
1 84
1 85
1 87
1 88
1 89
1 93
1 98
2 5
2 6
2 7
2 9
2 10
2 11
2 13
2 14
2 15
2 19
2 23
2 28
2 31
2 33
2 36
2 37
2 39
2 43
2 44
2 45
2 51
2 55
2 58
2 62
2 63
2 64
2 70
2 74
2 75
2 78
2 80
2 82
2 83
2 86
2 88
2 90
2 93
2 95
2 96
2 99
3 4
3 6
3 11
3 18
3 19
3 20
3 22
3 25
3 29
3 32
3 33
3 37
3 39
3 42
3 43
3 45
3 46
3 49
3 53
3 58
3 59
3 60
3 62
3 64
3 70
3 71
3 72
3 77
3 78
3 79
3 80
3 82
3 83
3 84
3 85
3 86
3 89
3 90
3 92
3 94
3 99
4 5
4 8
4 9
4 15
4 16
4 17
4 18
4 20
4 22
4 26
4 28
4 29
4 30
4 32
4 35
4 36
4 38
4 39
4 41
4 42
4 43
4 44
4 47
4 49
4 51
4 53
4 61
4 62
4 63
4 65
4 66
4 67
4 68
4 69
4 70
4 73
4 74
4 77
4 80
4 83
4 84
4 85
4 87
4 91
4 92
4 93
4 94
4 95
4 97
4 98
5 8
5 9
5 13
5 14
5 15
5 17
5 19
5 24
5 27
5 28
5 33
5 39
5 42
5 44
5 45
5 47
5 48
5 49
5 52
5 53
5 63
5 68
5 69
5 72
5 74
5 75
5 77
5 81
5 84
5 96
5 98
5 99
6 7
6 10
6 15
6 18
6 20
6 21
6 25
6 26
6 28
6 29
6 33
6 38
6 39
6 42
6 44
6 45
6 46
6 47
6 49
6 54
6 56
6 60
6 64
6 65
6 66
6 67
6 68
6 74
6 76
6 78
6 79
6 85
6 87
6 88
6 89
6 91
6 93
6 94
6 95
6 98
7 8
7 18
7 19
7 21
7 22
7 23
7 24
7 26
7 30
7 31
7 32
7 34
7 35
7 36
7 37
7 41
7 43
7 44
7 45
7 48
7 51
7 55
7 57
7 65
7 66
7 67
7 68
7 74
7 75
7 76
7 82
7 84
7 87
7 88
7 89
8 10
8 21
8 23
8 27
8 29
8 34
8 39
8 40
8 41
8 42
8 45
8 48
8 50
8 52
8 53
8 57
8 59
8 62
8 65
8 67
8 68
8 69
8 79
8 83
8 84
8 85
8 86
8 87
8 88
8 89
8 95
8 96
8 99
9 11
9 12
9 17
9 18
9 19
9 22
9 25
9 29
9 32
9 34
9 35
9 37
9 45
9 46
9 48
9 55
9 57
9 59
9 60
9 62
9 64
9 69
9 72
9 73
9 74
9 75
9 77
9 83
9 88
9 91
9 92
9 95
9 99
10 13
10 14
10 17
10 18
10 21
10 25
10 27
10 29
10 30
10 31
10 34
10 41
10 43
10 44
10 45
10 58
10 60
10 61
10 65
10 69
10 71
10 72
10 76
10 77
10 78
10 80
10 81
10 84
10 85
10 86
10 87
10 90
10 92
10 95
11 12
11 13
11 14
11 16
11 17
11 22
11 32
11 33
11 36
11 38
11 39
11 42
11 44
11 45
11 47
11 52
11 53
11 59
11 60
11 63
11 64
11 66
11 67
11 68
11 72
11 73
11 75
11 77
11 78
11 80
11 81
11 88
11 89
11 97
11 98
11 99
12 21
12 26
12 29
12 33
12 36
12 42
12 43
12 44
12 48
12 54
12 55
12 61
12 63
12 69
12 70
12 71
12 72
12 74
12 76
12 78
12 79
12 82
12 87
12 90
12 91
12 92
12 94
12 95
12 96
12 97
12 98
13 15
13 21
13 26
13 30
13 31
13 32
13 33
13 36
13 38
13 39
13 40
13 42
13 43
13 47
13 48
13 49
13 54
13 55
13 57
13 58
13 59
13 60
13 62
13 64
13 65
13 71
13 74
13 75
13 76
13 80
13 84
13 89
13 90
13 92
13 95
14 17
14 21
14 30
14 31
14 36
14 37
14 43
14 45
14 48
14 49
14 51
14 54
14 59
14 65
14 68
14 69
14 70
14 73
14 79
14 84
14 87
14 88
14 91
14 96
14 99
15 19
15 20
15 23
15 25
15 29
15 31
15 37
15 41
15 43
15 44
15 45
15 48
15 50
15 51
15 53
15 54
15 55
15 57
15 59
15 60
15 63
15 64
15 65
15 67
15 68
15 74
15 75
15 78
15 84
15 86
15 87
15 88
15 89
15 90
15 94
15 98
16 17
16 19
16 20
16 22
16 23
16 25
16 26
16 29
16 30
16 34
16 37
16 38
16 39
16 43
16 48
16 52
16 53
16 55
16 60
16 62
16 64
16 65
16 72
16 73
16 77
16 83
16 87
16 88
16 90
16 96
17 22
17 23
17 24
17 26
17 27
17 32
17 34
17 35
17 37
17 39
17 42
17 43
17 47
17 51
17 56
17 63
17 66
17 72
17 73
17 75
17 76
17 77
17 79
17 80
17 82
17 83
17 90
17 91
17 95
17 96
17 97
17 98
18 21
18 22
18 25
18 27
18 28
18 30
18 31
18 32
18 33
18 39
18 42
18 45
18 46
18 48
18 49
18 50
18 51
18 52
18 53
18 56
18 60
18 61
18 63
18 69
18 72
18 75
18 77
18 83
18 84
18 86
18 88
18 92
18 94
18 96
18 97
18 99
19 22
19 23
19 24
19 26
19 31
19 33
19 38
19 39
19 41
19 42
19 43
19 45
19 47
19 49
19 52
19 54
19 55
19 56
19 60
19 62
19 64
19 65
19 68
19 79
19 82
19 85
19 88
19 89
19 94
20 22
20 24
20 25
20 36
20 39
20 40
20 41
20 46
20 48
20 50
20 53
20 56
20 61
20 62
20 64
20 65
20 66
20 69
20 70
20 75
20 76
20 78
20 82
20 86
20 87
20 92
20 93
20 94
20 95
20 98
21 22
21 23
21 24
21 26
21 28
21 31
21 32
21 33
21 36
21 39
21 42
21 44
21 46
21 47
21 49
21 51
21 52
21 53
21 54
21 55
21 59
21 61
21 64
21 69
21 72
21 75
21 77
21 78
21 84
21 87
21 89
21 92
21 97
22 23
22 25
22 28
22 31
22 32
22 33
22 35
22 37
22 40
22 41
22 46
22 50
22 52
22 53
22 54
22 57
22 69
22 71
22 73
22 74
22 75
22 77
22 81
22 83
22 84
22 85
22 93
22 94
22 98
22 99
23 25
23 26
23 27
23 28
23 32
23 33
23 37
23 40
23 41
23 43
23 49
23 52
23 55
23 60
23 68
23 71
23 79
23 80
23 84
23 85
23 87
23 89
23 90
23 92
23 98
24 32
24 34
24 37
24 42
24 44
24 45
24 46
24 49
24 50
24 51
24 53
24 56
24 58
24 60
24 63
24 66
24 71
24 75
24 77
24 82
24 83
24 85
24 87
24 88
24 93
24 94
24 96
24 97
24 99
25 27
25 28
25 29
25 44
25 48
25 50
25 52
25 54
25 56
25 57
25 60
25 62
25 63
25 66
25 68
25 69
25 70
25 72
25 73
25 82
25 83
25 85
25 86
25 88
25 90
25 93
25 95
25 97
26 28
26 29
26 30
26 33
26 35
26 40
26 42
26 43
26 47
26 48
26 49
26 52
26 53
26 57
26 59
26 61
26 66
26 70
26 74
26 78
26 81
26 84
26 90
26 91
26 93
26 99
27 32
27 33
27 34
27 38
27 39
27 41
27 43
27 44
27 45
27 49
27 50
27 51
27 56
27 57
27 59
27 60
27 61
27 64
27 69
27 70
27 73
27 74
27 75
27 76
27 78
27 79
27 86
27 89
27 91
27 95
27 98
27 99
28 29
28 30
28 31
28 33
28 35
28 36
28 38
28 41
28 43
28 45
28 47
28 50
28 52
28 53
28 54
28 57
28 58
28 59
28 61
28 69
28 70
28 73
28 76
28 79
28 80
28 81
28 82
28 87
28 88
28 89
28 90
28 95
28 96
28 99
29 30
29 31
29 32
29 36
29 37
29 39
29 40
29 41
29 42
29 47
29 48
29 50
29 52
29 56
29 57
29 61
29 63
29 68
29 72
29 79
29 80
29 81
29 84
29 85
29 87
29 89
29 90
29 91
29 98
29 99
30 32
30 36
30 37
30 42
30 44
30 45
30 47
30 49
30 51
30 53
30 54
30 55
30 57
30 58
30 59
30 61
30 64
30 66
30 67
30 68
30 69
30 75
30 80
30 84
30 85
30 89
30 92
30 94
30 95
30 98
30 99
31 34
31 36
31 39
31 44
31 45
31 46
31 47
31 54
31 57
31 58
31 59
31 60
31 61
31 64
31 65
31 69
31 70
31 71
31 72
31 73
31 74
31 76
31 77
31 80
31 81
31 83
31 87
31 88
31 89
31 91
31 97
31 98
32 33
32 36
32 38
32 45
32 49
32 54
32 55
32 59
32 60
32 62
32 67
32 70
32 72
32 73
32 75
32 77
32 78
32 81
32 85
32 86
32 89
32 90
32 91
32 92
32 95
32 96
32 99
33 35
33 36
33 42
33 44
33 46
33 50
33 51
33 54
33 58
33 67
33 68
33 69
33 70
33 74
33 76
33 81
33 82
33 84
33 85
33 87
33 88
33 89
33 91
33 93
33 95
34 35
34 36
34 41
34 43
34 45
34 47
34 52
34 58
34 60
34 61
34 62
34 63
34 65
34 66
34 67
34 68
34 69
34 72
34 73
34 76
34 80
34 81
34 83
34 84
34 86
34 91
34 92
34 95
34 96
34 97
34 98
35 36
35 38
35 39
35 43
35 44
35 48
35 50
35 51
35 52
35 53
35 54
35 56
35 59
35 61
35 62
35 68
35 69
35 70
35 71
35 72
35 73
35 74
35 76
35 78
35 79
35 81
35 82
35 83
35 85
35 90
35 91
35 92
35 93
35 95
35 96
35 98
36 39
36 40
36 43
36 45
36 48
36 49
36 51
36 53
36 55
36 57
36 59
36 63
36 65
36 66
36 73
36 74
36 80
36 82
36 86
36 87
36 88
36 92
36 93
36 96
37 39
37 41
37 42
37 45
37 47
37 49
37 50
37 51
37 53
37 54
37 55
37 57
37 60
37 61
37 62
37 65
37 67
37 68
37 69
37 70
37 73
37 74
37 79
37 82
37 85
37 86
37 87
37 89
37 90
37 91
37 95
37 98
38 39
38 43
38 44
38 45
38 46
38 47
38 71
38 73
38 77
38 78
38 80
38 84
38 87
38 88
38 90
38 95
38 97
38 98
39 40
39 42
39 45
39 48
39 55
39 57
39 68
39 69
39 70
39 71
39 73
39 74
39 79
39 80
39 82
39 83
39 85
39 87
39 89
39 90
39 92
39 93
39 94
39 95
39 96
39 98
40 42
40 43
40 45
40 49
40 55
40 57
40 59
40 61
40 62
40 63
40 65
40 66
40 70
40 74
40 75
40 76
40 79
40 86
40 88
40 89
40 91
40 92
40 93
40 94
41 43
41 45
41 46
41 47
41 49
41 50
41 51
41 53
41 57
41 59
41 61
41 62
41 64
41 66
41 69
41 70
41 71
41 72
41 74
41 76
41 78
41 80
41 81
41 87
41 88
41 90
41 91
41 93
41 96
42 46
42 47
42 48
42 50
42 51
42 52
42 57
42 58
42 60
42 62
42 64
42 65
42 69
42 74
42 75
42 83
42 85
42 89
42 90
42 91
42 93
42 97
42 98
43 46
43 49
43 55
43 57
43 60
43 67
43 79
43 81
43 84
43 86
43 87
43 89
43 90
43 91
43 95
44 46
44 47
44 48
44 50
44 59
44 69
44 70
44 72
44 74
44 78
44 79
44 83
44 84
44 85
44 92
44 94
44 95
44 98
45 46
45 47
45 48
45 51
45 53
45 57
45 63
45 65
45 67
45 69
45 71
45 72
45 74
45 78
45 82
45 85
45 90
45 93
45 94
45 95
45 96
45 99
46 47
46 48
46 49
46 53
46 54
46 56
46 57
46 58
46 75
46 78
46 79
46 81
46 83
46 86
46 88
46 92
46 93
46 95
46 98
46 99
47 48
47 49
47 51
47 54
47 55
47 56
47 65
47 72
47 74
47 76
47 78
47 80
47 81
47 86
47 88
47 89
47 93
47 94
47 99
48 50
48 51
48 52
48 55
48 58
48 62
48 71
48 75
48 76
48 79
48 80
48 81
48 82
48 90
48 94
48 96
48 98
49 51
49 52
49 55
49 56
49 58
49 60
49 61
49 62
49 64
49 66
49 69
49 72
49 81
49 82
49 84
49 85
49 87
49 91
49 92
49 98
50 52
50 55
50 56
50 61
50 64
50 65
50 66
50 68
50 69
50 72
50 75
50 80
50 81
50 82
50 91
50 93
50 94
50 97
51 54
51 58
51 59
51 61
51 72
51 75
51 82
51 87
51 94
51 96
51 97
51 98
51 99
52 54
52 59
52 66
52 67
52 68
52 70
52 71
52 74
52 78
52 81
52 82
52 84
52 87
52 88
52 90
53 56
53 58
53 65
53 69
53 70
53 72
53 73
53 74
53 78
53 81
53 83
53 84
53 88
53 93
54 57
54 59
54 60
54 61
54 65
54 67
54 70
54 71
54 72
54 74
54 75
54 76
54 80
54 81
54 85
54 86
54 88
54 91
54 93
54 97
54 99
55 57
55 60
55 61
55 64
55 65
55 69
55 71
55 74
55 78
55 81
55 83
55 85
55 88
55 89
55 93
55 94
55 98
55 99
56 64
56 66
56 68
56 71
56 73
56 77
56 79
56 88
56 89
56 92
56 96
56 98
57 59
57 63
57 65
57 68
57 74
57 80
57 83
57 92
57 93
57 94
58 63
58 65
58 69
58 71
58 74
58 75
58 84
58 87
58 90
58 93
58 94
58 96
58 97
58 98
59 62
59 63
59 65
59 66
59 67
59 69
59 70
59 72
59 75
59 76
59 78
59 79
59 81
59 83
59 85
59 86
59 92
59 96
59 97
60 62
60 71
60 73
60 74
60 75
60 78
60 79
60 80
60 81
60 86
60 87
60 88
60 90
60 94
60 97
61 65
61 71
61 72
61 73
61 75
61 82
61 84
61 86
61 90
61 97
61 98
61 99
62 63
62 65
62 67
62 75
62 79
62 81
62 84
62 87
62 89
62 93
62 98
62 99
63 64
63 69
63 72
63 73
63 76
63 78
63 79
63 80
63 84
63 85
63 89
63 92
63 96
64 67
64 68
64 73
64 86
64 94
64 95
64 97
65 69
65 71
65 76
65 80
65 82
65 83
65 91
65 96
66 69
66 70
66 72
66 76
66 80
66 83
66 85
66 87
66 88
66 89
66 91
66 94
66 96
66 97
67 70
67 72
67 76
67 80
67 82
67 84
67 86
67 90
67 94
67 96
67 99
68 75
68 76
68 80
68 81
68 82
68 83
68 84
68 89
68 90
68 91
68 93
68 97
68 99
69 70
69 72
69 74
69 75
69 77
69 80
69 83
69 86
69 94
69 97
69 98
69 99
70 72
70 73
70 74
70 77
70 78
70 79
70 82
70 86
70 87
70 91
70 93
70 95
71 72
71 74
71 75
71 77
71 79
71 81
71 85
71 86
71 90
71 91
71 97
71 98
72 78
72 82
72 83
72 86
72 91
72 92
72 94
72 95
72 97
72 98
72 99
73 76
73 80
73 82
73 85
73 88
73 89
73 90
73 93
74 81
74 89
74 93
74 97
74 99
75 76
75 79
75 81
75 83
75 84
75 91
75 93
75 98
76 78
76 80
76 87
76 88
76 91
76 92
76 95
76 96
77 78
77 79
77 80
77 81
77 86
77 87
77 91
77 92
77 93
77 94
77 97
77 98
77 99
78 85
78 87
78 88
78 89
78 90
78 91
78 92
78 93
78 94
78 96
78 98
79 81
79 83
79 86
79 90
79 97
79 99
80 82
80 83
80 93
80 96
80 97
81 84
81 92
81 97
81 98
81 99
82 86
82 87
82 89
82 93
82 96
82 97
82 98
83 85
83 86
83 88
83 89
83 92
84 87
84 91
85 86
85 87
85 90
85 91
85 94
85 95
86 87
86 88
86 91
86 92
86 94
86 95
86 96
86 98
87 88
87 89
87 91
87 92
87 93
87 96
87 99
88 90
88 93
88 94
88 95
88 99
89 91
89 95
89 96
89 98
90 91
90 98
90 99
91 94
91 95
91 96
91 99
92 94
92 95
92 96
92 97
94 95
95 97
95 98
95 99
96 97
96 98
96 99
97 98
