0 1
0 3
0 4
0 6
0 9
0 10
0 11
0 14
0 19
0 20
0 21
0 26
0 27
0 28
0 29
0 30
0 31
0 32
0 34
0 35
0 36
0 40
0 42
0 43
0 45
0 49
0 51
0 52
0 53
0 54
0 56
0 57
0 59
0 60
0 61
0 66
0 68
0 69
0 72
0 73
0 75
0 77
0 79
0 81
0 90
0 96
0 99
1 2
1 4
1 5
1 6
1 7
1 8
1 10
1 11
1 17
1 18
1 33
1 35
1 36
1 37
1 39
1 41
1 43
1 45
1 46
1 47
1 48
1 49
1 50
1 51
1 56
1 58
1 59
1 61
1 65
1 71
1 78
1 79
1 81
1 83
1 90
1 93
1 96
1 97
1 98
2 3
2 5
2 6
2 7
2 9
2 10
2 11
2 12
2 14
2 15
2 17
2 21
2 25
2 26
2 27
2 28
2 29
2 30
2 33
2 34
2 40
2 41
2 42
2 44
2 47
2 48
2 51
2 52
2 54
2 57
2 61
2 62
2 63
2 67
2 70
2 74
2 78
2 81
2 83
2 85
2 86
2 88
2 91
2 92
2 93
2 96
2 97
2 98
3 4
3 5
3 8
3 10
3 11
3 12
3 14
3 16
3 18
3 21
3 22
3 24
3 25
3 28
3 29
3 30
3 32
3 33
3 34
3 35
3 38
3 39
3 40
3 41
3 42
3 43
3 45
3 50
3 52
3 53
3 54
3 55
3 56
3 58
3 61
3 64
3 68
3 72
3 73
3 74
3 77
3 79
3 81
3 82
3 84
3 85
3 86
3 87
3 90
3 91
3 92
3 94
3 96
3 98
4 11
4 15
4 16
4 18
4 21
4 23
4 26
4 28
4 30
4 32
4 33
4 36
4 38
4 39
4 44
4 48
4 51
4 53
4 56
4 59
4 63
4 66
4 69
4 72
4 73
4 74
4 77
4 80
4 81
4 83
4 84
4 85
4 86
4 89
4 90
4 91
4 94
4 96
4 99
5 6
5 7
5 8
5 9
5 11
5 12
5 16
5 17
5 19
5 20
5 23
5 24
5 27
5 30
5 31
5 32
5 35
5 38
5 40
5 43
5 45
5 46
5 48
5 49
5 50
5 53
5 54
5 55
5 62
5 64
5 65
5 66
5 70
5 74
5 77
5 78
5 83
5 90
5 91
5 92
5 94
5 95
5 96
5 97
5 98
5 99
6 7
6 8
6 9
6 10
6 12
6 16
6 23
6 27
6 28
6 29
6 30
6 31
6 32
6 33
6 34
6 36
6 37
6 39
6 42
6 43
6 44
6 49
6 50
6 51
6 53
6 54
6 56
6 58
6 60
6 64
6 67
6 68
6 69
6 70
6 71
6 73
6 75
6 77
6 79
6 82
6 84
6 86
6 88
6 89
6 90
6 91
6 92
6 96
6 99
7 9
7 10
7 11
7 19
7 20
7 23
7 25
7 28
7 29
7 30
7 37
7 41
7 42
7 43
7 45
7 48
7 49
7 50
7 51
7 52
7 58
7 62
7 64
7 65
7 66
7 69
7 71
7 73
7 74
7 76
7 78
7 80
7 81
7 82
7 84
7 88
7 89
7 91
7 92
7 93
7 94
7 95
7 97
7 98
8 11
8 12
8 13
8 14
8 17
8 18
8 19
8 20
8 21
8 23
8 24
8 28
8 30
8 33
8 36
8 37
8 39
8 40
8 41
8 43
8 45
8 47
8 48
8 49
8 50
8 51
8 53
8 55
8 56
8 57
8 60
8 61
8 62
8 65
8 66
8 67
8 70
8 73
8 74
8 79
8 81
8 85
8 86
8 87
8 90
8 91
8 92
8 94
8 97
8 98
8 99
9 10
9 15
9 16
9 17
9 18
9 19
9 21
9 26
9 27
9 29
9 30
9 34
9 35
9 37
9 38
9 41
9 42
9 43
9 45
9 49
9 50
9 51
9 52
9 54
9 55
9 58
9 59
9 60
9 65
9 66
9 67
9 68
9 74
9 75
9 77
9 81
9 83
9 84
9 85
9 86
9 87
9 90
9 91
9 92
9 93
9 94
10 13
10 16
10 18
10 19
10 20
10 21
10 22
10 24
10 36
10 37
10 38
10 40
10 42
10 44
10 47
10 48
10 50
10 53
10 54
10 61
10 62
10 63
10 66
10 67
10 68
10 69
10 70
10 71
10 72
10 73
10 77
10 78
10 81
10 83
10 86
10 87
10 91
10 93
10 94
10 95
10 96
10 99
11 14
11 15
11 19
11 20
11 22
11 23
11 25
11 27
11 29
11 33
11 34
11 36
11 37
11 38
11 39
11 41
11 42
11 46
11 48
11 51
11 52
11 53
11 54
11 55
11 56
11 63
11 68
11 71
11 72
11 73
11 76
11 78
11 79
11 80
11 82
11 83
11 86
11 87
11 90
11 92
11 93
11 94
11 95
11 98
11 99
12 14
12 15
12 18
12 22
12 23
12 24
12 26
12 27
12 29
12 30
12 31
12 32
12 36
12 38
12 41
12 42
12 43
12 49
12 50
12 52
12 57
12 59
12 60
12 62
12 63
12 64
12 65
12 66
12 69
12 71
12 72
12 73
12 74
12 75
12 76
12 78
12 81
12 82
12 85
12 86
12 89
12 94
12 95
12 97
13 14
13 15
13 17
13 18
13 19
13 22
13 25
13 28
13 29
13 32
13 33
13 34
13 39
13 41
13 42
13 43
13 45
13 46
13 47
13 48
13 49
13 50
13 52
13 54
13 55
13 56
13 57
13 58
13 59
13 60
13 63
13 65
13 66
13 69
13 70
13 71
13 73
13 74
13 76
13 79
13 80
13 81
13 82
13 84
13 85
13 93
13 97
13 98
14 16
14 17
14 20
14 22
14 23
14 25
14 27
14 29
14 30
14 31
14 32
14 33
14 35
14 36
14 37
14 38
14 39
14 40
14 42
14 45
14 48
14 49
14 50
14 53
14 54
14 58
14 60
14 62
14 63
14 65
14 67
14 68
14 69
14 71
14 72
14 73
14 75
14 79
14 80
14 81
14 83
14 85
14 86
14 87
14 88
14 89
14 90
14 93
14 95
14 97
14 99
15 16
15 18
15 19
15 21
15 23
15 30
15 32
15 34
15 35
15 38
15 42
15 43
15 44
15 45
15 46
15 48
15 51
15 52
15 54
15 56
15 57
15 58
15 59
15 60
15 61
15 66
15 69
15 70
15 74
15 75
15 79
15 83
15 84
15 92
15 93
15 98
16 18
16 19
16 20
16 21
16 23
16 24
16 25
16 27
16 29
16 31
16 33
16 34
16 36
16 37
16 39
16 42
16 44
16 45
16 49
16 50
16 51
16 52
16 53
16 54
16 56
16 57
16 59
16 64
16 68
16 69
16 71
16 72
16 74
16 76
16 77
16 80
16 82
16 83
16 86
16 90
16 92
16 93
16 94
16 95
16 96
16 99
17 19
17 21
17 23
17 24
17 25
17 26
17 28
17 31
17 34
17 35
17 39
17 40
17 41
17 42
17 45
17 46
17 47
17 53
17 54
17 57
17 58
17 61
17 63
17 64
17 65
17 68
17 71
17 72
17 74
17 76
17 77
17 78
17 80
17 82
17 83
17 84
17 85
17 86
17 89
17 91
17 94
17 95
17 98
17 99
18 19
18 20
18 21
18 22
18 24
18 26
18 28
18 29
18 30
18 33
18 35
18 36
18 37
18 38
18 40
18 41
18 42
18 43
18 47
18 49
18 54
18 56
18 60
18 61
18 63
18 67
18 69
18 70
18 71
18 73
18 75
18 77
18 79
18 81
18 82
18 84
18 85
18 89
18 91
18 94
18 96
18 98
18 99
19 20
19 21
19 22
19 23
19 27
19 28
19 31
19 32
19 36
19 38
19 40
19 41
19 43
19 45
19 46
19 49
19 50
19 51
19 52
19 53
19 54
19 55
19 57
19 60
19 62
19 65
19 69
19 72
19 74
19 76
19 78
19 79
19 81
19 83
19 84
19 85
19 88
19 91
19 92
19 94
19 96
20 21
20 24
20 25
20 32
20 35
20 36
20 38
20 45
20 47
20 51
20 58
20 60
20 64
20 65
20 69
20 72
20 77
20 79
20 82
20 84
20 85
20 88
20 89
20 91
20 92
20 93
20 96
20 98
21 22
21 26
21 27
21 29
21 31
21 32
21 44
21 46
21 54
21 55
21 60
21 63
21 64
21 65
21 66
21 67
21 69
21 70
21 71
21 74
21 75
21 77
21 78
21 80
21 82
21 86
21 88
21 89
21 91
21 92
21 94
21 97
22 23
22 25
22 30
22 32
22 36
22 37
22 39
22 41
22 42
22 45
22 46
22 49
22 51
22 52
22 53
22 54
22 55
22 56
22 60
22 62
22 66
22 68
22 71
22 72
22 73
22 75
22 77
22 80
22 85
22 86
22 87
22 90
22 93
22 95
22 99
23 24
23 31
23 32
23 34
23 38
23 40
23 42
23 44
23 45
23 47
23 49
23 53
23 54
23 60
23 64
23 68
23 70
23 71
23 72
23 73
23 74
23 75
23 78
23 79
23 81
23 83
23 86
23 88
23 89
23 93
23 95
23 98
24 25
24 28
24 29
24 31
24 34
24 36
24 37
24 38
24 39
24 41
24 42
24 46
24 51
24 53
24 54
24 55
24 56
24 61
24 62
24 63
24 70
24 71
24 72
24 73
24 74
24 75
24 78
24 80
24 84
24 86
24 87
24 90
24 92
24 93
24 96
24 97
24 99
25 26
25 27
25 29
25 30
25 31
25 35
25 39
25 40
25 46
25 47
25 48
25 50
25 53
25 56
25 57
25 58
25 60
25 61
25 62
25 64
25 66
25 67
25 68
25 70
25 73
25 74
25 75
25 76
25 79
25 80
25 90
25 92
25 94
25 96
25 97
25 98
25 99
26 30
26 31
26 33
26 34
26 35
26 37
26 38
26 39
26 42
26 47
26 48
26 53
26 56
26 60
26 62
26 64
26 65
26 67
26 71
26 72
26 73
26 74
26 75
26 79
26 80
26 82
26 83
26 85
26 87
26 88
26 89
26 90
26 93
26 95
26 98
26 99
27 32
27 34
27 35
27 42
27 47
27 50
27 51
27 53
27 54
27 55
27 58
27 60
27 61
27 62
27 63
27 67
27 69
27 70
27 71
27 73
27 77
27 78
27 79
27 80
27 82
27 83
27 84
27 86
27 88
27 89
27 90
27 91
27 93
27 94
27 98
27 99
28 30
28 34
28 37
28 40
28 46
28 47
28 49
28 50
28 52
28 53
28 55
28 56
28 59
28 60
28 61
28 64
28 69
28 70
28 72
28 73
28 75
28 76
28 77
28 78
28 81
28 82
28 86
28 87
28 88
28 90
28 92
28 94
28 95
28 96
28 98
29 32
29 36
29 37
29 41
29 47
29 48
29 50
29 51
29 52
29 54
29 57
29 59
29 60
29 63
29 69
29 70
29 71
29 72
29 73
29 76
29 77
29 78
29 79
29 80
29 82
29 84
29 87
29 89
29 91
29 92
29 93
29 94
29 95
29 97
29 98
29 99
30 31
30 32
30 33
30 34
30 36
30 38
30 39
30 41
30 42
30 43
30 44
30 46
30 47
30 48
30 49
30 50
30 56
30 57
30 58
30 59
30 60
30 61
30 62
30 63
30 65
30 69
30 70
30 75
30 76
30 79
30 80
30 81
30 83
30 84
30 86
30 90
30 91
30 92
30 93
30 94
30 96
30 97
30 99
31 38
31 45
31 48
31 49
31 50
31 51
31 52
31 53
31 57
31 58
31 60
31 63
31 64
31 67
31 68
31 69
31 72
31 73
31 74
31 76
31 77
31 78
31 79
31 81
31 82
31 83
31 85
31 86
31 92
31 93
31 94
31 97
31 98
32 34
32 36
32 37
32 38
32 39
32 40
32 42
32 43
32 45
32 48
32 50
32 53
32 55
32 56
32 59
32 62
32 63
32 66
32 68
32 70
32 71
32 73
32 75
32 79
32 85
32 86
32 88
32 93
32 96
32 97
32 99
33 34
33 35
33 36
33 39
33 40
33 41
33 42
33 45
33 47
33 50
33 52
33 55
33 56
33 58
33 61
33 63
33 64
33 65
33 71
33 74
33 77
33 79
33 82
33 87
33 90
33 94
33 98
33 99
34 35
34 38
34 39
34 41
34 44
34 45
34 46
34 47
34 48
34 49
34 51
34 53
34 55
34 57
34 58
34 59
34 60
34 62
34 63
34 70
34 71
34 72
34 75
34 79
34 80
34 83
34 86
34 87
34 88
34 89
34 90
34 96
34 98
35 36
35 37
35 39
35 40
35 41
35 47
35 49
35 50
35 53
35 56
35 58
35 59
35 60
35 62
35 63
35 64
35 70
35 72
35 74
35 76
35 78
35 79
35 80
35 84
35 87
35 88
35 92
35 93
35 96
35 97
35 99
36 38
36 39
36 40
36 41
36 42
36 43
36 48
36 49
36 50
36 51
36 52
36 54
36 55
36 56
36 57
36 58
36 60
36 64
36 66
36 68
36 70
36 71
36 74
36 75
36 76
36 78
36 81
36 82
36 83
36 84
36 85
36 86
36 89
36 90
36 91
36 92
36 93
36 95
36 97
36 98
36 99
37 38
37 39
37 41
37 45
37 47
37 49
37 50
37 52
37 53
37 54
37 58
37 61
37 62
37 63
37 65
37 70
37 72
37 73
37 78
37 79
37 80
37 84
37 85
37 87
37 88
37 91
37 92
37 93
38 39
38 40
38 41
38 44
38 45
38 46
38 47
38 48
38 49
38 52
38 53
38 54
38 56
38 57
38 62
38 64
38 65
38 66
38 68
38 69
38 73
38 75
38 77
38 79
38 81
38 84
38 87
38 93
38 95
38 96
39 40
39 42
39 44
39 47
39 48
39 51
39 54
39 55
39 56
39 57
39 59
39 62
39 63
39 64
39 66
39 67
39 69
39 75
39 77
39 78
39 80
39 83
39 84
39 85
39 86
39 87
39 89
39 90
39 92
39 93
39 96
39 98
39 99
40 41
40 42
40 43
40 45
40 46
40 49
40 51
40 52
40 53
40 54
40 55
40 61
40 62
40 63
40 64
40 65
40 67
40 68
40 69
40 71
40 72
40 76
40 78
40 79
40 80
40 81
40 82
40 87
40 89
40 92
40 99
41 43
41 44
41 45
41 46
41 47
41 49
41 52
41 54
41 55
41 56
41 57
41 59
41 63
41 65
41 71
41 74
41 75
41 76
41 77
41 79
41 81
41 84
41 88
41 90
41 92
41 93
42 43
42 44
42 46
42 47
42 48
42 49
42 50
42 51
42 52
42 55
42 57
42 58
42 62
42 63
42 65
42 66
42 69
42 70
42 72
42 74
42 76
42 77
42 78
42 80
42 82
42 83
42 87
42 89
42 90
42 92
42 94
42 98
43 44
43 45
43 49
43 50
43 52
43 53
43 54
43 55
43 58
43 59
43 61
43 65
43 67
43 69
43 72
43 74
43 78
43 82
43 84
43 85
43 86
43 87
43 88
43 90
43 92
43 94
43 96
43 97
43 98
43 99
44 46
44 47
44 48
44 50
44 51
44 52
44 53
44 55
44 56
44 62
44 63
44 68
44 70
44 73
44 75
44 79
44 80
44 81
44 83
44 85
44 86
44 88
44 90
44 94
44 97
44 98
45 47
45 48
45 49
45 51
45 52
45 53
45 54
45 55
45 58
45 67
45 69
45 74
45 87
45 90
45 91
45 92
45 93
45 95
45 96
45 98
45 99
46 49
46 52
46 53
46 54
46 55
46 56
46 58
46 59
46 64
46 65
46 66
46 67
46 69
46 73
46 74
46 76
46 79
46 81
46 85
46 86
46 88
46 89
46 90
46 91
46 96
46 97
46 98
47 52
47 53
47 56
47 57
47 58
47 59
47 61
47 62
47 64
47 68
47 69
47 71
47 72
47 75
47 76
47 79
47 80
47 82
47 84
47 89
47 90
47 92
47 93
47 94
47 95
47 97
47 98
47 99
48 50
48 52
48 53
48 54
48 56
48 57
48 58
48 62
48 63
48 64
48 69
48 72
48 76
48 78
48 79
48 80
48 81
48 82
48 83
48 84
48 88
48 98
49 50
49 51
49 53
49 55
49 59
49 66
49 68
49 70
49 73
49 74
49 75
49 78
49 79
49 80
49 83
49 84
49 86
49 87
49 89
49 90
49 92
49 94
49 97
49 99
50 52
50 53
50 58
50 59
50 61
50 62
50 64
50 65
50 71
50 72
50 79
50 82
50 86
50 87
50 90
50 91
50 93
50 94
50 96
50 97
50 98
51 53
51 57
51 58
51 59
51 61
51 63
51 64
51 65
51 67
51 68
51 70
51 72
51 75
51 76
51 77
51 79
51 80
51 82
51 84
51 85
51 88
51 89
51 92
51 93
51 94
51 96
51 97
52 53
52 57
52 58
52 59
52 62
52 65
52 66
52 67
52 69
52 73
52 74
52 77
52 79
52 81
52 82
52 83
52 84
52 94
52 95
52 96
52 99
53 54
53 55
53 56
53 60
53 61
53 64
53 65
53 66
53 67
53 69
53 73
53 74
53 76
53 77
53 79
53 80
53 84
53 85
53 86
53 87
53 88
53 91
53 93
53 94
53 95
54 55
54 57
54 58
54 59
54 61
54 63
54 65
54 66
54 67
54 69
54 71
54 73
54 76
54 78
54 84
54 86
54 88
54 89
54 90
54 91
54 92
54 95
54 97
54 98
54 99
55 56
55 58
55 59
55 60
55 62
55 63
55 67
55 68
55 70
55 72
55 73
55 75
55 77
55 78
55 79
55 80
55 81
55 88
55 90
55 92
55 94
55 96
55 97
56 59
56 63
56 67
56 70
56 71
56 72
56 76
56 77
56 78
56 81
56 86
56 87
56 89
56 90
56 91
56 92
56 93
56 96
56 97
57 58
57 62
57 66
57 73
57 76
57 79
57 80
57 81
57 82
57 83
57 84
57 86
57 88
57 89
57 91
57 92
57 93
57 94
57 95
57 96
57 99
58 59
58 60
58 62
58 66
58 68
58 69
58 72
58 73
58 77
58 81
58 86
58 90
58 91
58 93
58 96
58 98
59 60
59 62
59 64
59 65
59 68
59 70
59 72
59 73
59 74
59 75
59 77
59 78
59 80
59 81
59 84
59 86
59 87
59 89
59 92
59 93
59 94
59 96
59 99
60 62
60 63
60 65
60 71
60 72
60 73
60 74
60 75
60 78
60 79
60 81
60 82
60 83
60 85
60 86
60 87
60 88
60 89
60 95
60 98
60 99
61 62
61 63
61 66
61 68
61 70
61 71
61 75
61 77
61 79
61 81
61 84
61 85
61 87
61 88
61 91
61 93
61 96
62 65
62 67
62 70
62 72
62 73
62 75
62 78
62 79
62 81
62 84
62 85
62 86
62 87
62 88
62 89
62 90
62 94
62 95
62 99
63 65
63 69
63 70
63 71
63 77
63 78
63 79
63 80
63 83
63 85
63 86
63 89
63 90
63 92
63 95
63 98
64 65
64 73
64 74
64 75
64 76
64 79
64 80
64 81
64 82
64 83
64 84
64 85
64 87
64 88
64 90
64 91
64 94
64 95
64 97
65 66
65 67
65 68
65 69
65 70
65 71
65 72
65 73
65 75
65 82
65 83
65 85
65 88
65 90
65 91
65 93
65 94
65 97
65 98
66 68
66 71
66 72
66 73
66 77
66 78
66 79
66 81
66 83
66 85
66 88
66 92
66 93
66 94
66 95
66 96
66 97
67 68
67 71
67 73
67 74
67 77
67 81
67 83
67 84
67 86
67 87
67 90
67 91
67 93
67 96
67 98
67 99
68 69
68 70
68 71
68 72
68 74
68 75
68 78
68 82
68 84
68 85
68 87
68 90
68 91
68 92
68 97
69 70
69 71
69 76
69 78
69 82
69 86
69 87
69 88
69 92
69 94
69 95
69 99
70 71
70 74
70 75
70 76
70 77
70 78
70 80
70 81
70 84
70 85
70 88
70 90
70 94
70 99
71 73
71 74
71 76
71 78
71 79
71 80
71 83
71 85
71 86
71 88
71 89
71 90
71 92
71 94
71 96
72 73
72 76
72 78
72 79
72 80
72 81
72 83
72 87
72 90
72 91
72 98
73 74
73 77
73 80
73 82
73 84
73 87
73 88
73 91
73 94
73 95
73 96
73 98
73 99
74 76
74 79
74 84
74 89
74 90
74 91
74 94
74 95
74 96
74 97
74 99
75 81
75 82
75 87
75 88
75 89
75 92
75 93
75 94
75 95
75 97
75 99
76 77
76 78
76 86
76 87
76 88
76 91
76 92
76 93
76 94
76 96
76 97
76 99
77 80
77 81
77 83
77 84
77 85
77 86
77 88
77 89
77 90
77 91
77 94
77 95
77 96
77 99
78 80
78 81
78 82
78 83
78 86
78 87
78 88
78 89
78 93
78 94
78 95
78 96
78 97
78 98
79 80
79 81
79 82
79 83
79 84
79 86
79 89
79 91
79 92
79 93
79 95
79 98
79 99
80 81
80 85
80 87
80 88
80 91
80 92
80 95
81 82
81 84
81 85
81 87
81 88
81 89
81 91
81 92
81 94
81 95
82 85
82 86
82 87
82 88
82 89
82 90
82 97
82 98
83 85
83 88
83 89
83 90
83 91
83 92
83 93
83 94
83 95
83 97
83 98
84 85
84 86
84 87
84 88
84 89
84 92
84 93
84 94
84 98
85 86
85 88
85 91
85 93
85 94
85 96
85 97
85 98
85 99
86 94
86 98
86 99
87 95
88 93
88 95
88 96
88 97
88 98
89 90
89 91
89 93
89 94
89 95
89 96
89 97
89 98
90 93
90 94
90 95
90 96
91 92
91 94
91 97
91 99
92 94
92 97
92 98
93 94
93 95
93 98
93 99
94 95
94 96
94 98
95 96
95 97
95 98
96 97
96 98
