0 2
0 3
0 8
0 11
0 18
0 20
0 23
0 24
0 29
0 30
0 33
0 44
0 45
0 46
0 47
0 51
0 54
0 55
0 61
0 64
0 65
0 66
0 68
0 70
0 75
0 77
0 82
0 84
0 92
0 93
0 97
0 99
1 4
1 7
1 15
1 17
1 19
1 23
1 25
1 41
1 50
1 51
1 52
1 54
1 59
1 62
1 67
1 69
1 76
1 77
1 85
1 89
1 92
1 99
2 5
2 6
2 7
2 8
2 12
2 13
2 14
2 15
2 17
2 27
2 34
2 38
2 41
2 42
2 47
2 57
2 59
2 61
2 63
2 66
2 67
2 70
2 74
2 79
2 82
2 90
2 92
2 95
3 4
3 5
3 6
3 8
3 9
3 10
3 11
3 12
3 13
3 15
3 18
3 21
3 25
3 26
3 34
3 35
3 36
3 37
3 41
3 42
3 43
3 45
3 46
3 49
3 50
3 55
3 57
3 58
3 79
3 80
3 81
3 84
3 87
3 88
3 93
3 94
3 96
3 99
4 7
4 8
4 14
4 16
4 17
4 20
4 24
4 30
4 33
4 40
4 41
4 44
4 46
4 48
4 55
4 61
4 67
4 69
4 87
4 89
4 91
4 92
4 97
4 99
5 8
5 11
5 20
5 22
5 27
5 28
5 29
5 38
5 50
5 52
5 53
5 54
5 56
5 57
5 63
5 75
5 76
5 83
5 88
5 89
5 90
5 92
5 94
5 95
5 97
6 7
6 10
6 11
6 13
6 14
6 16
6 17
6 19
6 24
6 27
6 29
6 30
6 32
6 40
6 47
6 48
6 50
6 52
6 54
6 56
6 57
6 58
6 59
6 65
6 70
6 76
6 78
6 82
6 86
6 90
6 93
6 94
6 95
7 8
7 10
7 11
7 15
7 20
7 29
7 32
7 40
7 41
7 43
7 45
7 47
7 48
7 50
7 57
7 59
7 61
7 64
7 74
7 76
7 86
7 99
8 10
8 11
8 17
8 18
8 19
8 22
8 24
8 26
8 32
8 34
8 38
8 41
8 43
8 49
8 50
8 51
8 55
8 57
8 87
8 88
8 92
8 93
8 94
8 95
8 98
9 18
9 20
9 24
9 32
9 40
9 50
9 52
9 53
9 56
9 58
9 59
9 60
9 61
9 62
9 64
9 66
9 68
9 70
9 71
9 75
9 83
9 87
10 15
10 17
10 18
10 21
10 30
10 32
10 34
10 36
10 37
10 41
10 42
10 46
10 48
10 51
10 56
10 63
10 68
10 73
10 75
10 76
10 84
10 90
10 91
10 93
11 15
11 17
11 19
11 20
11 22
11 24
11 28
11 33
11 35
11 47
11 48
11 55
11 59
11 61
11 62
11 66
11 73
11 81
11 83
11 85
11 89
11 92
11 94
11 96
11 97
12 16
12 18
12 22
12 23
12 25
12 29
12 30
12 33
12 40
12 42
12 43
12 44
12 45
12 46
12 47
12 48
12 53
12 55
12 59
12 63
12 64
12 65
12 69
12 74
12 77
12 82
12 89
12 95
12 96
13 17
13 18
13 19
13 22
13 24
13 37
13 39
13 40
13 41
13 46
13 51
13 57
13 59
13 63
13 66
13 69
13 72
13 83
13 84
13 86
13 91
13 96
13 97
13 99
14 15
14 16
14 17
14 22
14 28
14 32
14 33
14 34
14 36
14 42
14 48
14 55
14 57
14 59
14 60
14 66
14 78
14 79
14 80
14 84
14 89
14 94
15 16
15 18
15 24
15 27
15 28
15 32
15 33
15 34
15 35
15 39
15 41
15 46
15 51
15 56
15 57
15 58
15 61
15 63
15 65
15 76
15 87
15 91
15 95
16 20
16 33
16 34
16 38
16 41
16 44
16 45
16 48
16 50
16 55
16 57
16 60
16 63
16 69
16 73
16 77
16 83
16 85
16 86
16 88
16 89
16 90
16 94
16 98
17 21
17 23
17 27
17 28
17 31
17 33
17 34
17 35
17 37
17 38
17 44
17 45
17 46
17 50
17 55
17 56
17 59
17 69
17 75
17 79
17 81
17 84
17 87
17 89
17 92
17 95
18 25
18 26
18 29
18 30
18 32
18 34
18 46
18 47
18 48
18 56
18 57
18 58
18 59
18 61
18 66
18 67
18 74
18 75
18 78
18 83
18 86
18 94
18 96
19 21
19 23
19 24
19 31
19 33
19 35
19 38
19 42
19 47
19 49
19 56
19 59
19 61
19 70
19 74
19 76
19 77
19 83
19 88
19 89
19 91
19 95
19 96
19 99
20 21
20 22
20 26
20 28
20 31
20 37
20 38
20 40
20 43
20 48
20 51
20 62
20 63
20 65
20 70
20 72
20 74
20 75
20 76
20 77
20 89
20 92
20 96
20 98
21 23
21 25
21 28
21 29
21 36
21 39
21 46
21 47
21 48
21 49
21 53
21 68
21 71
21 72
21 77
21 79
21 81
21 88
21 92
21 93
22 23
22 25
22 30
22 38
22 40
22 45
22 46
22 47
22 48
22 50
22 52
22 57
22 68
22 70
22 71
22 77
22 80
22 81
22 84
22 91
23 24
23 26
23 30
23 34
23 38
23 44
23 45
23 54
23 56
23 58
23 61
23 64
23 68
23 70
23 73
23 76
23 77
23 78
23 82
23 84
23 85
23 88
23 89
24 29
24 32
24 33
24 34
24 36
24 39
24 42
24 44
24 47
24 54
24 56
24 57
24 71
24 75
24 76
24 80
24 82
24 93
25 26
25 27
25 30
25 32
25 33
25 34
25 36
25 37
25 42
25 43
25 46
25 49
25 55
25 58
25 61
25 62
25 65
25 67
25 70
25 71
25 72
25 74
25 78
25 81
25 83
25 84
25 86
25 89
25 94
25 99
26 28
26 35
26 36
26 37
26 38
26 40
26 46
26 49
26 53
26 54
26 56
26 60
26 64
26 65
26 69
26 71
26 73
26 74
26 77
26 82
26 85
26 92
26 97
27 31
27 34
27 44
27 46
27 47
27 53
27 54
27 58
27 66
27 70
27 71
27 85
28 30
28 32
28 36
28 37
28 41
28 49
28 50
28 62
28 69
28 77
28 82
28 87
28 88
28 94
28 95
28 96
28 98
29 31
29 32
29 33
29 34
29 41
29 42
29 43
29 44
29 52
29 53
29 54
29 55
29 56
29 58
29 59
29 60
29 61
29 67
29 70
29 76
29 78
29 82
29 86
29 88
29 89
29 92
29 95
30 31
30 36
30 41
30 43
30 44
30 48
30 50
30 54
30 55
30 62
30 68
30 72
30 73
30 80
30 81
30 86
30 89
30 93
30 94
30 97
30 98
31 36
31 37
31 43
31 52
31 53
31 56
31 59
31 60
31 61
31 72
31 75
31 77
31 80
31 81
31 87
31 88
31 90
31 92
31 94
31 96
31 98
31 99
32 35
32 36
32 40
32 41
32 43
32 49
32 52
32 57
32 64
32 65
32 66
32 68
32 69
32 73
32 80
32 81
32 86
32 89
32 97
32 99
33 35
33 36
33 37
33 38
33 40
33 41
33 46
33 50
33 52
33 53
33 56
33 58
33 62
33 69
33 70
33 75
33 77
33 81
33 83
33 84
33 87
33 89
33 94
33 96
33 99
34 35
34 39
34 44
34 47
34 49
34 51
34 53
34 59
34 63
34 84
34 85
34 92
34 93
34 95
34 98
35 40
35 42
35 45
35 48
35 50
35 52
35 54
35 55
35 62
35 64
35 69
35 72
35 76
35 77
35 79
35 82
35 84
35 98
36 43
36 49
36 56
36 59
36 66
36 70
36 74
36 79
36 83
36 84
36 90
36 93
36 95
37 42
37 47
37 49
37 52
37 56
37 57
37 59
37 61
37 66
37 68
37 69
37 70
37 71
37 75
37 77
37 83
37 89
37 91
37 92
37 93
38 43
38 50
38 51
38 53
38 55
38 58
38 63
38 73
38 77
38 85
38 86
38 87
38 98
39 45
39 48
39 50
39 51
39 52
39 55
39 56
39 65
39 69
39 70
39 72
39 75
39 79
39 83
39 84
39 85
39 86
39 87
39 88
39 90
39 92
39 96
39 99
40 42
40 53
40 54
40 57
40 63
40 66
40 69
40 70
40 71
40 72
40 74
40 75
40 81
40 82
40 87
41 47
41 58
41 60
41 63
41 64
41 66
41 68
41 69
41 71
41 77
41 83
41 85
41 87
41 88
41 91
41 93
41 95
42 47
42 48
42 49
42 52
42 54
42 55
42 56
42 57
42 60
42 63
42 65
42 66
42 69
42 73
42 75
42 77
42 78
42 79
42 80
42 96
42 99
43 46
43 51
43 53
43 54
43 58
43 61
43 62
43 69
43 72
43 74
43 82
43 84
43 85
43 86
43 88
43 89
43 91
43 93
43 96
43 97
43 98
44 49
44 50
44 53
44 54
44 56
44 64
44 66
44 74
44 76
44 80
44 83
44 91
44 98
44 99
45 54
45 56
45 61
45 67
45 68
45 69
45 73
45 75
45 78
45 80
45 82
45 83
45 85
45 86
45 88
45 89
45 93
45 94
45 98
46 50
46 52
46 54
46 55
46 57
46 59
46 61
46 62
46 69
46 73
46 76
46 78
46 79
46 90
46 96
46 97
47 56
47 58
47 60
47 63
47 65
47 66
47 67
47 68
47 69
47 70
47 75
47 76
47 77
47 82
47 83
47 87
47 89
47 93
47 98
48 50
48 52
48 59
48 61
48 62
48 63
48 67
48 68
48 73
48 83
48 85
49 53
49 60
49 64
49 67
49 71
49 73
49 75
49 77
49 80
49 87
49 94
49 98
49 99
50 56
50 57
50 58
50 64
50 67
50 68
50 73
50 75
50 79
50 82
50 88
50 90
50 95
51 57
51 60
51 62
51 63
51 67
51 71
51 73
51 74
51 81
51 82
51 86
51 88
51 90
51 95
51 99
52 59
52 60
52 64
52 66
52 69
52 76
52 81
52 84
52 85
52 89
52 92
52 93
52 95
52 96
53 62
53 63
53 64
53 68
53 70
53 71
53 72
53 74
53 76
53 78
53 86
53 88
53 90
53 91
53 93
53 95
53 97
53 99
54 55
54 58
54 63
54 68
54 72
54 75
54 76
54 77
54 79
54 82
54 90
54 91
54 93
54 99
55 61
55 62
55 64
55 75
55 83
55 84
55 86
55 91
55 97
56 60
56 63
56 65
56 66
56 70
56 72
56 73
56 76
56 77
56 84
56 89
56 90
56 91
56 93
56 95
56 96
56 97
56 98
57 58
57 61
57 62
57 63
57 73
57 75
57 77
57 80
57 82
57 84
57 85
57 88
57 89
57 91
57 94
57 98
58 63
58 70
58 71
58 72
58 79
58 81
58 85
58 88
58 94
58 96
59 67
59 70
59 72
59 73
59 75
59 79
59 88
59 89
59 94
60 63
60 67
60 73
60 77
60 78
60 79
60 83
60 84
60 88
60 96
61 73
61 77
61 81
61 83
61 86
61 87
61 90
61 92
61 93
61 96
61 99
62 63
62 66
62 67
62 71
62 87
62 88
62 90
62 93
62 94
62 98
63 65
63 70
63 73
63 82
63 86
63 92
63 97
63 99
64 66
64 69
64 71
64 72
64 73
64 74
64 75
64 77
64 86
64 93
64 97
65 69
65 71
65 73
65 74
65 80
65 84
65 88
65 89
65 94
65 97
65 99
66 67
66 68
66 71
66 72
66 79
66 82
66 85
66 89
66 90
66 92
66 93
67 73
67 74
67 76
67 78
67 89
67 90
67 91
67 96
67 97
67 98
68 70
68 72
68 73
68 78
68 79
68 83
68 98
69 72
69 80
69 85
69 86
69 87
69 89
69 95
70 71
70 73
70 75
70 81
70 83
70 86
70 91
70 95
71 74
71 79
71 92
71 93
71 95
71 98
72 73
72 75
72 77
72 78
72 84
72 89
72 94
72 97
72 99
73 74
73 77
73 79
73 87
73 89
73 94
73 95
73 97
74 79
74 82
74 86
74 87
74 88
74 90
74 92
74 98
75 78
75 84
75 85
75 86
75 89
75 92
75 93
75 98
75 99
76 81
76 85
76 89
76 91
76 93
76 94
76 98
76 99
77 78
77 82
77 86
77 89
77 91
78 87
78 88
78 90
78 96
79 81
79 84
79 91
79 94
79 96
79 97
80 82
80 88
80 89
80 95
80 97
81 83
81 92
81 93
81 94
81 98
81 99
82 89
82 90
82 92
82 95
82 96
82 98
82 99
83 87
83 91
83 95
84 86
84 87
84 89
84 92
85 93
85 94
85 95
85 97
86 87
86 88
86 93
86 94
86 99
87 88
87 89
87 90
87 91
87 95
87 99
88 91
88 97
88 98
89 90
89 98
90 91
90 97
91 92
91 93
91 95
91 99
92 97
93 95
93 98
94 97
94 99
95 99
96 99
