0 6
0 8
0 9
0 14
0 18
0 19
0 26
0 27
0 29
0 31
0 32
0 36
0 42
0 53
0 64
0 70
0 73
0 77
0 81
0 82
0 86
0 89
1 2
1 4
1 7
1 11
1 15
1 22
1 32
1 36
1 38
1 41
1 47
1 53
1 55
1 57
1 65
1 69
1 84
1 85
1 95
1 98
2 6
2 7
2 17
2 24
2 31
2 37
2 43
2 49
2 50
2 51
2 52
2 53
2 54
2 64
2 74
2 78
2 80
2 86
2 93
3 10
3 12
3 34
3 35
3 36
3 43
3 46
3 48
3 49
3 52
3 53
3 60
3 61
3 76
3 85
3 96
3 98
4 7
4 9
4 10
4 12
4 19
4 26
4 40
4 47
4 58
4 61
4 68
4 70
4 71
4 87
4 99
5 7
5 11
5 13
5 14
5 16
5 18
5 28
5 40
5 41
5 44
5 46
5 55
5 58
5 62
5 66
5 77
5 80
5 85
5 90
5 95
5 96
6 17
6 21
6 22
6 23
6 24
6 27
6 28
6 30
6 32
6 34
6 38
6 49
6 60
6 64
6 65
6 78
6 81
6 93
6 97
7 8
7 18
7 23
7 25
7 27
7 31
7 33
7 39
7 46
7 56
7 61
7 64
7 65
7 66
7 68
7 77
7 82
7 83
7 84
7 95
7 99
8 11
8 13
8 15
8 16
8 18
8 21
8 25
8 28
8 36
8 37
8 39
8 40
8 41
8 42
8 43
8 51
8 63
8 68
8 72
8 77
8 85
8 91
9 12
9 24
9 25
9 32
9 33
9 43
9 44
9 55
9 63
9 67
9 77
9 79
9 80
9 90
9 94
9 98
10 12
10 20
10 22
10 23
10 25
10 27
10 42
10 61
10 62
10 63
10 68
10 69
10 70
10 77
10 78
10 79
10 81
10 84
10 86
10 89
10 97
11 12
11 17
11 20
11 23
11 25
11 28
11 29
11 30
11 40
11 44
11 56
11 61
11 62
11 73
11 77
11 81
11 85
11 86
12 15
12 31
12 33
12 34
12 56
12 61
12 77
12 82
12 85
12 94
12 99
13 16
13 17
13 21
13 32
13 39
13 40
13 43
13 55
13 56
13 58
13 67
13 71
13 74
13 77
13 80
13 84
13 85
13 90
13 91
13 92
13 95
14 17
14 20
14 21
14 28
14 30
14 33
14 36
14 41
14 48
14 51
14 52
14 55
14 58
14 64
14 75
14 79
14 82
14 90
14 97
15 29
15 46
15 59
15 60
15 64
15 71
15 74
15 77
15 78
15 83
15 85
15 90
15 98
16 25
16 26
16 28
16 37
16 41
16 44
16 49
16 50
16 59
16 60
16 63
16 64
16 65
16 75
16 80
16 92
16 96
16 97
16 99
17 19
17 23
17 27
17 35
17 38
17 44
17 47
17 54
17 59
17 60
17 63
17 84
17 85
18 19
18 20
18 21
18 23
18 40
18 46
18 47
18 49
18 52
18 62
18 72
18 74
18 76
18 81
18 85
18 89
18 94
18 97
19 28
19 33
19 40
19 46
19 48
19 56
19 60
19 63
19 66
19 79
19 89
19 90
19 93
19 95
19 97
20 25
20 38
20 39
20 42
20 45
20 51
20 58
20 66
20 67
20 69
20 74
20 81
20 83
20 90
20 94
20 95
21 24
21 30
21 34
21 39
21 56
21 59
21 61
21 65
21 67
21 72
21 76
21 81
21 84
21 88
21 90
21 92
21 99
22 27
22 38
22 47
22 51
22 55
22 56
22 64
22 66
22 80
22 90
22 91
22 98
23 40
23 41
23 50
23 54
23 55
23 56
23 60
23 61
23 73
23 78
23 82
23 87
23 90
23 92
24 27
24 38
24 39
24 41
24 42
24 43
24 44
24 48
24 52
24 58
24 60
24 61
24 71
24 72
24 77
24 78
24 80
24 81
24 82
24 85
24 88
24 90
24 92
25 35
25 36
25 39
25 41
25 42
25 44
25 45
25 46
25 49
25 56
25 57
25 64
25 65
25 73
25 74
25 80
25 81
25 82
25 98
26 36
26 38
26 51
26 52
26 58
26 60
26 63
26 70
26 72
26 75
26 82
26 84
26 93
26 94
26 98
27 31
27 33
27 45
27 55
27 56
27 63
27 71
27 76
27 79
27 83
27 85
27 91
27 93
27 94
27 97
28 37
28 38
28 39
28 46
28 53
28 56
28 57
28 63
28 76
28 77
28 80
28 81
28 88
28 90
28 96
29 33
29 35
29 47
29 48
29 50
29 70
29 78
29 87
29 90
29 91
29 94
30 36
30 37
30 41
30 45
30 47
30 50
30 52
30 56
30 82
30 83
31 45
31 51
31 56
31 58
31 63
31 72
31 77
31 80
31 81
31 82
31 89
31 96
32 34
32 37
32 43
32 48
32 49
32 51
32 62
32 63
32 65
32 70
32 74
32 77
32 79
32 82
33 37
33 39
33 43
33 45
33 49
33 59
33 63
33 65
33 71
33 72
33 73
33 74
33 76
33 80
33 84
33 89
33 90
33 95
33 97
33 98
33 99
34 37
34 42
34 47
34 73
34 78
34 79
34 80
34 81
34 86
34 88
34 93
35 51
35 53
35 59
35 64
35 65
35 69
35 72
35 82
35 83
36 46
36 47
36 48
36 50
36 51
36 54
36 69
36 76
36 78
36 90
36 98
37 49
37 51
37 59
37 67
37 73
37 75
37 79
37 84
37 85
37 91
37 93
37 94
37 95
38 41
38 45
38 53
38 58
38 66
38 69
38 84
38 90
38 93
39 45
39 49
39 51
39 52
39 53
39 54
39 55
39 57
39 88
39 89
39 92
39 94
40 41
40 43
40 45
40 46
40 50
40 51
40 54
40 65
40 77
40 80
40 81
40 86
41 44
41 47
41 63
41 64
41 70
41 77
41 90
41 95
41 96
41 97
41 99
42 55
42 64
42 66
42 68
42 76
42 90
42 93
42 95
42 97
42 98
43 48
43 52
43 62
43 69
43 72
43 77
43 83
43 93
43 95
44 49
44 60
44 70
44 71
44 76
44 77
44 86
44 89
44 90
44 91
44 95
44 99
45 46
45 51
45 53
45 57
45 68
45 75
45 76
45 82
45 90
45 91
45 92
45 96
45 99
46 48
46 50
46 56
46 64
46 66
46 74
46 81
46 82
46 85
46 89
46 90
46 91
46 96
46 99
47 55
47 58
47 61
47 63
47 64
47 71
47 80
47 81
47 87
47 89
48 58
48 60
48 64
48 65
48 69
48 76
48 77
48 80
48 81
48 84
48 89
48 94
48 99
49 51
49 54
49 56
49 60
49 64
49 68
49 72
49 78
49 80
49 83
49 90
49 93
49 94
49 95
49 96
49 97
50 51
50 56
50 65
50 68
50 71
50 77
50 78
50 80
50 81
50 82
50 86
50 88
50 90
50 95
51 55
51 56
51 69
51 70
51 72
51 73
51 74
51 79
51 82
51 95
52 55
52 56
52 58
52 66
52 67
52 83
52 84
52 87
52 89
52 91
52 92
53 55
53 56
53 57
53 65
53 67
53 80
53 82
53 88
53 98
54 58
54 59
54 60
54 62
54 63
54 72
54 83
54 89
54 92
54 95
55 56
55 57
55 64
55 65
55 70
55 80
55 82
55 89
55 90
55 93
55 94
55 99
56 57
56 59
56 63
56 68
56 72
56 81
56 90
56 92
56 98
57 63
57 71
57 73
57 82
57 96
58 59
58 60
58 66
58 76
58 93
58 94
58 98
59 66
59 68
59 70
59 73
59 74
59 78
59 85
59 86
59 88
59 94
59 98
60 66
60 71
60 75
60 83
60 84
60 90
60 97
61 63
61 68
61 81
61 84
61 87
61 88
61 89
61 92
61 96
61 98
62 64
62 76
62 81
62 97
62 99
63 66
63 69
63 72
63 76
63 79
63 86
63 89
63 92
63 97
63 98
64 69
64 72
64 85
64 86
64 87
64 90
64 91
64 97
65 69
65 70
65 72
65 81
65 84
65 86
65 87
65 92
65 95
66 70
66 76
66 77
66 78
66 80
66 89
66 94
66 96
67 70
67 81
67 84
67 86
67 91
67 99
68 73
68 75
68 81
68 82
68 88
68 91
68 93
69 73
69 75
69 79
69 81
69 83
69 87
69 99
70 72
70 75
70 78
70 79
70 80
70 83
70 87
70 88
70 89
70 90
70 93
70 95
71 75
71 80
71 81
71 94
71 95
71 98
72 75
72 79
72 84
72 85
72 88
73 74
73 80
73 83
73 84
73 94
73 95
73 96
73 98
74 78
74 83
74 84
74 85
74 93
74 98
74 99
75 98
76 84
76 87
76 89
76 91
76 92
76 93
76 95
77 87
77 90
77 92
77 97
78 80
79 90
79 91
79 93
79 98
80 90
81 84
81 86
81 89
81 91
81 95
82 84
82 85
82 88
82 90
83 85
83 87
83 90
83 94
83 95
84 85
84 91
84 96
85 87
85 88
85 89
85 95
86 92
88 89
88 93
88 99
89 99
90 93
90 94
90 96
90 99
92 93
92 97
93 95
93 96
93 97
95 96
95 97
