0 3
0 7
0 8
0 9
0 11
0 16
0 18
0 19
0 21
0 23
0 25
0 26
0 27
0 28
0 30
0 31
0 32
0 34
0 42
0 44
0 45
0 47
0 51
0 55
0 60
0 62
0 63
0 64
0 67
0 69
0 72
0 74
0 76
0 78
0 79
0 80
0 84
0 85
0 88
0 89
0 90
0 93
0 94
0 96
0 97
0 99
1 3
1 4
1 5
1 7
1 8
1 10
1 12
1 17
1 18
1 19
1 20
1 23
1 26
1 28
1 29
1 31
1 32
1 35
1 36
1 38
1 42
1 43
1 44
1 45
1 46
1 47
1 51
1 52
1 53
1 58
1 60
1 63
1 64
1 65
1 72
1 74
1 75
1 76
1 77
1 79
1 80
1 83
1 84
1 87
1 91
1 93
1 96
1 97
1 98
1 99
2 3
2 6
2 8
2 9
2 10
2 11
2 12
2 13
2 14
2 15
2 17
2 18
2 19
2 20
2 24
2 26
2 27
2 28
2 31
2 32
2 35
2 39
2 40
2 44
2 48
2 49
2 50
2 54
2 55
2 58
2 59
2 61
2 63
2 64
2 65
2 67
2 68
2 72
2 76
2 78
2 79
2 81
2 82
2 84
2 85
2 86
2 87
2 89
2 90
2 93
2 95
2 96
2 99
3 6
3 11
3 14
3 17
3 19
3 23
3 25
3 26
3 27
3 28
3 29
3 30
3 31
3 32
3 36
3 39
3 40
3 44
3 46
3 51
3 52
3 55
3 56
3 58
3 60
3 65
3 66
3 67
3 70
3 73
3 75
3 77
3 82
3 83
3 84
3 86
3 87
3 88
3 91
3 93
3 95
3 98
3 99
4 5
4 7
4 8
4 9
4 11
4 13
4 20
4 21
4 23
4 29
4 31
4 32
4 34
4 35
4 36
4 38
4 39
4 43
4 44
4 45
4 47
4 48
4 49
4 50
4 51
4 56
4 58
4 61
4 63
4 64
4 65
4 67
4 68
4 69
4 70
4 78
4 81
4 82
4 87
4 91
4 92
4 94
4 95
4 96
4 99
5 6
5 8
5 9
5 12
5 15
5 17
5 18
5 19
5 20
5 25
5 26
5 27
5 29
5 30
5 32
5 34
5 35
5 37
5 38
5 40
5 42
5 44
5 46
5 48
5 49
5 50
5 52
5 54
5 59
5 60
5 62
5 63
5 65
5 66
5 67
5 68
5 70
5 73
5 76
5 77
5 79
5 80
5 81
5 85
5 86
5 90
5 92
5 95
6 8
6 10
6 11
6 13
6 16
6 21
6 23
6 24
6 25
6 26
6 30
6 31
6 32
6 35
6 37
6 39
6 48
6 54
6 58
6 59
6 61
6 63
6 65
6 66
6 70
6 71
6 75
6 78
6 79
6 81
6 83
6 84
6 91
6 92
6 93
6 94
6 96
6 97
6 99
7 8
7 9
7 12
7 13
7 15
7 20
7 21
7 22
7 23
7 24
7 27
7 33
7 36
7 40
7 41
7 42
7 43
7 44
7 46
7 49
7 54
7 56
7 58
7 59
7 61
7 63
7 65
7 66
7 68
7 69
7 70
7 73
7 74
7 76
7 77
7 79
7 83
7 87
7 89
7 90
7 91
7 92
7 93
7 96
7 97
8 10
8 12
8 14
8 16
8 21
8 22
8 31
8 34
8 35
8 43
8 47
8 48
8 49
8 52
8 55
8 58
8 60
8 65
8 66
8 67
8 69
8 71
8 72
8 74
8 77
8 78
8 81
8 82
8 85
8 86
8 87
8 89
8 92
8 93
8 94
8 95
8 96
8 97
8 99
9 12
9 15
9 16
9 17
9 22
9 25
9 26
9 34
9 35
9 38
9 39
9 44
9 49
9 50
9 51
9 52
9 56
9 58
9 60
9 61
9 64
9 69
9 71
9 72
9 73
9 74
9 75
9 77
9 78
9 81
9 86
9 89
9 92
9 94
9 96
9 97
9 99
10 11
10 13
10 14
10 17
10 18
10 19
10 20
10 21
10 23
10 24
10 26
10 27
10 29
10 34
10 36
10 41
10 42
10 44
10 45
10 47
10 48
10 52
10 53
10 55
10 59
10 60
10 63
10 64
10 65
10 70
10 72
10 73
10 74
10 81
10 82
10 87
10 88
10 89
10 91
10 92
10 93
10 98
10 99
11 13
11 14
11 15
11 19
11 22
11 28
11 29
11 30
11 32
11 35
11 36
11 37
11 38
11 41
11 42
11 46
11 47
11 49
11 50
11 52
11 58
11 61
11 64
11 70
11 72
11 74
11 76
11 80
11 81
11 82
11 83
11 86
11 87
11 89
11 92
11 94
11 97
11 99
12 13
12 20
12 21
12 22
12 28
12 29
12 30
12 32
12 34
12 35
12 36
12 38
12 41
12 42
12 43
12 44
12 46
12 48
12 52
12 57
12 61
12 62
12 65
12 66
12 67
12 69
12 70
12 72
12 74
12 75
12 77
12 78
12 85
12 86
12 87
12 88
12 89
12 90
12 91
12 93
12 95
12 98
12 99
13 15
13 16
13 17
13 18
13 21
13 28
13 29
13 30
13 31
13 32
13 33
13 36
13 40
13 45
13 47
13 48
13 51
13 52
13 53
13 54
13 55
13 57
13 58
13 59
13 60
13 63
13 64
13 65
13 66
13 68
13 69
13 70
13 71
13 72
13 73
13 74
13 75
13 78
13 79
13 80
13 81
13 82
13 83
13 84
13 88
13 89
13 90
13 92
13 95
13 98
13 99
14 15
14 20
14 21
14 23
14 24
14 25
14 26
14 28
14 30
14 31
14 33
14 38
14 39
14 41
14 43
14 44
14 45
14 46
14 47
14 48
14 52
14 55
14 57
14 58
14 60
14 62
14 64
14 67
14 68
14 69
14 70
14 73
14 75
14 76
14 77
14 78
14 79
14 83
14 84
14 91
14 92
14 95
14 98
15 17
15 20
15 22
15 23
15 27
15 28
15 29
15 30
15 31
15 34
15 35
15 36
15 37
15 38
15 39
15 44
15 45
15 46
15 47
15 49
15 50
15 51
15 53
15 57
15 59
15 62
15 63
15 65
15 68
15 70
15 71
15 72
15 73
15 74
15 77
15 79
15 81
15 84
15 86
15 88
15 90
15 92
15 94
15 98
16 17
16 18
16 19
16 20
16 21
16 22
16 23
16 24
16 30
16 32
16 34
16 36
16 37
16 39
16 42
16 44
16 47
16 49
16 50
16 54
16 55
16 57
16 59
16 60
16 61
16 63
16 71
16 72
16 75
16 76
16 78
16 82
16 83
16 86
16 87
16 88
16 92
16 93
16 94
16 98
16 99
17 18
17 20
17 23
17 27
17 29
17 32
17 33
17 35
17 36
17 37
17 38
17 40
17 45
17 46
17 47
17 53
17 54
17 56
17 57
17 58
17 60
17 61
17 65
17 70
17 71
17 77
17 79
17 82
17 83
17 85
17 87
17 88
17 90
17 94
17 95
17 97
17 98
18 19
18 20
18 22
18 23
18 25
18 26
18 29
18 32
18 37
18 38
18 42
18 45
18 46
18 48
18 50
18 51
18 52
18 54
18 57
18 61
18 66
18 67
18 69
18 71
18 72
18 77
18 79
18 81
18 84
18 85
18 90
19 20
19 24
19 28
19 30
19 31
19 33
19 35
19 36
19 37
19 46
19 49
19 50
19 52
19 55
19 57
19 58
19 61
19 62
19 63
19 64
19 67
19 72
19 75
19 78
19 79
19 80
19 81
19 82
19 83
19 85
19 88
19 89
19 94
19 97
20 29
20 30
20 31
20 33
20 34
20 36
20 37
20 38
20 42
20 43
20 44
20 47
20 48
20 49
20 50
20 53
20 54
20 55
20 56
20 57
20 61
20 63
20 64
20 65
20 74
20 75
20 77
20 78
20 80
20 81
20 82
20 83
20 86
20 88
20 89
20 93
20 94
20 96
20 99
21 24
21 25
21 27
21 29
21 30
21 34
21 37
21 43
21 44
21 45
21 49
21 51
21 55
21 61
21 66
21 68
21 69
21 71
21 77
21 78
21 79
21 80
21 82
21 84
21 85
21 86
21 87
21 90
21 91
21 92
21 96
21 97
21 99
22 23
22 24
22 25
22 27
22 29
22 31
22 33
22 36
22 38
22 40
22 42
22 44
22 46
22 50
22 52
22 55
22 58
22 59
22 61
22 63
22 64
22 66
22 69
22 71
22 73
22 76
22 77
22 78
22 79
22 80
22 81
22 82
22 83
22 89
22 94
23 27
23 28
23 31
23 32
23 33
23 35
23 37
23 39
23 41
23 42
23 43
23 45
23 46
23 48
23 49
23 50
23 51
23 53
23 55
23 57
23 61
23 62
23 64
23 65
23 66
23 73
23 74
23 75
23 76
23 77
23 78
23 79
23 80
23 82
23 83
23 84
23 85
23 86
23 87
23 89
23 91
23 93
23 94
23 97
23 98
23 99
24 28
24 30
24 31
24 32
24 33
24 34
24 35
24 37
24 38
24 40
24 41
24 42
24 43
24 44
24 45
24 46
24 47
24 52
24 53
24 56
24 59
24 61
24 63
24 66
24 69
24 71
24 72
24 73
24 74
24 75
24 76
24 79
24 80
24 81
24 82
24 83
24 84
24 88
24 91
24 92
24 95
24 96
24 98
25 26
25 27
25 28
25 29
25 31
25 32
25 33
25 34
25 35
25 38
25 39
25 40
25 41
25 42
25 43
25 45
25 52
25 54
25 55
25 56
25 60
25 61
25 62
25 63
25 67
25 68
25 69
25 72
25 76
25 77
25 78
25 90
25 91
25 93
25 94
25 95
25 96
25 97
25 99
26 28
26 30
26 35
26 38
26 42
26 43
26 44
26 45
26 49
26 50
26 52
26 53
26 54
26 55
26 56
26 57
26 58
26 59
26 60
26 61
26 66
26 68
26 69
26 73
26 74
26 75
26 78
26 80
26 86
26 88
26 90
26 91
26 92
26 93
26 95
26 96
26 97
26 98
27 28
27 32
27 33
27 37
27 38
27 44
27 52
27 53
27 54
27 55
27 58
27 61
27 63
27 67
27 68
27 69
27 71
27 73
27 74
27 76
27 77
27 79
27 85
27 87
27 89
27 90
27 91
27 93
27 94
27 95
27 98
27 99
28 30
28 31
28 33
28 37
28 38
28 39
28 42
28 43
28 47
28 49
28 52
28 53
28 54
28 55
28 57
28 58
28 59
28 61
28 62
28 63
28 67
28 68
28 70
28 71
28 72
28 73
28 75
28 76
28 80
28 81
28 83
28 84
28 90
28 91
28 92
28 93
28 94
28 96
28 97
28 99
29 31
29 32
29 34
29 37
29 38
29 39
29 40
29 41
29 42
29 45
29 46
29 47
29 48
29 52
29 57
29 58
29 61
29 62
29 63
29 64
29 66
29 69
29 70
29 71
29 72
29 73
29 77
29 78
29 79
29 80
29 81
29 86
29 87
29 88
29 91
29 92
29 93
29 94
29 95
29 96
29 98
29 99
30 33
30 39
30 42
30 43
30 46
30 48
30 49
30 51
30 52
30 53
30 55
30 57
30 58
30 59
30 60
30 61
30 62
30 63
30 65
30 69
30 70
30 71
30 74
30 75
30 78
30 82
30 83
30 85
30 86
30 87
30 90
30 91
30 92
30 95
30 96
30 97
31 34
31 35
31 36
31 37
31 41
31 42
31 44
31 49
31 50
31 54
31 55
31 57
31 58
31 59
31 60
31 62
31 63
31 68
31 70
31 71
31 74
31 75
31 76
31 77
31 78
31 81
31 82
31 84
31 88
31 90
31 92
31 93
31 95
31 96
31 99
32 33
32 35
32 37
32 39
32 40
32 41
32 42
32 43
32 46
32 47
32 48
32 49
32 52
32 53
32 54
32 55
32 56
32 57
32 59
32 62
32 65
32 66
32 67
32 69
32 72
32 75
32 79
32 81
32 82
32 85
32 86
32 88
32 91
32 92
32 94
32 95
32 97
33 35
33 36
33 38
33 39
33 40
33 43
33 47
33 49
33 52
33 53
33 54
33 56
33 58
33 62
33 63
33 66
33 67
33 69
33 72
33 73
33 75
33 76
33 83
33 84
33 85
33 86
33 88
33 89
33 95
33 96
33 97
33 99
34 36
34 40
34 42
34 46
34 50
34 51
34 53
34 55
34 56
34 59
34 66
34 67
34 68
34 70
34 72
34 73
34 78
34 82
34 83
34 84
34 85
34 89
34 93
34 95
34 99
35 37
35 40
35 44
35 45
35 49
35 50
35 51
35 53
35 55
35 59
35 60
35 62
35 64
35 65
35 66
35 67
35 69
35 72
35 73
35 74
35 75
35 77
35 79
35 82
35 83
35 88
35 91
35 93
35 95
35 96
35 99
36 39
36 40
36 43
36 44
36 45
36 48
36 52
36 54
36 57
36 58
36 60
36 62
36 68
36 69
36 70
36 72
36 75
36 76
36 77
36 80
36 83
36 85
36 87
36 88
36 91
36 93
36 94
36 95
36 96
36 97
36 98
36 99
37 38
37 40
37 43
37 50
37 51
37 52
37 54
37 57
37 62
37 67
37 69
37 72
37 73
37 78
37 79
37 82
37 85
37 86
37 88
37 89
37 90
37 91
37 93
37 95
37 96
37 97
37 99
38 39
38 43
38 44
38 46
38 47
38 48
38 49
38 51
38 53
38 56
38 60
38 61
38 62
38 65
38 66
38 67
38 68
38 71
38 72
38 73
38 74
38 75
38 76
38 78
38 79
38 84
38 86
38 88
38 92
38 95
38 96
38 98
39 40
39 43
39 46
39 47
39 50
39 51
39 52
39 54
39 56
39 57
39 58
39 60
39 61
39 62
39 63
39 64
39 65
39 67
39 69
39 70
39 71
39 72
39 73
39 74
39 75
39 76
39 79
39 81
39 82
39 84
39 85
39 89
39 93
39 96
39 98
39 99
40 44
40 45
40 49
40 50
40 52
40 55
40 57
40 59
40 60
40 61
40 63
40 71
40 72
40 76
40 77
40 78
40 79
40 80
40 81
40 87
40 88
40 89
40 91
40 93
40 94
41 43
41 46
41 49
41 52
41 53
41 54
41 55
41 56
41 61
41 63
41 64
41 65
41 66
41 67
41 68
41 69
41 70
41 71
41 73
41 75
41 76
41 77
41 87
41 88
41 89
41 90
41 91
41 92
41 96
41 99
42 45
42 47
42 48
42 49
42 52
42 53
42 54
42 60
42 65
42 68
42 69
42 74
42 75
42 76
42 81
42 83
42 84
42 85
42 86
42 88
42 91
42 92
42 94
42 96
42 99
43 47
43 51
43 53
43 54
43 56
43 59
43 60
43 61
43 62
43 65
43 67
43 68
43 69
43 72
43 78
43 82
43 84
43 85
43 86
43 88
43 91
43 92
43 93
43 95
43 96
43 97
43 98
43 99
44 45
44 47
44 48
44 49
44 51
44 52
44 55
44 56
44 58
44 60
44 63
44 68
44 73
44 74
44 75
44 76
44 78
44 79
44 80
44 82
44 84
44 85
44 86
44 87
44 88
44 91
44 92
44 93
44 94
44 95
44 97
44 98
44 99
45 46
45 49
45 52
45 54
45 55
45 56
45 61
45 62
45 63
45 64
45 65
45 68
45 70
45 72
45 74
45 77
45 83
45 84
45 85
45 87
45 88
45 89
45 90
45 93
45 95
45 96
45 97
46 47
46 49
46 50
46 53
46 54
46 57
46 60
46 68
46 71
46 72
46 76
46 77
46 79
46 80
46 81
46 83
46 84
46 86
46 91
46 93
46 96
47 54
47 55
47 56
47 57
47 59
47 60
47 63
47 64
47 65
47 68
47 73
47 76
47 78
47 81
47 82
47 83
47 84
47 85
47 87
47 88
47 89
47 91
47 92
47 93
48 52
48 54
48 62
48 63
48 64
48 66
48 67
48 68
48 69
48 70
48 72
48 73
48 75
48 78
48 82
48 83
48 84
48 85
48 87
48 90
48 92
48 95
49 50
49 51
49 54
49 56
49 58
49 59
49 60
49 63
49 64
49 67
49 70
49 71
49 73
49 74
49 77
49 78
49 82
49 83
49 84
49 85
49 86
49 88
49 89
49 91
49 95
49 96
49 97
49 98
50 53
50 54
50 55
50 57
50 62
50 63
50 64
50 65
50 66
50 68
50 69
50 71
50 72
50 73
50 75
50 79
50 81
50 83
50 88
50 90
50 98
51 52
51 53
51 54
51 55
51 56
51 57
51 58
51 61
51 64
51 65
51 69
51 72
51 74
51 75
51 76
51 77
51 78
51 81
51 85
51 87
51 91
51 92
51 94
51 95
51 97
51 99
52 54
52 56
52 57
52 58
52 63
52 64
52 65
52 67
52 68
52 71
52 73
52 74
52 75
52 76
52 78
52 80
52 82
52 87
52 89
52 91
52 92
52 93
52 94
52 96
52 97
53 57
53 59
53 60
53 61
53 63
53 65
53 66
53 71
53 73
53 75
53 76
53 77
53 78
53 82
53 83
53 85
53 89
53 90
53 92
53 93
53 94
53 95
53 97
53 98
53 99
54 55
54 58
54 60
54 61
54 64
54 67
54 68
54 69
54 71
54 72
54 76
54 79
54 80
54 81
54 83
54 84
54 86
54 88
54 90
54 91
54 92
54 93
54 99
55 56
55 58
55 60
55 63
55 65
55 66
55 68
55 71
55 72
55 73
55 74
55 80
55 81
55 83
55 85
55 87
55 88
55 89
55 90
55 91
55 95
55 98
56 57
56 58
56 59
56 61
56 65
56 71
56 72
56 73
56 75
56 77
56 78
56 79
56 80
56 81
56 88
56 90
56 91
56 94
56 95
56 96
56 99
57 58
57 59
57 61
57 62
57 66
57 67
57 68
57 70
57 75
57 76
57 77
57 79
57 80
57 86
57 87
57 90
57 91
57 92
57 94
57 98
58 59
58 60
58 61
58 62
58 64
58 65
58 70
58 71
58 73
58 76
58 77
58 78
58 79
58 80
58 81
58 82
58 83
58 85
58 91
58 93
58 94
58 95
58 96
59 61
59 63
59 66
59 70
59 71
59 72
59 74
59 76
59 77
59 80
59 81
59 82
59 84
59 86
59 87
59 88
59 89
59 91
59 93
59 96
59 97
59 98
59 99
60 62
60 64
60 67
60 69
60 70
60 74
60 75
60 77
60 78
60 79
60 80
60 81
60 82
60 86
60 90
60 91
60 92
60 94
60 95
60 96
60 97
60 98
61 62
61 63
61 65
61 68
61 72
61 73
61 74
61 78
61 81
61 82
61 84
61 89
61 91
61 93
61 94
61 98
61 99
62 64
62 67
62 68
62 69
62 70
62 74
62 76
62 79
62 82
62 86
62 87
62 88
62 90
62 92
62 94
62 96
62 99
63 64
63 65
63 71
63 72
63 77
63 78
63 79
63 81
63 82
63 83
63 84
63 86
63 87
63 91
63 92
63 93
63 94
63 96
63 97
63 98
63 99
64 65
64 68
64 71
64 72
64 73
64 74
64 75
64 77
64 78
64 86
64 89
64 90
64 91
64 94
64 96
64 99
65 66
65 68
65 69
65 70
65 71
65 73
65 74
65 76
65 77
65 78
65 81
65 82
65 83
65 84
65 85
65 87
65 89
65 91
65 92
65 95
65 97
66 67
66 68
66 69
66 71
66 72
66 75
66 77
66 80
66 81
66 84
66 88
66 92
66 93
66 99
67 69
67 71
67 75
67 77
67 80
67 81
67 82
67 87
67 91
67 92
67 94
67 96
67 97
67 98
68 70
68 71
68 74
68 75
68 76
68 80
68 81
68 82
68 88
68 89
68 90
68 92
68 94
68 96
69 70
69 72
69 75
69 76
69 77
69 82
69 83
69 84
69 85
69 86
69 87
69 88
69 89
69 90
69 92
69 93
69 95
69 98
70 72
70 73
70 75
70 76
70 80
70 85
70 87
70 89
70 90
70 91
70 92
70 94
70 95
70 99
71 75
71 81
71 86
71 87
71 88
71 89
71 90
71 91
71 92
71 93
72 74
72 76
72 77
72 80
72 82
72 83
72 84
72 88
72 90
72 91
72 92
72 95
72 96
72 98
72 99
73 74
73 76
73 78
73 80
73 83
73 86
73 89
73 91
73 92
73 98
74 77
74 80
74 81
74 82
74 83
74 84
74 85
74 86
74 87
74 89
74 90
74 91
74 95
74 97
74 98
74 99
75 78
75 80
75 81
75 85
75 86
75 87
75 91
75 94
75 96
75 98
76 79
76 81
76 83
76 87
76 88
76 89
76 91
76 93
76 94
76 99
77 78
77 79
77 81
77 82
77 83
77 85
77 87
77 88
77 90
77 92
77 94
77 95
77 99
78 81
78 83
78 85
78 88
78 93
78 95
79 81
79 82
79 83
79 90
79 91
79 92
79 96
79 99
80 81
80 84
80 86
80 88
80 89
80 90
80 91
80 92
80 94
80 97
81 83
81 84
81 89
81 93
81 97
81 98
82 83
82 84
82 85
82 87
82 89
82 90
82 91
82 92
82 93
82 95
82 96
83 84
83 87
83 89
83 90
83 93
83 97
83 99
84 91
84 92
84 94
84 96
85 88
85 89
85 90
85 91
85 92
85 96
85 97
85 98
85 99
86 87
86 91
86 92
86 94
86 95
86 96
86 97
86 98
87 88
87 95
87 97
87 99
88 89
88 90
88 92
88 94
88 96
88 99
89 91
89 93
89 95
89 98
89 99
90 91
90 93
90 95
90 98
91 93
91 94
91 96
91 97
91 99
92 93
92 94
92 95
92 97
92 98
93 95
93 96
93 98
94 95
94 96
95 96
95 98
95 99
96 97
96 99
97 98
97 99
98 99
