0 1
0 6
0 7
0 8
0 9
0 11
0 19
0 20
0 21
0 24
0 27
0 30
0 31
0 32
0 34
0 39
0 40
0 43
0 44
0 46
0 47
0 49
0 50
0 53
0 54
0 57
0 58
0 59
0 61
0 62
0 63
0 64
0 67
0 68
0 69
0 70
0 72
0 73
0 74
0 75
0 78
0 79
0 80
0 82
0 87
0 89
0 90
0 95
0 96
0 99
1 2
1 3
1 4
1 7
1 11
1 12
1 13
1 14
1 15
1 16
1 19
1 20
1 21
1 24
1 25
1 28
1 29
1 32
1 34
1 35
1 38
1 39
1 41
1 44
1 45
1 50
1 51
1 52
1 53
1 56
1 58
1 59
1 60
1 61
1 65
1 67
1 71
1 72
1 74
1 76
1 78
1 79
1 82
1 84
1 85
1 96
1 97
1 99
2 4
2 5
2 7
2 13
2 14
2 17
2 19
2 20
2 21
2 23
2 25
2 26
2 27
2 29
2 30
2 31
2 32
2 33
2 34
2 35
2 36
2 40
2 43
2 46
2 49
2 50
2 51
2 53
2 54
2 55
2 57
2 62
2 63
2 64
2 66
2 67
2 70
2 71
2 72
2 74
2 75
2 78
2 82
2 84
2 86
2 93
2 95
2 99
3 5
3 8
3 10
3 12
3 17
3 21
3 23
3 24
3 25
3 28
3 29
3 30
3 32
3 34
3 37
3 38
3 39
3 41
3 43
3 48
3 49
3 51
3 52
3 54
3 55
3 60
3 61
3 65
3 67
3 69
3 71
3 72
3 75
3 79
3 82
3 85
3 90
3 91
3 92
3 93
3 95
3 97
3 98
4 5
4 6
4 7
4 12
4 20
4 22
4 24
4 25
4 26
4 27
4 35
4 36
4 37
4 39
4 40
4 41
4 42
4 44
4 45
4 46
4 47
4 48
4 50
4 54
4 55
4 56
4 58
4 59
4 60
4 61
4 63
4 64
4 65
4 66
4 67
4 71
4 73
4 74
4 75
4 80
4 83
4 85
4 88
4 91
4 93
4 94
4 99
5 7
5 8
5 12
5 13
5 17
5 18
5 20
5 21
5 25
5 26
5 28
5 29
5 31
5 32
5 33
5 36
5 40
5 43
5 45
5 46
5 47
5 48
5 49
5 56
5 57
5 58
5 62
5 63
5 64
5 65
5 66
5 68
5 71
5 72
5 73
5 74
5 75
5 76
5 77
5 78
5 79
5 83
5 87
5 89
5 94
5 95
5 97
5 98
5 99
6 7
6 9
6 10
6 11
6 15
6 16
6 17
6 18
6 20
6 23
6 26
6 27
6 28
6 29
6 30
6 31
6 33
6 36
6 40
6 41
6 43
6 45
6 46
6 48
6 49
6 52
6 53
6 54
6 62
6 64
6 66
6 67
6 69
6 72
6 78
6 79
6 84
6 85
6 86
6 88
6 92
6 93
6 95
6 96
6 97
7 10
7 12
7 15
7 17
7 21
7 23
7 27
7 30
7 32
7 33
7 34
7 43
7 45
7 46
7 47
7 49
7 50
7 51
7 52
7 55
7 56
7 59
7 60
7 61
7 63
7 65
7 66
7 68
7 71
7 72
7 74
7 75
7 76
7 80
7 81
7 84
7 86
7 87
7 89
7 90
7 91
7 93
7 96
8 9
8 10
8 14
8 15
8 18
8 19
8 20
8 22
8 23
8 25
8 26
8 27
8 31
8 32
8 34
8 35
8 36
8 37
8 38
8 40
8 41
8 43
8 45
8 46
8 48
8 50
8 52
8 53
8 54
8 57
8 58
8 60
8 63
8 64
8 67
8 69
8 70
8 72
8 74
8 75
8 78
8 79
8 80
8 81
8 82
8 85
8 90
8 91
8 92
8 94
8 96
8 97
9 10
9 11
9 12
9 15
9 17
9 18
9 19
9 20
9 22
9 23
9 24
9 27
9 28
9 32
9 37
9 38
9 39
9 40
9 42
9 47
9 48
9 49
9 51
9 53
9 55
9 57
9 60
9 61
9 62
9 68
9 70
9 73
9 80
9 82
9 84
9 85
9 88
9 89
9 91
9 94
9 95
9 96
9 98
9 99
10 12
10 15
10 16
10 17
10 19
10 21
10 26
10 27
10 29
10 30
10 32
10 34
10 35
10 37
10 38
10 40
10 41
10 42
10 43
10 47
10 48
10 49
10 50
10 52
10 55
10 58
10 60
10 66
10 68
10 70
10 72
10 75
10 76
10 77
10 78
10 80
10 81
10 82
10 84
10 85
10 89
10 90
10 94
10 95
10 98
11 18
11 21
11 22
11 29
11 33
11 38
11 39
11 40
11 41
11 43
11 45
11 49
11 50
11 52
11 55
11 56
11 57
11 59
11 60
11 61
11 65
11 67
11 70
11 73
11 75
11 76
11 77
11 78
11 81
11 82
11 84
11 87
11 88
11 92
11 93
11 96
12 13
12 16
12 18
12 19
12 21
12 22
12 23
12 26
12 30
12 31
12 32
12 35
12 39
12 40
12 41
12 44
12 47
12 48
12 50
12 52
12 54
12 56
12 57
12 58
12 61
12 62
12 65
12 66
12 67
12 71
12 72
12 76
12 78
12 83
12 84
12 85
12 88
12 89
12 92
12 93
12 95
12 96
12 97
12 99
13 15
13 18
13 21
13 24
13 25
13 28
13 32
13 33
13 34
13 35
13 38
13 39
13 40
13 41
13 44
13 45
13 46
13 48
13 49
13 52
13 55
13 59
13 61
13 64
13 66
13 68
13 69
13 70
13 71
13 72
13 73
13 76
13 77
13 78
13 80
13 81
13 82
13 84
13 91
13 92
13 94
13 95
13 96
13 98
13 99
14 17
14 18
14 19
14 25
14 27
14 32
14 34
14 35
14 36
14 37
14 39
14 40
14 41
14 42
14 44
14 46
14 47
14 48
14 49
14 51
14 52
14 54
14 56
14 62
14 63
14 64
14 66
14 67
14 68
14 69
14 70
14 74
14 75
14 77
14 79
14 80
14 81
14 82
14 87
14 90
14 92
14 93
14 94
14 97
14 98
15 17
15 18
15 21
15 22
15 24
15 26
15 27
15 28
15 29
15 31
15 33
15 36
15 40
15 49
15 51
15 52
15 55
15 58
15 59
15 60
15 62
15 64
15 65
15 71
15 73
15 74
15 76
15 78
15 80
15 81
15 84
15 85
15 86
15 89
15 90
15 92
15 94
15 95
15 97
15 98
15 99
16 18
16 19
16 20
16 22
16 25
16 28
16 29
16 32
16 38
16 39
16 40
16 42
16 44
16 46
16 48
16 50
16 56
16 58
16 59
16 60
16 62
16 65
16 66
16 67
16 71
16 76
16 79
16 81
16 84
16 85
16 86
16 87
16 88
16 93
16 95
16 96
16 97
16 98
17 18
17 19
17 20
17 23
17 24
17 25
17 26
17 30
17 34
17 35
17 40
17 42
17 46
17 49
17 51
17 52
17 54
17 56
17 57
17 58
17 60
17 63
17 64
17 65
17 67
17 68
17 70
17 71
17 73
17 74
17 76
17 79
17 80
17 81
17 82
17 84
17 86
17 89
17 90
17 92
17 93
17 94
17 97
17 99
18 20
18 23
18 24
18 25
18 27
18 28
18 32
18 33
18 34
18 35
18 36
18 38
18 39
18 40
18 41
18 42
18 48
18 49
18 50
18 51
18 53
18 55
18 59
18 61
18 62
18 63
18 66
18 70
18 71
18 72
18 73
18 74
18 76
18 77
18 78
18 79
18 81
18 85
18 86
18 87
18 88
18 89
18 94
18 96
18 99
19 21
19 22
19 23
19 24
19 26
19 27
19 28
19 29
19 30
19 33
19 35
19 36
19 39
19 41
19 42
19 50
19 53
19 55
19 57
19 58
19 60
19 63
19 64
19 65
19 70
19 71
19 73
19 76
19 77
19 78
19 82
19 84
19 86
19 91
19 92
19 93
19 95
19 96
19 97
20 21
20 22
20 24
20 25
20 28
20 29
20 30
20 31
20 32
20 38
20 40
20 41
20 42
20 46
20 47
20 48
20 50
20 53
20 58
20 59
20 60
20 61
20 62
20 63
20 66
20 68
20 69
20 71
20 72
20 73
20 75
20 79
20 80
20 81
20 82
20 84
20 85
20 87
20 91
20 92
20 93
20 96
20 98
20 99
21 25
21 27
21 30
21 31
21 33
21 34
21 35
21 36
21 37
21 38
21 41
21 42
21 48
21 49
21 53
21 54
21 56
21 59
21 60
21 62
21 63
21 66
21 67
21 68
21 72
21 73
21 74
21 75
21 80
21 81
21 82
21 83
21 87
21 88
21 90
21 91
21 94
21 95
21 96
21 98
21 99
22 25
22 26
22 31
22 32
22 33
22 36
22 37
22 38
22 39
22 40
22 41
22 43
22 45
22 46
22 47
22 48
22 50
22 51
22 54
22 57
22 58
22 61
22 65
22 67
22 68
22 70
22 72
22 73
22 76
22 77
22 83
22 84
22 85
22 86
22 91
22 94
22 96
22 97
22 99
23 25
23 27
23 28
23 29
23 31
23 35
23 38
23 40
23 41
23 44
23 45
23 50
23 52
23 53
23 60
23 61
23 64
23 65
23 68
23 71
23 73
23 76
23 77
23 78
23 84
23 86
23 89
23 90
23 91
23 92
23 97
23 98
24 25
24 26
24 31
24 32
24 34
24 35
24 42
24 43
24 44
24 46
24 47
24 49
24 50
24 52
24 55
24 58
24 60
24 61
24 62
24 68
24 70
24 72
24 74
24 76
24 77
24 78
24 82
24 83
24 86
24 87
24 89
24 91
24 92
24 96
25 31
25 32
25 34
25 39
25 40
25 45
25 46
25 48
25 49
25 51
25 54
25 55
25 56
25 59
25 61
25 62
25 63
25 67
25 69
25 71
25 72
25 73
25 74
25 75
25 76
25 77
25 78
25 79
25 83
25 86
25 88
25 89
25 90
25 91
25 92
25 93
25 95
25 96
26 30
26 31
26 32
26 34
26 36
26 39
26 40
26 46
26 49
26 51
26 52
26 54
26 59
26 60
26 63
26 64
26 66
26 69
26 70
26 72
26 76
26 78
26 84
26 86
26 88
26 90
26 93
26 95
26 96
26 97
27 30
27 32
27 33
27 34
27 36
27 38
27 39
27 43
27 45
27 49
27 51
27 52
27 53
27 55
27 57
27 60
27 61
27 62
27 63
27 64
27 65
27 68
27 70
27 71
27 72
27 73
27 77
27 79
27 82
27 83
27 85
27 88
27 89
27 90
27 91
27 93
27 96
27 97
27 99
28 29
28 35
28 36
28 39
28 40
28 42
28 43
28 44
28 47
28 48
28 49
28 50
28 51
28 52
28 54
28 57
28 58
28 60
28 61
28 64
28 65
28 67
28 69
28 70
28 71
28 73
28 74
28 76
28 77
28 78
28 79
28 81
28 82
28 83
28 84
28 94
28 95
28 96
28 97
28 99
29 31
29 32
29 33
29 34
29 36
29 38
29 40
29 41
29 43
29 44
29 45
29 51
29 53
29 54
29 55
29 56
29 57
29 61
29 64
29 65
29 68
29 69
29 71
29 73
29 74
29 76
29 77
29 82
29 83
29 84
29 87
29 89
29 90
29 93
29 96
30 33
30 34
30 36
30 37
30 38
30 39
30 41
30 43
30 44
30 45
30 46
30 48
30 49
30 50
30 51
30 54
30 56
30 58
30 59
30 61
30 62
30 67
30 75
30 80
30 81
30 82
30 83
30 86
30 89
30 90
30 94
30 96
30 97
31 32
31 34
31 35
31 36
31 37
31 39
31 42
31 43
31 46
31 47
31 50
31 52
31 53
31 61
31 62
31 63
31 64
31 65
31 67
31 70
31 72
31 73
31 74
31 77
31 78
31 79
31 81
31 84
31 85
31 86
31 89
31 92
31 96
31 98
32 33
32 35
32 37
32 38
32 41
32 44
32 47
32 48
32 51
32 52
32 53
32 55
32 56
32 57
32 58
32 61
32 62
32 67
32 68
32 71
32 72
32 74
32 75
32 81
32 84
32 85
32 87
32 91
32 94
32 95
32 97
33 34
33 35
33 37
33 38
33 41
33 42
33 43
33 44
33 45
33 46
33 47
33 48
33 49
33 50
33 51
33 53
33 54
33 55
33 56
33 59
33 62
33 63
33 64
33 65
33 67
33 70
33 71
33 72
33 74
33 77
33 78
33 79
33 80
33 84
33 86
33 87
33 89
33 90
33 93
33 94
33 95
33 96
33 98
34 35
34 36
34 37
34 42
34 43
34 45
34 51
34 52
34 55
34 57
34 60
34 62
34 63
34 65
34 67
34 69
34 71
34 74
34 75
34 77
34 78
34 79
34 84
34 85
34 86
34 89
34 90
34 92
34 94
34 95
34 99
35 36
35 37
35 39
35 40
35 41
35 44
35 45
35 46
35 52
35 53
35 54
35 55
35 59
35 60
35 61
35 64
35 66
35 67
35 68
35 69
35 71
35 74
35 75
35 76
35 78
35 80
35 81
35 82
35 83
35 84
35 86
35 87
35 88
35 93
35 94
35 97
35 99
36 37
36 39
36 41
36 43
36 44
36 49
36 51
36 52
36 55
36 56
36 63
36 64
36 66
36 69
36 72
36 74
36 75
36 76
36 78
36 83
36 84
36 85
36 86
36 92
36 93
36 98
37 39
37 41
37 45
37 46
37 48
37 49
37 50
37 51
37 52
37 57
37 58
37 59
37 61
37 62
37 64
37 65
37 68
37 69
37 71
37 72
37 75
37 76
37 77
37 78
37 79
37 81
37 83
37 86
37 87
37 89
37 91
37 92
37 94
37 95
37 96
37 97
37 99
38 42
38 46
38 47
38 52
38 56
38 58
38 59
38 60
38 61
38 64
38 65
38 66
38 68
38 71
38 73
38 74
38 76
38 77
38 78
38 79
38 80
38 81
38 83
38 84
38 85
38 86
38 87
38 97
38 99
39 41
39 42
39 45
39 46
39 47
39 51
39 54
39 56
39 64
39 65
39 68
39 70
39 72
39 77
39 79
39 85
39 87
39 89
39 90
39 91
39 92
40 41
40 42
40 44
40 45
40 46
40 47
40 48
40 49
40 51
40 52
40 53
40 54
40 59
40 62
40 64
40 67
40 68
40 69
40 70
40 73
40 74
40 75
40 78
40 79
40 84
40 85
40 87
40 89
40 90
40 93
40 96
40 97
40 99
41 42
41 44
41 46
41 49
41 51
41 52
41 54
41 55
41 56
41 57
41 59
41 61
41 62
41 63
41 66
41 68
41 70
41 71
41 72
41 73
41 74
41 75
41 76
41 77
41 78
41 87
41 88
41 91
41 94
41 96
41 97
41 98
42 45
42 46
42 47
42 48
42 50
42 52
42 53
42 55
42 60
42 61
42 63
42 64
42 65
42 67
42 68
42 70
42 71
42 73
42 74
42 77
42 78
42 79
42 80
42 81
42 82
42 84
42 85
42 86
42 88
42 89
42 90
42 93
42 94
42 95
42 99
43 47
43 48
43 52
43 53
43 54
43 57
43 59
43 64
43 72
43 73
43 75
43 79
43 81
43 82
43 85
43 87
43 88
43 91
43 93
43 94
43 95
43 96
43 98
43 99
44 45
44 48
44 51
44 52
44 53
44 54
44 57
44 62
44 65
44 66
44 67
44 69
44 70
44 72
44 73
44 76
44 78
44 79
44 80
44 81
44 82
44 83
44 84
44 85
44 86
44 93
44 94
44 95
44 97
45 46
45 47
45 48
45 51
45 52
45 56
45 57
45 59
45 60
45 61
45 63
45 66
45 68
45 69
45 70
45 74
45 76
45 80
45 81
45 82
45 84
45 85
45 87
45 89
45 90
45 93
45 95
45 96
45 98
45 99
46 49
46 50
46 51
46 55
46 57
46 59
46 60
46 62
46 64
46 65
46 69
46 70
46 71
46 75
46 77
46 79
46 82
46 85
46 87
46 88
46 89
46 90
46 92
46 93
46 94
46 99
47 51
47 52
47 53
47 54
47 56
47 57
47 59
47 60
47 63
47 66
47 67
47 68
47 69
47 70
47 72
47 78
47 80
47 81
47 82
47 84
47 86
47 87
47 89
47 90
47 91
47 93
47 94
47 96
47 99
48 49
48 50
48 51
48 53
48 57
48 58
48 59
48 60
48 61
48 64
48 68
48 70
48 71
48 74
48 77
48 78
48 79
48 80
48 82
48 83
48 84
48 86
48 87
48 88
48 90
48 91
48 98
49 50
49 51
49 53
49 54
49 58
49 59
49 62
49 66
49 67
49 70
49 72
49 73
49 75
49 78
49 80
49 81
49 82
49 83
49 84
49 85
49 87
49 95
50 52
50 54
50 55
50 58
50 61
50 62
50 66
50 67
50 68
50 73
50 76
50 77
50 78
50 80
50 81
50 83
50 87
50 88
50 90
50 93
50 96
50 98
51 52
51 54
51 56
51 57
51 58
51 62
51 65
51 66
51 68
51 69
51 71
51 72
51 73
51 74
51 76
51 77
51 78
51 79
51 83
51 84
51 86
51 87
51 89
51 90
51 92
51 93
51 94
51 97
51 98
52 55
52 60
52 62
52 63
52 67
52 70
52 71
52 72
52 73
52 77
52 80
52 87
52 89
52 90
52 92
52 95
52 97
52 98
53 54
53 55
53 57
53 58
53 59
53 63
53 65
53 66
53 69
53 70
53 72
53 74
53 75
53 76
53 78
53 79
53 81
53 83
53 84
53 86
53 87
53 88
53 89
53 92
53 93
53 96
53 97
54 55
54 56
54 57
54 58
54 59
54 62
54 63
54 64
54 66
54 67
54 68
54 71
54 72
54 74
54 76
54 77
54 78
54 80
54 82
54 84
54 85
54 86
54 88
54 89
54 91
54 92
54 93
54 94
54 95
54 97
55 58
55 59
55 61
55 64
55 65
55 66
55 67
55 68
55 71
55 75
55 76
55 77
55 78
55 82
55 83
55 85
55 91
55 92
55 97
55 98
55 99
56 58
56 59
56 60
56 64
56 65
56 66
56 70
56 71
56 72
56 73
56 75
56 76
56 77
56 78
56 79
56 83
56 85
56 86
56 87
56 92
56 93
56 96
56 99
57 58
57 60
57 61
57 63
57 64
57 66
57 67
57 68
57 70
57 71
57 72
57 74
57 78
57 79
57 80
57 81
57 82
57 83
57 85
57 89
57 99
58 59
58 62
58 65
58 66
58 67
58 69
58 71
58 72
58 77
58 82
58 84
58 89
58 90
58 91
58 93
58 94
58 95
58 96
58 99
59 60
59 62
59 63
59 65
59 67
59 68
59 69
59 70
59 71
59 72
59 73
59 75
59 76
59 79
59 80
59 87
59 90
59 91
59 92
59 94
59 95
59 96
59 97
59 98
59 99
60 61
60 62
60 65
60 67
60 68
60 70
60 73
60 76
60 78
60 80
60 81
60 82
60 83
60 84
60 85
60 86
60 87
60 89
60 91
60 92
60 95
60 96
60 97
60 98
60 99
61 62
61 63
61 64
61 65
61 66
61 69
61 71
61 74
61 75
61 76
61 77
61 79
61 81
61 83
61 85
61 87
61 88
61 89
61 90
61 92
61 94
61 97
61 98
61 99
62 63
62 64
62 65
62 67
62 69
62 75
62 76
62 77
62 78
62 79
62 80
62 82
62 84
62 85
62 86
62 88
62 89
62 92
62 95
62 96
62 98
62 99
63 66
63 67
63 69
63 70
63 73
63 75
63 77
63 78
63 79
63 83
63 84
63 87
63 88
63 89
63 90
63 91
63 93
63 94
63 95
63 99
64 65
64 66
64 68
64 71
64 72
64 74
64 75
64 76
64 80
64 82
64 83
64 84
64 85
64 88
64 90
64 94
64 96
64 97
65 66
65 69
65 70
65 71
65 74
65 76
65 77
65 83
65 85
65 86
65 93
65 94
65 95
65 96
65 98
65 99
66 70
66 71
66 73
66 75
66 79
66 81
66 82
66 83
66 87
66 88
66 91
66 96
66 98
67 68
67 71
67 73
67 74
67 75
67 76
67 78
67 79
67 80
67 82
67 83
67 86
67 87
67 95
67 97
67 98
68 69
68 72
68 73
68 75
68 77
68 79
68 80
68 81
68 85
68 86
68 90
68 91
68 94
68 95
68 97
68 99
69 71
69 82
69 84
69 86
69 88
69 89
69 90
69 91
69 96
69 97
69 98
69 99
70 71
70 72
70 73
70 74
70 75
70 78
70 79
70 83
70 84
70 88
70 89
70 90
70 93
70 94
70 98
71 77
71 78
71 81
71 82
71 84
71 86
71 88
71 90
71 91
71 92
71 95
71 96
71 97
72 73
72 74
72 79
72 80
72 81
72 83
72 84
72 91
72 93
72 94
72 96
73 74
73 75
73 78
73 82
73 84
73 86
73 87
73 88
73 89
73 90
73 92
73 95
73 99
74 76
74 77
74 78
74 80
74 81
74 82
74 83
74 87
74 88
74 93
74 94
74 95
74 96
74 99
75 81
75 84
75 85
75 86
75 92
75 95
75 96
75 99
76 77
76 78
76 80
76 81
76 84
76 85
76 88
76 90
76 91
76 92
76 93
76 98
76 99
77 78
77 79
77 80
77 87
77 88
77 93
77 95
77 96
77 98
77 99
78 80
78 81
78 82
78 83
78 90
78 94
78 99
79 80
79 81
79 84
79 85
79 87
79 88
79 91
79 98
79 99
80 82
80 83
80 85
80 86
80 88
80 90
80 92
80 95
80 98
80 99
81 84
81 85
81 86
81 89
81 90
81 92
81 93
81 94
81 96
81 97
81 99
82 84
82 85
82 89
82 91
82 92
82 93
82 96
82 98
83 84
83 86
83 87
83 90
83 92
83 93
83 97
83 98
84 91
84 92
84 93
84 96
84 98
84 99
85 87
85 90
85 91
85 92
85 94
85 95
85 96
85 97
86 87
86 88
86 92
86 94
87 89
87 90
87 91
87 93
87 94
87 96
87 99
88 90
88 92
88 98
89 90
89 93
89 97
89 98
89 99
90 92
90 93
90 97
90 98
90 99
91 94
91 96
91 99
92 95
92 98
93 94
93 95
93 97
94 95
94 96
95 97
96 97
96 99
97 99
98 99
