0 1
0 2
0 10
0 11
0 17
0 28
0 31
0 33
0 37
0 40
0 43
0 44
0 47
0 48
0 52
0 54
0 56
0 57
0 62
0 69
0 70
0 74
0 75
0 76
0 78
0 79
0 82
0 83
0 85
0 86
0 91
0 95
0 98
0 99
1 12
1 14
1 15
1 17
1 18
1 22
1 23
1 27
1 30
1 41
1 44
1 47
1 50
1 51
1 53
1 54
1 55
1 57
1 58
1 59
1 61
1 62
1 63
1 64
1 79
1 80
1 83
1 86
1 88
1 91
1 92
1 94
1 95
1 96
1 98
2 4
2 5
2 7
2 8
2 10
2 13
2 17
2 19
2 20
2 22
2 23
2 25
2 26
2 31
2 34
2 35
2 36
2 38
2 39
2 43
2 44
2 46
2 47
2 49
2 50
2 51
2 52
2 53
2 55
2 56
2 59
2 67
2 71
2 78
2 79
2 89
2 93
2 94
2 95
3 7
3 8
3 11
3 17
3 22
3 23
3 26
3 27
3 28
3 32
3 34
3 36
3 38
3 39
3 42
3 43
3 46
3 47
3 48
3 49
3 56
3 57
3 59
3 64
3 65
3 66
3 75
3 79
3 81
3 86
3 93
3 94
3 99
4 6
4 8
4 12
4 15
4 19
4 21
4 26
4 27
4 29
4 30
4 32
4 36
4 40
4 45
4 47
4 54
4 56
4 65
4 68
4 69
4 75
4 76
4 78
4 84
4 85
4 86
4 88
4 91
4 94
4 95
4 98
5 7
5 9
5 11
5 15
5 18
5 19
5 23
5 24
5 27
5 30
5 31
5 32
5 41
5 42
5 43
5 44
5 45
5 46
5 50
5 52
5 57
5 59
5 61
5 62
5 70
5 72
5 75
5 79
5 83
5 85
5 86
5 88
5 89
5 91
5 97
6 7
6 14
6 17
6 19
6 22
6 30
6 31
6 32
6 33
6 36
6 37
6 38
6 40
6 43
6 44
6 45
6 46
6 47
6 48
6 49
6 50
6 51
6 57
6 60
6 62
6 69
6 70
6 72
6 75
6 77
6 78
6 80
6 83
6 85
6 86
6 92
6 96
6 98
6 99
7 8
7 9
7 10
7 13
7 14
7 16
7 21
7 22
7 25
7 29
7 32
7 35
7 36
7 37
7 40
7 45
7 46
7 47
7 48
7 51
7 52
7 54
7 56
7 59
7 63
7 64
7 65
7 70
7 72
7 75
7 78
7 79
7 80
7 81
7 86
7 87
7 92
7 97
7 99
8 10
8 11
8 12
8 13
8 14
8 15
8 17
8 18
8 21
8 26
8 27
8 30
8 31
8 35
8 42
8 44
8 45
8 46
8 53
8 54
8 55
8 57
8 59
8 63
8 65
8 70
8 74
8 78
8 79
8 81
8 82
8 83
8 88
8 89
8 90
8 93
8 95
8 98
9 12
9 13
9 18
9 19
9 20
9 25
9 28
9 30
9 31
9 32
9 34
9 41
9 42
9 44
9 45
9 47
9 48
9 54
9 55
9 57
9 59
9 64
9 65
9 66
9 68
9 72
9 73
9 74
9 75
9 76
9 78
9 79
9 80
9 85
9 86
9 88
9 89
9 92
9 93
9 95
9 96
9 97
10 11
10 16
10 17
10 22
10 24
10 27
10 28
10 29
10 32
10 33
10 37
10 40
10 42
10 43
10 45
10 46
10 48
10 49
10 50
10 53
10 55
10 57
10 59
10 61
10 62
10 64
10 66
10 70
10 71
10 72
10 73
10 74
10 78
10 81
10 84
10 85
10 86
10 87
10 88
10 91
10 99
11 14
11 17
11 22
11 23
11 25
11 26
11 27
11 32
11 37
11 40
11 42
11 45
11 48
11 49
11 50
11 51
11 53
11 54
11 55
11 56
11 58
11 60
11 61
11 62
11 64
11 68
11 72
11 73
11 77
11 79
11 86
11 89
11 91
11 92
11 94
11 97
11 98
12 13
12 14
12 15
12 16
12 17
12 18
12 21
12 22
12 23
12 28
12 35
12 41
12 42
12 43
12 44
12 45
12 47
12 49
12 50
12 51
12 53
12 54
12 55
12 57
12 58
12 64
12 65
12 68
12 71
12 74
12 76
12 78
12 80
12 81
12 83
12 85
12 87
12 89
12 90
12 94
12 95
12 96
12 99
13 16
13 19
13 20
13 24
13 25
13 27
13 28
13 29
13 30
13 32
13 35
13 39
13 40
13 42
13 43
13 44
13 45
13 46
13 51
13 53
13 55
13 58
13 59
13 60
13 67
13 68
13 69
13 71
13 72
13 73
13 76
13 79
13 80
13 84
13 86
13 87
13 91
13 95
13 96
13 98
14 21
14 23
14 26
14 27
14 30
14 33
14 36
14 41
14 44
14 45
14 49
14 50
14 54
14 55
14 58
14 61
14 64
14 66
14 67
14 69
14 75
14 76
14 79
14 85
14 86
14 88
14 89
14 90
14 91
14 94
14 99
15 16
15 17
15 18
15 20
15 21
15 22
15 23
15 24
15 28
15 32
15 35
15 37
15 40
15 47
15 50
15 52
15 55
15 56
15 57
15 61
15 63
15 67
15 72
15 75
15 76
15 77
15 78
15 83
15 86
15 89
15 90
15 91
15 92
15 98
16 17
16 18
16 19
16 20
16 22
16 23
16 24
16 26
16 29
16 30
16 32
16 34
16 36
16 40
16 44
16 51
16 52
16 56
16 69
16 71
16 73
16 76
16 80
16 81
16 85
16 86
16 91
16 93
16 96
16 99
17 18
17 20
17 26
17 32
17 35
17 42
17 51
17 58
17 62
17 64
17 67
17 68
17 74
17 76
17 77
17 82
17 83
17 90
17 91
17 96
17 97
17 99
18 19
18 20
18 22
18 26
18 27
18 32
18 34
18 37
18 38
18 39
18 40
18 42
18 48
18 49
18 51
18 53
18 60
18 62
18 65
18 67
18 69
18 71
18 74
18 77
18 80
18 83
18 84
18 87
18 88
18 90
18 98
19 20
19 23
19 25
19 30
19 31
19 32
19 35
19 37
19 39
19 40
19 45
19 46
19 47
19 48
19 51
19 53
19 59
19 61
19 69
19 71
19 72
19 73
19 75
19 77
19 82
19 83
19 87
19 88
19 89
19 90
19 91
19 92
19 93
19 97
19 98
19 99
20 21
20 22
20 23
20 25
20 33
20 35
20 36
20 37
20 39
20 44
20 49
20 50
20 53
20 54
20 56
20 59
20 62
20 64
20 69
20 70
20 73
20 75
20 77
20 79
20 81
20 82
20 84
20 86
20 90
20 92
20 93
20 95
20 96
20 98
21 29
21 30
21 34
21 35
21 42
21 43
21 50
21 52
21 54
21 58
21 61
21 63
21 65
21 69
21 70
21 71
21 74
21 78
21 80
21 81
21 82
21 87
21 90
21 91
21 92
21 94
21 96
21 98
22 28
22 31
22 32
22 34
22 36
22 42
22 44
22 48
22 51
22 52
22 53
22 54
22 56
22 57
22 61
22 64
22 67
22 69
22 72
22 76
22 77
22 79
22 83
22 84
22 85
22 89
22 90
22 92
22 93
22 96
22 97
22 98
23 25
23 26
23 29
23 32
23 34
23 44
23 50
23 54
23 56
23 58
23 62
23 63
23 65
23 72
23 74
23 75
23 80
23 84
23 86
23 93
23 94
23 95
23 96
23 98
23 99
24 29
24 31
24 33
24 34
24 35
24 37
24 41
24 42
24 43
24 45
24 48
24 50
24 51
24 55
24 57
24 59
24 61
24 63
24 64
24 68
24 69
24 72
24 73
24 74
24 76
24 81
24 82
24 83
24 87
24 88
24 92
24 96
24 98
25 26
25 28
25 30
25 31
25 35
25 38
25 39
25 42
25 45
25 47
25 48
25 49
25 53
25 56
25 60
25 63
25 64
25 66
25 68
25 71
25 72
25 73
25 76
25 77
25 82
25 83
25 84
25 91
25 92
25 94
25 98
26 29
26 32
26 35
26 42
26 44
26 47
26 48
26 49
26 50
26 51
26 52
26 53
26 55
26 56
26 57
26 58
26 61
26 62
26 65
26 66
26 68
26 69
26 70
26 71
26 72
26 73
26 75
26 76
26 80
26 81
26 89
26 95
26 97
27 28
27 29
27 30
27 31
27 33
27 35
27 36
27 39
27 40
27 41
27 43
27 47
27 53
27 55
27 58
27 60
27 64
27 69
27 75
27 79
27 80
27 83
27 84
27 86
27 87
27 88
27 89
27 94
27 96
27 97
27 98
28 29
28 30
28 31
28 33
28 40
28 45
28 46
28 48
28 49
28 50
28 53
28 57
28 62
28 64
28 66
28 67
28 68
28 69
28 70
28 71
28 73
28 74
28 75
28 77
28 78
28 84
28 89
28 90
28 92
28 93
28 99
29 36
29 41
29 42
29 49
29 54
29 59
29 60
29 63
29 65
29 75
29 82
29 83
29 84
29 86
29 92
29 95
29 96
29 98
29 99
30 32
30 38
30 43
30 46
30 47
30 48
30 50
30 52
30 53
30 54
30 55
30 61
30 65
30 67
30 68
30 74
30 76
30 77
30 81
30 92
30 95
30 99
31 35
31 37
31 38
31 41
31 42
31 43
31 44
31 45
31 46
31 48
31 51
31 52
31 55
31 59
31 61
31 65
31 67
31 72
31 75
31 78
31 79
31 80
31 83
31 84
31 85
31 86
31 87
31 89
31 91
31 97
32 33
32 35
32 40
32 41
32 42
32 43
32 45
32 46
32 47
32 52
32 53
32 58
32 61
32 65
32 66
32 69
32 71
32 74
32 79
32 80
32 85
32 88
32 90
32 91
32 98
32 99
33 36
33 38
33 42
33 43
33 45
33 46
33 47
33 48
33 50
33 52
33 58
33 61
33 64
33 72
33 74
33 76
33 77
33 81
33 83
33 90
33 91
33 97
33 99
34 35
34 36
34 37
34 44
34 45
34 46
34 47
34 48
34 58
34 60
34 61
34 62
34 63
34 64
34 65
34 66
34 67
34 68
34 69
34 71
34 75
34 79
34 83
34 84
34 86
34 91
34 93
34 98
34 99
35 36
35 37
35 38
35 42
35 44
35 47
35 49
35 52
35 55
35 59
35 60
35 62
35 63
35 65
35 73
35 76
35 77
35 80
35 81
35 88
35 89
35 90
35 94
35 96
35 98
35 99
36 38
36 39
36 41
36 42
36 43
36 46
36 48
36 49
36 51
36 52
36 56
36 58
36 59
36 62
36 63
36 65
36 68
36 69
36 70
36 71
36 74
36 75
36 80
36 81
36 84
36 85
36 89
36 91
36 97
36 99
37 45
37 47
37 54
37 61
37 62
37 63
37 66
37 67
37 73
37 75
37 79
37 80
37 82
37 84
37 85
37 91
37 98
37 99
38 40
38 41
38 42
38 44
38 45
38 46
38 48
38 51
38 53
38 54
38 55
38 56
38 57
38 58
38 59
38 60
38 62
38 64
38 72
38 76
38 77
38 79
38 80
38 83
38 84
38 91
38 93
38 95
38 96
38 97
39 45
39 49
39 50
39 54
39 62
39 63
39 64
39 66
39 67
39 70
39 77
39 78
39 79
39 81
39 83
39 84
39 88
39 91
39 92
39 93
39 94
39 96
39 98
39 99
40 43
40 46
40 47
40 52
40 55
40 61
40 62
40 63
40 66
40 69
40 71
40 73
40 74
40 80
40 81
40 82
40 83
40 84
40 85
40 87
40 91
40 92
40 94
40 98
40 99
41 46
41 49
41 52
41 53
41 55
41 57
41 58
41 59
41 60
41 64
41 65
41 67
41 68
41 71
41 73
41 74
41 79
41 84
41 88
41 89
41 90
41 91
41 93
41 94
41 96
41 98
41 99
42 43
42 46
42 47
42 48
42 49
42 57
42 59
42 62
42 63
42 64
42 67
42 69
42 72
42 74
42 77
42 79
42 81
42 83
42 84
42 88
42 89
42 90
42 94
42 95
42 99
43 44
43 49
43 50
43 58
43 59
43 70
43 74
43 76
43 77
43 79
43 81
43 82
43 84
43 86
43 87
43 88
43 91
43 92
43 93
43 95
43 97
43 99
44 45
44 46
44 47
44 52
44 53
44 59
44 60
44 66
44 67
44 73
44 74
44 76
44 77
44 83
44 88
44 92
44 93
44 94
44 95
45 49
45 50
45 52
45 54
45 55
45 57
45 58
45 61
45 65
45 66
45 67
45 68
45 69
45 73
45 80
45 82
45 83
45 90
45 91
45 92
45 93
45 94
45 96
46 53
46 55
46 57
46 59
46 64
46 65
46 66
46 69
46 70
46 72
46 74
46 77
46 78
46 81
46 82
46 83
46 84
46 87
46 88
46 89
46 94
46 97
47 55
47 59
47 60
47 66
47 67
47 69
47 72
47 73
47 76
47 77
47 80
47 81
47 83
47 84
47 85
47 88
47 89
47 92
47 93
47 96
47 97
48 50
48 51
48 53
48 54
48 58
48 60
48 65
48 67
48 70
48 72
48 75
48 78
48 79
48 80
48 82
48 86
48 87
48 89
48 90
48 94
48 96
48 99
49 50
49 51
49 52
49 55
49 59
49 60
49 62
49 67
49 68
49 73
49 76
49 77
49 78
49 80
49 82
49 92
49 96
50 53
50 54
50 57
50 63
50 64
50 66
50 67
50 71
50 72
50 76
50 83
50 84
50 85
50 86
50 89
50 90
50 92
50 94
50 97
50 98
51 52
51 54
51 56
51 61
51 69
51 71
51 72
51 73
51 74
51 77
51 78
51 80
51 84
51 85
51 86
51 87
51 88
51 89
51 90
51 92
51 96
51 97
51 98
51 99
52 53
52 59
52 60
52 62
52 63
52 67
52 68
52 72
52 73
52 76
52 78
52 79
52 86
52 87
52 90
52 91
52 92
52 96
53 57
53 58
53 60
53 62
53 64
53 72
53 74
53 76
53 81
53 86
53 87
53 93
53 98
54 58
54 70
54 74
54 79
54 84
54 88
54 89
54 95
54 99
55 58
55 62
55 65
55 69
55 70
55 72
55 73
55 81
55 83
55 84
55 92
55 93
55 95
55 96
55 99
56 57
56 61
56 66
56 68
56 70
56 71
56 73
56 74
56 80
56 81
56 83
56 84
56 85
56 86
56 88
56 89
56 94
56 97
57 58
57 60
57 62
57 64
57 65
57 66
57 67
57 68
57 69
57 70
57 71
57 72
57 73
57 74
57 78
57 80
57 91
57 97
57 98
58 60
58 61
58 62
58 63
58 64
58 67
58 68
58 70
58 72
58 74
58 75
58 76
58 79
58 81
58 83
58 89
58 94
58 96
58 97
59 60
59 61
59 68
59 71
59 72
59 73
59 75
59 77
59 78
59 81
59 83
59 85
59 98
60 61
60 64
60 69
60 74
60 75
60 77
60 81
60 82
60 83
60 86
60 87
60 89
60 90
60 93
60 94
60 95
60 96
60 99
61 62
61 63
61 64
61 66
61 67
61 72
61 75
61 76
61 79
61 84
61 88
61 90
61 95
61 96
61 97
61 98
62 64
62 66
62 67
62 68
62 69
62 73
62 76
62 79
62 81
62 83
62 87
62 91
62 94
62 96
62 97
62 99
63 64
63 65
63 69
63 71
63 72
63 73
63 75
63 76
63 77
63 78
63 84
63 89
63 92
63 97
63 98
64 66
64 71
64 72
64 75
64 81
64 83
64 84
64 88
64 92
64 93
65 66
65 67
65 68
65 69
65 72
65 74
65 77
65 79
65 80
65 82
65 83
65 84
65 91
66 67
66 71
66 72
66 73
66 76
66 77
66 78
66 80
66 82
66 84
66 95
66 98
67 68
67 70
67 71
67 76
67 77
67 78
67 83
67 84
67 88
67 89
67 90
67 92
67 94
67 95
68 69
68 70
68 71
68 74
68 78
68 80
68 81
68 83
68 84
68 88
68 93
68 95
68 96
68 97
69 73
69 74
69 75
69 77
69 78
69 79
69 83
69 84
69 85
69 86
69 88
69 92
69 98
70 71
70 75
70 77
70 78
70 81
70 82
70 83
70 84
70 86
70 88
70 90
70 93
70 96
70 99
71 77
71 78
71 81
71 95
71 96
71 97
72 75
72 77
72 78
72 80
72 85
72 86
72 91
72 92
72 94
72 96
72 97
73 74
73 75
73 77
73 79
73 82
73 84
73 85
73 86
73 87
73 92
73 95
73 96
73 97
73 99
74 75
74 76
74 85
74 86
74 87
74 88
74 90
74 92
74 95
74 97
75 87
75 89
75 92
75 95
75 97
75 98
75 99
76 77
76 80
76 81
76 82
76 87
76 89
76 93
76 97
77 80
77 85
77 86
77 88
77 89
77 93
78 80
78 83
78 85
78 86
78 90
78 93
78 96
79 81
79 85
79 86
79 90
79 94
80 81
80 82
80 83
80 86
80 88
80 90
80 92
80 94
80 95
80 97
80 99
81 85
81 86
81 87
81 88
81 91
81 95
81 96
81 98
81 99
82 83
82 84
82 86
82 88
82 98
83 85
83 87
83 88
83 89
83 90
83 91
83 96
83 98
84 86
84 88
84 89
84 90
85 86
85 88
85 89
85 91
85 92
85 94
85 97
85 99
86 87
86 88
86 98
87 89
87 92
87 93
87 94
87 96
87 97
88 89
88 90
88 92
88 94
88 98
88 99
89 93
89 94
89 95
89 96
89 99
90 94
90 96
90 98
91 92
91 93
91 98
92 93
92 94
92 96
92 97
93 94
93 95
93 98
93 99
94 95
94 96
94 98
95 96
95 97
96 97
98 99
