0 1
0 6
0 7
0 8
0 9
0 10
0 11
0 14
0 16
0 17
0 18
0 19
0 22
0 23
0 26
0 28
0 31
0 34
0 36
0 38
0 40
0 41
0 44
0 46
0 49
0 50
0 53
0 54
0 55
0 56
0 57
0 58
0 60
0 61
0 62
0 65
0 66
0 67
0 68
0 75
0 76
0 77
0 78
0 79
0 82
0 84
0 86
0 87
0 88
0 89
0 90
0 92
0 93
0 95
0 96
0 97
0 99
1 2
1 3
1 4
1 6
1 7
1 8
1 9
1 10
1 11
1 14
1 15
1 16
1 18
1 19
1 20
1 21
1 23
1 25
1 26
1 27
1 28
1 29
1 32
1 34
1 35
1 39
1 47
1 48
1 50
1 52
1 53
1 55
1 56
1 58
1 59
1 60
1 61
1 62
1 66
1 70
1 72
1 74
1 75
1 76
1 78
1 79
1 81
1 82
1 87
1 89
1 90
1 92
1 93
1 94
1 95
1 96
1 97
2 3
2 4
2 5
2 7
2 8
2 9
2 10
2 11
2 16
2 17
2 19
2 21
2 22
2 23
2 25
2 26
2 27
2 30
2 32
2 33
2 34
2 36
2 39
2 43
2 44
2 45
2 47
2 49
2 50
2 53
2 54
2 56
2 57
2 58
2 62
2 63
2 64
2 65
2 67
2 69
2 70
2 71
2 73
2 75
2 77
2 81
2 82
2 83
2 85
2 89
2 91
2 93
2 94
2 95
2 96
2 97
2 98
2 99
3 5
3 6
3 8
3 9
3 10
3 11
3 13
3 14
3 15
3 16
3 19
3 20
3 21
3 22
3 24
3 25
3 28
3 29
3 30
3 31
3 33
3 35
3 36
3 41
3 42
3 43
3 45
3 48
3 49
3 50
3 51
3 54
3 57
3 59
3 62
3 63
3 64
3 65
3 68
3 70
3 71
3 73
3 76
3 77
3 78
3 80
3 81
3 83
3 85
3 86
3 91
3 93
3 94
3 95
3 96
3 97
3 98
3 99
4 8
4 11
4 12
4 13
4 14
4 15
4 17
4 18
4 21
4 23
4 25
4 28
4 29
4 30
4 32
4 33
4 36
4 37
4 43
4 44
4 46
4 48
4 49
4 50
4 51
4 53
4 54
4 57
4 58
4 61
4 62
4 63
4 65
4 68
4 69
4 70
4 74
4 76
4 77
4 79
4 80
4 81
4 82
4 84
4 86
4 87
4 88
4 89
4 94
4 95
4 96
4 97
4 98
5 6
5 7
5 8
5 11
5 13
5 14
5 16
5 17
5 18
5 19
5 20
5 21
5 23
5 27
5 29
5 33
5 35
5 36
5 37
5 40
5 41
5 42
5 44
5 45
5 47
5 48
5 50
5 53
5 58
5 60
5 61
5 62
5 63
5 65
5 67
5 69
5 71
5 72
5 75
5 78
5 82
5 83
5 85
5 86
5 87
5 88
5 89
5 90
5 91
5 94
5 95
5 96
5 97
5 98
5 99
6 7
6 8
6 9
6 10
6 11
6 13
6 16
6 19
6 20
6 21
6 23
6 24
6 26
6 29
6 31
6 32
6 34
6 35
6 36
6 37
6 38
6 39
6 40
6 41
6 42
6 43
6 45
6 46
6 51
6 52
6 53
6 55
6 57
6 59
6 60
6 61
6 64
6 65
6 66
6 69
6 70
6 71
6 72
6 74
6 77
6 79
6 85
6 87
6 88
6 89
6 90
6 93
6 98
6 99
7 8
7 9
7 10
7 11
7 12
7 15
7 17
7 21
7 22
7 24
7 25
7 26
7 27
7 29
7 30
7 35
7 36
7 38
7 39
7 40
7 41
7 44
7 45
7 46
7 47
7 49
7 50
7 51
7 52
7 54
7 55
7 56
7 58
7 60
7 62
7 63
7 64
7 65
7 67
7 68
7 70
7 71
7 72
7 76
7 77
7 78
7 79
7 80
7 81
7 82
7 83
7 84
7 85
7 87
7 90
7 91
7 95
7 96
7 98
8 9
8 10
8 12
8 13
8 14
8 15
8 16
8 17
8 22
8 23
8 24
8 28
8 29
8 32
8 34
8 35
8 39
8 40
8 41
8 44
8 48
8 51
8 53
8 54
8 56
8 57
8 60
8 62
8 63
8 68
8 69
8 70
8 72
8 73
8 76
8 77
8 78
8 79
8 81
8 82
8 83
8 84
8 85
8 87
8 92
8 93
8 95
8 96
8 99
9 10
9 12
9 13
9 15
9 16
9 18
9 20
9 21
9 22
9 23
9 24
9 26
9 27
9 29
9 31
9 32
9 34
9 35
9 38
9 39
9 41
9 42
9 45
9 46
9 47
9 48
9 51
9 53
9 54
9 56
9 57
9 58
9 59
9 60
9 61
9 64
9 65
9 66
9 67
9 68
9 69
9 70
9 71
9 72
9 74
9 80
9 81
9 82
9 83
9 86
9 89
9 90
9 91
9 92
9 93
9 95
9 96
9 97
9 99
10 13
10 14
10 15
10 18
10 20
10 21
10 22
10 28
10 30
10 31
10 32
10 34
10 35
10 36
10 37
10 38
10 39
10 40
10 43
10 44
10 46
10 51
10 52
10 53
10 54
10 55
10 57
10 59
10 62
10 65
10 66
10 67
10 68
10 70
10 71
10 73
10 76
10 78
10 81
10 82
10 83
10 84
10 85
10 86
10 87
10 89
10 91
10 93
10 95
10 96
10 97
10 98
11 14
11 15
11 16
11 18
11 20
11 22
11 24
11 27
11 32
11 36
11 38
11 40
11 41
11 42
11 44
11 45
11 46
11 47
11 48
11 50
11 51
11 53
11 54
11 56
11 57
11 58
11 60
11 63
11 65
11 68
11 69
11 70
11 72
11 73
11 76
11 77
11 79
11 81
11 82
11 85
11 86
11 87
11 89
11 90
11 91
11 92
11 93
11 95
11 96
12 13
12 15
12 16
12 17
12 18
12 19
12 20
12 22
12 23
12 24
12 26
12 27
12 28
12 29
12 30
12 32
12 35
12 38
12 40
12 41
12 44
12 46
12 50
12 55
12 58
12 59
12 62
12 64
12 66
12 71
12 72
12 74
12 79
12 81
12 82
12 83
12 84
12 88
12 89
12 91
12 93
12 94
12 95
12 96
12 97
12 98
12 99
13 14
13 16
13 18
13 19
13 21
13 24
13 25
13 26
13 32
13 33
13 37
13 38
13 39
13 43
13 45
13 48
13 50
13 52
13 53
13 54
13 57
13 60
13 61
13 62
13 63
13 64
13 65
13 66
13 69
13 71
13 72
13 73
13 74
13 75
13 76
13 77
13 78
13 80
13 81
13 82
13 83
13 84
13 85
13 86
13 87
13 88
13 89
13 91
13 92
13 93
13 94
13 96
13 97
13 98
14 15
14 17
14 20
14 23
14 26
14 28
14 29
14 33
14 34
14 36
14 40
14 43
14 44
14 45
14 46
14 48
14 49
14 50
14 52
14 53
14 55
14 57
14 58
14 59
14 60
14 61
14 62
14 63
14 65
14 66
14 68
14 70
14 71
14 73
14 74
14 76
14 77
14 78
14 79
14 80
14 81
14 82
14 83
14 84
14 85
14 86
14 87
14 88
14 89
14 90
14 91
14 95
15 16
15 23
15 24
15 25
15 27
15 28
15 29
15 31
15 32
15 33
15 36
15 37
15 38
15 39
15 41
15 42
15 47
15 48
15 49
15 50
15 51
15 52
15 53
15 54
15 56
15 57
15 58
15 64
15 65
15 66
15 67
15 68
15 70
15 71
15 72
15 74
15 77
15 79
15 80
15 82
15 83
15 84
15 86
15 87
15 88
15 90
15 92
15 94
15 95
15 99
16 18
16 19
16 21
16 22
16 24
16 25
16 27
16 29
16 30
16 33
16 35
16 36
16 37
16 38
16 39
16 42
16 43
16 45
16 49
16 54
16 55
16 58
16 60
16 62
16 63
16 66
16 69
16 71
16 73
16 74
16 75
16 76
16 79
16 80
16 81
16 82
16 85
16 87
16 89
16 92
16 95
16 96
16 97
16 98
16 99
17 18
17 19
17 20
17 21
17 22
17 23
17 24
17 25
17 26
17 29
17 30
17 36
17 38
17 39
17 40
17 42
17 43
17 46
17 48
17 49
17 51
17 52
17 53
17 54
17 57
17 59
17 60
17 61
17 63
17 64
17 66
17 68
17 69
17 70
17 71
17 72
17 73
17 74
17 75
17 77
17 78
17 80
17 82
17 86
17 90
17 91
17 92
17 94
17 96
18 21
18 22
18 23
18 25
18 30
18 31
18 34
18 35
18 36
18 38
18 40
18 41
18 45
18 46
18 47
18 48
18 49
18 54
18 57
18 59
18 60
18 61
18 62
18 63
18 64
18 65
18 66
18 68
18 69
18 70
18 71
18 73
18 76
18 77
18 83
18 84
18 85
18 87
18 89
18 92
18 93
18 95
18 96
18 97
18 98
19 20
19 21
19 23
19 26
19 28
19 29
19 30
19 31
19 32
19 33
19 34
19 35
19 36
19 37
19 38
19 39
19 40
19 42
19 47
19 49
19 51
19 52
19 53
19 55
19 56
19 57
19 62
19 65
19 69
19 70
19 71
19 72
19 73
19 75
19 76
19 77
19 79
19 81
19 83
19 84
19 85
19 87
19 88
19 90
19 91
19 92
19 95
19 98
19 99
20 22
20 23
20 24
20 25
20 26
20 27
20 28
20 30
20 32
20 33
20 34
20 35
20 36
20 37
20 40
20 42
20 43
20 44
20 47
20 51
20 52
20 53
20 54
20 57
20 58
20 60
20 61
20 63
20 64
20 67
20 73
20 75
20 76
20 77
20 78
20 79
20 80
20 82
20 83
20 84
20 87
20 90
20 91
20 92
20 93
20 94
20 97
20 99
21 23
21 24
21 25
21 26
21 31
21 33
21 39
21 40
21 42
21 43
21 45
21 46
21 47
21 48
21 49
21 50
21 51
21 52
21 54
21 55
21 56
21 57
21 59
21 60
21 64
21 67
21 68
21 70
21 71
21 72
21 73
21 74
21 75
21 77
21 78
21 80
21 81
21 82
21 87
21 91
21 93
21 95
21 97
21 98
21 99
22 23
22 25
22 26
22 29
22 31
22 32
22 34
22 35
22 36
22 37
22 38
22 39
22 41
22 42
22 45
22 50
22 51
22 53
22 56
22 57
22 59
22 60
22 61
22 63
22 66
22 67
22 68
22 70
22 71
22 74
22 75
22 77
22 78
22 79
22 80
22 81
22 83
22 84
22 87
22 88
22 89
22 90
22 95
22 96
22 97
22 98
23 24
23 26
23 27
23 28
23 29
23 30
23 31
23 32
23 33
23 36
23 38
23 40
23 42
23 43
23 45
23 46
23 49
23 50
23 51
23 53
23 54
23 55
23 56
23 57
23 58
23 60
23 61
23 63
23 66
23 69
23 70
23 72
23 73
23 74
23 76
23 79
23 80
23 81
23 84
23 86
23 87
23 89
23 91
23 92
23 93
23 95
23 96
23 97
24 25
24 26
24 28
24 30
24 32
24 34
24 35
24 40
24 41
24 42
24 44
24 45
24 46
24 48
24 49
24 50
24 53
24 55
24 58
24 59
24 60
24 61
24 63
24 64
24 66
24 67
24 69
24 74
24 75
24 76
24 84
24 85
24 86
24 87
24 88
24 90
24 91
24 93
24 94
24 95
24 96
24 97
24 98
24 99
25 28
25 29
25 30
25 33
25 34
25 36
25 37
25 40
25 41
25 42
25 45
25 47
25 48
25 49
25 50
25 51
25 52
25 59
25 60
25 66
25 67
25 68
25 69
25 71
25 72
25 74
25 75
25 76
25 77
25 78
25 79
25 82
25 85
25 87
25 88
25 90
25 95
25 96
25 98
25 99
26 27
26 29
26 30
26 32
26 36
26 39
26 40
26 41
26 42
26 43
26 44
26 45
26 47
26 48
26 49
26 51
26 54
26 55
26 57
26 58
26 59
26 61
26 65
26 67
26 68
26 70
26 71
26 72
26 73
26 75
26 77
26 78
26 79
26 80
26 82
26 83
26 85
26 87
26 90
26 94
26 95
26 96
26 97
26 98
27 28
27 29
27 30
27 31
27 32
27 34
27 35
27 37
27 38
27 39
27 40
27 41
27 42
27 45
27 46
27 47
27 48
27 49
27 51
27 53
27 54
27 55
27 56
27 59
27 60
27 62
27 63
27 69
27 73
27 74
27 75
27 78
27 79
27 81
27 82
27 83
27 84
27 85
27 86
27 88
27 89
27 90
27 91
27 93
27 95
27 96
28 29
28 30
28 34
28 35
28 36
28 37
28 40
28 42
28 43
28 46
28 47
28 48
28 51
28 52
28 56
28 57
28 59
28 61
28 62
28 64
28 67
28 70
28 73
28 74
28 76
28 79
28 84
28 85
28 86
28 88
28 91
28 93
28 98
29 31
29 32
29 33
29 34
29 35
29 36
29 40
29 41
29 42
29 43
29 45
29 46
29 47
29 50
29 51
29 52
29 54
29 56
29 60
29 65
29 66
29 67
29 68
29 71
29 72
29 73
29 74
29 75
29 76
29 78
29 79
29 80
29 81
29 82
29 85
29 86
29 87
29 89
29 90
29 92
29 93
29 95
29 96
29 97
29 99
30 31
30 33
30 34
30 35
30 36
30 38
30 39
30 40
30 41
30 42
30 44
30 45
30 46
30 49
30 50
30 51
30 52
30 53
30 55
30 58
30 59
30 60
30 61
30 62
30 63
30 66
30 67
30 68
30 69
30 70
30 71
30 72
30 73
30 79
30 80
30 82
30 83
30 84
30 86
30 87
30 88
30 90
30 91
30 93
30 94
30 95
30 97
30 98
30 99
31 33
31 38
31 39
31 42
31 43
31 44
31 45
31 47
31 48
31 49
31 51
31 52
31 53
31 58
31 61
31 64
31 65
31 66
31 68
31 69
31 70
31 71
31 72
31 73
31 76
31 77
31 80
31 81
31 83
31 84
31 85
31 87
31 89
31 90
31 91
31 92
31 93
31 97
31 99
32 33
32 34
32 35
32 37
32 39
32 40
32 42
32 45
32 46
32 48
32 49
32 50
32 52
32 53
32 54
32 55
32 60
32 62
32 63
32 65
32 66
32 67
32 68
32 69
32 72
32 75
32 77
32 80
32 82
32 83
32 84
32 86
32 87
32 90
32 91
32 92
32 94
32 95
32 99
33 34
33 35
33 36
33 37
33 38
33 39
33 41
33 43
33 44
33 45
33 50
33 51
33 54
33 55
33 56
33 57
33 61
33 64
33 66
33 67
33 69
33 70
33 71
33 72
33 75
33 76
33 79
33 80
33 81
33 83
33 84
33 86
33 87
33 89
33 91
33 94
33 95
33 99
34 36
34 37
34 38
34 39
34 41
34 42
34 44
34 46
34 48
34 50
34 52
34 54
34 55
34 57
34 58
34 62
34 64
34 65
34 67
34 68
34 69
34 70
34 71
34 73
34 74
34 75
34 77
34 79
34 80
34 81
34 82
34 83
34 86
34 88
34 89
34 91
34 92
34 93
34 95
34 97
34 98
35 37
35 38
35 39
35 42
35 45
35 46
35 47
35 48
35 49
35 50
35 51
35 53
35 54
35 57
35 59
35 60
35 62
35 63
35 64
35 65
35 67
35 68
35 71
35 72
35 73
35 74
35 75
35 77
35 78
35 79
35 80
35 81
35 83
35 86
35 87
35 88
35 91
35 92
35 93
35 99
36 37
36 38
36 39
36 42
36 43
36 45
36 46
36 47
36 48
36 49
36 52
36 54
36 55
36 56
36 57
36 59
36 61
36 63
36 67
36 68
36 69
36 73
36 75
36 77
36 80
36 82
36 87
36 90
36 91
36 93
36 95
36 97
36 99
37 39
37 46
37 47
37 48
37 50
37 51
37 52
37 53
37 54
37 55
37 58
37 59
37 60
37 61
37 62
37 64
37 65
37 66
37 67
37 68
37 69
37 70
37 73
37 74
37 75
37 76
37 77
37 79
37 80
37 81
37 82
37 83
37 84
37 86
37 87
37 90
37 92
37 94
37 97
37 98
37 99
38 39
38 42
38 46
38 49
38 50
38 54
38 55
38 59
38 61
38 62
38 63
38 64
38 67
38 68
38 69
38 72
38 74
38 76
38 78
38 80
38 81
38 83
38 85
38 86
38 87
38 88
38 90
38 91
38 92
38 93
38 95
38 96
38 98
39 40
39 43
39 47
39 50
39 54
39 58
39 59
39 61
39 62
39 64
39 65
39 66
39 68
39 69
39 70
39 71
39 72
39 73
39 76
39 78
39 79
39 81
39 82
39 83
39 85
39 86
39 88
39 89
39 90
39 91
39 92
39 95
39 98
40 41
40 42
40 45
40 50
40 53
40 54
40 58
40 59
40 62
40 63
40 64
40 65
40 66
40 67
40 71
40 72
40 73
40 76
40 77
40 79
40 80
40 81
40 83
40 85
40 86
40 88
40 89
40 90
40 91
40 92
40 93
40 94
40 95
40 96
40 97
40 98
40 99
41 44
41 50
41 51
41 53
41 55
41 56
41 60
41 62
41 64
41 65
41 66
41 67
41 69
41 71
41 72
41 74
41 81
41 82
41 86
41 88
41 89
41 92
41 93
41 94
41 95
41 96
41 97
41 98
41 99
42 43
42 44
42 46
42 47
42 48
42 49
42 50
42 51
42 52
42 53
42 55
42 56
42 57
42 58
42 60
42 61
42 63
42 64
42 65
42 66
42 68
42 71
42 72
42 73
42 74
42 75
42 77
42 79
42 80
42 81
42 83
42 86
42 91
42 93
42 94
42 95
42 98
43 44
43 46
43 47
43 49
43 50
43 52
43 53
43 56
43 57
43 58
43 59
43 61
43 62
43 63
43 68
43 70
43 71
43 72
43 73
43 74
43 75
43 77
43 82
43 87
43 89
43 90
43 91
43 94
43 95
43 96
43 97
44 45
44 47
44 48
44 49
44 54
44 57
44 59
44 60
44 61
44 64
44 67
44 68
44 71
44 72
44 73
44 74
44 75
44 76
44 77
44 78
44 79
44 80
44 81
44 82
44 85
44 86
44 87
44 89
44 93
44 96
44 97
44 98
45 49
45 50
45 51
45 52
45 56
45 60
45 61
45 62
45 63
45 64
45 65
45 66
45 67
45 69
45 70
45 72
45 73
45 74
45 75
45 76
45 78
45 79
45 80
45 81
45 82
45 83
45 85
45 86
45 88
45 91
45 92
45 94
45 95
45 96
45 99
46 47
46 49
46 53
46 55
46 56
46 57
46 58
46 59
46 60
46 61
46 64
46 65
46 66
46 67
46 68
46 69
46 71
46 72
46 73
46 74
46 75
46 76
46 78
46 79
46 80
46 83
46 84
46 85
46 88
46 89
46 90
46 92
46 93
46 94
46 95
46 96
46 98
46 99
47 50
47 51
47 52
47 53
47 54
47 56
47 57
47 60
47 62
47 63
47 66
47 67
47 68
47 69
47 70
47 71
47 72
47 74
47 75
47 78
47 79
47 81
47 84
47 85
47 88
47 89
47 90
47 91
47 93
47 94
47 95
47 97
47 98
47 99
48 49
48 50
48 51
48 53
48 56
48 57
48 58
48 59
48 60
48 61
48 62
48 63
48 64
48 67
48 68
48 69
48 70
48 73
48 74
48 76
48 77
48 79
48 81
48 82
48 84
48 86
48 88
48 91
48 93
48 94
48 96
48 99
49 50
49 51
49 52
49 53
49 54
49 55
49 58
49 59
49 62
49 64
49 65
49 67
49 69
49 72
49 73
49 76
49 78
49 80
49 84
49 85
49 87
49 88
49 90
49 93
50 51
50 53
50 55
50 60
50 61
50 63
50 64
50 65
50 69
50 70
50 71
50 72
50 74
50 77
50 78
50 79
50 80
50 81
50 84
50 85
50 87
50 88
50 89
50 91
50 94
50 95
50 97
50 98
50 99
51 52
51 54
51 56
51 57
51 60
51 62
51 63
51 65
51 66
51 71
51 72
51 73
51 74
51 75
51 76
51 79
51 80
51 84
51 89
51 91
51 93
51 94
51 95
51 96
51 99
52 53
52 54
52 56
52 57
52 59
52 62
52 64
52 65
52 66
52 67
52 69
52 70
52 71
52 72
52 75
52 76
52 77
52 78
52 79
52 80
52 82
52 83
52 84
52 86
52 89
52 93
52 95
52 96
52 98
52 99
53 54
53 55
53 56
53 61
53 62
53 65
53 66
53 67
53 68
53 70
53 71
53 74
53 77
53 78
53 80
53 84
53 85
53 86
53 87
53 90
53 91
53 92
53 93
53 94
53 96
53 97
54 55
54 56
54 57
54 58
54 60
54 62
54 63
54 64
54 65
54 66
54 67
54 68
54 69
54 70
54 72
54 73
54 74
54 75
54 77
54 78
54 82
54 83
54 88
54 94
54 98
55 56
55 57
55 58
55 59
55 60
55 61
55 64
55 65
55 69
55 71
55 74
55 75
55 76
55 77
55 78
55 79
55 80
55 81
55 82
55 84
55 86
55 88
55 89
55 90
55 93
55 94
55 97
55 98
55 99
56 58
56 61
56 65
56 66
56 69
56 70
56 71
56 72
56 73
56 81
56 82
56 83
56 84
56 88
56 92
56 93
56 96
56 97
56 98
56 99
57 58
57 59
57 61
57 65
57 66
57 67
57 68
57 70
57 73
57 78
57 79
57 80
57 82
57 84
57 86
57 87
57 90
57 92
57 93
57 94
57 95
57 96
57 97
57 98
57 99
58 59
58 61
58 62
58 65
58 66
58 67
58 68
58 69
58 74
58 75
58 76
58 77
58 78
58 79
58 83
58 85
58 86
58 87
58 89
58 93
58 96
58 97
58 99
59 61
59 63
59 64
59 68
59 69
59 70
59 73
59 74
59 75
59 77
59 78
59 79
59 80
59 82
59 83
59 84
59 86
59 89
59 91
59 92
59 93
59 95
59 97
60 65
60 66
60 68
60 69
60 70
60 71
60 76
60 78
60 79
60 80
60 81
60 82
60 83
60 84
60 85
60 86
60 87
60 88
60 89
60 92
60 95
60 96
60 98
60 99
61 62
61 63
61 67
61 68
61 69
61 70
61 73
61 76
61 77
61 80
61 81
61 84
61 85
61 86
61 89
61 90
61 91
61 92
61 93
61 94
61 97
61 98
61 99
62 63
62 64
62 65
62 68
62 69
62 72
62 73
62 77
62 78
62 79
62 80
62 81
62 82
62 84
62 86
62 88
62 91
62 92
62 94
62 95
62 97
62 98
62 99
63 64
63 66
63 68
63 69
63 70
63 73
63 74
63 75
63 76
63 77
63 78
63 80
63 81
63 82
63 83
63 84
63 85
63 86
63 89
63 90
63 94
63 95
63 97
64 65
64 68
64 71
64 72
64 74
64 75
64 80
64 81
64 83
64 84
64 86
64 88
64 89
64 91
64 93
64 95
64 96
64 99
65 66
65 69
65 70
65 71
65 72
65 73
65 76
65 79
65 80
65 81
65 83
65 86
65 87
65 88
65 90
65 92
65 93
65 94
65 97
65 99
66 67
66 68
66 69
66 71
66 72
66 73
66 75
66 77
66 78
66 80
66 81
66 82
66 84
66 86
66 88
66 89
66 91
66 92
66 94
66 96
66 98
67 68
67 69
67 71
67 72
67 73
67 74
67 76
67 78
67 79
67 81
67 82
67 83
67 84
67 85
67 88
67 89
67 90
67 91
67 93
67 94
67 98
68 71
68 75
68 76
68 78
68 79
68 80
68 82
68 83
68 84
68 85
68 87
68 90
68 91
68 92
68 93
68 94
68 95
68 97
68 99
69 70
69 71
69 72
69 75
69 76
69 78
69 80
69 81
69 84
69 86
69 87
69 88
69 91
69 92
69 93
69 94
69 96
69 97
69 98
69 99
70 71
70 73
70 74
70 75
70 76
70 77
70 78
70 79
70 80
70 84
70 86
70 87
70 88
70 89
70 90
70 92
70 94
70 96
70 98
70 99
71 74
71 76
71 77
71 79
71 82
71 83
71 84
71 86
71 88
71 89
71 90
71 91
71 92
71 95
71 96
71 98
71 99
72 73
72 74
72 75
72 76
72 79
72 80
72 81
72 82
72 84
72 86
72 87
72 88
72 89
72 90
72 91
72 93
72 94
72 95
73 74
73 76
73 77
73 78
73 79
73 81
73 82
73 84
73 85
73 86
73 87
73 88
73 89
73 90
73 93
73 94
73 96
73 98
74 75
74 79
74 80
74 81
74 82
74 84
74 86
74 88
74 89
74 90
74 92
74 96
74 97
74 98
74 99
75 76
75 77
75 79
75 81
75 83
75 85
75 87
75 88
75 89
75 90
75 91
75 93
75 94
75 96
75 97
76 77
76 80
76 82
76 85
76 86
76 91
76 94
76 96
76 97
77 79
77 80
77 81
77 82
77 83
77 84
77 85
77 87
77 91
77 92
77 93
77 95
77 99
78 79
78 80
78 82
78 83
78 84
78 85
78 86
78 89
78 90
78 96
78 98
78 99
79 80
79 81
79 82
79 84
79 85
79 86
79 87
79 88
79 89
79 90
79 91
79 92
79 95
79 96
79 98
80 81
80 82
80 83
80 84
80 85
80 86
80 87
80 88
80 89
80 90
80 91
80 92
80 94
80 95
80 96
80 97
80 98
81 82
81 83
81 84
81 87
81 88
81 89
81 90
81 94
81 97
81 98
82 84
82 86
82 90
82 93
82 95
82 97
82 98
82 99
83 84
83 86
83 88
83 90
83 92
83 93
83 96
83 98
83 99
84 87
84 88
84 89
84 90
84 91
84 92
84 93
84 95
85 87
85 89
85 91
85 93
85 96
85 97
85 98
85 99
86 87
86 88
86 89
86 91
86 93
86 96
86 97
86 98
87 90
87 94
87 96
87 97
88 89
88 91
88 93
88 95
88 96
88 97
88 98
88 99
89 90
89 92
89 93
89 94
89 97
89 98
89 99
90 92
90 95
90 99
91 94
91 95
91 96
91 97
92 96
92 98
93 95
93 96
93 97
94 95
95 96
95 98
95 99
96 98
97 98
97 99
98 99
