0 1
0 7
0 9
0 10
0 20
0 27
0 29
0 32
0 35
0 36
0 40
0 42
0 43
0 45
0 46
0 47
0 52
0 54
0 58
0 63
0 65
0 67
0 72
0 84
0 85
0 86
0 87
0 88
0 89
0 93
0 96
0 97
1 5
1 7
1 8
1 12
1 18
1 27
1 28
1 34
1 36
1 39
1 42
1 43
1 54
1 58
1 59
1 65
1 71
1 77
1 79
1 82
1 85
1 96
1 97
2 3
2 7
2 9
2 11
2 13
2 15
2 16
2 19
2 20
2 22
2 26
2 27
2 33
2 35
2 38
2 41
2 45
2 48
2 55
2 56
2 57
2 59
2 60
2 61
2 63
2 68
2 73
2 75
2 76
2 78
2 82
2 84
2 85
2 89
2 96
2 98
3 7
3 10
3 14
3 22
3 25
3 27
3 40
3 43
3 46
3 48
3 50
3 55
3 57
3 58
3 62
3 64
3 70
3 73
3 74
3 75
3 79
3 82
3 84
3 85
3 88
3 89
3 91
3 92
3 93
3 94
3 96
4 5
4 6
4 8
4 11
4 14
4 15
4 17
4 21
4 26
4 29
4 30
4 40
4 42
4 44
4 45
4 47
4 49
4 62
4 65
4 69
4 73
4 76
4 85
4 86
4 91
4 94
5 6
5 7
5 8
5 10
5 11
5 14
5 16
5 18
5 23
5 26
5 28
5 29
5 30
5 37
5 42
5 46
5 47
5 51
5 54
5 56
5 58
5 60
5 63
5 66
5 71
5 75
5 78
5 81
5 83
5 84
5 88
5 91
5 97
5 99
6 9
6 14
6 16
6 20
6 21
6 28
6 29
6 30
6 31
6 35
6 41
6 43
6 47
6 49
6 52
6 53
6 63
6 71
6 78
6 80
6 82
6 87
6 89
6 95
6 97
7 12
7 16
7 19
7 23
7 27
7 32
7 33
7 36
7 39
7 40
7 42
7 44
7 45
7 46
7 47
7 49
7 50
7 53
7 56
7 61
7 66
7 67
7 69
7 72
7 74
7 75
7 76
7 81
7 82
7 85
7 86
7 93
7 95
7 97
8 9
8 13
8 16
8 19
8 27
8 28
8 29
8 39
8 41
8 42
8 46
8 48
8 51
8 58
8 61
8 62
8 64
8 67
8 69
8 80
8 82
8 83
8 84
8 85
8 88
8 93
8 98
8 99
9 11
9 13
9 14
9 17
9 25
9 27
9 29
9 42
9 44
9 50
9 51
9 54
9 55
9 57
9 63
9 65
9 67
9 71
9 72
9 73
9 76
9 77
9 78
9 80
9 82
9 87
9 89
9 92
9 96
9 99
10 15
10 16
10 19
10 36
10 37
10 38
10 39
10 45
10 46
10 52
10 56
10 60
10 64
10 65
10 68
10 72
10 74
10 76
10 84
10 89
10 91
10 94
10 96
10 97
11 12
11 19
11 24
11 25
11 29
11 36
11 39
11 42
11 43
11 46
11 49
11 52
11 59
11 60
11 61
11 66
11 67
11 72
11 74
11 78
11 80
11 84
11 85
11 88
11 91
11 92
11 93
11 94
11 96
11 99
12 14
12 17
12 21
12 26
12 35
12 37
12 41
12 42
12 43
12 54
12 55
12 59
12 62
12 65
12 68
12 69
12 70
12 71
12 75
12 85
12 86
12 87
12 88
12 95
12 98
12 99
13 18
13 19
13 23
13 24
13 25
13 32
13 36
13 37
13 38
13 51
13 52
13 56
13 61
13 62
13 65
13 66
13 68
13 72
13 76
13 77
13 85
13 86
13 87
13 88
13 90
13 91
13 94
13 95
13 99
14 18
14 19
14 27
14 30
14 33
14 34
14 36
14 40
14 41
14 42
14 43
14 45
14 48
14 54
14 56
14 57
14 59
14 67
14 75
14 79
14 82
14 90
14 91
14 94
14 95
14 99
15 19
15 20
15 24
15 34
15 35
15 36
15 42
15 46
15 49
15 50
15 52
15 57
15 63
15 65
15 67
15 71
15 72
15 75
15 82
15 84
15 87
15 88
15 90
15 95
15 96
15 97
15 98
16 18
16 37
16 38
16 39
16 43
16 45
16 49
16 53
16 56
16 57
16 58
16 60
16 66
16 67
16 70
16 75
16 76
16 79
16 81
16 87
16 90
16 93
16 98
17 25
17 27
17 31
17 32
17 34
17 45
17 50
17 53
17 56
17 57
17 58
17 61
17 62
17 68
17 69
17 72
17 73
17 75
17 77
17 81
17 85
17 90
17 91
17 92
17 93
17 95
17 96
17 99
18 21
18 26
18 30
18 33
18 35
18 39
18 42
18 43
18 49
18 53
18 54
18 56
18 57
18 58
18 59
18 60
18 61
18 62
18 74
18 79
18 83
18 86
18 89
18 96
18 97
19 20
19 23
19 26
19 27
19 31
19 32
19 34
19 36
19 39
19 45
19 46
19 50
19 55
19 57
19 58
19 61
19 62
19 63
19 64
19 67
19 68
19 71
19 73
19 75
19 78
19 79
19 80
19 81
19 88
19 92
19 93
19 94
19 96
19 99
20 23
20 32
20 33
20 34
20 40
20 43
20 46
20 47
20 51
20 54
20 55
20 60
20 62
20 64
20 65
20 69
20 70
20 74
20 79
20 81
20 82
20 88
20 96
20 98
20 99
21 22
21 23
21 26
21 28
21 29
21 30
21 34
21 45
21 50
21 57
21 59
21 63
21 71
21 72
21 74
21 81
21 87
21 88
21 89
21 92
21 95
21 96
22 23
22 26
22 32
22 34
22 35
22 37
22 42
22 44
22 59
22 61
22 62
22 65
22 66
22 67
22 70
22 72
22 73
22 74
22 82
22 85
22 86
22 88
22 89
22 92
22 94
22 99
23 27
23 28
23 30
23 32
23 34
23 38
23 41
23 43
23 46
23 47
23 50
23 51
23 54
23 57
23 67
23 68
23 69
23 83
23 85
23 89
23 97
24 29
24 44
24 45
24 49
24 55
24 59
24 63
24 67
24 68
24 70
24 72
24 73
24 77
24 78
24 79
24 80
24 82
24 84
24 85
24 90
24 92
24 94
24 95
24 96
24 98
25 26
25 27
25 28
25 30
25 31
25 36
25 38
25 39
25 42
25 44
25 46
25 47
25 51
25 53
25 59
25 65
25 67
25 70
25 77
25 79
25 81
25 84
25 85
25 86
25 88
25 92
25 99
26 27
26 28
26 29
26 31
26 35
26 37
26 41
26 43
26 44
26 47
26 49
26 53
26 57
26 58
26 61
26 64
26 74
26 80
26 83
26 84
26 94
26 95
26 97
26 98
26 99
27 28
27 34
27 36
27 37
27 41
27 42
27 44
27 46
27 48
27 52
27 53
27 54
27 60
27 66
27 67
27 70
27 75
27 90
27 95
28 30
28 33
28 40
28 49
28 52
28 64
28 65
28 67
28 68
28 69
28 71
28 73
28 75
28 76
28 77
28 79
28 80
28 82
28 86
28 87
28 93
28 94
28 95
29 32
29 36
29 38
29 39
29 42
29 45
29 47
29 52
29 54
29 55
29 63
29 69
29 79
29 81
29 87
29 93
29 94
30 31
30 34
30 38
30 42
30 48
30 52
30 54
30 55
30 57
30 61
30 63
30 65
30 68
30 70
30 72
30 74
30 76
30 81
30 82
30 87
30 88
30 90
30 91
30 96
30 97
30 99
31 38
31 39
31 45
31 49
31 55
31 56
31 57
31 58
31 59
31 63
31 67
31 74
31 78
31 83
31 85
31 87
31 88
31 89
31 94
31 96
31 97
31 98
32 39
32 42
32 44
32 45
32 50
32 51
32 54
32 56
32 57
32 59
32 60
32 65
32 71
32 73
32 77
32 80
32 91
32 98
33 39
33 41
33 44
33 52
33 53
33 59
33 61
33 63
33 64
33 71
33 72
33 73
33 76
33 78
33 83
33 95
34 38
34 40
34 41
34 45
34 46
34 47
34 50
34 56
34 60
34 62
34 63
34 65
34 66
34 68
34 72
34 74
34 83
34 84
34 92
34 95
34 96
34 98
34 99
35 36
35 41
35 42
35 43
35 48
35 51
35 56
35 61
35 64
35 65
35 70
35 77
35 81
35 82
35 91
35 92
35 94
35 96
36 38
36 41
36 43
36 44
36 49
36 50
36 55
36 57
36 60
36 61
36 65
36 66
36 67
36 69
36 70
36 71
36 74
36 75
36 76
36 77
36 78
36 81
36 84
36 89
36 91
37 45
37 46
37 48
37 50
37 55
37 57
37 59
37 60
37 61
37 63
37 66
37 68
37 72
37 73
37 76
37 78
37 79
37 80
37 84
37 85
37 87
37 89
37 91
37 93
37 94
37 95
38 42
38 43
38 45
38 48
38 53
38 54
38 56
38 63
38 69
38 72
38 76
38 81
38 82
38 85
38 97
39 42
39 44
39 48
39 50
39 51
39 66
39 67
39 72
39 77
39 79
39 80
39 82
39 84
39 92
39 96
40 46
40 47
40 49
40 50
40 53
40 55
40 58
40 62
40 63
40 72
40 77
40 82
40 84
40 85
40 95
40 98
41 43
41 46
41 48
41 54
41 62
41 68
41 73
41 77
41 78
41 85
41 93
41 97
42 46
42 49
42 50
42 54
42 56
42 57
42 59
42 65
42 67
42 68
42 69
42 70
42 76
42 78
42 84
42 88
42 92
42 93
42 95
42 98
42 99
43 55
43 60
43 62
43 64
43 65
43 68
43 69
43 71
43 76
43 82
43 86
43 87
43 88
43 89
43 91
43 94
44 46
44 51
44 53
44 54
44 55
44 58
44 61
44 63
44 64
44 68
44 74
44 75
44 77
44 78
44 79
44 88
44 89
44 92
44 93
44 95
44 97
45 55
45 56
45 59
45 83
45 85
45 87
45 94
45 95
45 97
45 98
46 48
46 49
46 53
46 60
46 67
46 70
46 74
46 77
46 78
46 89
47 57
47 59
47 60
47 65
47 70
47 76
47 77
47 83
47 84
47 85
47 87
47 88
47 93
48 49
48 53
48 57
48 71
48 72
48 73
48 77
48 81
48 83
48 84
48 91
48 92
48 95
48 97
49 51
49 60
49 62
49 70
49 71
49 74
49 81
49 91
49 92
49 94
49 95
50 58
50 61
50 62
50 65
50 67
50 70
50 72
50 76
50 82
50 83
50 93
50 94
50 95
50 98
51 54
51 60
51 61
51 62
51 66
51 67
51 69
51 70
51 73
51 74
51 75
51 79
51 84
51 88
51 90
51 93
51 94
51 97
52 54
52 58
52 61
52 64
52 68
52 69
52 70
52 72
52 74
52 75
52 77
52 78
52 80
52 83
52 84
52 86
52 89
52 91
53 61
53 62
53 64
53 72
53 74
53 79
53 84
53 86
53 91
53 93
53 94
53 96
54 55
54 64
54 67
54 76
54 84
54 85
54 88
54 97
55 56
55 61
55 73
55 75
55 88
55 92
55 95
55 96
56 58
56 62
56 63
56 67
56 76
56 79
56 81
56 88
56 91
56 94
56 99
57 58
57 60
57 61
57 63
57 71
57 78
57 85
57 93
58 61
58 67
58 68
58 73
58 76
58 78
58 82
58 83
58 84
58 89
58 90
58 91
58 93
58 94
58 95
59 62
59 66
59 68
59 69
59 70
59 71
59 72
59 73
59 74
59 75
59 76
59 79
59 81
59 82
59 84
59 88
59 90
59 93
59 96
59 97
59 98
59 99
60 61
60 69
60 73
60 74
60 76
60 78
60 84
60 87
60 94
60 95
60 96
60 99
61 62
61 70
61 73
61 74
61 86
61 97
61 98
62 65
62 67
62 69
62 70
62 71
62 76
62 77
62 80
62 81
62 84
62 85
62 87
62 88
62 92
62 94
62 95
62 97
62 98
63 65
63 69
63 77
63 80
63 81
63 88
63 89
63 92
63 93
63 96
64 69
64 74
64 77
64 80
64 83
64 84
64 85
64 87
64 89
64 95
64 97
64 98
65 73
65 76
65 79
65 81
65 83
65 86
65 88
65 94
65 96
65 98
65 99
66 71
66 74
66 75
66 76
66 79
66 80
66 81
66 82
66 83
66 84
66 90
66 91
66 94
66 98
67 70
67 71
67 74
67 84
67 86
67 89
67 93
68 71
68 81
68 82
68 83
68 85
68 87
68 88
68 89
68 90
68 97
69 70
69 71
69 72
69 74
69 84
69 86
69 87
69 91
69 95
69 99
70 72
70 74
70 75
70 76
70 81
70 85
70 91
70 94
71 72
71 75
71 77
71 80
71 82
71 84
71 91
71 96
71 97
72 76
72 78
72 81
72 82
72 90
72 93
72 95
73 76
73 77
73 80
73 83
73 85
73 86
73 88
73 89
73 91
73 95
74 79
74 81
74 83
74 93
74 94
75 76
75 80
75 82
75 84
75 88
75 90
75 93
75 94
76 80
76 94
76 99
77 78
77 92
77 95
77 96
77 98
78 83
78 85
78 92
78 93
78 94
78 99
79 80
79 82
79 84
79 91
79 96
80 85
80 90
80 91
80 92
80 93
80 97
80 99
81 87
81 92
81 93
81 94
81 96
81 99
82 89
82 91
82 95
82 97
82 98
83 84
83 85
83 86
83 90
83 92
83 94
83 97
84 85
84 86
84 91
84 93
84 94
84 95
85 86
85 97
85 98
86 87
86 92
87 90
87 91
87 95
88 90
88 91
88 92
88 93
88 95
88 96
88 97
89 95
89 98
90 94
90 97
90 98
92 94
92 99
93 96
93 99
94 95
94 96
94 99
95 97
96 98
96 99
97 98
98 99
