0 5
0 6
0 9
0 20
0 21
0 22
0 23
0 26
0 29
0 32
0 35
0 44
0 45
0 51
0 56
0 61
0 64
0 72
0 75
0 77
0 85
0 87
0 92
0 99
1 11
1 14
1 22
1 28
1 29
1 40
1 41
1 43
1 45
1 49
1 64
1 66
1 68
1 70
1 71
1 72
1 74
1 76
1 78
1 92
1 95
1 96
1 99
2 8
2 9
2 12
2 15
2 20
2 23
2 28
2 40
2 48
2 50
2 57
2 58
2 59
2 66
2 68
2 74
2 93
2 95
2 96
2 97
3 4
3 8
3 9
3 14
3 22
3 24
3 35
3 69
3 73
3 75
3 89
3 97
4 7
4 8
4 18
4 25
4 29
4 36
4 45
4 52
4 54
4 56
4 65
4 67
4 70
4 72
4 83
4 88
5 15
5 20
5 43
5 53
5 60
5 73
5 75
5 78
5 80
5 85
5 89
6 9
6 18
6 31
6 34
6 39
6 48
6 50
6 56
6 58
6 63
6 64
6 85
6 88
6 95
7 9
7 10
7 17
7 24
7 27
7 47
7 55
7 58
7 81
7 83
7 84
7 85
7 94
8 11
8 16
8 28
8 31
8 32
8 34
8 36
8 44
8 50
8 58
8 62
8 63
8 65
8 66
8 68
8 71
8 75
8 76
8 83
8 84
8 98
9 11
9 12
9 16
9 32
9 35
9 39
9 42
9 46
9 55
9 58
9 67
9 70
9 73
9 74
9 76
9 82
9 94
9 99
10 15
10 17
10 44
10 46
10 50
10 54
10 60
10 63
10 64
10 67
10 68
10 69
10 74
10 75
10 76
10 78
10 79
10 90
10 94
11 14
11 17
11 20
11 27
11 33
11 48
11 49
11 62
11 69
11 80
11 90
12 27
12 29
12 36
12 46
12 52
12 54
12 55
12 64
12 69
12 71
12 72
12 75
12 79
12 81
12 89
12 91
12 92
12 94
12 96
13 17
13 19
13 24
13 25
13 26
13 29
13 31
13 35
13 45
13 48
13 49
13 51
13 55
13 58
13 62
13 66
13 69
13 70
13 71
13 72
13 73
13 75
13 76
13 81
13 82
13 89
13 92
13 94
13 99
14 21
14 27
14 32
14 39
14 48
14 50
14 53
14 54
14 55
14 63
14 66
14 76
14 88
14 90
14 91
14 96
14 98
14 99
15 19
15 22
15 24
15 25
15 29
15 31
15 33
15 47
15 48
15 53
15 55
15 63
15 67
15 69
15 73
15 75
15 76
15 77
15 82
15 86
16 20
16 23
16 26
16 29
16 37
16 39
16 43
16 65
16 77
16 86
16 90
16 91
16 92
16 94
16 95
16 96
17 20
17 23
17 26
17 30
17 36
17 42
17 68
17 69
17 88
17 90
17 91
18 37
18 39
18 41
18 46
18 48
18 61
18 71
18 73
18 79
18 81
19 26
19 27
19 28
19 32
19 34
19 39
19 40
19 50
19 66
19 72
19 79
19 85
19 86
19 96
20 23
20 30
20 36
20 37
20 47
20 58
20 64
20 65
20 74
20 75
20 76
20 77
20 88
20 94
20 95
20 98
21 24
21 30
21 34
21 39
21 51
21 53
21 70
21 75
21 89
21 96
22 25
22 32
22 36
22 44
22 65
22 72
22 83
22 86
22 87
22 90
22 92
23 25
23 27
23 38
23 39
23 42
23 48
23 53
23 57
23 60
23 67
23 77
23 86
23 88
24 27
24 35
24 36
24 38
24 39
24 46
24 48
24 50
24 62
24 70
24 75
24 81
24 84
24 85
24 89
24 92
24 93
24 95
24 97
25 30
25 36
25 56
25 59
25 65
25 66
25 69
25 83
25 87
25 88
25 97
26 32
26 41
26 42
26 49
26 62
26 64
26 75
26 86
26 89
26 91
27 48
27 56
27 58
27 59
27 62
27 63
27 67
27 68
27 74
27 75
27 77
27 78
27 88
27 99
28 35
28 38
28 40
28 42
28 44
28 46
28 47
28 51
28 69
28 80
28 81
28 87
28 90
29 31
29 43
29 48
29 49
29 54
29 56
29 60
29 66
29 67
29 71
29 75
29 76
29 80
29 82
29 84
29 86
29 98
30 35
30 36
30 37
30 45
30 52
30 60
30 61
30 67
30 68
30 80
30 86
30 87
30 88
30 89
30 91
30 97
30 98
31 32
31 35
31 38
31 39
31 40
31 44
31 52
31 57
31 59
31 70
31 79
31 95
31 99
32 35
32 42
32 49
32 55
32 57
32 61
32 62
32 68
32 70
32 74
32 76
32 77
32 78
32 83
32 85
32 88
32 99
33 34
33 47
33 48
33 53
33 64
33 77
33 82
33 87
33 88
33 90
33 93
33 96
34 35
34 38
34 49
34 56
34 61
34 63
34 64
34 68
34 69
34 77
34 78
34 85
34 90
34 94
34 96
35 40
35 58
35 60
35 64
35 70
35 72
35 78
35 79
35 81
35 83
35 92
35 94
35 95
35 99
36 43
36 45
36 53
36 54
36 61
36 62
36 69
36 79
36 83
36 85
36 86
36 90
36 91
36 92
36 94
36 97
37 49
37 51
37 55
37 63
37 65
37 66
37 74
37 79
37 92
38 42
38 45
38 47
38 49
38 54
38 55
38 59
38 63
38 64
38 72
38 73
38 74
38 76
38 77
38 83
38 87
39 42
39 43
39 45
39 49
39 52
39 54
39 56
39 59
39 60
39 62
39 75
39 85
39 90
39 96
39 98
40 46
40 51
40 65
40 71
40 72
40 75
40 76
40 80
40 88
40 94
41 49
41 50
41 54
41 55
41 60
41 67
41 70
41 77
41 79
41 81
41 86
41 87
42 48
42 55
42 62
42 69
42 70
42 74
42 86
42 90
42 91
42 99
43 47
43 59
43 63
43 64
43 66
43 71
43 76
43 79
43 81
43 90
44 45
44 49
44 51
44 54
44 55
44 72
44 75
44 82
44 83
44 95
44 96
44 99
45 49
45 63
45 66
45 74
45 76
45 99
46 47
46 49
46 50
46 52
46 68
46 69
46 70
46 72
46 74
46 79
46 86
46 89
47 55
47 56
47 68
47 75
47 80
47 87
47 91
47 95
48 51
48 56
48 59
48 61
48 63
48 64
48 65
48 71
48 77
48 78
48 81
48 84
48 87
48 94
48 98
49 50
49 61
49 63
49 64
49 66
49 83
49 85
49 86
49 97
50 53
50 58
50 59
50 61
50 65
50 69
50 77
50 78
50 80
50 82
50 84
50 93
51 55
51 60
51 66
51 70
51 74
51 80
51 93
51 94
52 53
52 55
52 66
52 68
52 72
52 74
52 78
52 81
52 90
52 97
52 99
53 54
53 56
53 59
53 69
53 71
53 73
53 86
53 89
53 97
54 57
54 58
54 67
54 77
54 87
54 91
54 98
54 99
55 60
55 72
55 79
55 84
55 86
55 90
55 96
55 97
55 98
56 62
56 64
56 70
56 71
56 75
56 76
56 79
56 81
56 83
56 92
56 93
56 96
57 61
57 69
57 80
57 87
57 90
57 91
57 93
57 97
58 70
58 76
58 82
58 84
58 99
59 61
59 62
59 64
59 67
59 73
59 75
59 76
59 82
59 84
59 85
59 89
59 97
60 82
60 90
61 63
61 67
61 71
61 75
61 85
61 91
61 92
61 96
61 98
62 63
62 77
62 83
62 84
62 91
62 98
63 64
63 72
63 76
63 77
63 79
63 80
63 84
63 85
63 92
63 94
63 96
64 74
64 79
64 80
64 82
64 88
64 89
64 95
64 98
65 66
65 82
65 87
65 92
65 97
66 68
66 71
66 73
66 76
66 81
66 91
66 92
66 95
66 97
67 68
67 96
68 69
68 70
68 73
68 87
68 89
68 95
68 97
69 73
69 75
69 77
69 84
69 85
70 73
70 74
70 76
70 86
70 87
70 91
70 92
71 72
71 77
71 79
71 83
71 85
71 87
71 92
71 94
71 98
72 74
72 83
72 86
72 88
72 99
73 83
73 84
73 95
74 77
74 86
74 88
74 89
74 91
74 99
75 93
75 94
75 95
75 98
76 77
76 84
76 89
76 91
76 93
76 94
77 87
77 89
77 91
77 93
77 95
78 87
78 88
78 92
78 95
78 98
79 80
79 82
79 92
80 83
80 86
80 95
81 82
81 85
81 92
81 93
81 94
81 96
81 99
82 84
82 92
83 87
83 89
83 92
84 85
84 97
85 90
85 91
85 94
86 88
86 98
87 92
87 94
87 99
88 93
89 94
89 96
89 99
90 91
90 94
90 96
90 98
91 94
91 98
92 95
92 96
92 97
95 99
96 98
