0 2
0 3
0 5
0 6
0 9
0 12
0 14
0 15
0 21
0 23
0 24
0 28
0 29
0 31
0 42
0 44
0 47
0 48
0 49
0 50
0 55
0 57
0 58
0 60
0 61
0 65
0 66
0 70
0 71
0 75
0 80
0 83
0 94
1 3
1 10
1 11
1 13
1 15
1 18
1 20
1 21
1 24
1 27
1 28
1 29
1 30
1 31
1 32
1 36
1 39
1 45
1 46
1 47
1 48
1 49
1 50
1 53
1 55
1 59
1 61
1 62
1 66
1 68
1 73
1 74
1 76
1 78
1 79
1 86
1 92
1 98
2 3
2 6
2 8
2 9
2 10
2 12
2 17
2 23
2 24
2 25
2 26
2 27
2 30
2 32
2 36
2 38
2 39
2 40
2 41
2 46
2 47
2 56
2 57
2 58
2 60
2 62
2 63
2 64
2 65
2 66
2 67
2 68
2 74
2 75
2 77
2 78
2 80
2 83
2 85
2 86
2 88
2 93
2 98
2 99
3 4
3 5
3 8
3 11
3 16
3 19
3 24
3 25
3 26
3 28
3 30
3 31
3 32
3 39
3 43
3 46
3 47
3 50
3 51
3 52
3 54
3 55
3 61
3 66
3 68
3 72
3 76
3 77
3 78
3 81
3 83
3 88
3 90
3 91
3 94
3 96
3 99
4 6
4 8
4 11
4 13
4 16
4 17
4 18
4 20
4 21
4 25
4 28
4 34
4 41
4 42
4 45
4 46
4 47
4 49
4 50
4 51
4 52
4 56
4 58
4 59
4 61
4 62
4 63
4 65
4 67
4 68
4 69
4 71
4 72
4 73
4 75
4 77
4 79
4 80
4 84
4 89
4 91
4 92
4 94
4 96
4 99
5 7
5 10
5 15
5 16
5 17
5 19
5 20
5 21
5 29
5 31
5 33
5 35
5 37
5 42
5 43
5 50
5 52
5 54
5 56
5 57
5 61
5 62
5 71
5 72
5 73
5 74
5 77
5 78
5 79
5 81
5 84
5 87
5 88
5 89
5 93
5 94
5 96
5 97
6 7
6 8
6 11
6 12
6 13
6 14
6 15
6 16
6 19
6 20
6 21
6 27
6 29
6 33
6 35
6 37
6 40
6 41
6 43
6 54
6 55
6 60
6 62
6 69
6 70
6 71
6 72
6 74
6 76
6 78
6 82
6 83
6 89
6 91
6 93
6 98
6 99
7 10
7 14
7 17
7 19
7 20
7 22
7 23
7 24
7 26
7 27
7 31
7 34
7 39
7 40
7 42
7 44
7 50
7 51
7 54
7 57
7 58
7 60
7 62
7 63
7 66
7 68
7 71
7 73
7 76
7 78
7 79
7 83
7 84
7 85
7 88
7 90
7 92
7 95
7 98
7 99
8 11
8 13
8 14
8 16
8 18
8 19
8 20
8 23
8 28
8 34
8 35
8 42
8 46
8 47
8 54
8 56
8 57
8 58
8 60
8 61
8 68
8 71
8 80
8 81
8 82
8 84
8 86
8 87
8 88
8 94
8 97
9 10
9 11
9 13
9 14
9 16
9 19
9 21
9 22
9 24
9 25
9 26
9 27
9 30
9 32
9 35
9 37
9 41
9 47
9 48
9 50
9 52
9 53
9 58
9 59
9 62
9 63
9 66
9 67
9 69
9 72
9 73
9 77
9 78
9 80
9 86
9 89
9 90
9 91
9 92
9 94
9 95
9 98
10 11
10 12
10 15
10 16
10 18
10 21
10 24
10 26
10 27
10 29
10 31
10 35
10 37
10 39
10 41
10 42
10 43
10 44
10 46
10 54
10 55
10 56
10 59
10 60
10 64
10 65
10 71
10 73
10 83
10 91
10 93
10 94
10 95
11 15
11 16
11 23
11 25
11 28
11 33
11 35
11 36
11 38
11 39
11 40
11 45
11 47
11 48
11 51
11 52
11 54
11 60
11 63
11 64
11 68
11 69
11 70
11 72
11 74
11 81
11 82
11 89
11 90
11 93
11 95
11 97
11 99
12 13
12 14
12 15
12 17
12 24
12 25
12 32
12 35
12 38
12 40
12 44
12 47
12 50
12 51
12 52
12 53
12 62
12 64
12 66
12 67
12 68
12 70
12 72
12 73
12 74
12 76
12 80
12 81
12 83
12 90
12 91
12 93
12 94
12 96
12 99
13 14
13 19
13 26
13 27
13 28
13 29
13 35
13 38
13 39
13 41
13 43
13 46
13 47
13 48
13 51
13 52
13 54
13 58
13 60
13 63
13 64
13 78
13 79
13 80
13 82
13 85
13 87
13 90
13 91
13 92
13 94
13 96
13 97
13 99
14 17
14 18
14 19
14 20
14 23
14 24
14 29
14 33
14 35
14 39
14 40
14 43
14 44
14 47
14 49
14 54
14 58
14 59
14 60
14 62
14 63
14 64
14 65
14 70
14 72
14 75
14 76
14 83
14 87
14 89
14 91
14 92
14 94
14 96
14 97
14 98
15 17
15 18
15 20
15 22
15 24
15 31
15 34
15 38
15 42
15 43
15 44
15 45
15 51
15 55
15 58
15 60
15 64
15 65
15 68
15 69
15 70
15 72
15 74
15 75
15 76
15 81
15 82
15 84
15 89
15 91
15 97
15 99
16 18
16 19
16 26
16 30
16 31
16 33
16 36
16 38
16 40
16 41
16 46
16 56
16 59
16 63
16 67
16 69
16 70
16 74
16 75
16 76
16 77
16 80
16 81
16 82
16 90
16 96
16 97
17 18
17 19
17 20
17 22
17 26
17 32
17 33
17 35
17 38
17 39
17 40
17 41
17 42
17 45
17 47
17 50
17 51
17 52
17 53
17 54
17 64
17 66
17 67
17 72
17 76
17 79
17 80
17 83
17 85
17 90
17 92
17 95
18 19
18 20
18 27
18 28
18 32
18 35
18 36
18 37
18 39
18 41
18 45
18 51
18 52
18 59
18 61
18 63
18 68
18 73
18 75
18 77
18 83
18 85
18 86
18 87
18 91
18 92
18 94
18 96
19 21
19 22
19 25
19 32
19 35
19 40
19 42
19 48
19 50
19 52
19 57
19 60
19 61
19 63
19 66
19 69
19 70
19 71
19 72
19 74
19 76
19 77
19 79
19 91
19 96
20 21
20 22
20 26
20 29
20 31
20 34
20 41
20 44
20 45
20 48
20 49
20 50
20 51
20 52
20 56
20 58
20 59
20 60
20 61
20 65
20 67
20 69
20 70
20 71
20 72
20 73
20 74
20 75
20 76
20 79
20 80
20 86
20 87
20 92
20 93
20 94
20 96
21 25
21 27
21 30
21 32
21 34
21 35
21 36
21 37
21 41
21 42
21 45
21 49
21 50
21 51
21 61
21 67
21 68
21 69
21 71
21 72
21 75
21 78
21 79
21 81
21 84
21 89
21 91
21 92
21 95
21 97
22 23
22 24
22 26
22 27
22 30
22 39
22 40
22 43
22 64
22 73
22 74
22 78
22 83
22 84
22 87
22 90
22 91
22 92
22 94
22 95
22 96
22 98
23 26
23 27
23 28
23 29
23 30
23 31
23 33
23 35
23 37
23 41
23 42
23 43
23 44
23 45
23 49
23 55
23 57
23 63
23 64
23 70
23 72
23 73
23 76
23 77
23 80
23 82
23 84
23 86
23 87
23 88
23 89
23 90
23 92
23 94
23 97
23 98
23 99
24 25
24 29
24 34
24 35
24 37
24 40
24 43
24 44
24 45
24 50
24 55
24 56
24 57
24 58
24 62
24 64
24 66
24 69
24 70
24 75
24 76
24 79
24 83
24 84
24 88
24 91
24 92
24 93
24 96
24 99
25 29
25 31
25 33
25 35
25 37
25 38
25 41
25 43
25 44
25 49
25 50
25 52
25 54
25 55
25 56
25 57
25 58
25 60
25 63
25 64
25 67
25 68
25 69
25 70
25 71
25 74
25 75
25 76
25 80
25 81
25 83
25 85
25 86
25 88
25 95
25 97
25 98
26 27
26 30
26 31
26 32
26 33
26 37
26 38
26 39
26 44
26 45
26 48
26 49
26 50
26 51
26 53
26 56
26 58
26 59
26 60
26 66
26 69
26 71
26 74
26 80
26 81
26 83
26 87
26 88
26 89
26 90
26 94
26 96
26 97
26 98
27 31
27 32
27 34
27 35
27 36
27 37
27 38
27 42
27 43
27 44
27 45
27 55
27 56
27 57
27 59
27 60
27 63
27 65
27 66
27 67
27 68
27 69
27 71
27 74
27 76
27 77
27 79
27 80
27 84
27 88
27 89
27 90
27 91
27 94
27 95
27 96
27 97
27 98
28 29
28 33
28 35
28 36
28 37
28 39
28 50
28 56
28 57
28 58
28 59
28 64
28 67
28 70
28 74
28 78
28 80
28 82
28 84
28 86
28 88
28 89
28 96
28 99
29 30
29 31
29 33
29 37
29 38
29 40
29 48
29 49
29 50
29 51
29 52
29 53
29 55
29 57
29 58
29 60
29 61
29 62
29 63
29 65
29 69
29 72
29 74
29 76
29 78
29 79
29 91
29 92
29 93
29 94
29 95
29 96
29 97
30 32
30 35
30 36
30 37
30 41
30 44
30 48
30 52
30 55
30 56
30 57
30 61
30 66
30 68
30 69
30 70
30 73
30 74
30 78
30 80
30 81
30 86
30 90
30 91
30 99
31 36
31 37
31 38
31 39
31 43
31 45
31 46
31 48
31 53
31 55
31 62
31 63
31 65
31 66
31 67
31 68
31 69
31 70
31 71
31 73
31 74
31 76
31 77
31 85
31 87
31 88
31 89
31 91
31 93
31 94
31 96
31 97
31 98
32 34
32 35
32 38
32 39
32 44
32 48
32 49
32 52
32 53
32 54
32 55
32 56
32 58
32 59
32 60
32 61
32 62
32 64
32 66
32 67
32 68
32 69
32 72
32 73
32 74
32 81
32 82
32 84
32 87
32 88
32 91
32 92
32 93
32 96
32 97
32 99
33 34
33 35
33 36
33 37
33 42
33 49
33 54
33 56
33 58
33 59
33 64
33 65
33 69
33 70
33 72
33 79
33 80
33 83
33 87
33 93
33 98
33 99
34 35
34 37
34 38
34 39
34 43
34 46
34 51
34 52
34 56
34 57
34 58
34 63
34 66
34 69
34 70
34 71
34 73
34 75
34 76
34 77
34 78
34 80
34 82
34 86
34 88
34 95
35 36
35 38
35 48
35 50
35 53
35 55
35 56
35 62
35 63
35 68
35 72
35 79
35 83
35 84
35 89
35 90
35 93
35 97
35 98
35 99
36 43
36 47
36 50
36 52
36 53
36 55
36 57
36 62
36 63
36 65
36 68
36 71
36 72
36 73
36 82
36 83
36 85
36 92
36 93
36 94
36 96
37 40
37 42
37 46
37 48
37 49
37 51
37 55
37 57
37 59
37 60
37 61
37 62
37 63
37 65
37 66
37 67
37 68
37 69
37 70
37 71
37 72
37 73
37 76
37 81
37 82
37 83
37 85
37 86
37 91
37 94
37 95
37 98
38 39
38 40
38 42
38 44
38 48
38 49
38 50
38 52
38 53
38 54
38 56
38 58
38 61
38 63
38 64
38 68
38 70
38 72
38 74
38 83
38 85
38 89
38 95
38 96
38 97
38 98
39 40
39 41
39 44
39 51
39 55
39 57
39 58
39 61
39 62
39 63
39 69
39 70
39 71
39 76
39 77
39 80
39 81
39 82
39 83
39 84
39 86
39 91
39 93
39 94
39 96
39 98
40 45
40 46
40 47
40 52
40 55
40 60
40 65
40 66
40 68
40 69
40 72
40 74
40 76
40 79
40 80
40 82
40 83
40 84
40 85
40 87
40 94
40 97
40 98
40 99
41 44
41 47
41 48
41 49
41 51
41 53
41 56
41 57
41 58
41 59
41 61
41 62
41 65
41 73
41 78
41 81
41 86
41 87
41 88
41 91
41 92
41 98
42 43
42 44
42 46
42 48
42 50
42 52
42 53
42 54
42 58
42 60
42 63
42 66
42 69
42 70
42 71
42 74
42 77
42 81
42 82
42 84
42 86
42 92
42 93
42 98
43 46
43 47
43 48
43 49
43 55
43 63
43 69
43 71
43 73
43 75
43 76
43 77
43 78
43 79
43 82
43 86
43 87
43 88
43 90
43 91
43 95
43 96
43 98
43 99
44 47
44 52
44 54
44 59
44 60
44 62
44 64
44 66
44 70
44 71
44 72
44 73
44 77
44 79
44 83
44 88
44 90
44 95
44 96
44 97
44 99
45 46
45 50
45 53
45 56
45 57
45 58
45 61
45 63
45 64
45 66
45 67
45 70
45 71
45 77
45 78
45 79
45 83
45 85
45 87
45 89
45 90
45 96
45 98
46 47
46 48
46 51
46 53
46 55
46 61
46 64
46 66
46 67
46 70
46 72
46 75
46 77
46 78
46 80
46 83
46 88
46 90
46 92
46 94
47 50
47 52
47 55
47 57
47 58
47 59
47 60
47 61
47 62
47 67
47 69
47 70
47 74
47 75
47 76
47 81
47 82
47 83
47 84
47 88
47 89
47 91
47 92
47 97
47 99
48 52
48 54
48 60
48 63
48 65
48 69
48 70
48 74
48 75
48 78
48 82
48 84
48 86
48 89
48 93
48 95
48 98
49 50
49 52
49 56
49 57
49 67
49 70
49 73
49 76
49 79
49 80
49 81
49 82
49 86
49 87
49 89
49 91
49 93
49 96
49 98
50 51
50 53
50 54
50 55
50 58
50 59
50 61
50 64
50 67
50 68
50 71
50 76
50 77
50 81
50 83
50 87
50 90
50 92
50 98
50 99
51 55
51 58
51 60
51 63
51 65
51 66
51 70
51 74
51 75
51 78
51 80
51 81
51 82
51 88
51 90
51 93
51 97
52 53
52 54
52 55
52 57
52 58
52 59
52 63
52 65
52 70
52 71
52 74
52 77
52 78
52 84
52 85
52 92
52 93
52 97
52 98
52 99
53 55
53 58
53 59
53 63
53 64
53 66
53 71
53 74
53 76
53 86
53 87
53 89
53 91
53 98
54 57
54 58
54 60
54 64
54 67
54 69
54 71
54 74
54 80
54 85
54 86
54 88
54 91
54 92
54 95
54 96
54 99
55 57
55 58
55 60
55 68
55 69
55 71
55 73
55 74
55 75
55 76
55 77
55 78
55 82
55 83
55 86
55 89
55 91
55 93
55 95
55 96
56 57
56 58
56 61
56 63
56 65
56 67
56 70
56 72
56 74
56 75
56 77
56 80
56 81
56 82
56 84
56 87
56 88
56 90
56 92
56 98
57 60
57 64
57 67
57 70
57 75
57 76
57 78
57 80
57 83
57 84
57 91
57 93
57 94
57 95
57 96
57 99
58 59
58 60
58 61
58 62
58 64
58 65
58 66
58 68
58 71
58 73
58 77
58 78
58 82
58 83
58 84
58 85
58 86
58 88
58 92
58 93
58 94
58 96
58 98
59 63
59 64
59 65
59 68
59 72
59 81
59 83
59 84
59 94
59 95
59 96
59 97
59 98
59 99
60 61
60 63
60 65
60 69
60 71
60 73
60 74
60 75
60 76
60 79
60 85
60 87
60 88
60 92
60 95
60 98
60 99
61 62
61 64
61 65
61 70
61 72
61 73
61 75
61 78
61 86
61 87
61 89
61 93
61 94
61 95
61 97
61 99
62 66
62 69
62 70
62 71
62 78
62 79
62 81
62 84
62 87
62 89
62 92
62 96
62 98
63 69
63 70
63 71
63 73
63 74
63 75
63 76
63 77
63 78
63 79
63 80
63 81
63 82
63 83
63 84
63 86
63 87
63 88
63 90
63 92
63 94
63 95
63 97
63 99
64 65
64 68
64 69
64 70
64 74
64 75
64 76
64 77
64 80
64 82
64 85
64 89
64 90
64 91
64 95
64 97
65 67
65 68
65 69
65 70
65 72
65 73
65 74
65 75
65 76
65 89
65 93
65 94
65 95
66 67
66 70
66 71
66 75
66 76
66 77
66 82
66 87
66 89
66 90
66 91
66 92
66 96
66 97
66 99
67 68
67 74
67 75
67 76
67 81
67 82
67 84
67 85
67 87
67 88
67 89
67 90
67 91
67 94
67 95
67 96
67 99
68 74
68 77
68 80
68 82
68 90
68 91
68 92
68 93
68 94
69 70
69 73
69 79
69 80
69 81
69 84
69 85
69 86
69 88
69 89
69 90
69 91
69 93
69 95
69 97
70 71
70 79
70 80
70 81
70 84
70 88
70 94
70 95
70 98
70 99
71 73
71 74
71 76
71 77
71 80
71 82
71 86
71 93
71 94
71 97
72 73
72 76
72 79
72 80
72 81
72 87
72 90
72 92
72 98
73 74
73 75
73 81
73 85
73 87
73 89
73 90
73 91
73 92
73 93
73 94
73 95
73 96
73 99
74 75
74 76
74 80
74 84
74 85
74 89
74 92
74 94
74 96
74 98
74 99
75 81
75 82
75 88
75 89
75 94
75 95
75 97
75 98
76 80
76 85
76 86
76 88
76 91
76 92
76 96
76 97
76 98
77 79
77 81
77 82
77 83
77 85
77 90
77 93
77 96
77 97
77 98
78 81
78 82
78 85
78 86
78 88
78 91
78 92
78 94
78 95
78 99
79 85
79 86
79 87
79 91
79 97
79 99
80 83
80 87
80 90
80 91
80 96
80 97
80 99
81 83
81 84
81 87
81 91
81 92
81 94
81 96
81 99
82 83
82 86
82 87
82 89
82 92
82 94
82 99
83 84
83 85
83 88
83 89
83 90
83 92
83 93
83 94
83 97
84 87
84 88
84 92
84 96
84 97
85 88
85 92
85 94
86 87
86 90
86 91
86 93
86 94
86 97
86 99
87 90
87 91
87 93
87 95
87 96
87 99
88 90
88 91
88 95
88 97
89 90
89 93
89 94
89 95
89 96
89 98
89 99
90 92
90 93
90 98
91 94
92 95
92 96
92 97
93 94
93 96
94 96
