0 1
0 2
0 3
0 4
0 5
0 8
0 9
0 11
0 12
0 15
0 18
0 21
0 22
0 24
0 25
0 26
0 30
0 31
0 33
0 35
0 40
0 41
0 42
0 43
0 44
0 45
0 53
0 55
0 56
0 60
0 61
0 62
0 64
0 66
0 68
0 69
0 70
0 74
0 75
0 76
0 78
0 79
0 81
0 82
0 83
0 85
0 91
0 93
1 2
1 6
1 10
1 13
1 18
1 22
1 26
1 27
1 29
1 33
1 37
1 41
1 42
1 46
1 47
1 50
1 52
1 56
1 59
1 62
1 63
1 64
1 65
1 69
1 70
1 73
1 76
1 77
1 79
1 88
1 89
1 93
1 94
1 97
1 99
2 13
2 14
2 20
2 24
2 25
2 26
2 30
2 33
2 35
2 41
2 43
2 44
2 47
2 49
2 50
2 51
2 52
2 56
2 60
2 63
2 65
2 68
2 71
2 75
2 78
2 80
2 81
2 82
2 86
2 88
2 91
2 93
2 94
2 95
3 5
3 6
3 7
3 8
3 12
3 14
3 15
3 16
3 18
3 20
3 23
3 27
3 29
3 31
3 32
3 39
3 41
3 43
3 45
3 48
3 50
3 52
3 55
3 59
3 60
3 61
3 63
3 66
3 68
3 73
3 76
3 77
3 80
3 82
3 86
3 91
3 93
3 97
4 5
4 6
4 8
4 12
4 13
4 15
4 16
4 17
4 18
4 20
4 21
4 22
4 25
4 28
4 30
4 35
4 37
4 40
4 41
4 42
4 52
4 53
4 54
4 57
4 60
4 61
4 62
4 67
4 69
4 72
4 73
4 74
4 75
4 78
4 80
4 82
4 83
4 84
4 85
4 86
4 90
4 91
4 93
4 96
4 99
5 6
5 9
5 11
5 14
5 18
5 20
5 21
5 22
5 24
5 32
5 33
5 35
5 38
5 39
5 40
5 42
5 43
5 44
5 46
5 48
5 49
5 51
5 53
5 54
5 56
5 58
5 64
5 65
5 70
5 74
5 75
5 78
5 80
5 85
5 86
5 88
5 93
5 95
5 98
6 7
6 8
6 10
6 12
6 13
6 14
6 17
6 19
6 24
6 27
6 28
6 29
6 30
6 32
6 37
6 38
6 44
6 46
6 47
6 48
6 49
6 51
6 52
6 54
6 56
6 58
6 59
6 61
6 65
6 67
6 71
6 73
6 76
6 79
6 81
6 84
6 85
6 86
6 90
6 92
6 96
6 97
6 99
7 8
7 15
7 16
7 17
7 18
7 24
7 25
7 26
7 27
7 31
7 33
7 35
7 36
7 38
7 39
7 40
7 43
7 45
7 46
7 49
7 60
7 61
7 62
7 63
7 67
7 70
7 71
7 74
7 76
7 79
7 81
7 88
7 89
7 90
7 92
7 94
7 96
7 98
7 99
8 11
8 14
8 17
8 18
8 20
8 22
8 23
8 26
8 27
8 28
8 30
8 33
8 34
8 36
8 38
8 39
8 41
8 45
8 46
8 47
8 53
8 57
8 60
8 62
8 65
8 66
8 70
8 71
8 75
8 78
8 80
8 81
8 83
8 89
8 91
8 93
8 94
8 95
8 98
9 13
9 16
9 19
9 20
9 22
9 23
9 26
9 29
9 36
9 39
9 41
9 45
9 46
9 52
9 57
9 61
9 66
9 67
9 70
9 71
9 72
9 74
9 77
9 78
9 82
9 83
9 84
9 89
9 91
9 94
9 98
10 11
10 13
10 15
10 19
10 20
10 21
10 28
10 30
10 33
10 35
10 38
10 39
10 40
10 41
10 46
10 59
10 63
10 64
10 65
10 69
10 71
10 73
10 76
10 77
10 79
10 80
10 81
10 83
10 85
10 86
10 87
10 88
10 90
10 92
10 93
10 96
11 18
11 19
11 20
11 22
11 27
11 29
11 30
11 31
11 32
11 33
11 39
11 40
11 41
11 44
11 45
11 46
11 48
11 51
11 52
11 56
11 59
11 60
11 61
11 64
11 70
11 71
11 72
11 73
11 77
11 81
11 83
11 86
11 87
11 91
11 93
11 95
12 17
12 19
12 20
12 22
12 23
12 28
12 32
12 34
12 35
12 36
12 37
12 38
12 42
12 43
12 44
12 45
12 47
12 55
12 56
12 57
12 58
12 59
12 62
12 65
12 66
12 67
12 70
12 72
12 74
12 75
12 77
12 79
12 81
12 87
12 88
12 93
12 94
12 98
13 14
13 15
13 17
13 22
13 23
13 24
13 31
13 32
13 35
13 37
13 48
13 49
13 52
13 55
13 59
13 60
13 67
13 69
13 73
13 74
13 77
13 79
13 80
13 81
13 82
13 83
13 88
13 89
13 91
13 92
13 93
13 99
14 16
14 17
14 20
14 21
14 23
14 25
14 27
14 29
14 30
14 32
14 33
14 34
14 36
14 37
14 39
14 40
14 44
14 45
14 46
14 47
14 53
14 54
14 56
14 57
14 59
14 63
14 64
14 71
14 72
14 73
14 74
14 81
14 83
14 84
14 86
14 89
14 91
14 95
14 96
14 97
14 98
15 16
15 17
15 18
15 24
15 28
15 34
15 37
15 38
15 40
15 45
15 49
15 53
15 54
15 58
15 62
15 65
15 66
15 74
15 76
15 77
15 78
15 80
15 81
15 86
15 88
15 90
15 91
15 93
15 94
15 99
16 17
16 21
16 22
16 25
16 26
16 35
16 38
16 39
16 45
16 46
16 50
16 51
16 52
16 53
16 56
16 57
16 60
16 61
16 63
16 65
16 66
16 67
16 72
16 73
16 75
16 80
16 81
16 83
16 86
16 88
16 89
16 90
16 94
16 98
16 99
17 19
17 21
17 24
17 25
17 28
17 29
17 33
17 34
17 36
17 37
17 40
17 43
17 44
17 45
17 46
17 50
17 53
17 57
17 62
17 70
17 74
17 75
17 87
17 93
17 97
17 98
18 19
18 20
18 21
18 25
18 26
18 34
18 36
18 37
18 39
18 40
18 42
18 43
18 44
18 45
18 51
18 53
18 56
18 57
18 58
18 61
18 64
18 67
18 71
18 72
18 75
18 76
18 81
18 83
18 86
18 87
18 88
18 90
18 91
18 93
18 94
19 20
19 21
19 25
19 26
19 29
19 30
19 34
19 38
19 45
19 46
19 48
19 51
19 55
19 57
19 66
19 67
19 71
19 75
19 76
19 77
19 79
19 82
19 92
19 94
19 95
19 96
20 26
20 27
20 32
20 33
20 35
20 36
20 38
20 42
20 45
20 47
20 48
20 50
20 53
20 54
20 55
20 60
20 65
20 68
20 70
20 74
20 75
20 79
20 82
20 88
20 91
20 92
20 97
21 22
21 23
21 25
21 29
21 31
21 32
21 33
21 35
21 36
21 43
21 47
21 49
21 50
21 52
21 53
21 56
21 60
21 63
21 65
21 69
21 75
21 76
21 78
21 86
21 90
21 96
21 99
22 23
22 25
22 27
22 28
22 29
22 30
22 31
22 34
22 36
22 38
22 40
22 45
22 47
22 49
22 54
22 56
22 63
22 67
22 68
22 69
22 76
22 78
22 79
22 80
22 82
22 84
22 85
22 86
22 87
22 89
22 90
22 95
22 98
22 99
23 24
23 26
23 30
23 34
23 37
23 41
23 44
23 45
23 47
23 49
23 50
23 52
23 53
23 58
23 59
23 60
23 63
23 67
23 69
23 71
23 72
23 82
23 86
23 89
23 90
23 91
23 92
23 94
23 96
23 97
23 98
24 28
24 29
24 32
24 44
24 47
24 54
24 58
24 62
24 63
24 64
24 68
24 69
24 74
24 75
24 77
24 78
24 79
24 81
24 84
24 87
24 89
24 93
24 94
24 96
25 26
25 27
25 35
25 36
25 37
25 41
25 42
25 46
25 47
25 48
25 61
25 63
25 67
25 68
25 70
25 74
25 76
25 82
25 84
25 86
25 87
25 88
25 92
25 95
25 96
26 28
26 32
26 33
26 34
26 39
26 44
26 45
26 48
26 50
26 52
26 58
26 64
26 65
26 66
26 70
26 72
26 74
26 75
26 78
26 86
26 88
26 89
26 91
26 95
26 98
27 30
27 36
27 37
27 38
27 40
27 45
27 46
27 48
27 50
27 51
27 52
27 53
27 58
27 60
27 62
27 63
27 65
27 67
27 71
27 72
27 75
27 77
27 78
27 84
27 86
27 89
27 90
27 94
27 96
27 97
28 30
28 31
28 33
28 36
28 37
28 38
28 39
28 40
28 43
28 51
28 53
28 55
28 57
28 68
28 70
28 75
28 77
28 80
28 83
28 86
28 88
28 93
28 95
28 98
28 99
29 30
29 31
29 34
29 41
29 44
29 45
29 49
29 51
29 56
29 58
29 61
29 62
29 63
29 65
29 66
29 69
29 72
29 76
29 78
29 79
29 80
29 83
29 86
29 88
29 89
29 92
29 94
29 97
30 33
30 36
30 37
30 39
30 40
30 45
30 49
30 50
30 56
30 57
30 58
30 61
30 62
30 63
30 64
30 69
30 70
30 72
30 73
30 75
30 76
30 77
30 79
30 80
30 81
30 82
30 83
30 87
30 88
30 89
30 90
30 94
30 96
30 97
30 98
30 99
31 32
31 36
31 38
31 43
31 44
31 45
31 59
31 63
31 64
31 68
31 69
31 70
31 73
31 78
31 79
31 83
31 85
31 86
31 87
31 88
31 90
31 92
31 94
31 98
32 36
32 37
32 39
32 48
32 54
32 60
32 61
32 65
32 66
32 68
32 72
32 76
32 77
32 78
32 84
32 86
32 88
32 89
32 90
32 92
32 93
32 95
32 99
33 34
33 35
33 36
33 41
33 42
33 47
33 51
33 52
33 56
33 58
33 60
33 61
33 66
33 68
33 70
33 72
33 75
33 78
33 84
33 89
33 90
33 91
33 97
34 37
34 39
34 40
34 47
34 48
34 50
34 51
34 52
34 54
34 58
34 62
34 63
34 64
34 66
34 67
34 71
34 72
34 73
34 75
34 76
34 78
34 79
34 80
34 81
34 85
34 86
34 91
34 92
34 95
34 97
35 39
35 45
35 48
35 56
35 60
35 62
35 63
35 65
35 66
35 69
35 70
35 72
35 74
35 77
35 78
35 80
35 83
35 85
35 86
35 88
35 92
35 93
35 95
36 37
36 45
36 46
36 50
36 52
36 55
36 57
36 59
36 63
36 64
36 65
36 66
36 72
36 74
36 75
36 76
36 78
36 85
36 89
36 90
36 95
36 96
36 97
37 40
37 42
37 43
37 44
37 45
37 50
37 54
37 55
37 57
37 60
37 61
37 69
37 71
37 72
37 73
37 77
37 78
37 79
37 80
37 81
37 82
37 84
37 92
37 96
37 98
37 99
38 41
38 42
38 49
38 51
38 52
38 54
38 57
38 58
38 60
38 62
38 67
38 68
38 69
38 73
38 74
38 80
38 82
38 84
38 86
38 87
38 90
38 91
38 92
38 95
38 98
39 40
39 42
39 44
39 45
39 47
39 55
39 56
39 57
39 59
39 64
39 67
39 68
39 70
39 72
39 74
39 77
39 79
39 81
39 83
39 84
39 87
39 88
39 94
39 96
39 99
40 44
40 46
40 47
40 62
40 63
40 66
40 67
40 69
40 72
40 74
40 75
40 80
40 81
40 82
40 83
40 89
40 94
40 95
40 96
40 99
41 43
41 47
41 49
41 51
41 58
41 64
41 68
41 69
41 70
41 71
41 77
41 79
41 85
41 87
41 91
41 92
41 99
42 45
42 49
42 50
42 55
42 58
42 59
42 61
42 62
42 63
42 64
42 65
42 66
42 68
42 71
42 77
42 81
42 82
42 83
42 84
42 89
42 90
42 91
42 92
42 95
42 96
42 97
42 98
42 99
43 44
43 46
43 49
43 52
43 54
43 55
43 56
43 57
43 58
43 60
43 61
43 64
43 69
43 71
43 72
43 73
43 74
43 75
43 76
43 77
43 79
43 82
43 83
43 84
43 85
43 86
43 90
43 94
43 95
44 52
44 54
44 60
44 62
44 63
44 65
44 70
44 73
44 74
44 76
44 81
44 83
44 84
44 88
44 89
44 91
44 95
44 98
45 47
45 48
45 50
45 53
45 56
45 58
45 59
45 63
45 64
45 66
45 75
45 77
45 78
45 79
45 81
45 82
45 86
45 90
45 94
45 97
46 47
46 49
46 51
46 52
46 53
46 60
46 63
46 64
46 65
46 68
46 70
46 73
46 75
46 80
46 84
46 86
46 88
46 89
46 90
46 92
46 94
46 95
46 99
47 49
47 50
47 59
47 60
47 63
47 64
47 65
47 66
47 71
47 73
47 77
47 79
47 82
47 83
47 85
47 87
47 89
47 94
47 95
47 97
48 52
48 56
48 62
48 66
48 68
48 69
48 70
48 74
48 75
48 77
48 80
48 82
48 84
48 86
48 87
48 88
48 89
48 92
48 96
49 51
49 53
49 54
49 55
49 60
49 62
49 63
49 64
49 65
49 69
49 72
49 76
49 78
49 86
49 88
49 89
49 90
49 91
49 93
49 95
49 96
49 97
50 54
50 57
50 58
50 59
50 60
50 64
50 67
50 68
50 69
50 71
50 79
50 81
50 83
50 85
50 87
50 89
50 91
50 93
50 94
50 96
50 98
50 99
51 54
51 55
51 59
51 61
51 68
51 69
51 70
51 71
51 75
51 76
51 77
51 79
51 82
51 83
51 84
51 85
51 86
51 87
51 89
51 93
51 97
51 98
51 99
52 56
52 57
52 58
52 59
52 63
52 64
52 66
52 67
52 68
52 73
52 75
52 77
52 81
52 82
52 83
52 86
52 88
52 90
52 96
53 57
53 58
53 61
53 62
53 66
53 67
53 70
53 71
53 73
53 75
53 76
53 78
53 81
53 82
53 84
53 85
53 88
53 90
53 95
53 98
54 56
54 57
54 59
54 60
54 62
54 63
54 66
54 68
54 70
54 75
54 79
54 80
54 83
54 88
54 89
54 90
54 92
54 94
54 95
55 62
55 64
55 68
55 69
55 77
55 79
55 80
55 81
55 84
55 86
55 89
55 94
55 95
55 98
55 99
56 57
56 58
56 63
56 68
56 72
56 74
56 77
56 78
56 80
56 82
56 84
56 90
56 93
56 95
57 58
57 61
57 66
57 68
57 70
57 80
57 82
57 84
57 87
57 90
57 91
57 93
57 95
57 97
58 61
58 62
58 63
58 64
58 65
58 68
58 69
58 70
58 71
58 72
58 74
58 76
58 77
58 78
58 79
58 81
58 82
58 85
58 86
58 89
58 96
58 97
58 98
58 99
59 60
59 61
59 63
59 68
59 69
59 72
59 73
59 75
59 76
59 79
59 82
59 83
59 84
59 87
59 90
59 94
59 95
59 98
59 99
60 63
60 68
60 72
60 76
60 78
60 82
60 90
60 94
61 63
61 71
61 75
61 76
61 78
61 82
61 84
61 88
61 91
61 93
61 95
62 64
62 68
62 69
62 70
62 72
62 74
62 75
62 78
62 80
62 82
62 89
62 96
62 99
63 66
63 69
63 73
63 80
63 81
63 82
63 83
63 84
63 86
63 90
63 91
63 92
63 95
63 99
64 67
64 73
64 74
64 78
64 82
64 87
64 89
64 91
64 92
64 93
64 95
64 99
65 68
65 74
65 77
65 80
65 83
65 85
65 87
65 88
65 89
65 92
65 93
65 94
65 95
65 96
65 99
66 67
66 68
66 70
66 71
66 73
66 74
66 75
66 82
66 88
66 89
66 92
66 93
66 99
67 70
67 73
67 74
67 75
67 79
67 81
67 88
67 90
67 94
67 96
67 98
68 70
68 71
68 72
68 79
68 80
68 81
68 85
68 88
68 89
68 91
68 92
68 94
68 95
68 96
68 97
69 72
69 86
69 87
69 88
69 89
69 90
69 93
70 76
70 77
70 82
70 84
70 93
70 94
70 95
70 96
70 98
70 99
71 73
71 76
71 77
71 78
71 82
71 83
71 84
71 87
71 91
71 93
71 96
72 74
72 75
72 77
72 80
72 81
72 83
72 87
72 91
72 95
72 98
73 76
73 77
73 80
73 84
73 88
73 91
73 98
73 99
74 77
74 81
74 82
74 86
74 87
74 90
74 91
74 92
74 96
74 97
74 98
74 99
75 76
75 81
75 82
75 84
75 86
75 90
75 91
75 92
75 96
75 99
76 77
76 80
76 81
76 82
76 84
76 85
76 89
76 92
76 95
76 96
76 98
77 79
77 84
77 86
77 91
77 97
77 99
78 80
78 81
78 82
78 87
78 88
78 92
78 93
78 94
78 97
79 80
79 81
79 82
79 84
79 89
79 91
79 92
79 93
79 97
79 98
80 82
80 83
80 86
80 87
80 89
80 91
80 92
80 95
80 97
81 82
81 84
81 87
81 88
81 91
81 92
81 99
82 92
82 95
82 97
83 87
83 90
83 91
83 94
84 87
84 89
84 90
84 91
84 94
84 95
84 97
84 99
85 87
85 91
85 95
86 88
86 92
86 95
86 97
86 98
87 88
87 89
87 90
87 94
87 99
88 92
88 96
88 99
89 91
89 92
89 93
89 94
89 99
90 92
90 95
90 96
90 98
91 97
91 99
92 94
92 97
93 94
94 95
94 99
95 96
95 97
95 98
95 99
97 99
