0 1
0 2
0 5
0 7
0 9
0 11
0 12
0 13
0 16
0 17
0 21
0 24
0 25
0 28
0 29
0 31
0 32
0 35
0 38
0 39
0 40
0 42
0 43
0 47
0 53
0 54
0 55
0 58
0 61
0 62
0 65
0 69
0 70
0 71
0 72
0 73
0 74
0 75
0 76
0 79
0 81
0 82
0 85
0 87
0 88
0 91
0 92
0 93
0 94
0 97
0 98
0 99
1 2
1 3
1 4
1 5
1 7
1 13
1 16
1 17
1 20
1 21
1 24
1 26
1 29
1 33
1 34
1 35
1 37
1 39
1 44
1 48
1 51
1 53
1 57
1 58
1 59
1 60
1 66
1 69
1 71
1 73
1 74
1 80
1 81
1 82
1 83
1 84
1 87
1 92
1 93
1 94
1 98
1 99
2 4
2 5
2 6
2 10
2 12
2 13
2 16
2 17
2 18
2 22
2 23
2 25
2 26
2 28
2 30
2 31
2 32
2 34
2 35
2 36
2 37
2 38
2 41
2 44
2 45
2 47
2 49
2 56
2 57
2 59
2 61
2 68
2 73
2 75
2 76
2 78
2 79
2 82
2 83
2 86
2 90
2 91
2 93
2 96
2 99
3 8
3 10
3 11
3 12
3 14
3 15
3 17
3 18
3 19
3 20
3 21
3 23
3 24
3 25
3 26
3 27
3 28
3 31
3 32
3 35
3 36
3 40
3 41
3 42
3 43
3 44
3 46
3 47
3 50
3 51
3 52
3 55
3 59
3 60
3 61
3 62
3 63
3 64
3 66
3 68
3 71
3 72
3 73
3 74
3 76
3 77
3 78
3 79
3 81
3 84
3 85
3 89
3 92
3 95
3 97
3 99
4 5
4 7
4 11
4 16
4 19
4 20
4 21
4 24
4 26
4 27
4 28
4 29
4 31
4 34
4 36
4 37
4 40
4 42
4 43
4 44
4 45
4 46
4 47
4 49
4 53
4 54
4 56
4 57
4 59
4 61
4 64
4 65
4 68
4 72
4 74
4 75
4 77
4 78
4 79
4 80
4 88
4 90
4 91
4 93
4 95
4 96
4 98
5 10
5 13
5 19
5 23
5 26
5 27
5 28
5 29
5 30
5 32
5 33
5 34
5 35
5 38
5 41
5 44
5 45
5 46
5 51
5 52
5 53
5 54
5 55
5 56
5 57
5 58
5 62
5 65
5 66
5 68
5 71
5 74
5 75
5 76
5 80
5 82
5 83
5 84
5 85
5 86
5 88
5 93
5 95
5 97
5 98
5 99
6 7
6 10
6 11
6 12
6 13
6 16
6 19
6 20
6 21
6 22
6 24
6 25
6 26
6 30
6 31
6 32
6 33
6 38
6 41
6 45
6 48
6 50
6 52
6 53
6 55
6 60
6 62
6 65
6 66
6 68
6 70
6 72
6 73
6 74
6 77
6 80
6 82
6 83
6 87
6 89
6 91
6 93
6 95
6 98
7 8
7 9
7 10
7 11
7 14
7 15
7 16
7 17
7 18
7 20
7 25
7 26
7 27
7 28
7 29
7 30
7 35
7 36
7 40
7 42
7 44
7 45
7 47
7 48
7 51
7 52
7 53
7 55
7 61
7 62
7 63
7 65
7 66
7 67
7 69
7 73
7 75
7 77
7 80
7 81
7 83
7 84
7 85
7 86
7 89
7 90
7 92
7 93
7 94
7 95
7 98
7 99
8 10
8 12
8 16
8 17
8 22
8 23
8 25
8 26
8 28
8 29
8 31
8 33
8 35
8 36
8 39
8 40
8 41
8 42
8 43
8 44
8 45
8 47
8 48
8 49
8 52
8 53
8 54
8 55
8 56
8 57
8 59
8 60
8 63
8 64
8 67
8 68
8 74
8 75
8 76
8 77
8 78
8 79
8 80
8 83
8 84
8 88
8 89
8 90
8 91
8 99
9 10
9 11
9 15
9 18
9 20
9 21
9 24
9 26
9 30
9 31
9 33
9 34
9 35
9 37
9 39
9 40
9 42
9 50
9 56
9 58
9 59
9 63
9 68
9 72
9 73
9 76
9 77
9 78
9 79
9 80
9 81
9 82
9 83
9 85
9 86
9 88
9 89
9 90
9 92
9 94
9 98
10 13
10 18
10 20
10 25
10 27
10 30
10 31
10 33
10 34
10 35
10 36
10 37
10 38
10 40
10 42
10 43
10 44
10 45
10 47
10 50
10 53
10 54
10 55
10 60
10 61
10 64
10 68
10 70
10 71
10 75
10 79
10 85
10 87
10 89
10 91
10 95
10 96
10 97
10 99
11 13
11 17
11 20
11 21
11 24
11 25
11 26
11 29
11 31
11 32
11 33
11 35
11 37
11 38
11 41
11 42
11 43
11 44
11 45
11 48
11 49
11 56
11 57
11 58
11 61
11 62
11 63
11 65
11 68
11 69
11 71
11 73
11 78
11 79
11 80
11 81
11 86
11 87
11 88
11 90
11 92
11 94
11 98
12 14
12 15
12 17
12 18
12 19
12 26
12 31
12 33
12 35
12 36
12 37
12 39
12 41
12 45
12 47
12 48
12 49
12 50
12 51
12 52
12 53
12 54
12 55
12 57
12 58
12 61
12 63
12 64
12 66
12 69
12 71
12 74
12 77
12 79
12 81
12 83
12 85
12 88
12 90
12 91
12 92
12 95
12 96
12 97
12 98
12 99
13 15
13 18
13 19
13 20
13 24
13 25
13 26
13 29
13 30
13 33
13 34
13 35
13 36
13 37
13 40
13 41
13 42
13 43
13 45
13 47
13 48
13 49
13 52
13 57
13 58
13 60
13 62
13 63
13 64
13 65
13 67
13 70
13 71
13 72
13 74
13 77
13 81
13 84
13 90
13 91
13 92
13 94
13 95
13 96
13 98
13 99
14 15
14 17
14 21
14 24
14 25
14 28
14 30
14 31
14 32
14 33
14 35
14 36
14 37
14 38
14 39
14 40
14 41
14 43
14 44
14 45
14 49
14 53
14 54
14 56
14 65
14 66
14 67
14 68
14 74
14 80
14 81
14 82
14 84
14 85
14 87
14 88
14 92
14 94
14 96
14 98
14 99
15 18
15 22
15 23
15 24
15 31
15 35
15 36
15 37
15 38
15 39
15 40
15 41
15 42
15 44
15 46
15 48
15 49
15 51
15 53
15 55
15 56
15 57
15 58
15 59
15 60
15 61
15 64
15 65
15 67
15 68
15 70
15 72
15 74
15 76
15 77
15 79
15 82
15 84
15 86
15 88
15 92
15 93
16 18
16 23
16 25
16 26
16 28
16 29
16 30
16 34
16 35
16 37
16 42
16 43
16 46
16 47
16 48
16 49
16 50
16 55
16 56
16 59
16 61
16 62
16 65
16 67
16 72
16 73
16 75
16 78
16 81
16 83
16 84
16 85
16 87
16 88
16 89
16 90
16 91
16 95
16 96
16 97
16 98
17 19
17 20
17 24
17 27
17 28
17 33
17 37
17 38
17 39
17 40
17 41
17 42
17 45
17 46
17 47
17 49
17 50
17 53
17 54
17 56
17 57
17 58
17 62
17 67
17 68
17 69
17 70
17 72
17 74
17 75
17 76
17 77
17 78
17 81
17 82
17 86
17 88
17 89
17 91
17 93
17 94
17 96
18 19
18 20
18 23
18 24
18 27
18 28
18 31
18 33
18 34
18 37
18 40
18 41
18 42
18 43
18 47
18 50
18 51
18 53
18 55
18 56
18 58
18 61
18 62
18 63
18 66
18 67
18 68
18 69
18 70
18 71
18 72
18 75
18 76
18 80
18 81
18 82
18 84
18 86
18 89
18 90
18 93
18 95
18 97
19 20
19 27
19 28
19 32
19 34
19 35
19 36
19 37
19 39
19 40
19 42
19 50
19 52
19 56
19 57
19 58
19 61
19 62
19 63
19 64
19 69
19 71
19 85
19 88
19 89
19 94
20 21
20 22
20 23
20 27
20 29
20 30
20 31
20 32
20 34
20 35
20 36
20 37
20 41
20 45
20 51
20 56
20 58
20 60
20 63
20 66
20 77
20 78
20 79
20 80
20 83
20 84
20 86
20 90
20 93
20 99
21 22
21 23
21 25
21 26
21 27
21 29
21 35
21 36
21 37
21 40
21 41
21 44
21 45
21 47
21 50
21 52
21 54
21 56
21 57
21 58
21 59
21 60
21 61
21 63
21 64
21 66
21 67
21 68
21 73
21 75
21 78
21 79
21 80
21 81
21 84
21 86
21 91
21 93
21 95
21 97
21 98
22 23
22 24
22 25
22 26
22 28
22 31
22 33
22 34
22 35
22 36
22 41
22 44
22 46
22 47
22 51
22 52
22 56
22 59
22 65
22 68
22 69
22 70
22 72
22 73
22 74
22 75
22 76
22 78
22 79
22 80
22 84
22 85
22 86
22 87
22 88
22 89
22 90
22 92
22 94
22 98
22 99
23 24
23 25
23 26
23 28
23 30
23 31
23 32
23 33
23 34
23 35
23 36
23 37
23 40
23 42
23 43
23 44
23 45
23 46
23 48
23 49
23 54
23 56
23 58
23 59
23 60
23 61
23 64
23 67
23 69
23 71
23 72
23 73
23 75
23 77
23 78
23 79
23 80
23 83
23 86
23 87
23 89
23 90
23 91
23 92
23 94
23 98
23 99
24 29
24 37
24 38
24 40
24 42
24 44
24 46
24 48
24 49
24 51
24 52
24 53
24 58
24 60
24 62
24 64
24 65
24 69
24 71
24 72
24 74
24 76
24 77
24 78
24 80
24 81
24 85
24 86
24 89
24 90
24 94
24 95
24 96
24 97
24 98
24 99
25 26
25 28
25 29
25 31
25 36
25 39
25 43
25 44
25 46
25 47
25 49
25 52
25 53
25 55
25 57
25 58
25 59
25 67
25 68
25 70
25 72
25 73
25 74
25 78
25 79
25 80
25 81
25 85
25 86
25 88
25 89
25 92
25 93
25 94
25 95
25 96
25 97
25 98
26 27
26 28
26 29
26 30
26 32
26 33
26 35
26 36
26 37
26 40
26 41
26 42
26 46
26 48
26 50
26 51
26 52
26 55
26 59
26 63
26 64
26 66
26 67
26 69
26 71
26 72
26 75
26 77
26 79
26 82
26 83
26 89
26 91
26 92
26 94
26 96
26 98
26 99
27 28
27 30
27 31
27 32
27 34
27 35
27 36
27 37
27 39
27 45
27 47
27 48
27 51
27 53
27 54
27 55
27 57
27 58
27 61
27 69
27 70
27 71
27 72
27 75
27 77
27 78
27 79
27 81
27 83
27 86
27 87
27 90
27 91
27 92
27 94
27 96
27 98
28 29
28 30
28 34
28 35
28 37
28 41
28 43
28 45
28 47
28 48
28 49
28 51
28 52
28 53
28 55
28 60
28 62
28 64
28 65
28 69
28 70
28 71
28 72
28 73
28 75
28 76
28 77
28 79
28 80
28 82
28 83
28 85
28 88
28 90
28 92
28 93
28 96
28 97
28 99
29 30
29 33
29 37
29 42
29 43
29 44
29 45
29 49
29 50
29 53
29 54
29 55
29 56
29 57
29 58
29 59
29 64
29 65
29 66
29 67
29 70
29 73
29 79
29 82
29 83
29 85
29 87
29 88
29 89
29 91
29 92
29 93
29 94
29 95
29 96
29 98
30 31
30 33
30 34
30 35
30 38
30 40
30 41
30 44
30 45
30 48
30 49
30 51
30 53
30 54
30 56
30 57
30 60
30 63
30 65
30 66
30 67
30 68
30 69
30 70
30 71
30 72
30 74
30 75
30 78
30 80
30 82
30 85
30 88
30 92
30 94
30 95
30 96
30 97
30 98
30 99
31 32
31 33
31 36
31 37
31 39
31 41
31 42
31 45
31 46
31 47
31 48
31 49
31 51
31 55
31 58
31 61
31 65
31 66
31 68
31 71
31 72
31 75
31 79
31 81
31 82
31 84
31 86
31 88
31 90
31 91
31 92
31 93
31 99
32 34
32 35
32 42
32 45
32 47
32 49
32 57
32 58
32 59
32 60
32 61
32 69
32 71
32 72
32 74
32 76
32 81
32 83
32 85
32 86
32 89
32 90
32 92
32 96
32 97
33 36
33 37
33 38
33 40
33 42
33 47
33 49
33 50
33 51
33 52
33 57
33 59
33 63
33 66
33 67
33 68
33 80
33 81
33 84
33 86
33 87
33 88
33 89
33 90
33 91
33 92
33 96
34 37
34 42
34 43
34 44
34 48
34 51
34 53
34 55
34 56
34 58
34 62
34 66
34 67
34 68
34 71
34 73
34 76
34 78
34 79
34 80
34 81
34 84
34 85
34 86
34 89
34 91
34 94
34 98
34 99
35 40
35 42
35 44
35 45
35 48
35 50
35 51
35 54
35 55
35 56
35 60
35 61
35 62
35 63
35 65
35 66
35 70
35 73
35 74
35 77
35 78
35 80
35 81
35 82
35 90
35 93
35 95
35 98
36 38
36 44
36 45
36 46
36 47
36 49
36 51
36 53
36 55
36 58
36 61
36 62
36 66
36 67
36 68
36 70
36 71
36 72
36 73
36 75
36 79
36 81
36 82
36 84
36 85
36 87
36 88
36 89
36 90
36 93
36 94
36 95
36 98
36 99
37 41
37 44
37 46
37 49
37 50
37 54
37 56
37 59
37 61
37 62
37 63
37 64
37 65
37 66
37 67
37 68
37 70
37 74
37 76
37 79
37 80
37 81
37 83
37 85
37 87
37 88
37 89
37 91
37 93
37 94
37 95
38 40
38 41
38 45
38 50
38 52
38 53
38 54
38 56
38 61
38 63
38 66
38 67
38 68
38 70
38 71
38 73
38 76
38 79
38 80
38 83
38 85
38 88
38 89
38 90
38 92
38 95
38 97
39 40
39 44
39 47
39 48
39 50
39 51
39 53
39 56
39 57
39 59
39 61
39 63
39 64
39 65
39 66
39 67
39 71
39 75
39 76
39 80
39 81
39 84
39 88
39 89
39 90
39 91
39 92
39 93
39 96
40 42
40 45
40 47
40 48
40 50
40 51
40 52
40 54
40 56
40 61
40 62
40 64
40 66
40 67
40 68
40 72
40 73
40 77
40 79
40 81
40 82
40 83
40 84
40 89
40 91
40 93
40 95
40 96
40 97
41 42
41 43
41 45
41 48
41 49
41 56
41 60
41 65
41 68
41 69
41 70
41 72
41 78
41 83
41 86
41 89
41 90
41 94
41 97
42 44
42 45
42 47
42 48
42 51
42 60
42 62
42 65
42 66
42 68
42 69
42 70
42 73
42 77
42 79
42 81
42 84
42 88
42 90
42 95
42 99
43 44
43 46
43 47
43 48
43 49
43 51
43 52
43 53
43 54
43 56
43 61
43 65
43 70
43 72
43 74
43 75
43 77
43 79
43 80
43 81
43 84
43 85
43 87
43 88
43 89
43 90
43 94
43 95
43 96
43 97
44 47
44 50
44 51
44 52
44 55
44 57
44 58
44 62
44 65
44 66
44 68
44 69
44 70
44 71
44 72
44 73
44 77
44 83
44 85
44 86
44 87
44 89
44 92
44 93
44 94
44 95
45 47
45 48
45 51
45 53
45 56
45 57
45 59
45 62
45 63
45 64
45 65
45 67
45 69
45 71
45 73
45 79
45 80
45 82
45 83
45 85
45 86
45 88
45 89
45 91
45 93
45 94
45 95
45 96
46 47
46 49
46 50
46 51
46 52
46 55
46 59
46 60
46 61
46 62
46 63
46 67
46 68
46 69
46 70
46 72
46 73
46 76
46 78
46 79
46 82
46 84
46 85
46 87
46 88
46 90
46 91
46 96
47 48
47 49
47 50
47 51
47 53
47 57
47 58
47 60
47 62
47 66
47 69
47 70
47 73
47 74
47 77
47 80
47 81
47 85
47 87
47 88
47 89
47 96
47 98
47 99
48 50
48 51
48 52
48 53
48 55
48 56
48 58
48 60
48 61
48 64
48 65
48 66
48 67
48 68
48 69
48 70
48 71
48 72
48 74
48 75
48 76
48 77
48 80
48 81
48 83
48 84
48 87
48 96
48 97
48 98
49 52
49 54
49 56
49 57
49 60
49 64
49 65
49 68
49 69
49 71
49 72
49 74
49 75
49 76
49 77
49 78
49 79
49 80
49 81
49 82
49 84
49 87
49 89
49 92
49 97
49 99
50 51
50 53
50 54
50 56
50 57
50 58
50 60
50 61
50 62
50 68
50 69
50 70
50 80
50 82
50 85
50 86
50 87
50 88
50 90
50 93
50 94
50 95
50 98
51 52
51 53
51 54
51 56
51 58
51 60
51 61
51 62
51 63
51 64
51 65
51 68
51 69
51 70
51 72
51 73
51 76
51 81
51 82
51 83
51 87
51 88
51 90
51 91
51 92
51 93
51 94
51 96
52 54
52 62
52 63
52 64
52 65
52 69
52 70
52 72
52 74
52 77
52 78
52 79
52 80
52 83
52 86
52 88
52 91
52 92
52 94
52 95
52 97
52 98
53 55
53 57
53 58
53 60
53 62
53 64
53 67
53 69
53 70
53 71
53 72
53 74
53 76
53 77
53 79
53 81
53 82
53 83
53 90
53 92
53 93
53 94
53 96
53 99
54 55
54 56
54 57
54 58
54 63
54 64
54 65
54 68
54 72
54 73
54 74
54 75
54 77
54 78
54 80
54 81
54 82
54 84
54 85
54 87
54 88
54 89
54 90
54 92
54 93
54 95
54 96
54 97
55 57
55 58
55 59
55 60
55 62
55 70
55 71
55 72
55 73
55 74
55 78
55 79
55 84
55 86
55 87
55 88
55 91
55 95
55 96
55 97
56 58
56 59
56 61
56 62
56 64
56 68
56 70
56 72
56 74
56 81
56 83
56 85
56 87
56 88
56 89
56 90
56 91
56 92
56 93
56 94
56 95
56 96
56 97
56 98
57 60
57 61
57 63
57 64
57 65
57 67
57 70
57 72
57 73
57 75
57 76
57 77
57 78
57 81
57 83
57 85
57 87
57 89
57 94
57 95
57 96
57 97
57 99
58 61
58 62
58 65
58 66
58 68
58 69
58 70
58 71
58 84
58 85
58 90
58 95
58 96
58 98
59 60
59 61
59 62
59 66
59 68
59 69
59 71
59 72
59 73
59 74
59 77
59 79
59 80
59 82
59 84
59 89
59 91
59 92
59 94
59 96
59 97
60 62
60 65
60 66
60 73
60 74
60 75
60 76
60 79
60 81
60 85
60 86
60 87
60 89
60 93
60 94
60 96
60 97
60 98
61 62
61 63
61 67
61 73
61 74
61 75
61 78
61 79
61 80
61 82
61 83
61 85
61 92
61 93
61 95
61 96
61 98
62 63
62 64
62 65
62 68
62 69
62 73
62 75
62 76
62 77
62 78
62 79
62 80
62 84
62 85
62 86
62 87
62 88
62 90
62 93
62 94
62 97
63 64
63 66
63 69
63 70
63 71
63 74
63 78
63 82
63 90
63 92
63 93
63 95
63 96
63 98
64 67
64 71
64 72
64 73
64 74
64 76
64 77
64 78
64 81
64 85
64 86
64 87
64 91
64 94
64 95
64 96
64 98
65 67
65 68
65 69
65 71
65 72
65 73
65 74
65 76
65 79
65 80
65 82
65 83
65 84
65 87
65 89
65 90
65 91
65 92
65 94
65 95
65 98
66 67
66 70
66 72
66 73
66 75
66 77
66 80
66 83
66 84
66 86
66 87
66 88
66 90
66 92
66 93
66 94
66 96
67 69
67 72
67 73
67 75
67 77
67 82
67 83
67 84
67 85
67 86
67 88
67 90
67 91
67 94
67 96
67 97
67 98
67 99
68 69
68 70
68 71
68 72
68 75
68 77
68 78
68 80
68 81
68 82
68 84
68 85
68 86
68 87
68 88
68 90
68 95
68 96
68 99
69 70
69 72
69 73
69 80
69 82
69 83
69 84
69 87
69 88
69 89
69 90
69 92
69 93
69 95
69 98
70 71
70 72
70 74
70 79
70 80
70 83
70 84
70 85
70 88
70 89
70 92
70 94
70 98
71 72
71 73
71 78
71 79
71 81
71 82
71 84
71 86
71 88
71 89
71 90
71 91
71 92
71 93
71 94
72 74
72 75
72 76
72 78
72 80
72 81
72 86
72 89
72 90
72 91
72 92
72 94
72 95
72 98
72 99
73 74
73 80
73 82
73 84
73 86
73 87
73 89
73 90
73 92
73 94
73 95
73 97
73 98
73 99
74 75
74 79
74 80
74 83
74 85
74 86
74 87
74 88
74 89
74 91
74 92
74 93
74 94
74 95
74 96
74 97
74 98
75 76
75 82
75 84
75 85
75 86
75 88
75 90
75 91
75 92
75 93
75 94
75 96
75 97
76 77
76 79
76 80
76 86
76 88
76 89
76 92
76 93
76 95
76 97
76 98
76 99
77 78
77 80
77 85
77 87
77 88
77 91
77 92
77 94
77 99
78 80
78 83
78 84
78 88
78 90
78 91
78 92
78 93
78 97
78 98
78 99
79 80
79 82
79 83
79 84
79 85
79 86
79 87
79 88
79 92
79 93
79 96
79 97
80 82
80 86
80 89
80 91
80 92
80 93
80 94
80 95
80 96
80 98
80 99
81 82
81 83
81 84
81 86
81 87
81 90
81 91
81 92
81 94
81 95
81 97
81 98
81 99
82 87
82 88
82 89
82 91
82 96
83 85
83 89
83 90
83 93
83 95
83 96
84 85
84 86
84 87
84 88
84 89
84 90
84 91
84 92
84 94
84 95
84 98
84 99
85 91
85 94
85 96
85 97
85 98
85 99
86 87
86 88
86 93
86 94
86 95
86 96
86 97
86 98
87 88
87 89
87 92
87 93
87 94
87 96
87 99
88 90
88 91
88 95
88 98
89 91
89 94
90 91
90 95
90 96
91 92
91 93
91 94
91 95
91 97
91 98
91 99
92 93
92 97
92 98
93 94
93 96
93 97
93 98
93 99
94 95
95 97
95 98
96 99
97 98
97 99
98 99
