0 4
0 5
0 6
0 7
0 9
0 10
0 12
0 15
0 16
0 18
0 21
0 22
0 23
0 24
0 25
0 30
0 31
0 32
0 33
0 34
0 35
0 37
0 38
0 40
0 41
0 48
0 49
0 53
0 55
0 56
0 57
0 58
0 59
0 61
0 62
0 63
0 64
0 67
0 70
0 74
0 76
0 78
0 80
0 83
0 85
0 86
0 87
0 91
0 93
0 95
1 2
1 3
1 5
1 6
1 8
1 10
1 11
1 14
1 15
1 16
1 17
1 19
1 21
1 29
1 32
1 33
1 36
1 40
1 43
1 44
1 46
1 51
1 52
1 53
1 54
1 57
1 59
1 60
1 65
1 67
1 70
1 71
1 72
1 74
1 75
1 76
1 77
1 78
1 82
1 84
1 85
1 88
1 89
1 90
1 92
1 94
1 97
1 99
2 5
2 7
2 8
2 9
2 10
2 12
2 14
2 15
2 17
2 18
2 25
2 26
2 28
2 29
2 31
2 32
2 34
2 35
2 36
2 39
2 41
2 49
2 50
2 52
2 54
2 55
2 56
2 58
2 60
2 63
2 64
2 66
2 69
2 70
2 72
2 75
2 79
2 81
2 87
2 88
2 90
2 91
2 96
2 98
3 5
3 6
3 9
3 12
3 13
3 16
3 17
3 18
3 19
3 20
3 22
3 25
3 26
3 29
3 30
3 31
3 32
3 33
3 38
3 39
3 41
3 42
3 50
3 51
3 52
3 55
3 56
3 58
3 61
3 62
3 65
3 67
3 68
3 69
3 70
3 72
3 74
3 75
3 76
3 79
3 81
3 86
3 90
3 91
3 95
3 97
4 6
4 12
4 14
4 15
4 16
4 17
4 18
4 22
4 23
4 24
4 26
4 29
4 34
4 36
4 43
4 46
4 47
4 48
4 49
4 50
4 51
4 53
4 54
4 55
4 58
4 59
4 60
4 61
4 62
4 64
4 65
4 66
4 69
4 72
4 75
4 76
4 78
4 79
4 81
4 82
4 84
4 85
4 86
4 95
4 98
4 99
5 9
5 15
5 17
5 18
5 19
5 24
5 25
5 26
5 28
5 29
5 34
5 35
5 37
5 38
5 40
5 41
5 43
5 44
5 45
5 47
5 49
5 50
5 51
5 52
5 56
5 61
5 63
5 64
5 68
5 69
5 70
5 74
5 75
5 79
5 82
5 84
5 85
5 86
5 90
5 92
5 94
5 96
5 98
6 8
6 11
6 13
6 14
6 17
6 19
6 22
6 25
6 26
6 28
6 29
6 31
6 32
6 34
6 38
6 40
6 42
6 43
6 46
6 47
6 49
6 50
6 52
6 53
6 57
6 61
6 62
6 63
6 64
6 65
6 68
6 74
6 75
6 84
6 85
6 89
6 90
6 91
6 92
6 93
6 96
6 97
6 98
7 8
7 9
7 11
7 12
7 13
7 15
7 20
7 23
7 24
7 26
7 27
7 28
7 31
7 32
7 35
7 36
7 40
7 42
7 43
7 44
7 45
7 50
7 59
7 60
7 61
7 62
7 64
7 66
7 67
7 68
7 69
7 70
7 72
7 75
7 82
7 83
7 85
7 87
7 88
7 90
7 91
7 92
7 93
7 96
7 98
8 9
8 11
8 12
8 13
8 15
8 16
8 18
8 22
8 23
8 24
8 27
8 30
8 32
8 33
8 34
8 37
8 41
8 48
8 49
8 50
8 51
8 52
8 53
8 57
8 59
8 60
8 62
8 64
8 65
8 67
8 68
8 72
8 73
8 77
8 80
8 81
8 83
8 84
8 85
8 86
8 88
8 90
8 91
8 94
8 95
8 97
8 98
9 11
9 12
9 13
9 14
9 16
9 20
9 24
9 26
9 27
9 28
9 31
9 35
9 36
9 37
9 38
9 39
9 40
9 42
9 44
9 47
9 48
9 49
9 52
9 53
9 55
9 57
9 58
9 61
9 62
9 64
9 68
9 70
9 71
9 73
9 74
9 75
9 76
9 78
9 79
9 82
9 86
9 87
9 88
9 89
9 90
9 92
9 95
9 97
9 98
10 11
10 14
10 15
10 16
10 17
10 18
10 19
10 20
10 22
10 23
10 31
10 33
10 34
10 36
10 42
10 43
10 46
10 48
10 50
10 52
10 53
10 56
10 60
10 63
10 65
10 66
10 67
10 72
10 74
10 77
10 79
10 80
10 82
10 86
10 89
10 90
10 95
10 97
11 12
11 13
11 18
11 21
11 24
11 27
11 29
11 34
11 35
11 36
11 37
11 38
11 39
11 40
11 41
11 42
11 44
11 46
11 47
11 49
11 51
11 54
11 56
11 59
11 61
11 65
11 66
11 68
11 69
11 73
11 75
11 76
11 79
11 82
11 85
11 86
11 89
11 90
11 97
12 13
12 15
12 16
12 17
12 18
12 19
12 23
12 27
12 30
12 31
12 32
12 35
12 36
12 37
12 38
12 39
12 41
12 42
12 43
12 46
12 47
12 49
12 50
12 51
12 52
12 54
12 55
12 56
12 57
12 58
12 59
12 62
12 64
12 65
12 70
12 72
12 73
12 76
12 78
12 79
12 82
12 85
12 86
12 93
12 94
12 95
12 97
12 99
13 14
13 17
13 20
13 21
13 22
13 23
13 26
13 27
13 28
13 29
13 30
13 31
13 32
13 41
13 42
13 45
13 46
13 47
13 50
13 54
13 59
13 60
13 64
13 66
13 69
13 70
13 72
13 75
13 76
13 79
13 80
13 81
13 83
13 85
13 86
13 89
13 91
13 93
13 94
13 95
13 97
13 98
14 15
14 16
14 20
14 21
14 23
14 25
14 29
14 32
14 33
14 34
14 35
14 37
14 39
14 42
14 44
14 45
14 48
14 54
14 57
14 61
14 63
14 68
14 70
14 74
14 75
14 76
14 77
14 78
14 80
14 83
14 88
14 89
14 90
14 91
14 92
14 93
14 96
14 99
15 19
15 21
15 30
15 32
15 33
15 40
15 49
15 50
15 54
15 58
15 60
15 62
15 66
15 67
15 68
15 69
15 70
15 71
15 72
15 73
15 76
15 77
15 79
15 80
15 81
15 84
15 86
15 87
15 89
15 91
15 92
15 94
15 95
15 97
16 17
16 19
16 21
16 22
16 23
16 28
16 30
16 31
16 32
16 36
16 39
16 40
16 41
16 43
16 44
16 46
16 47
16 48
16 50
16 54
16 56
16 57
16 58
16 60
16 61
16 63
16 64
16 65
16 66
16 68
16 72
16 74
16 76
16 77
16 78
16 79
16 80
16 82
16 83
16 86
16 87
16 88
16 89
16 92
16 93
16 94
16 96
16 97
16 99
17 19
17 21
17 23
17 26
17 27
17 28
17 29
17 32
17 33
17 34
17 36
17 39
17 40
17 43
17 45
17 54
17 57
17 59
17 60
17 61
17 62
17 63
17 64
17 66
17 67
17 69
17 72
17 78
17 80
17 84
17 86
17 89
17 90
17 91
17 92
17 94
17 99
18 20
18 23
18 24
18 26
18 29
18 30
18 32
18 33
18 37
18 38
18 42
18 43
18 50
18 51
18 53
18 54
18 55
18 56
18 60
18 63
18 64
18 65
18 66
18 68
18 69
18 73
18 77
18 81
18 82
18 84
18 85
18 89
18 90
18 91
18 93
18 94
18 95
18 97
18 98
19 20
19 23
19 25
19 26
19 27
19 30
19 33
19 35
19 38
19 39
19 40
19 44
19 45
19 46
19 47
19 49
19 50
19 54
19 55
19 57
19 58
19 59
19 62
19 63
19 65
19 67
19 69
19 72
19 73
19 75
19 78
19 79
19 81
19 82
19 84
19 87
19 88
19 89
19 90
19 92
19 93
19 94
19 95
19 97
19 98
19 99
20 22
20 23
20 25
20 26
20 27
20 29
20 31
20 32
20 33
20 36
20 43
20 46
20 48
20 50
20 51
20 52
20 54
20 55
20 57
20 58
20 61
20 64
20 65
20 67
20 68
20 81
20 86
20 87
20 89
20 92
20 94
20 98
20 99
21 31
21 33
21 34
21 36
21 38
21 39
21 41
21 42
21 43
21 49
21 51
21 53
21 55
21 56
21 57
21 58
21 63
21 65
21 66
21 69
21 70
21 72
21 75
21 84
21 92
21 93
21 99
22 24
22 25
22 28
22 32
22 34
22 36
22 37
22 40
22 41
22 42
22 43
22 45
22 48
22 49
22 50
22 53
22 55
22 56
22 57
22 61
22 63
22 64
22 65
22 66
22 67
22 69
22 70
22 71
22 72
22 73
22 74
22 75
22 78
22 79
22 80
22 82
22 85
22 86
22 88
22 92
22 94
22 98
22 99
23 25
23 27
23 28
23 34
23 36
23 38
23 39
23 41
23 42
23 46
23 48
23 49
23 52
23 54
23 59
23 61
23 62
23 63
23 64
23 67
23 68
23 71
23 72
23 75
23 76
23 77
23 78
23 79
23 80
23 82
23 84
23 87
23 93
23 97
23 98
24 25
24 26
24 29
24 30
24 32
24 33
24 34
24 36
24 38
24 43
24 48
24 50
24 51
24 52
24 53
24 56
24 57
24 59
24 62
24 66
24 71
24 72
24 73
24 74
24 76
24 78
24 80
24 84
24 85
24 87
24 88
24 92
24 94
24 97
24 98
25 27
25 29
25 33
25 36
25 38
25 39
25 40
25 42
25 45
25 46
25 48
25 49
25 54
25 60
25 61
25 62
25 63
25 66
25 67
25 68
25 69
25 70
25 72
25 73
25 75
25 77
25 78
25 80
25 81
25 82
25 83
25 85
25 87
25 88
25 90
25 93
25 94
25 95
25 96
25 97
25 98
25 99
26 28
26 30
26 33
26 38
26 39
26 40
26 41
26 44
26 46
26 47
26 48
26 52
26 53
26 56
26 57
26 60
26 61
26 62
26 63
26 64
26 65
26 67
26 68
26 69
26 71
26 73
26 75
26 78
26 79
26 80
26 81
26 85
26 87
26 88
26 91
26 92
26 94
27 29
27 30
27 31
27 32
27 36
27 41
27 42
27 45
27 46
27 47
27 48
27 49
27 50
27 51
27 61
27 64
27 65
27 66
27 70
27 71
27 72
27 73
27 74
27 76
27 79
27 81
27 82
27 84
27 87
27 90
27 91
27 94
27 96
27 98
27 99
28 29
28 30
28 31
28 32
28 34
28 40
28 41
28 42
28 45
28 46
28 47
28 48
28 49
28 52
28 56
28 58
28 60
28 61
28 62
28 63
28 64
28 66
28 67
28 68
28 69
28 70
28 71
28 72
28 75
28 76
28 78
28 81
28 84
28 86
28 88
28 89
28 92
28 93
28 94
28 96
28 97
28 98
28 99
29 32
29 33
29 34
29 37
29 40
29 41
29 42
29 43
29 50
29 51
29 53
29 56
29 57
29 60
29 61
29 63
29 64
29 65
29 69
29 70
29 71
29 74
29 76
29 77
29 79
29 81
29 84
29 85
29 86
29 87
29 88
29 89
29 90
29 94
29 95
29 96
29 97
29 98
29 99
30 32
30 34
30 37
30 38
30 40
30 41
30 42
30 44
30 45
30 50
30 53
30 54
30 55
30 56
30 57
30 58
30 61
30 62
30 63
30 64
30 65
30 66
30 67
30 68
30 71
30 72
30 73
30 74
30 76
30 82
30 84
30 85
30 87
30 88
30 89
30 90
30 93
30 97
30 99
31 34
31 35
31 38
31 39
31 42
31 43
31 45
31 46
31 48
31 52
31 54
31 55
31 60
31 61
31 62
31 64
31 67
31 69
31 70
31 73
31 74
31 75
31 78
31 79
31 81
31 83
31 86
31 90
31 94
31 95
31 97
32 33
32 34
32 35
32 37
32 38
32 39
32 40
32 41
32 44
32 45
32 47
32 48
32 49
32 50
32 51
32 52
32 53
32 54
32 55
32 57
32 59
32 60
32 62
32 63
32 69
32 70
32 72
32 73
32 74
32 75
32 77
32 79
32 81
32 82
32 83
32 85
32 86
32 87
32 89
32 91
32 94
32 97
33 35
33 36
33 37
33 38
33 39
33 43
33 44
33 45
33 46
33 48
33 49
33 50
33 51
33 54
33 55
33 56
33 58
33 61
33 62
33 63
33 64
33 65
33 66
33 69
33 73
33 75
33 78
33 79
33 81
33 84
33 85
33 86
33 88
33 90
33 96
33 97
33 99
34 37
34 38
34 46
34 47
34 48
34 49
34 51
34 53
34 54
34 56
34 59
34 63
34 64
34 68
34 71
34 72
34 73
34 74
34 76
34 77
34 78
34 82
34 83
34 84
34 89
34 91
34 93
34 94
34 95
34 97
34 99
35 36
35 38
35 39
35 41
35 42
35 43
35 44
35 46
35 47
35 48
35 52
35 53
35 55
35 56
35 59
35 61
35 62
35 64
35 66
35 67
35 68
35 70
35 74
35 75
35 76
35 77
35 78
35 84
35 85
35 86
35 88
35 89
35 92
35 93
35 94
35 95
35 96
35 97
35 98
36 38
36 40
36 42
36 43
36 44
36 45
36 46
36 47
36 49
36 50
36 55
36 57
36 59
36 60
36 61
36 62
36 63
36 64
36 69
36 70
36 71
36 72
36 73
36 74
36 75
36 80
36 82
36 83
36 85
36 87
36 89
36 92
36 94
36 97
36 99
37 38
37 41
37 44
37 45
37 47
37 48
37 49
37 53
37 54
37 55
37 59
37 68
37 69
37 70
37 72
37 73
37 75
37 76
37 81
37 82
37 87
37 88
37 89
37 93
37 96
37 99
38 39
38 43
38 44
38 46
38 47
38 54
38 55
38 57
38 59
38 60
38 69
38 72
38 73
38 74
38 75
38 76
38 77
38 78
38 82
38 84
38 86
38 92
38 95
38 99
39 41
39 42
39 43
39 47
39 48
39 51
39 52
39 54
39 56
39 64
39 66
39 68
39 69
39 72
39 73
39 77
39 78
39 79
39 81
39 82
39 83
39 84
39 86
39 87
39 89
39 90
39 91
39 92
39 95
39 96
39 98
40 41
40 42
40 43
40 46
40 47
40 48
40 53
40 58
40 59
40 61
40 65
40 66
40 67
40 68
40 72
40 76
40 79
40 80
40 82
40 87
40 90
40 93
40 95
40 97
40 99
41 45
41 46
41 49
41 50
41 51
41 55
41 56
41 57
41 58
41 61
41 63
41 64
41 66
41 67
41 68
41 70
41 72
41 75
41 77
41 80
41 81
41 82
41 83
41 84
41 85
41 87
41 89
41 93
41 98
42 44
42 45
42 47
42 48
42 49
42 51
42 52
42 54
42 58
42 59
42 60
42 61
42 62
42 63
42 64
42 65
42 67
42 69
42 70
42 76
42 78
42 80
42 81
42 83
42 84
42 87
42 90
42 92
42 94
42 95
42 96
42 97
42 98
43 46
43 48
43 50
43 53
43 54
43 56
43 57
43 58
43 59
43 61
43 62
43 65
43 66
43 67
43 69
43 70
43 72
43 74
43 75
43 76
43 77
43 78
43 79
43 80
43 81
43 82
43 83
43 84
43 85
43 87
43 89
43 91
43 92
43 94
43 95
43 97
43 98
44 45
44 47
44 48
44 52
44 54
44 56
44 59
44 60
44 62
44 64
44 66
44 68
44 69
44 72
44 73
44 75
44 76
44 78
44 80
44 82
44 83
44 85
44 87
44 89
44 90
44 92
44 93
44 95
44 97
44 99
45 47
45 48
45 50
45 51
45 54
45 55
45 56
45 60
45 62
45 63
45 64
45 66
45 67
45 71
45 72
45 74
45 75
45 76
45 79
45 83
45 84
45 87
45 89
45 90
45 93
45 94
45 97
45 99
46 47
46 48
46 49
46 52
46 60
46 61
46 63
46 65
46 67
46 71
46 72
46 74
46 78
46 82
46 83
46 84
46 86
46 87
46 88
46 89
46 90
46 91
46 92
46 94
47 50
47 51
47 52
47 55
47 59
47 60
47 62
47 63
47 64
47 65
47 66
47 68
47 69
47 72
47 76
47 77
47 78
47 79
47 80
47 82
47 87
47 89
47 90
47 93
47 95
47 96
47 97
47 98
48 50
48 51
48 52
48 54
48 55
48 59
48 61
48 63
48 64
48 66
48 67
48 69
48 70
48 72
48 79
48 81
48 83
48 84
48 85
48 90
48 92
48 93
48 94
48 95
48 96
49 50
49 51
49 52
49 55
49 58
49 60
49 61
49 64
49 65
49 66
49 68
49 71
49 73
49 74
49 75
49 76
49 81
49 82
49 84
49 86
49 87
49 88
49 90
49 91
49 94
49 95
49 96
49 98
50 51
50 52
50 54
50 57
50 59
50 64
50 65
50 66
50 69
50 71
50 74
50 75
50 76
50 78
50 81
50 83
50 87
50 91
50 92
50 95
50 98
51 54
51 56
51 59
51 60
51 61
51 63
51 65
51 66
51 67
51 70
51 73
51 74
51 75
51 77
51 78
51 79
51 80
51 81
51 82
51 84
51 85
51 88
51 89
51 90
51 93
51 94
51 95
51 97
51 98
52 53
52 56
52 57
52 58
52 60
52 61
52 62
52 64
52 65
52 66
52 67
52 68
52 74
52 76
52 77
52 78
52 79
52 81
52 82
52 83
52 84
52 85
52 86
52 87
52 90
52 91
52 93
52 95
52 96
52 98
52 99
53 54
53 55
53 57
53 58
53 60
53 64
53 66
53 68
53 70
53 72
53 75
53 81
53 89
53 96
53 97
53 98
54 56
54 58
54 59
54 60
54 62
54 66
54 67
54 68
54 69
54 71
54 73
54 74
54 77
54 78
54 81
54 83
54 84
54 86
54 87
54 90
54 91
54 92
54 93
54 94
54 95
54 97
54 98
55 56
55 57
55 58
55 60
55 64
55 65
55 70
55 72
55 73
55 76
55 78
55 79
55 83
55 84
55 85
55 87
55 88
55 89
55 90
55 91
55 98
56 59
56 60
56 63
56 67
56 69
56 72
56 75
56 79
56 80
56 81
56 82
56 83
56 86
56 91
56 92
56 93
56 96
56 98
56 99
57 59
57 61
57 62
57 63
57 64
57 65
57 66
57 69
57 71
57 73
57 75
57 77
57 82
57 88
57 91
57 94
57 95
57 99
58 59
58 61
58 62
58 64
58 65
58 70
58 71
58 73
58 74
58 79
58 82
58 84
58 89
58 90
58 92
58 94
58 95
58 96
58 99
59 60
59 62
59 63
59 65
59 66
59 68
59 70
59 72
59 75
59 77
59 78
59 80
59 82
59 83
59 84
59 86
59 87
59 90
59 91
59 93
59 95
59 97
59 98
60 61
60 62
60 69
60 70
60 71
60 74
60 75
60 76
60 77
60 80
60 84
60 85
60 86
60 87
60 88
60 91
60 94
61 62
61 63
61 66
61 68
61 72
61 75
61 80
61 81
61 83
61 85
61 86
61 89
61 90
61 92
61 93
61 95
61 96
61 97
61 98
62 63
62 64
62 67
62 68
62 71
62 73
62 76
62 80
62 81
62 82
62 83
62 84
62 85
62 86
62 87
62 89
62 91
62 93
62 94
62 97
63 71
63 72
63 73
63 80
63 82
63 85
63 86
63 87
63 88
63 89
63 90
63 93
63 97
64 66
64 67
64 68
64 70
64 72
64 73
64 74
64 75
64 76
64 78
64 79
64 80
64 81
64 82
64 84
64 85
64 86
64 87
64 88
64 89
64 91
64 92
64 96
64 98
65 66
65 71
65 73
65 74
65 76
65 78
65 79
65 82
65 83
65 84
65 85
65 86
65 87
65 88
65 89
65 90
65 93
65 94
65 95
65 96
65 99
66 67
66 68
66 71
66 73
66 74
66 75
66 76
66 78
66 79
66 80
66 81
66 86
66 89
66 90
66 92
66 93
66 94
66 95
66 96
66 97
66 98
66 99
67 69
67 70
67 71
67 73
67 74
67 75
67 76
67 79
67 80
67 83
67 84
67 85
67 88
67 89
67 91
67 92
67 95
67 96
67 98
68 69
68 70
68 71
68 74
68 75
68 76
68 77
68 84
68 87
68 89
68 90
68 91
68 95
68 99
69 70
69 71
69 75
69 76
69 78
69 79
69 81
69 82
69 83
69 84
69 85
69 87
69 88
69 90
69 94
69 98
70 71
70 72
70 78
70 79
70 81
70 82
70 84
70 89
70 91
70 92
70 93
70 94
70 97
70 98
70 99
71 72
71 73
71 75
71 80
71 87
71 89
71 90
71 92
71 93
71 95
71 96
71 98
71 99
72 73
72 76
72 78
72 79
72 85
72 89
72 91
72 92
72 94
72 95
72 96
72 97
73 75
73 76
73 77
73 78
73 83
73 86
73 87
73 90
73 91
73 95
73 96
73 98
74 75
74 77
74 78
74 82
74 84
74 85
74 87
74 88
74 89
74 90
74 91
74 92
74 96
74 97
74 99
75 76
75 79
75 80
75 84
75 86
75 87
75 88
75 89
75 90
75 91
75 95
76 77
76 79
76 81
76 83
76 84
76 85
76 87
76 88
76 89
76 91
76 94
76 95
76 96
76 97
77 78
77 81
77 82
77 85
77 89
77 93
77 94
77 95
77 96
77 97
77 98
78 79
78 80
78 81
78 84
78 85
78 86
78 87
78 88
78 89
78 91
78 94
78 96
78 97
79 81
79 83
79 84
79 85
79 87
79 88
79 92
79 95
79 96
79 99
80 84
80 86
80 87
80 91
80 92
80 95
80 97
80 98
80 99
81 83
81 86
81 89
81 91
81 92
81 93
81 95
81 96
81 98
81 99
82 86
82 87
82 88
82 89
82 90
82 91
82 92
82 97
82 98
82 99
83 85
83 87
83 88
83 89
83 90
83 93
83 96
83 97
83 98
84 85
84 87
84 96
84 97
84 99
85 86
85 88
85 89
85 91
85 92
85 93
85 95
85 96
86 88
86 90
86 91
86 96
86 97
86 98
87 88
87 90
87 93
87 94
87 95
87 97
87 99
88 90
88 91
88 94
88 97
88 98
88 99
89 91
89 92
89 93
89 95
89 96
89 98
90 91
90 92
90 93
90 95
90 96
90 97
91 94
91 95
91 97
92 93
92 94
92 95
92 96
93 94
93 98
93 99
94 95
94 97
95 97
