0 3
0 4
0 6
0 7
0 10
0 11
0 12
0 16
0 17
0 19
0 20
0 22
0 29
0 31
0 32
0 33
0 34
0 35
0 36
0 39
0 40
0 42
0 45
0 54
0 55
0 57
0 59
0 61
0 62
0 68
0 72
0 73
0 74
0 76
0 77
0 78
0 79
0 80
0 81
0 82
0 83
0 85
0 91
0 92
0 95
0 97
1 2
1 3
1 4
1 5
1 6
1 7
1 8
1 9
1 13
1 14
1 15
1 16
1 17
1 18
1 19
1 20
1 22
1 25
1 26
1 28
1 30
1 33
1 39
1 44
1 51
1 54
1 55
1 58
1 59
1 61
1 67
1 68
1 72
1 74
1 75
1 77
1 79
1 80
1 81
1 83
1 85
1 91
1 92
1 96
1 99
2 3
2 6
2 7
2 8
2 10
2 12
2 13
2 15
2 22
2 24
2 28
2 29
2 30
2 36
2 37
2 38
2 40
2 42
2 44
2 45
2 47
2 50
2 51
2 53
2 54
2 56
2 58
2 59
2 60
2 61
2 64
2 67
2 70
2 72
2 73
2 74
2 81
2 83
2 84
2 86
2 87
2 91
2 94
2 97
2 98
3 4
3 8
3 9
3 11
3 14
3 15
3 16
3 18
3 19
3 20
3 21
3 27
3 28
3 31
3 37
3 39
3 40
3 41
3 43
3 45
3 48
3 53
3 54
3 55
3 56
3 58
3 59
3 60
3 66
3 70
3 72
3 77
3 78
3 79
3 82
3 87
3 88
3 92
3 93
3 95
3 97
4 8
4 10
4 11
4 19
4 20
4 24
4 29
4 31
4 32
4 35
4 36
4 38
4 39
4 41
4 42
4 43
4 45
4 47
4 49
4 50
4 60
4 61
4 68
4 71
4 73
4 76
4 78
4 79
4 81
4 82
4 85
4 89
4 93
4 95
4 97
5 6
5 8
5 12
5 14
5 15
5 16
5 18
5 19
5 20
5 22
5 24
5 28
5 30
5 31
5 34
5 35
5 41
5 42
5 43
5 48
5 53
5 55
5 57
5 58
5 59
5 62
5 64
5 66
5 69
5 70
5 73
5 75
5 81
5 82
5 86
5 87
5 91
5 92
5 93
5 94
5 96
5 98
5 99
6 8
6 9
6 10
6 11
6 13
6 14
6 19
6 23
6 27
6 32
6 36
6 39
6 40
6 45
6 47
6 51
6 53
6 54
6 58
6 59
6 61
6 62
6 67
6 71
6 75
6 76
6 79
6 86
6 93
6 97
6 99
7 9
7 13
7 14
7 15
7 19
7 21
7 24
7 26
7 32
7 36
7 38
7 40
7 42
7 45
7 49
7 50
7 52
7 54
7 62
7 67
7 70
7 72
7 73
7 77
7 80
7 82
7 83
7 86
7 87
7 90
7 91
7 96
7 97
7 99
8 16
8 17
8 18
8 22
8 24
8 25
8 28
8 31
8 36
8 37
8 40
8 41
8 42
8 51
8 54
8 55
8 56
8 61
8 65
8 67
8 68
8 69
8 70
8 72
8 76
8 78
8 80
8 83
8 84
8 85
8 86
8 88
8 92
8 95
8 96
8 97
8 98
9 12
9 13
9 18
9 19
9 20
9 23
9 27
9 31
9 32
9 33
9 36
9 37
9 38
9 40
9 45
9 46
9 49
9 51
9 52
9 53
9 58
9 63
9 69
9 73
9 74
9 77
9 79
9 81
9 82
9 84
9 85
9 87
9 95
9 97
9 99
10 12
10 14
10 16
10 19
10 22
10 24
10 26
10 27
10 28
10 29
10 33
10 37
10 38
10 39
10 40
10 42
10 46
10 51
10 52
10 56
10 58
10 67
10 68
10 70
10 73
10 74
10 76
10 78
10 79
10 81
10 90
10 91
10 94
10 96
10 97
10 99
11 12
11 15
11 22
11 24
11 26
11 28
11 31
11 34
11 35
11 37
11 38
11 40
11 44
11 49
11 50
11 53
11 54
11 55
11 58
11 60
11 61
11 62
11 64
11 71
11 73
11 74
11 75
11 79
11 81
11 83
11 85
11 87
11 93
11 95
12 13
12 16
12 20
12 21
12 23
12 27
12 28
12 34
12 39
12 40
12 42
12 44
12 52
12 53
12 56
12 57
12 59
12 64
12 65
12 66
12 67
12 69
12 75
12 76
12 86
12 89
12 91
12 92
13 14
13 17
13 27
13 28
13 29
13 30
13 33
13 34
13 37
13 41
13 46
13 49
13 51
13 53
13 54
13 55
13 57
13 61
13 62
13 63
13 66
13 67
13 68
13 69
13 76
13 78
13 79
13 84
13 85
13 89
13 93
13 94
13 97
13 99
14 15
14 16
14 19
14 21
14 26
14 31
14 32
14 37
14 39
14 42
14 46
14 48
14 50
14 53
14 54
14 55
14 57
14 58
14 62
14 67
14 71
14 74
14 75
14 77
14 80
14 81
14 85
14 86
14 89
14 91
14 93
14 97
15 28
15 29
15 32
15 34
15 35
15 41
15 42
15 45
15 52
15 55
15 57
15 59
15 60
15 61
15 62
15 63
15 68
15 70
15 71
15 79
15 84
15 86
15 89
15 90
15 91
15 93
15 94
15 96
15 98
16 19
16 20
16 23
16 27
16 30
16 32
16 33
16 35
16 36
16 38
16 39
16 40
16 48
16 50
16 52
16 57
16 59
16 60
16 61
16 74
16 86
16 87
16 90
16 91
16 96
16 97
17 22
17 25
17 31
17 35
17 37
17 38
17 41
17 44
17 45
17 48
17 50
17 51
17 54
17 56
17 58
17 70
17 71
17 72
17 73
17 74
17 78
17 81
17 84
17 85
17 86
17 87
17 88
17 92
17 94
17 95
17 96
18 19
18 20
18 23
18 27
18 28
18 30
18 33
18 37
18 40
18 42
18 44
18 46
18 47
18 50
18 52
18 54
18 58
18 59
18 60
18 61
18 62
18 69
18 72
18 73
18 74
18 75
18 76
18 77
18 79
18 80
18 81
18 84
18 85
18 86
18 90
18 94
18 95
18 98
19 23
19 25
19 27
19 28
19 34
19 35
19 37
19 38
19 39
19 40
19 41
19 44
19 45
19 49
19 52
19 55
19 62
19 67
19 69
19 71
19 73
19 74
19 76
19 78
19 84
19 94
19 97
19 98
20 24
20 27
20 31
20 37
20 39
20 40
20 41
20 42
20 44
20 46
20 50
20 51
20 53
20 54
20 58
20 62
20 64
20 65
20 69
20 72
20 73
20 74
20 76
20 77
20 84
20 86
20 87
20 88
20 89
20 90
20 91
20 92
20 93
20 96
20 98
21 25
21 26
21 28
21 30
21 33
21 42
21 45
21 47
21 50
21 53
21 54
21 57
21 59
21 60
21 62
21 66
21 68
21 70
21 71
21 72
21 74
21 76
21 77
21 78
21 79
21 82
21 83
21 85
21 89
21 90
21 91
21 92
21 93
21 94
21 98
22 25
22 27
22 30
22 32
22 33
22 34
22 39
22 40
22 48
22 49
22 51
22 53
22 54
22 56
22 58
22 60
22 61
22 62
22 64
22 68
22 69
22 70
22 73
22 74
22 75
22 78
22 80
22 84
22 87
22 89
22 91
22 94
22 96
22 97
23 24
23 27
23 31
23 32
23 33
23 35
23 37
23 40
23 44
23 45
23 46
23 48
23 49
23 50
23 54
23 57
23 59
23 61
23 64
23 66
23 68
23 73
23 74
23 75
23 76
23 77
23 82
23 84
23 86
23 88
23 91
23 94
24 25
24 31
24 32
24 33
24 35
24 38
24 39
24 41
24 45
24 48
24 49
24 50
24 51
24 53
24 64
24 65
24 66
24 68
24 70
24 75
24 76
24 78
24 90
24 92
24 93
24 95
24 96
24 97
25 27
25 28
25 30
25 32
25 36
25 38
25 41
25 48
25 53
25 54
25 56
25 57
25 60
25 62
25 64
25 68
25 69
25 71
25 72
25 75
25 77
25 78
25 80
25 85
25 90
25 91
25 92
25 93
25 94
25 95
26 31
26 35
26 36
26 40
26 43
26 45
26 50
26 54
26 55
26 57
26 58
26 59
26 63
26 65
26 69
26 74
26 78
26 79
26 80
26 83
26 86
26 87
26 91
26 93
26 94
26 99
27 29
27 31
27 32
27 34
27 37
27 39
27 41
27 45
27 47
27 49
27 50
27 51
27 52
27 59
27 60
27 61
27 62
27 65
27 66
27 70
27 71
27 72
27 73
27 74
27 77
27 79
27 80
27 85
27 87
27 88
27 92
27 95
27 97
27 98
28 35
28 38
28 40
28 42
28 45
28 46
28 51
28 52
28 54
28 55
28 58
28 61
28 66
28 69
28 70
28 71
28 72
28 73
28 75
28 78
28 79
28 80
28 81
28 84
28 87
28 97
28 98
29 30
29 32
29 33
29 35
29 37
29 39
29 40
29 43
29 44
29 48
29 55
29 60
29 61
29 63
29 64
29 68
29 71
29 72
29 74
29 76
29 78
29 81
29 84
29 86
29 92
29 93
30 31
30 32
30 33
30 34
30 38
30 40
30 45
30 46
30 47
30 50
30 54
30 55
30 59
30 60
30 62
30 65
30 66
30 72
30 73
30 75
30 77
30 83
30 84
30 85
30 86
30 91
30 93
30 94
30 98
31 34
31 37
31 40
31 42
31 43
31 48
31 52
31 54
31 57
31 58
31 60
31 65
31 71
31 72
31 77
31 79
31 81
31 83
31 85
31 86
31 89
31 94
32 33
32 40
32 41
32 42
32 49
32 51
32 52
32 55
32 60
32 61
32 62
32 64
32 65
32 66
32 67
32 68
32 72
32 73
32 74
32 77
32 88
32 95
32 96
32 99
33 35
33 36
33 37
33 39
33 42
33 43
33 45
33 46
33 49
33 51
33 54
33 56
33 57
33 67
33 69
33 70
33 71
33 73
33 74
33 75
33 76
33 78
33 80
33 86
33 93
33 96
33 99
34 37
34 38
34 39
34 41
34 42
34 43
34 44
34 47
34 51
34 53
34 54
34 55
34 56
34 57
34 61
34 66
34 68
34 70
34 72
34 73
34 74
34 76
34 77
34 78
34 86
34 88
34 89
34 90
34 91
34 94
34 96
35 36
35 38
35 44
35 45
35 47
35 48
35 49
35 52
35 53
35 60
35 62
35 63
35 65
35 66
35 67
35 70
35 77
35 78
35 79
35 81
35 84
35 86
35 87
35 89
35 90
35 91
35 97
35 99
36 38
36 40
36 41
36 48
36 49
36 50
36 52
36 57
36 61
36 65
36 74
36 77
36 79
36 83
36 86
36 87
36 88
36 89
36 97
36 99
37 38
37 40
37 42
37 43
37 45
37 46
37 47
37 50
37 55
37 57
37 64
37 74
37 76
37 77
37 78
37 79
37 80
37 82
37 83
37 84
37 88
37 89
37 90
37 91
37 95
37 98
38 44
38 46
38 47
38 49
38 52
38 58
38 61
38 65
38 66
38 67
38 68
38 69
38 70
38 72
38 75
38 76
38 80
38 83
38 84
38 86
38 87
38 89
38 91
38 93
38 99
39 40
39 41
39 43
39 44
39 50
39 51
39 54
39 56
39 61
39 62
39 70
39 71
39 76
39 79
39 80
39 81
39 83
39 85
39 87
39 89
39 94
39 98
40 41
40 44
40 45
40 50
40 59
40 63
40 68
40 71
40 72
40 73
40 74
40 80
40 83
40 84
40 89
40 90
40 93
40 94
40 96
41 52
41 53
41 56
41 57
41 59
41 60
41 63
41 64
41 65
41 66
41 67
41 68
41 71
41 72
41 73
41 76
41 77
41 79
41 80
41 81
41 84
41 85
41 87
41 89
41 92
41 94
41 95
41 96
41 98
41 99
42 44
42 45
42 48
42 51
42 52
42 54
42 55
42 56
42 58
42 60
42 61
42 62
42 65
42 66
42 69
42 70
42 72
42 74
42 76
42 80
42 86
42 88
42 89
42 96
42 97
42 98
42 99
43 49
43 50
43 51
43 52
43 53
43 54
43 58
43 65
43 71
43 74
43 77
43 78
43 79
43 81
43 88
43 90
43 92
43 94
43 97
44 45
44 46
44 48
44 49
44 56
44 58
44 65
44 68
44 71
44 72
44 76
44 79
44 81
44 82
44 83
44 90
44 91
44 93
44 94
44 95
44 96
45 47
45 51
45 52
45 55
45 58
45 60
45 62
45 63
45 66
45 76
45 80
45 84
45 85
45 86
45 88
45 94
45 97
45 98
45 99
46 48
46 49
46 50
46 52
46 53
46 54
46 59
46 60
46 61
46 62
46 65
46 67
46 68
46 70
46 73
46 75
46 77
46 79
46 80
46 83
46 87
46 88
46 92
47 49
47 50
47 51
47 53
47 54
47 55
47 58
47 59
47 60
47 62
47 64
47 71
47 72
47 77
47 78
47 81
47 84
47 85
47 86
47 87
47 92
47 94
47 99
48 49
48 51
48 59
48 61
48 62
48 66
48 67
48 68
48 70
48 72
48 75
48 79
48 81
48 83
48 90
48 91
48 92
48 94
48 95
48 96
49 50
49 52
49 53
49 56
49 58
49 62
49 63
49 66
49 70
49 78
49 80
49 81
49 83
49 84
49 85
49 88
49 89
49 90
49 91
49 93
49 96
50 51
50 53
50 59
50 60
50 61
50 66
50 72
50 73
50 77
50 90
50 94
50 96
51 55
51 57
51 58
51 60
51 64
51 66
51 68
51 74
51 75
51 76
51 79
51 80
51 82
51 87
51 88
51 90
51 91
51 94
51 95
51 97
52 53
52 54
52 56
52 59
52 61
52 64
52 65
52 67
52 71
52 72
52 73
52 74
52 75
52 77
52 78
52 81
52 90
52 93
52 96
52 97
52 98
53 54
53 56
53 57
53 58
53 62
53 64
53 67
53 68
53 72
53 74
53 76
53 77
53 79
53 89
53 90
53 94
53 95
53 96
54 58
54 60
54 62
54 67
54 69
54 70
54 71
54 72
54 74
54 78
54 79
54 80
54 81
54 82
54 83
54 90
54 91
54 92
54 94
54 95
54 97
54 98
54 99
55 58
55 59
55 62
55 68
55 73
55 76
55 80
55 83
55 84
55 89
55 92
55 93
55 97
55 98
55 99
56 58
56 63
56 65
56 70
56 72
56 74
56 77
56 78
56 79
56 81
56 89
56 90
56 91
56 96
57 58
57 59
57 60
57 61
57 64
57 71
57 73
57 75
57 76
57 77
57 79
57 82
57 83
57 84
57 85
57 87
57 90
57 92
57 94
57 97
58 59
58 63
58 65
58 66
58 67
58 69
58 71
58 74
58 79
58 81
58 84
58 86
58 88
58 89
58 93
59 62
59 68
59 69
59 73
59 78
59 79
59 80
59 85
59 86
59 87
59 89
59 93
59 95
60 62
60 63
60 65
60 66
60 68
60 70
60 73
60 76
60 80
60 81
60 83
60 86
60 90
60 92
60 96
60 97
60 98
61 64
61 65
61 68
61 71
61 72
61 74
61 78
61 81
61 84
61 85
61 87
61 91
61 92
61 95
61 98
62 63
62 65
62 69
62 75
62 82
62 87
62 93
62 97
63 64
63 65
63 66
63 70
63 71
63 72
63 74
63 78
63 80
63 83
63 84
63 86
63 88
63 89
63 93
63 96
63 97
63 99
64 68
64 71
64 76
64 77
64 81
64 84
64 86
64 87
64 91
64 93
64 95
64 96
65 70
65 78
65 79
65 88
65 91
65 92
65 93
65 94
65 95
65 97
65 98
65 99
66 67
66 69
66 72
66 75
66 78
66 83
66 84
66 85
66 87
66 89
66 90
66 95
66 98
67 72
67 75
67 78
67 80
67 82
67 85
67 87
67 92
67 93
67 94
67 96
67 97
67 98
67 99
68 70
68 73
68 74
68 75
68 76
68 77
68 79
68 81
68 86
68 88
68 98
68 99
69 70
69 77
69 79
69 81
69 82
69 86
69 96
69 98
69 99
70 71
70 74
70 76
70 77
70 79
70 80
70 81
70 82
70 84
70 85
70 87
70 88
70 90
70 92
70 93
70 95
70 96
70 98
70 99
71 72
71 79
71 81
71 82
71 84
71 85
71 91
71 92
71 93
71 96
71 97
72 75
72 79
72 87
72 88
72 95
72 96
72 99
73 75
73 76
73 77
73 80
73 81
73 84
73 85
73 88
73 93
73 96
73 97
73 98
73 99
74 80
74 84
74 85
74 86
74 88
74 90
74 93
74 94
74 95
74 96
75 77
75 80
75 85
75 87
75 88
75 89
75 91
76 79
76 80
76 82
76 83
76 85
76 88
76 89
76 90
76 93
76 95
76 99
77 80
77 81
77 85
77 90
77 91
77 98
78 82
78 84
78 85
78 91
78 95
78 97
78 99
79 81
79 84
79 86
79 87
79 89
79 90
79 93
79 94
80 81
80 82
80 83
80 85
80 90
80 92
80 94
80 96
80 98
81 83
81 84
81 85
81 86
81 87
81 89
81 90
81 91
81 99
82 85
82 86
82 95
82 98
83 84
83 86
83 87
83 89
84 87
84 88
84 92
84 93
84 97
85 88
85 89
85 91
85 93
85 94
85 96
86 89
86 91
86 92
86 93
86 95
86 97
87 88
87 89
87 90
87 91
87 95
87 96
87 98
88 90
88 98
89 91
89 92
89 94
89 95
89 97
89 99
90 91
90 92
90 93
90 97
90 98
90 99
91 92
91 94
91 96
91 97
91 99
92 94
92 96
92 97
92 99
93 94
93 95
93 96
93 99
94 95
95 96
96 98
98 99
