0 3
0 7
0 8
0 14
0 15
0 16
0 18
0 19
0 22
0 24
0 28
0 31
0 33
0 34
0 36
0 37
0 38
0 39
0 44
0 45
0 46
0 51
0 53
0 54
0 58
0 60
0 63
0 65
0 66
0 69
0 71
0 72
0 73
0 77
0 78
0 84
0 86
0 88
0 94
1 2
1 5
1 6
1 7
1 10
1 14
1 15
1 16
1 20
1 25
1 29
1 30
1 31
1 32
1 35
1 37
1 44
1 46
1 50
1 53
1 56
1 57
1 61
1 62
1 67
1 70
1 72
1 77
1 79
1 81
1 82
1 87
1 88
1 89
1 92
1 93
1 96
1 98
2 3
2 7
2 10
2 12
2 14
2 16
2 17
2 21
2 22
2 24
2 27
2 28
2 29
2 33
2 36
2 37
2 38
2 42
2 44
2 50
2 52
2 53
2 54
2 55
2 58
2 59
2 60
2 61
2 63
2 70
2 71
2 74
2 77
2 79
2 80
2 82
2 84
2 88
2 90
2 92
2 95
2 96
2 97
2 99
3 11
3 13
3 14
3 16
3 18
3 20
3 27
3 28
3 36
3 40
3 44
3 47
3 51
3 54
3 62
3 63
3 66
3 67
3 68
3 70
3 71
3 72
3 73
3 77
3 79
3 81
3 84
3 85
3 86
3 87
3 93
3 95
3 98
4 11
4 14
4 15
4 16
4 19
4 22
4 25
4 26
4 27
4 31
4 33
4 35
4 38
4 41
4 42
4 43
4 47
4 54
4 56
4 59
4 62
4 65
4 69
4 70
4 71
4 72
4 74
4 77
4 78
4 80
4 83
4 85
4 87
4 91
5 9
5 10
5 14
5 15
5 16
5 17
5 18
5 20
5 21
5 25
5 28
5 29
5 33
5 34
5 35
5 36
5 37
5 39
5 40
5 42
5 45
5 46
5 47
5 48
5 50
5 51
5 52
5 53
5 59
5 60
5 62
5 65
5 72
5 73
5 76
5 77
5 78
5 79
5 81
5 83
5 85
5 87
5 90
5 93
5 94
5 95
5 99
6 7
6 8
6 9
6 11
6 12
6 15
6 17
6 20
6 23
6 24
6 26
6 30
6 32
6 35
6 36
6 42
6 44
6 47
6 52
6 59
6 62
6 64
6 68
6 69
6 70
6 71
6 73
6 74
6 77
6 82
6 84
6 87
6 89
6 93
6 94
6 95
6 96
6 98
7 11
7 13
7 14
7 25
7 29
7 34
7 35
7 40
7 41
7 43
7 46
7 48
7 49
7 50
7 53
7 56
7 63
7 64
7 67
7 71
7 72
7 76
7 77
7 84
7 85
7 86
7 89
7 91
8 10
8 12
8 14
8 16
8 19
8 20
8 25
8 26
8 27
8 29
8 32
8 33
8 35
8 36
8 38
8 39
8 40
8 41
8 42
8 45
8 46
8 50
8 52
8 54
8 55
8 56
8 63
8 64
8 68
8 69
8 70
8 71
8 75
8 78
8 79
8 80
8 81
8 87
8 89
8 97
9 11
9 13
9 14
9 16
9 19
9 22
9 24
9 25
9 28
9 30
9 32
9 37
9 38
9 41
9 42
9 44
9 45
9 46
9 48
9 50
9 51
9 53
9 54
9 56
9 61
9 62
9 64
9 66
9 70
9 73
9 75
9 78
9 79
9 81
9 89
9 94
9 97
9 98
10 12
10 13
10 18
10 19
10 20
10 21
10 22
10 24
10 25
10 29
10 30
10 35
10 36
10 39
10 42
10 49
10 50
10 51
10 53
10 54
10 55
10 56
10 59
10 60
10 63
10 64
10 68
10 69
10 71
10 75
10 76
10 78
10 81
10 85
10 88
10 89
10 96
11 12
11 13
11 15
11 20
11 22
11 26
11 33
11 37
11 40
11 42
11 47
11 48
11 51
11 52
11 54
11 55
11 61
11 62
11 65
11 67
11 68
11 69
11 70
11 74
11 75
11 76
11 82
11 83
11 86
11 87
11 89
11 91
11 92
11 94
11 95
12 18
12 20
12 22
12 23
12 26
12 28
12 31
12 33
12 36
12 37
12 38
12 39
12 40
12 46
12 48
12 49
12 51
12 52
12 53
12 56
12 57
12 58
12 61
12 62
12 63
12 65
12 69
12 72
12 73
12 74
12 83
12 84
12 87
12 89
12 94
12 98
13 14
13 18
13 20
13 30
13 31
13 34
13 36
13 38
13 40
13 41
13 43
13 46
13 47
13 49
13 50
13 51
13 57
13 60
13 64
13 66
13 68
13 75
13 78
13 85
13 89
13 90
13 91
13 93
13 94
13 97
13 99
14 15
14 19
14 23
14 26
14 33
14 37
14 39
14 40
14 42
14 48
14 50
14 56
14 60
14 61
14 62
14 65
14 66
14 67
14 68
14 70
14 74
14 75
14 76
14 79
14 80
14 85
14 89
14 91
14 92
14 93
14 96
15 18
15 29
15 30
15 32
15 36
15 37
15 39
15 40
15 47
15 49
15 50
15 53
15 54
15 56
15 57
15 60
15 62
15 64
15 65
15 66
15 67
15 68
15 71
15 74
15 76
15 77
15 79
15 81
15 82
15 84
15 85
15 86
15 87
15 88
15 90
15 91
15 93
15 94
15 95
15 98
15 99
16 20
16 23
16 24
16 25
16 29
16 32
16 33
16 34
16 36
16 37
16 39
16 41
16 44
16 48
16 50
16 51
16 54
16 56
16 57
16 60
16 61
16 64
16 74
16 77
16 80
16 83
16 86
16 87
16 88
16 90
16 92
16 94
16 97
16 99
17 18
17 20
17 29
17 32
17 37
17 42
17 49
17 52
17 56
17 59
17 60
17 64
17 69
17 73
17 74
17 76
17 79
17 80
17 85
17 88
17 89
17 91
17 94
18 20
18 21
18 23
18 25
18 26
18 27
18 34
18 39
18 41
18 42
18 43
18 44
18 49
18 53
18 55
18 58
18 59
18 60
18 64
18 65
18 68
18 72
18 73
18 82
18 84
18 88
18 92
18 94
18 96
18 98
19 22
19 24
19 26
19 28
19 30
19 32
19 36
19 39
19 41
19 42
19 44
19 45
19 47
19 50
19 51
19 55
19 57
19 60
19 63
19 64
19 66
19 73
19 74
19 79
19 80
19 83
19 86
19 87
19 88
19 89
19 90
19 92
19 93
19 94
19 96
19 97
19 98
20 22
20 23
20 28
20 31
20 34
20 36
20 39
20 41
20 48
20 50
20 51
20 53
20 54
20 55
20 58
20 59
20 61
20 64
20 65
20 72
20 75
20 76
20 77
20 78
20 80
20 81
20 85
20 86
20 88
20 90
20 92
20 93
20 94
20 96
20 99
21 24
21 30
21 33
21 34
21 35
21 38
21 41
21 43
21 45
21 49
21 51
21 54
21 55
21 64
21 68
21 75
21 76
21 84
21 85
21 89
21 91
21 99
22 24
22 25
22 30
22 31
22 38
22 39
22 43
22 44
22 45
22 47
22 49
22 51
22 63
22 70
22 72
22 73
22 77
22 78
22 86
22 88
22 91
22 92
22 94
22 96
22 98
22 99
23 24
23 26
23 31
23 32
23 33
23 37
23 38
23 40
23 42
23 43
23 45
23 47
23 50
23 56
23 57
23 60
23 64
23 70
23 71
23 73
23 75
23 76
23 77
23 78
23 79
23 82
23 85
23 88
23 90
23 91
23 94
23 95
23 98
24 26
24 27
24 31
24 34
24 36
24 39
24 44
24 46
24 47
24 48
24 52
24 53
24 55
24 57
24 60
24 67
24 73
24 77
24 78
24 80
24 81
24 84
24 89
24 95
24 96
24 98
25 34
25 36
25 37
25 39
25 40
25 41
25 45
25 50
25 53
25 62
25 64
25 65
25 66
25 67
25 70
25 72
25 77
25 80
25 81
25 88
25 89
25 91
25 93
25 94
25 99
26 28
26 31
26 33
26 37
26 38
26 39
26 47
26 48
26 49
26 55
26 56
26 60
26 61
26 62
26 66
26 67
26 68
26 70
26 76
26 79
26 80
26 83
26 89
26 94
27 28
27 31
27 33
27 35
27 36
27 37
27 38
27 42
27 49
27 52
27 58
27 61
27 64
27 65
27 68
27 70
27 77
27 79
27 80
27 82
27 84
27 85
27 86
27 87
27 89
27 90
27 93
27 96
27 97
28 32
28 33
28 34
28 36
28 42
28 43
28 48
28 49
28 50
28 52
28 53
28 54
28 56
28 61
28 65
28 66
28 70
28 72
28 73
28 74
28 75
28 76
28 78
28 82
28 86
28 87
28 89
28 90
28 92
28 93
28 94
28 95
28 97
28 98
28 99
29 33
29 35
29 36
29 37
29 38
29 39
29 40
29 41
29 43
29 44
29 45
29 46
29 48
29 54
29 55
29 56
29 58
29 59
29 62
29 64
29 68
29 71
29 73
29 75
29 79
29 87
29 88
29 89
29 90
29 91
29 92
29 93
29 94
29 98
30 36
30 38
30 40
30 41
30 42
30 44
30 49
30 51
30 53
30 54
30 56
30 62
30 63
30 64
30 66
30 67
30 69
30 72
30 74
30 75
30 76
30 77
30 78
30 79
30 82
30 85
30 88
30 89
30 90
30 93
30 95
30 97
30 98
31 38
31 41
31 43
31 46
31 47
31 53
31 54
31 55
31 56
31 60
31 61
31 64
31 66
31 67
31 68
31 69
31 70
31 73
31 74
31 75
31 78
31 79
31 81
31 83
31 85
31 86
31 88
31 94
31 96
32 37
32 41
32 45
32 47
32 48
32 49
32 51
32 53
32 54
32 58
32 59
32 60
32 63
32 64
32 68
32 69
32 72
32 73
32 74
32 77
32 78
32 79
32 81
32 82
32 85
32 87
32 88
32 94
32 96
32 98
32 99
33 34
33 35
33 37
33 38
33 49
33 51
33 53
33 54
33 55
33 59
33 62
33 64
33 70
33 71
33 75
33 76
33 77
33 79
33 81
33 82
33 88
33 89
33 90
33 92
33 93
33 94
33 97
33 98
34 35
34 37
34 40
34 42
34 44
34 46
34 47
34 52
34 53
34 56
34 57
34 59
34 61
34 63
34 67
34 68
34 69
34 72
34 78
34 79
34 82
34 83
34 84
34 85
34 89
34 91
35 38
35 41
35 44
35 47
35 48
35 49
35 50
35 51
35 53
35 54
35 56
35 58
35 62
35 72
35 76
35 78
35 80
35 86
35 87
35 91
35 92
35 95
35 96
35 98
35 99
36 41
36 44
36 50
36 53
36 55
36 57
36 60
36 61
36 63
36 65
36 71
36 72
36 73
36 75
36 76
36 78
36 80
36 90
36 91
36 92
36 93
36 99
37 38
37 39
37 41
37 45
37 46
37 57
37 62
37 64
37 65
37 73
37 74
37 75
37 77
37 79
37 85
37 87
37 90
37 97
38 41
38 44
38 48
38 49
38 50
38 51
38 53
38 54
38 56
38 57
38 62
38 64
38 66
38 72
38 73
38 76
38 81
38 84
38 90
38 91
38 92
38 97
38 98
39 41
39 42
39 43
39 44
39 54
39 55
39 58
39 61
39 64
39 65
39 72
39 73
39 77
39 79
39 80
39 83
39 85
39 86
39 87
39 89
39 93
39 95
39 98
40 41
40 43
40 47
40 49
40 52
40 54
40 55
40 57
40 59
40 62
40 63
40 69
40 70
40 73
40 77
40 81
40 82
40 85
40 90
40 95
40 97
40 99
41 50
41 56
41 59
41 65
41 66
41 69
41 70
41 75
41 77
41 81
41 83
41 84
41 86
41 87
41 88
41 93
41 96
41 97
42 51
42 55
42 57
42 61
42 63
42 65
42 68
42 69
42 70
42 71
42 73
42 76
42 77
42 78
42 82
42 83
42 85
42 90
42 91
42 92
42 93
42 94
42 96
42 97
42 98
42 99
43 45
43 46
43 48
43 49
43 50
43 51
43 52
43 55
43 56
43 57
43 62
43 67
43 69
43 74
43 76
43 78
43 79
43 80
43 83
43 84
43 85
43 87
43 96
43 97
43 99
44 45
44 50
44 51
44 56
44 59
44 61
44 63
44 65
44 66
44 67
44 69
44 70
44 71
44 73
44 77
44 84
44 88
44 91
44 93
44 94
44 95
44 97
44 98
44 99
45 46
45 48
45 51
45 52
45 53
45 54
45 57
45 58
45 59
45 61
45 62
45 71
45 72
45 74
45 75
45 84
45 88
45 90
45 92
45 98
46 53
46 59
46 62
46 63
46 64
46 66
46 69
46 73
46 74
46 75
46 77
46 78
46 79
46 81
46 82
46 85
46 86
46 90
46 92
46 93
46 94
46 96
46 99
47 51
47 52
47 55
47 59
47 61
47 67
47 72
47 75
47 78
47 79
47 80
47 81
47 85
47 86
47 90
47 97
47 99
48 51
48 55
48 56
48 62
48 65
48 66
48 68
48 69
48 71
48 72
48 73
48 74
48 77
48 86
48 87
48 89
48 90
48 93
48 96
49 50
49 51
49 52
49 53
49 57
49 58
49 63
49 64
49 71
49 72
49 73
49 75
49 76
49 78
49 80
49 83
49 86
49 88
49 89
49 91
49 96
49 98
49 99
50 52
50 58
50 59
50 63
50 65
50 69
50 70
50 77
50 78
50 79
50 81
50 84
50 85
50 87
50 88
50 90
50 92
50 96
50 98
50 99
51 53
51 54
51 55
51 61
51 62
51 63
51 68
51 71
51 72
51 73
51 74
51 77
51 80
51 82
51 83
51 85
51 86
51 87
51 88
51 89
52 56
52 57
52 58
52 59
52 60
52 62
52 65
52 66
52 73
52 79
52 82
52 83
52 93
52 97
52 98
53 56
53 58
53 59
53 60
53 63
53 64
53 69
53 70
53 71
53 72
53 73
53 81
53 82
53 83
53 86
53 87
53 91
53 92
53 93
53 94
53 98
54 57
54 59
54 61
54 62
54 65
54 66
54 69
54 70
54 72
54 73
54 74
54 75
54 78
54 81
54 88
54 96
54 97
54 98
55 56
55 57
55 65
55 66
55 67
55 68
55 73
55 75
55 82
55 86
55 90
55 91
55 97
55 98
56 57
56 58
56 59
56 60
56 66
56 68
56 69
56 71
56 76
56 77
56 80
56 81
56 87
56 88
56 91
56 94
56 97
56 98
57 70
57 74
57 81
57 83
57 87
57 91
57 92
57 94
57 97
58 59
58 63
58 64
58 65
58 67
58 68
58 71
58 72
58 74
58 76
58 78
58 82
58 83
58 86
58 87
58 91
58 96
59 61
59 65
59 66
59 71
59 72
59 76
59 77
59 81
59 82
59 84
59 86
59 87
59 89
59 91
59 94
59 97
59 98
60 63
60 64
60 67
60 68
60 69
60 75
60 77
60 85
60 86
60 89
60 92
60 94
60 99
61 62
61 65
61 66
61 67
61 68
61 69
61 70
61 71
61 75
61 76
61 80
61 84
61 85
61 87
61 88
61 91
61 97
62 64
62 72
62 75
62 76
62 85
62 88
62 89
62 93
62 98
63 64
63 67
63 68
63 69
63 74
63 77
63 83
63 85
63 86
63 89
63 92
63 95
64 65
64 66
64 72
64 73
64 75
64 77
64 88
64 89
64 91
64 94
64 96
64 98
65 67
65 69
65 70
65 72
65 78
65 79
65 80
65 81
65 83
65 84
65 89
65 90
65 91
65 93
65 95
65 96
65 98
66 73
66 76
66 78
66 79
66 82
66 83
66 84
66 85
66 87
66 88
66 96
67 70
67 76
67 77
67 83
67 86
67 87
67 88
67 89
67 92
67 93
67 94
67 95
68 73
68 74
68 77
68 84
68 86
68 87
68 88
68 90
68 95
68 96
68 98
68 99
69 71
69 74
69 76
69 78
69 79
69 81
69 83
69 84
69 86
69 87
69 89
69 90
69 94
69 97
69 98
69 99
70 71
70 72
70 74
70 77
70 83
70 86
70 88
70 92
70 94
70 98
71 72
71 73
71 74
71 75
71 76
71 78
71 80
71 83
71 89
71 93
71 95
71 96
71 99
72 75
72 79
72 80
72 81
72 82
72 83
72 85
72 89
72 90
72 94
73 76
73 77
73 78
73 79
73 80
73 81
73 83
73 84
73 86
73 88
73 89
73 91
73 93
73 96
73 97
73 98
74 76
74 84
74 87
74 89
74 91
74 92
74 94
74 96
75 77
75 80
75 83
75 85
75 86
75 88
75 89
75 94
75 95
75 96
75 98
75 99
76 84
76 88
76 90
76 91
76 93
76 94
76 95
76 96
77 79
77 80
77 82
77 86
77 87
77 89
77 90
77 93
77 94
77 96
77 98
78 79
78 81
78 84
78 87
78 92
78 98
79 80
79 82
79 84
79 92
79 97
79 98
80 86
80 89
80 94
80 98
80 99
81 83
81 84
81 86
81 87
81 88
81 89
81 91
81 93
81 99
82 87
82 91
82 94
82 99
83 90
83 95
83 96
84 85
84 86
84 87
84 90
84 99
85 87
85 88
85 90
85 92
85 93
85 94
86 87
86 91
86 93
86 96
86 98
87 89
87 94
87 96
87 98
87 99
88 89
88 93
88 95
88 96
88 97
89 90
89 92
89 94
89 96
90 91
90 92
90 94
90 95
90 96
90 99
91 92
91 93
91 94
91 97
91 99
92 93
92 96
92 97
92 99
93 97
93 98
94 97
94 98
94 99
95 96
95 97
95 98
95 99
96 97
97 99
