0 1
0 2
0 8
0 9
0 10
0 12
0 13
0 16
0 19
0 22
0 24
0 28
0 31
0 32
0 35
0 36
0 39
0 40
0 41
0 44
0 48
0 49
0 53
0 57
0 58
0 60
0 63
0 65
0 66
0 71
0 73
0 74
0 76
0 78
0 79
0 85
0 86
0 87
0 88
0 89
0 97
0 98
1 6
1 7
1 8
1 9
1 11
1 12
1 13
1 22
1 24
1 29
1 32
1 33
1 35
1 38
1 41
1 44
1 46
1 49
1 52
1 59
1 61
1 64
1 67
1 70
1 71
1 72
1 73
1 74
1 76
1 78
1 80
1 84
1 89
1 90
1 91
1 96
1 99
2 4
2 12
2 18
2 21
2 29
2 31
2 32
2 33
2 35
2 36
2 39
2 40
2 41
2 43
2 44
2 45
2 48
2 50
2 55
2 58
2 59
2 61
2 62
2 67
2 73
2 74
2 75
2 78
2 80
2 84
2 87
2 93
2 98
3 5
3 7
3 13
3 19
3 25
3 28
3 37
3 39
3 44
3 46
3 47
3 48
3 49
3 51
3 52
3 57
3 61
3 62
3 67
3 68
3 70
3 80
3 81
3 87
3 89
3 94
3 95
3 98
4 5
4 7
4 10
4 13
4 14
4 17
4 21
4 22
4 23
4 24
4 27
4 30
4 35
4 39
4 40
4 44
4 45
4 50
4 51
4 53
4 58
4 59
4 63
4 65
4 68
4 69
4 70
4 71
4 74
4 75
4 76
4 77
4 80
4 82
4 86
4 87
4 89
4 90
4 93
4 95
4 96
4 98
5 6
5 12
5 13
5 14
5 21
5 28
5 29
5 32
5 33
5 37
5 41
5 42
5 45
5 46
5 48
5 50
5 51
5 53
5 54
5 59
5 62
5 66
5 68
5 71
5 76
5 77
5 80
5 81
5 83
5 84
5 87
5 88
5 91
5 92
5 95
5 96
5 97
6 8
6 10
6 11
6 12
6 15
6 17
6 20
6 23
6 24
6 27
6 33
6 38
6 40
6 44
6 46
6 51
6 55
6 56
6 57
6 61
6 62
6 64
6 66
6 69
6 70
6 72
6 78
6 80
6 81
6 82
6 84
6 86
6 87
6 89
6 90
6 92
7 10
7 11
7 12
7 13
7 15
7 16
7 18
7 27
7 30
7 32
7 35
7 36
7 38
7 43
7 45
7 50
7 51
7 53
7 55
7 56
7 59
7 60
7 62
7 65
7 66
7 67
7 69
7 71
7 76
7 78
7 80
7 82
7 83
7 86
7 89
7 95
7 96
7 98
7 99
8 9
8 10
8 11
8 12
8 15
8 20
8 21
8 27
8 30
8 31
8 32
8 33
8 37
8 38
8 40
8 41
8 42
8 43
8 44
8 50
8 51
8 57
8 63
8 64
8 65
8 67
8 70
8 72
8 73
8 75
8 77
8 78
8 81
8 82
8 84
8 86
8 87
8 88
8 89
8 93
8 94
8 95
8 96
8 98
9 10
9 18
9 19
9 22
9 23
9 25
9 28
9 30
9 32
9 36
9 40
9 42
9 47
9 50
9 52
9 57
9 58
9 60
9 62
9 64
9 66
9 72
9 74
9 75
9 76
9 77
9 83
9 84
9 87
9 88
9 91
9 92
9 96
9 98
10 12
10 14
10 19
10 20
10 21
10 23
10 24
10 28
10 29
10 31
10 32
10 33
10 34
10 37
10 39
10 43
10 44
10 46
10 48
10 49
10 51
10 52
10 53
10 56
10 59
10 63
10 65
10 66
10 68
10 70
10 71
10 74
10 77
10 80
10 84
10 85
10 87
10 88
10 92
10 93
10 97
11 12
11 14
11 15
11 16
11 18
11 19
11 30
11 38
11 40
11 42
11 52
11 53
11 54
11 56
11 60
11 61
11 65
11 66
11 67
11 68
11 72
11 76
11 78
11 79
11 84
11 86
11 89
11 93
11 95
11 97
11 98
12 14
12 15
12 16
12 18
12 22
12 26
12 30
12 33
12 36
12 38
12 43
12 46
12 51
12 53
12 55
12 56
12 61
12 62
12 63
12 64
12 66
12 67
12 69
12 71
12 72
12 73
12 77
12 81
12 82
12 83
12 85
12 86
12 89
12 92
12 94
12 96
12 97
13 27
13 28
13 31
13 34
13 41
13 46
13 48
13 49
13 50
13 54
13 55
13 57
13 58
13 59
13 61
13 62
13 63
13 65
13 66
13 67
13 69
13 70
13 73
13 74
13 75
13 78
13 79
13 81
13 84
13 85
13 89
13 92
13 93
13 95
13 96
13 97
14 16
14 21
14 23
14 29
14 30
14 31
14 32
14 36
14 39
14 42
14 44
14 45
14 55
14 56
14 58
14 60
14 63
14 64
14 66
14 67
14 68
14 74
14 75
14 78
14 79
14 85
14 87
14 92
14 93
14 95
14 96
14 97
14 99
15 16
15 20
15 21
15 25
15 27
15 29
15 30
15 31
15 35
15 38
15 40
15 41
15 44
15 45
15 47
15 49
15 52
15 55
15 56
15 58
15 59
15 60
15 61
15 62
15 64
15 66
15 67
15 72
15 73
15 76
15 78
15 79
15 81
15 82
15 85
15 86
15 89
15 91
15 92
15 98
16 17
16 21
16 22
16 23
16 25
16 26
16 27
16 30
16 36
16 37
16 39
16 41
16 42
16 43
16 45
16 46
16 47
16 52
16 53
16 55
16 56
16 59
16 61
16 65
16 68
16 69
16 77
16 83
16 84
16 85
16 87
16 92
16 94
17 18
17 19
17 21
17 22
17 30
17 32
17 33
17 39
17 42
17 45
17 46
17 47
17 49
17 52
17 53
17 56
17 61
17 63
17 65
17 70
17 71
17 72
17 73
17 74
17 76
17 77
17 80
17 87
17 88
17 89
17 91
17 92
17 93
17 94
18 21
18 24
18 25
18 26
18 34
18 35
18 37
18 39
18 41
18 42
18 44
18 45
18 46
18 49
18 50
18 51
18 63
18 65
18 67
18 68
18 70
18 72
18 75
18 77
18 80
18 81
18 82
18 83
18 84
18 86
18 88
18 89
18 91
18 93
18 94
19 23
19 25
19 27
19 28
19 33
19 35
19 36
19 39
19 40
19 43
19 45
19 48
19 49
19 51
19 57
19 58
19 61
19 67
19 69
19 70
19 71
19 73
19 74
19 76
19 77
19 80
19 86
19 87
19 90
19 92
19 93
19 95
19 97
20 21
20 23
20 24
20 33
20 34
20 38
20 42
20 47
20 48
20 52
20 54
20 55
20 58
20 60
20 62
20 64
20 66
20 67
20 74
20 76
20 77
20 79
20 88
20 90
20 93
20 97
20 99
21 23
21 26
21 27
21 29
21 30
21 32
21 33
21 34
21 38
21 45
21 46
21 52
21 56
21 57
21 59
21 60
21 61
21 64
21 65
21 68
21 70
21 71
21 76
21 78
21 82
21 84
21 85
21 87
21 88
21 98
22 23
22 24
22 28
22 33
22 47
22 49
22 54
22 56
22 58
22 62
22 65
22 67
22 69
22 75
22 77
22 78
22 80
22 83
22 88
22 90
22 92
22 93
22 96
23 28
23 29
23 30
23 32
23 33
23 34
23 35
23 36
23 40
23 43
23 44
23 45
23 48
23 49
23 51
23 55
23 58
23 59
23 61
23 74
23 76
23 77
23 81
23 82
23 83
23 84
23 85
23 87
23 89
23 91
23 93
23 95
23 96
23 97
24 25
24 29
24 33
24 37
24 38
24 40
24 41
24 43
24 50
24 52
24 53
24 57
24 58
24 64
24 65
24 69
24 71
24 78
24 87
24 88
24 89
24 96
24 99
25 27
25 30
25 33
25 38
25 41
25 43
25 44
25 48
25 52
25 55
25 57
25 59
25 61
25 66
25 68
25 69
25 72
25 73
25 77
25 79
25 81
25 82
25 88
25 89
25 90
25 91
25 92
25 96
26 27
26 33
26 39
26 40
26 41
26 44
26 45
26 49
26 51
26 53
26 54
26 57
26 58
26 59
26 60
26 65
26 66
26 68
26 77
26 80
26 82
26 83
26 85
26 87
26 88
26 91
27 32
27 33
27 35
27 38
27 40
27 46
27 50
27 51
27 55
27 59
27 61
27 63
27 65
27 66
27 68
27 69
27 72
27 73
27 74
27 76
27 79
27 80
27 83
27 89
27 90
27 93
27 94
27 97
27 98
28 32
28 34
28 35
28 38
28 43
28 46
28 48
28 49
28 50
28 53
28 56
28 63
28 66
28 68
28 69
28 72
28 76
28 81
28 82
28 84
28 86
28 89
28 90
28 94
28 95
28 98
29 33
29 35
29 37
29 39
29 42
29 43
29 46
29 48
29 49
29 50
29 55
29 57
29 58
29 62
29 63
29 66
29 79
29 82
29 84
29 85
29 90
29 94
29 95
29 97
30 32
30 33
30 34
30 35
30 39
30 41
30 42
30 43
30 44
30 47
30 48
30 49
30 52
30 53
30 54
30 57
30 59
30 60
30 65
30 66
30 68
30 72
30 79
30 80
30 86
30 87
30 89
30 90
30 91
30 92
30 93
30 98
30 99
31 33
31 37
31 38
31 44
31 47
31 50
31 54
31 55
31 56
31 57
31 62
31 66
31 68
31 82
31 84
31 86
31 87
31 88
31 92
31 93
31 94
31 97
31 99
32 34
32 35
32 36
32 40
32 47
32 50
32 51
32 54
32 58
32 60
32 66
32 69
32 70
32 71
32 75
32 76
32 77
32 83
32 91
32 98
32 99
33 34
33 36
33 37
33 41
33 42
33 43
33 48
33 52
33 56
33 59
33 62
33 64
33 66
33 69
33 71
33 75
33 76
33 81
33 82
33 83
33 84
33 89
33 90
33 94
33 97
33 98
33 99
34 37
34 39
34 42
34 44
34 48
34 51
34 52
34 57
34 58
34 59
34 60
34 62
34 72
34 73
34 74
34 79
34 81
34 82
34 85
34 86
34 87
34 89
34 90
34 91
34 95
34 97
34 99
35 37
35 43
35 44
35 47
35 53
35 55
35 56
35 60
35 67
35 69
35 71
35 75
35 76
35 81
35 82
35 83
35 89
35 91
35 92
35 95
35 98
35 99
36 37
36 38
36 40
36 43
36 44
36 46
36 48
36 49
36 51
36 52
36 54
36 55
36 61
36 62
36 70
36 71
36 73
36 74
36 76
36 77
36 81
36 83
36 87
36 90
36 93
36 95
36 96
36 98
37 38
37 40
37 45
37 47
37 50
37 51
37 53
37 54
37 55
37 59
37 60
37 61
37 66
37 71
37 73
37 74
37 75
37 80
37 84
37 86
37 87
37 90
37 91
37 92
37 93
37 94
37 95
37 99
38 41
38 42
38 44
38 46
38 49
38 51
38 52
38 53
38 56
38 59
38 62
38 63
38 69
38 71
38 72
38 73
38 74
38 77
38 78
38 79
38 80
38 86
38 89
38 95
38 97
38 98
39 41
39 48
39 50
39 52
39 53
39 56
39 57
39 61
39 63
39 65
39 67
39 74
39 75
39 76
39 79
39 81
39 83
39 84
39 89
39 90
39 92
39 94
39 97
39 98
40 42
40 47
40 52
40 53
40 56
40 57
40 59
40 60
40 63
40 65
40 66
40 68
40 72
40 76
40 77
40 82
40 86
40 88
40 90
40 91
40 97
40 99
41 42
41 45
41 47
41 48
41 53
41 54
41 55
41 60
41 62
41 63
41 65
41 67
41 69
41 70
41 71
41 73
41 75
41 77
41 78
41 84
41 85
41 86
41 87
41 94
41 97
42 45
42 46
42 48
42 49
42 51
42 55
42 56
42 58
42 59
42 60
42 64
42 65
42 68
42 70
42 72
42 73
42 76
42 78
42 79
42 80
42 81
42 85
42 91
42 95
42 98
43 47
43 54
43 61
43 73
43 75
43 78
43 80
43 82
43 83
43 84
43 87
43 94
43 95
43 97
44 45
44 47
44 49
44 51
44 54
44 55
44 56
44 60
44 61
44 65
44 67
44 68
44 70
44 72
44 75
44 76
44 77
44 81
44 82
44 83
44 85
44 88
44 90
44 92
44 93
44 98
45 46
45 49
45 50
45 54
45 55
45 57
45 58
45 60
45 61
45 63
45 65
45 67
45 71
45 73
45 75
45 78
45 79
45 80
45 81
45 83
45 85
45 87
45 89
45 91
45 93
45 94
45 96
46 50
46 52
46 55
46 56
46 57
46 58
46 61
46 62
46 63
46 64
46 65
46 66
46 71
46 73
46 74
46 76
46 78
46 85
46 87
46 89
46 93
46 95
46 96
47 57
47 58
47 59
47 60
47 61
47 62
47 64
47 66
47 67
47 71
47 74
47 75
47 77
47 78
47 80
47 81
47 82
47 84
47 86
47 91
47 92
47 93
47 94
47 98
47 99
48 49
48 52
48 55
48 60
48 65
48 70
48 72
48 73
48 76
48 77
48 78
48 80
48 82
48 88
48 91
48 92
48 93
48 94
48 95
49 50
49 51
49 53
49 58
49 64
49 65
49 67
49 68
49 70
49 81
49 82
49 83
49 85
49 87
49 90
49 93
49 98
50 51
50 54
50 55
50 64
50 65
50 69
50 70
50 71
50 72
50 73
50 74
50 75
50 76
50 80
50 81
50 82
50 84
50 85
50 93
51 59
51 62
51 63
51 66
51 69
51 71
51 73
51 74
51 75
51 76
51 81
51 84
51 85
51 86
51 88
51 89
51 93
51 94
51 99
52 53
52 56
52 57
52 59
52 62
52 63
52 66
52 68
52 70
52 75
52 78
52 79
52 87
52 88
52 92
52 94
52 96
52 99
53 55
53 56
53 60
53 61
53 64
53 69
53 70
53 72
53 73
53 75
53 76
53 77
53 78
53 79
53 80
53 81
53 82
53 83
53 84
53 86
53 89
53 90
53 92
53 99
54 55
54 57
54 63
54 67
54 69
54 72
54 73
54 75
54 76
54 82
54 83
54 84
54 86
54 90
54 91
54 92
54 98
55 58
55 61
55 66
55 67
55 70
55 74
55 75
55 76
55 78
55 80
55 82
55 85
55 86
55 92
55 97
56 59
56 62
56 63
56 64
56 66
56 67
56 68
56 74
56 75
56 76
56 77
56 78
56 80
56 82
56 83
56 87
56 89
56 94
56 95
56 97
57 62
57 63
57 64
57 74
57 77
57 78
57 84
57 85
57 86
57 90
57 91
57 94
57 96
58 65
58 66
58 68
58 70
58 74
58 75
58 77
58 79
58 82
58 83
58 84
58 85
58 86
58 88
58 94
58 98
59 61
59 64
59 69
59 72
59 75
59 76
59 77
59 84
59 85
59 98
60 61
60 62
60 65
60 69
60 71
60 73
60 77
60 80
60 81
60 84
60 85
60 87
60 89
60 90
60 94
60 98
61 62
61 64
61 66
61 75
61 82
61 84
61 85
61 86
61 87
61 90
61 91
61 93
61 94
61 97
61 98
61 99
62 63
62 68
62 73
62 76
62 78
62 80
62 84
62 87
62 88
62 91
62 93
63 65
63 67
63 68
63 69
63 70
63 75
63 77
63 78
63 79
63 81
63 82
63 84
63 86
63 88
63 91
63 94
63 95
64 73
64 74
64 75
64 79
64 81
64 88
64 89
64 99
65 70
65 75
65 79
65 80
65 81
65 84
65 85
65 88
65 90
65 92
65 93
65 95
65 97
65 98
65 99
66 76
66 79
66 80
66 86
66 87
66 89
66 91
66 93
67 69
67 70
67 76
67 80
67 81
67 83
67 85
67 91
67 92
67 98
67 99
68 69
68 71
68 72
68 74
68 75
68 80
68 89
68 93
68 94
68 97
68 98
68 99
69 70
69 71
69 72
69 75
69 76
69 77
69 78
69 79
69 82
69 89
69 96
69 97
69 98
70 73
70 74
70 76
70 77
70 78
70 79
70 80
70 81
70 84
70 85
70 86
70 92
70 93
70 94
70 99
71 79
71 85
71 86
71 89
71 90
71 91
71 98
72 73
72 75
72 78
72 81
72 82
72 86
72 87
72 88
72 92
72 93
72 97
73 78
73 79
73 91
73 94
73 95
73 97
74 80
74 81
74 82
74 88
74 94
75 76
75 77
75 79
75 92
75 94
76 78
76 79
76 80
76 81
76 83
76 84
76 87
76 90
76 94
76 96
76 97
76 98
77 78
77 79
77 81
77 91
77 97
77 98
77 99
78 81
78 85
78 88
78 91
78 92
78 96
78 98
78 99
79 80
79 81
79 83
79 84
79 86
79 88
79 89
79 90
79 93
79 94
79 96
79 97
80 81
80 83
80 85
80 87
80 88
80 91
80 96
80 98
81 82
81 91
81 92
81 93
81 94
81 96
81 97
82 84
82 86
82 87
82 89
82 90
82 94
82 97
82 98
82 99
83 85
83 86
83 92
83 93
83 94
83 99
84 90
84 96
84 97
84 98
85 87
85 88
85 89
85 92
85 93
85 98
86 87
86 88
86 90
86 94
86 96
86 98
87 90
87 91
87 92
87 96
87 97
87 99
88 90
88 93
89 93
89 96
89 97
89 98
89 99
90 91
90 96
90 98
90 99
91 92
91 93
91 95
91 97
92 93
92 96
92 97
93 96
93 98
94 96
95 97
95 99
96 98
96 99
