0 3
0 4
0 5
0 6
0 7
0 9
0 11
0 16
0 17
0 19
0 22
0 24
0 25
0 27
0 32
0 36
0 43
0 44
0 45
0 53
0 54
0 56
0 62
0 63
0 67
0 72
0 73
0 76
0 78
0 82
0 85
0 87
0 89
0 92
0 96
0 99
1 3
1 4
1 7
1 8
1 11
1 16
1 18
1 19
1 21
1 27
1 30
1 32
1 33
1 34
1 35
1 39
1 41
1 42
1 43
1 44
1 48
1 50
1 51
1 52
1 54
1 59
1 61
1 70
1 74
1 75
1 76
1 79
1 81
1 82
1 84
1 85
1 87
1 93
1 97
2 3
2 4
2 5
2 6
2 7
2 8
2 10
2 11
2 13
2 14
2 21
2 23
2 25
2 26
2 27
2 28
2 31
2 33
2 37
2 38
2 42
2 43
2 46
2 49
2 51
2 52
2 62
2 64
2 65
2 67
2 68
2 69
2 75
2 78
2 81
2 82
2 83
2 87
2 89
2 90
2 91
2 92
2 95
2 98
3 5
3 14
3 16
3 17
3 25
3 26
3 33
3 35
3 37
3 39
3 41
3 44
3 45
3 46
3 49
3 54
3 55
3 56
3 59
3 60
3 61
3 64
3 66
3 69
3 72
3 74
3 75
3 77
3 80
3 81
3 84
3 86
3 88
3 89
3 90
3 91
3 93
3 94
3 95
3 97
3 98
3 99
4 7
4 9
4 12
4 15
4 16
4 17
4 19
4 20
4 21
4 26
4 29
4 30
4 31
4 34
4 37
4 38
4 40
4 43
4 49
4 52
4 54
4 58
4 59
4 64
4 66
4 70
4 71
4 72
4 73
4 75
4 79
4 82
4 84
4 86
4 87
4 93
4 94
4 97
5 7
5 9
5 13
5 15
5 18
5 20
5 22
5 24
5 26
5 29
5 32
5 33
5 34
5 37
5 38
5 39
5 43
5 45
5 48
5 49
5 50
5 54
5 59
5 60
5 63
5 66
5 70
5 71
5 77
5 79
5 81
5 82
5 84
5 88
5 94
5 95
5 96
6 7
6 8
6 11
6 18
6 20
6 21
6 26
6 31
6 34
6 37
6 39
6 41
6 42
6 44
6 47
6 48
6 50
6 51
6 54
6 55
6 58
6 61
6 65
6 80
6 81
6 83
6 85
6 91
6 94
7 11
7 12
7 16
7 18
7 19
7 20
7 23
7 25
7 27
7 29
7 33
7 35
7 36
7 40
7 42
7 44
7 46
7 51
7 53
7 55
7 61
7 64
7 65
7 67
7 68
7 70
7 76
7 77
7 80
7 81
7 83
7 85
7 87
7 89
7 90
7 91
7 93
8 16
8 17
8 18
8 19
8 20
8 22
8 23
8 25
8 26
8 28
8 29
8 30
8 31
8 36
8 37
8 38
8 40
8 48
8 52
8 53
8 54
8 57
8 59
8 64
8 67
8 68
8 71
8 74
8 76
8 80
8 81
8 82
8 83
8 90
8 91
8 93
8 94
8 98
9 18
9 19
9 21
9 24
9 25
9 27
9 28
9 29
9 30
9 32
9 33
9 35
9 36
9 37
9 40
9 42
9 44
9 47
9 49
9 50
9 55
9 56
9 57
9 65
9 66
9 69
9 70
9 71
9 74
9 76
9 77
9 79
9 80
9 82
9 83
9 84
9 85
9 88
9 91
9 97
9 98
10 12
10 13
10 25
10 26
10 27
10 28
10 29
10 30
10 31
10 32
10 34
10 39
10 41
10 49
10 50
10 54
10 55
10 57
10 58
10 64
10 65
10 68
10 69
10 70
10 75
10 77
10 79
10 80
10 82
10 85
10 92
10 93
10 95
10 96
10 97
10 99
11 13
11 15
11 16
11 23
11 24
11 28
11 30
11 31
11 32
11 34
11 35
11 37
11 41
11 44
11 45
11 48
11 50
11 52
11 53
11 55
11 56
11 57
11 62
11 67
11 69
11 76
11 77
11 79
11 80
11 93
11 94
11 98
11 99
12 16
12 18
12 19
12 20
12 23
12 31
12 32
12 36
12 38
12 40
12 41
12 45
12 48
12 49
12 52
12 54
12 55
12 58
12 72
12 75
12 76
12 77
12 79
12 80
12 82
12 83
12 84
12 88
12 89
12 91
12 96
13 15
13 18
13 19
13 20
13 22
13 23
13 25
13 26
13 28
13 32
13 36
13 38
13 39
13 43
13 44
13 47
13 49
13 51
13 56
13 58
13 60
13 62
13 65
13 71
13 74
13 75
13 79
13 81
13 82
13 84
13 86
13 88
13 89
13 92
13 93
13 97
14 17
14 21
14 23
14 27
14 31
14 36
14 37
14 38
14 42
14 43
14 45
14 48
14 54
14 64
14 67
14 68
14 69
14 71
14 72
14 73
14 78
14 82
14 92
14 93
14 97
14 98
14 99
15 16
15 17
15 18
15 19
15 20
15 21
15 23
15 24
15 26
15 27
15 28
15 29
15 36
15 38
15 39
15 40
15 43
15 44
15 54
15 55
15 63
15 65
15 66
15 70
15 74
15 76
15 78
15 84
15 85
15 89
15 94
15 95
15 97
16 17
16 18
16 20
16 23
16 24
16 29
16 31
16 33
16 36
16 38
16 39
16 40
16 41
16 42
16 43
16 48
16 50
16 52
16 53
16 54
16 60
16 61
16 63
16 64
16 66
16 72
16 73
16 76
16 77
16 78
16 85
16 87
16 89
16 92
16 93
16 95
16 96
16 97
16 98
17 18
17 21
17 22
17 23
17 24
17 29
17 32
17 36
17 40
17 45
17 49
17 52
17 54
17 61
17 62
17 64
17 70
17 71
17 72
17 73
17 79
17 80
17 85
17 89
17 91
17 99
18 20
18 21
18 23
18 25
18 28
18 29
18 32
18 33
18 34
18 37
18 39
18 40
18 41
18 44
18 46
18 50
18 51
18 53
18 55
18 56
18 58
18 61
18 63
18 64
18 66
18 67
18 68
18 69
18 70
18 73
18 75
18 83
18 84
18 85
18 86
18 90
18 94
18 95
18 96
18 97
18 99
19 21
19 26
19 27
19 28
19 30
19 32
19 37
19 40
19 44
19 45
19 46
19 48
19 54
19 55
19 57
19 58
19 59
19 62
19 65
19 68
19 75
19 76
19 78
19 80
19 81
19 82
19 83
19 86
19 88
19 89
19 90
19 91
19 92
19 93
19 94
19 98
19 99
20 21
20 26
20 27
20 28
20 29
20 30
20 32
20 33
20 35
20 38
20 42
20 45
20 50
20 52
20 55
20 56
20 58
20 60
20 61
20 62
20 66
20 67
20 68
20 69
20 70
20 73
20 75
20 76
20 77
20 79
20 85
20 90
20 91
20 92
20 94
20 95
20 97
20 98
20 99
21 23
21 29
21 30
21 31
21 32
21 33
21 39
21 40
21 45
21 46
21 47
21 53
21 55
21 57
21 58
21 60
21 64
21 66
21 67
21 70
21 72
21 74
21 76
21 80
21 82
21 86
21 88
21 89
21 90
21 91
21 94
22 23
22 26
22 27
22 28
22 30
22 33
22 38
22 42
22 43
22 46
22 51
22 52
22 53
22 57
22 58
22 65
22 66
22 67
22 70
22 71
22 72
22 73
22 75
22 78
22 79
22 80
22 81
22 82
22 83
22 84
22 87
22 92
22 96
22 97
23 24
23 25
23 30
23 32
23 33
23 34
23 37
23 40
23 45
23 49
23 52
23 53
23 58
23 59
23 61
23 64
23 68
23 69
23 74
23 77
23 80
23 85
23 89
23 91
23 95
24 25
24 27
24 28
24 30
24 32
24 35
24 39
24 40
24 41
24 42
24 44
24 46
24 48
24 52
24 54
24 59
24 60
24 61
24 64
24 72
24 75
24 76
24 78
24 83
24 85
24 87
24 89
24 93
24 94
24 97
24 98
25 27
25 28
25 29
25 33
25 34
25 38
25 41
25 45
25 47
25 48
25 49
25 53
25 59
25 64
25 68
25 69
25 70
25 71
25 77
25 78
25 81
25 84
25 86
25 94
25 96
25 97
26 28
26 29
26 32
26 37
26 41
26 45
26 49
26 53
26 54
26 55
26 56
26 57
26 61
26 62
26 63
26 67
26 72
26 74
26 76
26 77
26 82
26 83
26 85
26 87
26 88
26 89
26 93
26 94
26 98
27 28
27 31
27 32
27 40
27 43
27 46
27 48
27 49
27 53
27 55
27 56
27 58
27 61
27 62
27 64
27 65
27 67
27 68
27 70
27 76
27 81
27 85
27 87
27 88
27 89
27 92
27 96
27 99
28 30
28 32
28 37
28 40
28 41
28 48
28 52
28 54
28 59
28 61
28 64
28 66
28 70
28 71
28 72
28 75
28 78
28 79
28 80
28 81
28 86
28 87
28 88
28 90
28 91
28 92
28 94
28 95
28 98
28 99
29 30
29 31
29 32
29 33
29 36
29 37
29 39
29 40
29 46
29 47
29 48
29 49
29 55
29 56
29 58
29 60
29 63
29 68
29 69
29 70
29 73
29 74
29 76
29 78
29 79
29 82
29 84
29 85
29 87
29 88
29 89
29 91
29 93
29 94
29 96
29 97
30 31
30 34
30 37
30 41
30 46
30 47
30 50
30 55
30 56
30 57
30 58
30 68
30 69
30 70
30 73
30 75
30 76
30 77
30 82
30 83
30 86
30 89
30 91
30 95
31 32
31 33
31 36
31 38
31 39
31 40
31 41
31 56
31 57
31 58
31 61
31 62
31 63
31 66
31 67
31 68
31 69
31 72
31 73
31 76
31 81
31 87
31 92
31 93
31 94
31 97
31 98
31 99
32 36
32 40
32 41
32 43
32 47
32 48
32 50
32 52
32 54
32 56
32 60
32 61
32 66
32 67
32 69
32 71
32 74
32 75
32 78
32 79
32 82
32 83
32 85
32 87
32 88
32 89
32 90
33 34
33 41
33 42
33 43
33 45
33 46
33 48
33 49
33 50
33 53
33 55
33 57
33 58
33 65
33 66
33 67
33 68
33 69
33 75
33 76
33 77
33 78
33 79
33 80
33 81
33 82
33 83
33 86
33 96
34 37
34 41
34 44
34 46
34 50
34 53
34 56
34 59
34 61
34 65
34 66
34 71
34 72
34 74
34 76
34 80
34 82
34 85
34 87
34 88
34 91
34 92
34 93
34 96
34 97
34 98
34 99
35 41
35 43
35 48
35 49
35 50
35 53
35 55
35 59
35 63
35 64
35 65
35 66
35 67
35 70
35 71
35 76
35 79
35 80
35 84
35 85
35 87
35 92
35 97
36 45
36 48
36 51
36 55
36 59
36 60
36 61
36 62
36 63
36 66
36 67
36 80
36 86
36 88
36 90
36 94
36 95
36 97
36 99
37 41
37 44
37 46
37 51
37 52
37 54
37 57
37 58
37 59
37 60
37 62
37 67
37 70
37 71
37 72
37 75
37 78
37 81
37 86
37 88
37 89
37 93
37 95
37 99
38 43
38 45
38 46
38 53
38 56
38 57
38 58
38 60
38 63
38 66
38 70
38 71
38 74
38 76
38 77
38 78
38 80
38 81
38 83
38 84
38 90
38 91
38 94
38 98
39 42
39 43
39 44
39 46
39 50
39 51
39 53
39 56
39 60
39 62
39 67
39 68
39 71
39 72
39 76
39 77
39 78
39 79
39 82
39 84
39 88
39 91
39 92
39 94
39 96
39 98
39 99
40 43
40 49
40 52
40 53
40 54
40 57
40 59
40 60
40 63
40 64
40 71
40 72
40 76
40 81
40 86
40 88
40 89
40 90
40 95
40 96
41 42
41 43
41 44
41 45
41 46
41 48
41 50
41 51
41 52
41 53
41 54
41 55
41 56
41 57
41 58
41 61
41 64
41 66
41 68
41 69
41 70
41 71
41 74
41 77
41 78
41 79
41 81
41 83
41 89
41 91
41 92
42 46
42 49
42 54
42 57
42 60
42 63
42 65
42 66
42 68
42 70
42 71
42 72
42 75
42 77
42 85
42 86
42 92
42 94
42 96
42 97
43 46
43 47
43 48
43 52
43 54
43 55
43 58
43 61
43 62
43 63
43 64
43 65
43 74
43 78
43 83
43 86
43 87
43 88
43 90
43 91
43 97
44 46
44 47
44 49
44 52
44 53
44 55
44 57
44 58
44 66
44 68
44 70
44 72
44 75
44 78
44 84
44 86
44 88
44 92
44 93
45 46
45 48
45 53
45 57
45 61
45 63
45 70
45 71
45 75
45 77
45 78
45 79
45 83
45 87
45 90
45 94
45 96
45 99
46 49
46 50
46 52
46 54
46 57
46 60
46 61
46 70
46 74
46 82
46 86
46 91
46 93
46 94
46 95
46 99
47 48
47 49
47 50
47 52
47 54
47 56
47 57
47 58
47 59
47 60
47 61
47 71
47 72
47 74
47 78
47 80
47 81
47 82
47 92
47 97
47 98
48 49
48 50
48 55
48 56
48 60
48 63
48 64
48 65
48 69
48 73
48 74
48 75
48 76
48 79
48 83
48 89
48 91
48 93
48 94
48 95
48 96
48 97
48 99
49 52
49 53
49 54
49 67
49 69
49 71
49 75
49 80
49 84
49 88
49 89
49 91
49 93
49 96
49 97
49 99
50 51
50 54
50 58
50 62
50 63
50 66
50 72
50 73
50 76
50 77
50 78
50 79
50 80
50 81
50 86
50 88
50 94
51 57
51 60
51 61
51 62
51 63
51 64
51 65
51 70
51 72
51 74
51 88
51 89
51 92
51 93
51 98
52 54
52 55
52 57
52 60
52 61
52 63
52 64
52 65
52 68
52 69
52 70
52 71
52 72
52 73
52 75
52 76
52 77
52 78
52 79
52 81
52 83
52 84
52 87
52 89
52 91
52 92
52 93
52 94
52 98
53 56
53 58
53 66
53 76
53 78
53 79
53 80
53 83
53 84
53 85
53 86
53 89
53 91
53 94
53 95
53 97
53 99
54 55
54 57
54 59
54 60
54 61
54 62
54 63
54 65
54 67
54 78
54 79
54 81
54 83
54 85
54 89
54 91
54 92
54 96
54 97
54 99
55 58
55 64
55 67
55 72
55 73
55 76
55 79
55 80
55 82
55 83
55 84
55 85
55 86
55 87
55 89
55 92
56 58
56 61
56 62
56 63
56 65
56 67
56 69
56 71
56 72
56 73
56 82
56 85
56 87
56 91
56 95
56 96
56 97
57 59
57 63
57 64
57 65
57 69
57 83
57 85
57 86
57 88
57 92
57 93
57 94
57 96
57 98
57 99
58 65
58 69
58 70
58 73
58 74
58 75
58 77
58 79
58 80
58 81
58 83
58 85
58 86
58 87
58 88
58 90
58 96
59 62
59 66
59 67
59 69
59 72
59 73
59 74
59 81
59 83
59 85
59 87
59 88
59 89
59 94
59 95
59 96
59 99
60 62
60 64
60 66
60 74
60 81
60 82
60 86
60 87
60 89
60 90
60 92
60 93
60 95
60 97
60 99
61 66
61 69
61 71
61 72
61 78
61 80
61 83
61 86
61 91
61 92
61 93
61 95
61 97
61 99
62 63
62 64
62 66
62 67
62 68
62 79
62 81
62 82
62 84
62 90
62 92
62 93
62 95
62 97
63 65
63 75
63 76
63 84
63 85
63 87
63 89
63 91
63 96
63 98
63 99
64 68
64 69
64 72
64 74
64 75
64 78
64 86
64 88
64 92
64 93
64 94
64 96
64 98
65 66
65 67
65 68
65 69
65 74
65 76
65 77
65 80
65 81
65 82
65 84
65 85
65 87
65 88
65 89
65 90
65 91
65 94
65 95
66 67
66 69
66 70
66 79
66 80
66 85
66 89
66 93
66 96
66 98
67 68
67 72
67 74
67 75
67 77
67 79
67 82
67 89
67 93
67 97
68 69
68 74
68 78
68 79
68 80
68 84
68 87
68 88
68 93
68 96
68 99
69 70
69 73
69 75
69 76
69 87
69 93
69 94
69 96
69 97
69 98
69 99
70 74
70 79
70 82
70 88
70 91
70 94
71 73
71 76
71 78
71 80
71 81
71 83
71 84
71 85
71 86
71 92
71 94
71 96
71 98
71 99
72 74
72 77
72 80
72 81
72 83
72 85
72 86
72 87
72 88
72 93
72 94
72 95
73 74
73 75
73 78
73 80
73 81
73 82
73 84
73 86
73 90
73 92
73 94
73 96
74 77
74 81
74 82
74 83
74 86
74 87
74 92
74 94
74 96
74 99
75 77
75 80
75 81
75 83
75 84
75 85
75 91
75 94
75 99
76 78
76 81
76 84
76 88
76 89
76 92
76 96
77 78
77 81
77 82
77 83
77 88
77 89
77 92
77 94
77 95
77 97
77 98
78 79
78 82
78 83
78 86
78 87
78 89
78 91
78 92
78 93
78 96
78 97
79 80
79 82
79 85
79 86
79 88
79 90
79 94
79 95
80 81
80 82
80 83
80 84
80 87
80 88
80 91
80 95
80 96
80 98
80 99
81 82
81 86
81 87
81 89
81 90
81 91
81 92
81 97
82 84
82 85
82 88
82 89
82 95
82 99
83 86
83 90
83 91
83 92
83 95
83 98
84 85
84 88
84 89
84 91
84 94
84 96
85 90
85 92
86 87
86 88
86 90
86 93
86 94
86 96
87 90
87 92
87 97
87 98
88 93
88 98
89 90
89 91
89 92
89 94
89 95
89 98
89 99
90 95
90 98
91 92
91 94
92 93
92 94
92 98
92 99
93 94
93 96
93 97
93 99
94 96
94 97
94 98
95 97
95 99
96 97
97 99
98 99
