0 1
0 3
0 7
0 8
0 9
0 11
0 13
0 14
0 22
0 29
0 33
0 34
0 35
0 39
0 40
0 41
0 42
0 43
0 44
0 45
0 47
0 49
0 51
0 52
0 53
0 59
0 60
0 61
0 62
0 68
0 71
0 72
0 76
0 83
0 84
0 86
0 93
0 95
0 96
0 97
0 98
0 99
1 6
1 7
1 10
1 12
1 14
1 17
1 18
1 19
1 20
1 24
1 28
1 29
1 30
1 33
1 35
1 39
1 42
1 44
1 49
1 54
1 55
1 59
1 64
1 66
1 68
1 70
1 72
1 73
1 75
1 76
1 79
1 82
1 83
1 87
1 88
1 90
1 91
1 92
1 97
1 99
2 4
2 5
2 6
2 10
2 13
2 14
2 15
2 16
2 20
2 24
2 25
2 28
2 29
2 34
2 36
2 39
2 40
2 42
2 45
2 53
2 54
2 56
2 62
2 64
2 66
2 69
2 70
2 73
2 78
2 81
2 84
2 85
2 86
2 88
2 89
2 90
2 91
2 94
2 96
2 98
2 99
3 5
3 6
3 10
3 13
3 15
3 18
3 23
3 33
3 34
3 38
3 39
3 40
3 42
3 47
3 48
3 50
3 54
3 55
3 62
3 64
3 67
3 68
3 70
3 72
3 79
3 82
3 83
3 87
3 88
3 91
3 92
3 95
3 97
3 98
4 10
4 12
4 23
4 26
4 28
4 30
4 31
4 32
4 41
4 45
4 48
4 52
4 56
4 57
4 58
4 59
4 60
4 66
4 68
4 69
4 72
4 73
4 74
4 78
4 82
4 84
4 86
4 87
4 88
4 89
4 90
4 91
4 93
4 96
5 11
5 13
5 15
5 16
5 17
5 18
5 19
5 22
5 24
5 25
5 27
5 32
5 34
5 35
5 43
5 46
5 49
5 50
5 51
5 52
5 54
5 56
5 57
5 58
5 61
5 62
5 66
5 67
5 68
5 70
5 71
5 73
5 74
5 76
5 77
5 80
5 88
5 90
5 91
5 95
5 96
5 97
5 99
6 8
6 9
6 11
6 13
6 14
6 17
6 19
6 22
6 23
6 25
6 26
6 28
6 29
6 30
6 33
6 36
6 37
6 41
6 46
6 49
6 51
6 52
6 55
6 56
6 57
6 60
6 61
6 64
6 66
6 67
6 69
6 70
6 73
6 76
6 78
6 79
6 83
6 84
6 85
6 86
6 92
6 93
6 94
6 95
7 9
7 11
7 12
7 16
7 17
7 18
7 20
7 21
7 24
7 26
7 34
7 43
7 46
7 47
7 55
7 57
7 58
7 61
7 63
7 65
7 69
7 72
7 73
7 75
7 80
7 85
7 91
7 93
7 98
7 99
8 16
8 17
8 19
8 27
8 29
8 30
8 34
8 36
8 37
8 43
8 44
8 45
8 46
8 48
8 50
8 51
8 52
8 55
8 58
8 59
8 61
8 67
8 69
8 70
8 71
8 73
8 76
8 77
8 80
8 81
8 83
8 84
8 87
8 89
8 90
8 91
8 99
9 10
9 12
9 13
9 14
9 15
9 16
9 17
9 18
9 20
9 23
9 26
9 32
9 33
9 37
9 38
9 39
9 40
9 41
9 42
9 43
9 47
9 48
9 49
9 56
9 57
9 58
9 59
9 60
9 61
9 62
9 63
9 74
9 82
9 84
9 86
9 88
9 89
9 91
9 92
9 95
9 96
9 98
9 99
10 11
10 12
10 16
10 17
10 20
10 22
10 24
10 31
10 33
10 34
10 35
10 37
10 38
10 40
10 42
10 46
10 47
10 50
10 51
10 53
10 54
10 55
10 59
10 61
10 62
10 63
10 66
10 67
10 69
10 70
10 72
10 74
10 75
10 76
10 77
10 78
10 79
10 81
10 84
10 88
10 91
10 92
10 93
11 12
11 18
11 21
11 28
11 34
11 36
11 42
11 45
11 46
11 47
11 48
11 49
11 50
11 53
11 55
11 57
11 62
11 63
11 65
11 66
11 69
11 76
11 78
11 79
11 80
11 82
11 85
11 87
11 88
11 90
11 91
11 92
11 96
11 99
12 17
12 18
12 20
12 21
12 27
12 33
12 37
12 39
12 40
12 41
12 42
12 43
12 44
12 45
12 49
12 50
12 54
12 55
12 56
12 58
12 59
12 60
12 61
12 63
12 64
12 65
12 66
12 67
12 68
12 69
12 70
12 75
12 81
12 82
12 83
12 85
12 86
12 88
12 91
12 94
12 95
12 97
13 14
13 15
13 16
13 17
13 18
13 22
13 23
13 26
13 36
13 38
13 39
13 40
13 42
13 44
13 45
13 47
13 50
13 51
13 52
13 54
13 55
13 56
13 57
13 59
13 60
13 62
13 63
13 64
13 65
13 69
13 71
13 74
13 75
13 76
13 78
13 86
13 89
13 91
13 92
13 94
13 96
13 97
13 99
14 15
14 16
14 22
14 23
14 24
14 31
14 32
14 39
14 40
14 42
14 45
14 46
14 52
14 56
14 58
14 60
14 61
14 62
14 63
14 65
14 69
14 71
14 72
14 74
14 75
14 81
14 82
14 84
14 87
14 91
14 92
14 93
14 97
14 98
15 16
15 20
15 21
15 22
15 25
15 27
15 29
15 32
15 33
15 34
15 35
15 38
15 40
15 41
15 42
15 43
15 47
15 50
15 56
15 58
15 59
15 60
15 63
15 65
15 66
15 68
15 69
15 71
15 73
15 78
15 80
15 81
15 86
15 87
15 89
15 93
15 94
15 98
16 17
16 21
16 25
16 31
16 33
16 36
16 37
16 41
16 42
16 44
16 45
16 49
16 56
16 58
16 61
16 62
16 66
16 67
16 68
16 71
16 72
16 73
16 76
16 77
16 78
16 79
16 83
16 85
16 88
16 90
16 91
16 92
16 95
17 19
17 25
17 27
17 28
17 29
17 30
17 31
17 35
17 36
17 38
17 40
17 41
17 42
17 44
17 45
17 47
17 52
17 53
17 55
17 56
17 57
17 58
17 64
17 65
17 67
17 69
17 70
17 72
17 74
17 75
17 79
17 80
17 83
17 86
17 88
17 91
17 92
17 95
18 19
18 24
18 26
18 27
18 28
18 30
18 31
18 35
18 36
18 38
18 41
18 43
18 45
18 46
18 47
18 52
18 54
18 60
18 62
18 63
18 64
18 69
18 73
18 77
18 78
18 80
18 81
18 85
18 86
18 88
18 90
18 91
18 94
18 95
18 97
18 98
19 21
19 22
19 23
19 30
19 40
19 42
19 47
19 49
19 51
19 54
19 58
19 59
19 61
19 63
19 68
19 69
19 73
19 76
19 79
19 90
19 92
19 97
19 99
20 21
20 23
20 25
20 27
20 35
20 40
20 43
20 44
20 45
20 46
20 47
20 49
20 51
20 52
20 53
20 54
20 57
20 60
20 62
20 63
20 67
20 68
20 70
20 72
20 74
20 76
20 78
20 85
20 87
20 88
20 89
20 93
20 99
21 23
21 24
21 25
21 28
21 30
21 31
21 33
21 34
21 35
21 39
21 40
21 41
21 42
21 44
21 46
21 48
21 51
21 53
21 57
21 64
21 65
21 67
21 69
21 72
21 73
21 76
21 84
21 85
21 86
21 88
21 90
21 92
21 94
21 95
21 97
21 99
22 23
22 25
22 30
22 34
22 37
22 38
22 44
22 45
22 47
22 49
22 51
22 55
22 56
22 59
22 60
22 64
22 66
22 69
22 71
22 73
22 76
22 81
22 85
22 86
22 96
22 97
22 98
22 99
23 24
23 27
23 28
23 29
23 36
23 37
23 40
23 42
23 43
23 44
23 45
23 48
23 51
23 55
23 57
23 60
23 61
23 62
23 63
23 64
23 67
23 68
23 69
23 72
23 76
23 77
23 78
23 83
23 84
23 86
23 89
23 92
23 99
24 25
24 27
24 28
24 30
24 31
24 32
24 33
24 35
24 38
24 42
24 44
24 46
24 53
24 64
24 66
24 67
24 72
24 73
24 74
24 75
24 76
24 78
24 79
24 80
24 82
24 89
24 92
24 96
24 97
24 98
24 99
25 28
25 29
25 30
25 33
25 34
25 37
25 38
25 40
25 44
25 46
25 47
25 48
25 50
25 52
25 53
25 55
25 57
25 61
25 65
25 68
25 70
25 73
25 76
25 77
25 79
25 83
25 84
25 89
25 90
25 91
25 98
26 28
26 29
26 30
26 32
26 36
26 37
26 39
26 40
26 48
26 52
26 55
26 57
26 59
26 63
26 65
26 72
26 77
26 78
26 80
26 82
26 89
26 90
26 91
26 93
26 94
26 96
26 98
26 99
27 29
27 35
27 38
27 39
27 40
27 42
27 43
27 44
27 46
27 49
27 50
27 51
27 52
27 53
27 54
27 58
27 60
27 66
27 67
27 68
27 70
27 74
27 75
27 77
27 82
27 84
27 88
27 89
27 90
27 93
27 95
27 98
28 31
28 34
28 35
28 36
28 38
28 41
28 42
28 43
28 44
28 49
28 51
28 52
28 53
28 57
28 61
28 67
28 69
28 72
28 74
28 79
28 80
28 83
28 84
28 91
28 93
28 94
28 97
28 98
29 31
29 32
29 33
29 35
29 38
29 43
29 44
29 50
29 56
29 60
29 63
29 65
29 70
29 74
29 75
29 80
29 82
29 83
29 98
30 33
30 37
30 38
30 40
30 46
30 49
30 54
30 60
30 65
30 67
30 68
30 70
30 79
30 81
30 82
30 85
30 86
30 89
30 90
30 95
31 34
31 36
31 38
31 44
31 45
31 47
31 49
31 56
31 57
31 60
31 62
31 70
31 71
31 72
31 79
31 80
31 81
31 83
31 85
31 87
31 88
31 90
31 94
31 98
32 33
32 36
32 40
32 44
32 46
32 49
32 51
32 52
32 54
32 56
32 57
32 63
32 67
32 68
32 70
32 72
32 73
32 76
32 79
32 83
32 84
32 87
32 88
32 89
32 93
32 94
32 95
32 97
32 99
33 36
33 40
33 42
33 44
33 47
33 50
33 51
33 56
33 57
33 60
33 62
33 64
33 65
33 67
33 70
33 72
33 76
33 77
33 78
33 80
33 81
33 83
33 85
33 87
33 88
33 92
33 93
34 38
34 39
34 40
34 42
34 43
34 45
34 48
34 50
34 53
34 54
34 56
34 59
34 60
34 63
34 65
34 67
34 68
34 71
34 75
34 76
34 81
34 84
34 86
34 94
34 98
34 99
35 36
35 42
35 44
35 47
35 48
35 49
35 54
35 55
35 59
35 60
35 62
35 67
35 69
35 72
35 75
35 77
35 83
35 86
35 87
35 90
35 91
35 98
35 99
36 38
36 39
36 41
36 45
36 47
36 51
36 61
36 62
36 66
36 67
36 72
36 76
36 79
36 81
36 82
36 84
36 90
36 95
36 96
36 97
37 38
37 40
37 41
37 42
37 46
37 48
37 49
37 58
37 59
37 63
37 64
37 65
37 68
37 72
37 76
37 77
37 83
37 84
37 85
37 88
37 91
37 97
37 98
38 39
38 40
38 41
38 44
38 45
38 46
38 50
38 51
38 55
38 58
38 59
38 62
38 63
38 64
38 65
38 69
38 71
38 73
38 74
38 75
38 76
38 77
38 79
38 80
38 87
38 89
38 90
38 91
38 93
39 40
39 42
39 44
39 53
39 55
39 59
39 62
39 63
39 65
39 66
39 67
39 68
39 72
39 77
39 81
39 83
39 85
39 92
39 93
39 99
40 42
40 45
40 47
40 49
40 53
40 55
40 56
40 58
40 59
40 62
40 67
40 70
40 71
40 73
40 75
40 77
40 80
40 81
40 85
40 87
40 88
40 90
40 94
40 96
40 97
41 42
41 43
41 44
41 46
41 47
41 55
41 56
41 57
41 61
41 62
41 63
41 64
41 65
41 66
41 67
41 69
41 71
41 72
41 75
41 83
41 85
41 87
41 88
41 89
41 93
41 96
41 97
42 43
42 46
42 47
42 48
42 49
42 57
42 59
42 61
42 62
42 63
42 64
42 65
42 68
42 70
42 80
42 81
42 84
42 93
42 97
42 98
43 46
43 51
43 53
43 56
43 57
43 60
43 64
43 65
43 66
43 69
43 71
43 72
43 73
43 75
43 78
43 80
43 81
43 82
43 85
43 88
43 92
44 46
44 48
44 49
44 51
44 53
44 54
44 55
44 56
44 58
44 59
44 60
44 61
44 63
44 64
44 65
44 68
44 72
44 75
44 79
44 80
44 87
44 90
44 93
44 96
44 97
44 99
45 46
45 49
45 52
45 55
45 57
45 58
45 60
45 64
45 68
45 69
45 72
45 74
45 75
45 82
45 85
45 86
45 87
45 89
45 92
45 93
45 94
45 97
45 98
46 49
46 55
46 56
46 57
46 60
46 62
46 63
46 66
46 67
46 68
46 72
46 73
46 74
46 78
46 79
46 80
46 89
46 92
46 93
46 94
46 95
46 96
46 98
46 99
47 48
47 50
47 53
47 57
47 59
47 60
47 61
47 65
47 72
47 73
47 74
47 77
47 79
47 81
47 84
47 85
47 86
47 87
47 92
47 93
47 98
48 50
48 52
48 53
48 56
48 58
48 59
48 62
48 64
48 65
48 67
48 68
48 70
48 71
48 73
48 86
48 89
48 90
48 92
49 50
49 58
49 59
49 62
49 66
49 68
49 72
49 76
49 79
49 80
49 81
49 85
49 87
49 88
49 91
49 96
49 97
50 51
50 53
50 55
50 60
50 62
50 70
50 76
50 77
50 80
50 81
50 83
50 88
50 97
51 52
51 66
51 70
51 71
51 77
51 79
51 80
51 81
51 84
51 86
51 87
51 91
51 92
51 93
51 95
51 97
51 99
52 59
52 62
52 63
52 71
52 73
52 76
52 78
52 80
52 82
52 84
52 85
52 88
52 90
52 97
53 57
53 65
53 66
53 72
53 74
53 80
53 81
53 84
53 85
53 86
53 89
53 90
53 91
53 92
53 94
53 96
53 97
54 55
54 56
54 59
54 61
54 70
54 71
54 72
54 74
54 76
54 80
54 82
54 83
54 84
54 91
54 96
54 99
55 59
55 60
55 62
55 63
55 66
55 67
55 68
55 70
55 71
55 76
55 80
55 83
55 86
55 91
55 94
55 95
56 57
56 58
56 60
56 66
56 71
56 73
56 75
56 78
56 82
56 84
56 92
56 94
56 95
56 98
56 99
57 67
57 69
57 72
57 74
57 82
57 84
57 85
57 96
57 97
57 98
57 99
58 61
58 68
58 74
58 76
58 80
58 81
58 82
58 84
58 85
58 89
58 94
58 96
58 97
59 66
59 67
59 71
59 72
59 74
59 82
59 83
59 85
59 86
59 87
59 88
59 90
59 96
59 99
60 62
60 64
60 65
60 66
60 68
60 72
60 74
60 75
60 77
60 79
60 89
60 90
60 91
60 93
60 94
60 96
60 98
61 62
61 63
61 64
61 68
61 69
61 74
61 75
61 81
61 84
61 90
61 91
61 93
61 94
61 96
61 97
61 98
61 99
62 64
62 65
62 67
62 69
62 70
62 72
62 74
62 75
62 78
62 81
62 82
62 84
62 89
62 90
63 64
63 69
63 70
63 71
63 72
63 73
63 78
63 83
63 84
63 89
63 94
63 99
64 67
64 68
64 74
64 75
64 81
64 83
64 86
64 87
64 90
64 95
64 96
64 97
64 98
65 66
65 67
65 68
65 69
65 70
65 72
65 74
65 75
65 76
65 78
65 83
65 85
65 87
65 90
65 93
65 95
65 98
66 68
66 69
66 71
66 72
66 73
66 76
66 79
66 80
66 81
66 83
66 85
66 91
66 92
66 93
66 95
66 97
66 99
67 69
67 71
67 73
67 77
67 80
67 85
67 86
67 88
67 90
68 75
68 81
68 82
68 84
68 85
68 87
68 91
68 92
68 94
68 95
68 97
69 70
69 72
69 73
69 75
69 76
69 79
69 85
69 87
69 88
69 89
69 94
69 98
69 99
70 71
70 72
70 75
70 76
70 77
70 78
70 79
70 80
70 83
70 84
70 91
70 93
70 94
70 95
70 96
70 97
70 98
71 74
71 79
71 82
71 84
71 85
71 88
71 89
71 91
71 96
71 97
71 98
72 74
72 77
72 81
72 83
72 85
72 90
72 94
72 95
72 96
72 99
73 77
73 78
73 79
73 80
73 82
73 84
73 85
73 90
73 92
73 95
73 98
74 78
74 84
74 85
74 87
74 92
74 95
74 98
75 78
75 79
75 80
75 85
75 86
75 87
75 90
75 92
75 95
75 96
76 79
76 80
76 81
76 82
76 88
76 91
76 94
76 97
76 99
77 78
77 79
77 80
77 83
77 84
77 88
77 90
77 91
77 95
78 79
78 81
78 82
78 84
78 94
78 98
78 99
79 81
79 83
79 84
79 90
79 93
79 96
79 98
79 99
80 83
80 84
80 89
80 92
80 93
80 94
80 95
80 98
80 99
81 84
81 85
81 86
81 87
81 90
81 91
81 92
81 93
81 97
81 98
81 99
82 85
82 88
82 89
82 90
82 91
82 97
82 98
82 99
83 84
83 85
83 87
83 90
83 92
83 93
83 95
83 99
84 86
84 88
84 91
84 92
84 95
84 97
84 99
85 88
85 89
85 90
85 94
86 88
86 90
86 92
86 96
87 89
87 91
87 98
88 89
88 90
88 91
88 93
88 95
88 97
88 99
89 92
89 93
89 94
89 95
89 97
89 98
90 91
90 93
90 95
90 96
90 98
91 92
91 93
91 98
91 99
92 93
92 96
92 97
93 98
94 95
94 97
94 98
95 96
95 98
96 99
97 98
