0 3
0 5
0 7
0 8
0 10
0 11
0 13
0 14
0 15
0 16
0 18
0 20
0 21
0 22
0 24
0 25
0 28
0 32
0 33
0 41
0 42
0 45
0 46
0 50
0 51
0 52
0 61
0 63
0 64
0 65
0 67
0 68
0 69
0 71
0 72
0 74
0 75
0 76
0 79
0 80
0 83
0 85
0 86
0 87
0 89
0 92
0 95
0 96
0 97
0 98
0 99
1 4
1 7
1 8
1 9
1 10
1 11
1 12
1 15
1 16
1 17
1 19
1 20
1 24
1 26
1 28
1 30
1 31
1 33
1 34
1 35
1 36
1 37
1 38
1 39
1 40
1 43
1 44
1 46
1 48
1 49
1 50
1 52
1 53
1 57
1 58
1 59
1 60
1 62
1 64
1 67
1 68
1 69
1 71
1 73
1 78
1 80
1 81
1 83
1 85
1 86
1 88
1 91
1 97
1 98
2 3
2 5
2 6
2 7
2 8
2 10
2 11
2 14
2 15
2 17
2 18
2 19
2 21
2 23
2 25
2 29
2 30
2 31
2 34
2 37
2 38
2 41
2 43
2 44
2 46
2 48
2 49
2 50
2 51
2 53
2 54
2 55
2 56
2 57
2 59
2 60
2 61
2 62
2 66
2 67
2 68
2 69
2 71
2 73
2 74
2 75
2 76
2 79
2 80
2 81
2 86
2 87
2 91
2 92
2 93
2 94
2 96
2 97
2 98
2 99
3 5
3 8
3 11
3 13
3 15
3 21
3 26
3 28
3 31
3 34
3 35
3 36
3 38
3 39
3 40
3 41
3 45
3 46
3 47
3 48
3 50
3 51
3 54
3 55
3 56
3 57
3 58
3 60
3 61
3 63
3 65
3 66
3 67
3 68
3 69
3 72
3 74
3 75
3 76
3 77
3 80
3 81
3 83
3 84
3 85
3 86
3 89
3 90
3 91
3 93
3 94
3 95
3 97
4 5
4 6
4 7
4 10
4 12
4 13
4 14
4 15
4 16
4 18
4 21
4 22
4 24
4 28
4 30
4 32
4 34
4 37
4 40
4 42
4 43
4 44
4 45
4 47
4 48
4 49
4 50
4 51
4 52
4 57
4 58
4 59
4 60
4 61
4 63
4 66
4 67
4 69
4 70
4 75
4 77
4 78
4 79
4 80
4 82
4 83
4 87
4 90
4 92
4 94
4 95
4 96
4 98
4 99
5 8
5 10
5 11
5 13
5 16
5 17
5 19
5 20
5 21
5 23
5 25
5 29
5 30
5 31
5 33
5 34
5 35
5 36
5 37
5 38
5 39
5 40
5 41
5 43
5 45
5 47
5 48
5 50
5 51
5 53
5 54
5 55
5 56
5 58
5 59
5 60
5 61
5 63
5 64
5 66
5 67
5 68
5 69
5 70
5 71
5 72
5 73
5 75
5 76
5 78
5 79
5 81
5 82
5 83
5 84
5 85
5 87
5 88
5 89
5 91
5 92
5 93
5 94
5 95
5 96
5 97
6 7
6 8
6 9
6 13
6 14
6 17
6 18
6 20
6 21
6 22
6 23
6 24
6 30
6 31
6 34
6 35
6 42
6 44
6 47
6 48
6 50
6 51
6 53
6 55
6 56
6 59
6 60
6 61
6 62
6 63
6 64
6 65
6 66
6 68
6 69
6 70
6 71
6 74
6 75
6 76
6 77
6 79
6 80
6 82
6 83
6 87
6 88
6 89
6 90
6 91
6 93
6 95
6 98
6 99
7 8
7 10
7 12
7 13
7 14
7 15
7 16
7 18
7 20
7 22
7 24
7 25
7 26
7 27
7 30
7 32
7 33
7 34
7 35
7 36
7 40
7 41
7 42
7 44
7 47
7 48
7 49
7 50
7 51
7 54
7 55
7 56
7 59
7 60
7 62
7 65
7 66
7 69
7 70
7 71
7 73
7 75
7 76
7 77
7 78
7 79
7 80
7 82
7 83
7 87
7 88
7 89
7 91
7 92
7 98
8 9
8 10
8 11
8 12
8 15
8 16
8 17
8 19
8 21
8 24
8 27
8 29
8 30
8 31
8 32
8 34
8 35
8 36
8 38
8 43
8 44
8 45
8 46
8 49
8 50
8 53
8 54
8 56
8 57
8 60
8 62
8 64
8 66
8 69
8 71
8 72
8 73
8 74
8 76
8 77
8 78
8 81
8 84
8 85
8 86
8 87
8 93
8 96
8 97
9 10
9 11
9 12
9 15
9 16
9 18
9 19
9 21
9 22
9 25
9 26
9 27
9 28
9 34
9 35
9 36
9 38
9 39
9 40
9 41
9 43
9 44
9 45
9 47
9 51
9 52
9 54
9 55
9 57
9 58
9 59
9 61
9 62
9 63
9 64
9 66
9 67
9 68
9 69
9 70
9 71
9 73
9 74
9 76
9 77
9 79
9 80
9 81
9 82
9 83
9 84
9 87
9 89
9 91
9 92
9 97
9 98
9 99
10 11
10 12
10 14
10 15
10 16
10 18
10 20
10 21
10 22
10 25
10 26
10 27
10 35
10 36
10 39
10 40
10 43
10 44
10 45
10 47
10 48
10 49
10 50
10 52
10 53
10 54
10 55
10 59
10 60
10 63
10 64
10 65
10 66
10 67
10 70
10 71
10 73
10 75
10 78
10 81
10 83
10 84
10 85
10 86
10 88
10 89
10 90
10 91
10 92
10 93
10 94
10 96
10 98
10 99
11 12
11 14
11 16
11 17
11 20
11 21
11 22
11 23
11 25
11 26
11 28
11 30
11 31
11 33
11 35
11 39
11 40
11 41
11 46
11 48
11 49
11 51
11 52
11 54
11 55
11 56
11 63
11 64
11 66
11 69
11 71
11 72
11 73
11 76
11 77
11 78
11 79
11 82
11 84
11 85
11 86
11 87
11 88
11 89
11 92
11 94
11 96
12 13
12 14
12 15
12 16
12 20
12 26
12 28
12 29
12 30
12 33
12 35
12 36
12 38
12 39
12 41
12 42
12 43
12 49
12 52
12 54
12 56
12 57
12 59
12 60
12 61
12 62
12 63
12 64
12 66
12 68
12 73
12 81
12 82
12 85
12 86
12 87
12 89
12 93
12 94
12 95
12 98
13 14
13 15
13 16
13 17
13 18
13 19
13 21
13 24
13 25
13 26
13 27
13 30
13 31
13 36
13 37
13 39
13 40
13 41
13 42
13 44
13 46
13 47
13 48
13 50
13 51
13 53
13 57
13 59
13 60
13 61
13 62
13 63
13 66
13 67
13 69
13 70
13 73
13 74
13 75
13 76
13 81
13 83
13 84
13 85
13 86
13 88
13 89
13 92
13 93
13 96
13 98
13 99
14 19
14 20
14 23
14 24
14 25
14 27
14 30
14 32
14 34
14 35
14 37
14 41
14 43
14 47
14 48
14 50
14 51
14 52
14 53
14 55
14 57
14 58
14 61
14 62
14 65
14 66
14 68
14 69
14 70
14 72
14 74
14 75
14 77
14 79
14 80
14 81
14 83
14 84
14 85
14 87
14 89
14 90
14 93
14 94
14 95
14 99
15 16
15 17
15 18
15 20
15 21
15 22
15 23
15 25
15 28
15 29
15 30
15 32
15 33
15 34
15 35
15 36
15 37
15 38
15 39
15 41
15 42
15 45
15 48
15 49
15 50
15 51
15 52
15 54
15 55
15 56
15 58
15 62
15 65
15 66
15 68
15 69
15 70
15 71
15 72
15 73
15 74
15 75
15 76
15 77
15 78
15 80
15 81
15 82
15 83
15 85
15 87
15 88
15 89
15 90
15 92
15 93
15 94
15 95
15 97
15 98
16 17
16 18
16 19
16 21
16 22
16 24
16 25
16 26
16 27
16 29
16 30
16 31
16 32
16 34
16 35
16 36
16 40
16 41
16 42
16 43
16 46
16 47
16 48
16 49
16 52
16 55
16 57
16 60
16 61
16 62
16 63
16 64
16 66
16 68
16 70
16 72
16 75
16 79
16 80
16 81
16 83
16 84
16 91
16 92
16 93
16 97
17 18
17 20
17 25
17 26
17 27
17 30
17 31
17 32
17 34
17 35
17 36
17 37
17 39
17 40
17 41
17 43
17 44
17 47
17 48
17 49
17 52
17 53
17 55
17 59
17 60
17 61
17 62
17 64
17 65
17 67
17 68
17 71
17 72
17 73
17 77
17 78
17 81
17 84
17 85
17 86
17 87
17 89
17 90
17 92
17 93
17 94
17 95
17 97
17 98
18 19
18 21
18 22
18 23
18 25
18 26
18 27
18 28
18 30
18 31
18 32
18 33
18 35
18 37
18 38
18 39
18 42
18 43
18 48
18 50
18 51
18 53
18 55
18 57
18 62
18 63
18 65
18 66
18 67
18 69
18 70
18 71
18 74
18 75
18 76
18 77
18 78
18 79
18 81
18 82
18 85
18 86
18 88
18 89
18 91
18 92
18 94
18 95
18 97
18 98
19 22
19 23
19 25
19 26
19 27
19 28
19 30
19 33
19 34
19 36
19 38
19 40
19 44
19 46
19 47
19 51
19 52
19 54
19 55
19 58
19 59
19 60
19 61
19 62
19 63
19 65
19 67
19 70
19 71
19 72
19 73
19 74
19 76
19 77
19 78
19 79
19 81
19 82
19 84
19 89
19 92
19 97
19 98
19 99
20 21
20 22
20 25
20 26
20 28
20 30
20 31
20 33
20 34
20 36
20 37
20 38
20 40
20 41
20 45
20 47
20 48
20 51
20 54
20 55
20 56
20 57
20 58
20 59
20 60
20 61
20 62
20 63
20 66
20 67
20 68
20 69
20 70
20 71
20 72
20 73
20 76
20 77
20 82
20 83
20 84
20 85
20 86
20 89
20 92
20 93
20 94
20 99
21 22
21 23
21 24
21 25
21 26
21 28
21 30
21 33
21 34
21 38
21 40
21 43
21 44
21 46
21 50
21 53
21 54
21 56
21 57
21 59
21 61
21 62
21 63
21 64
21 65
21 69
21 70
21 71
21 72
21 73
21 74
21 76
21 77
21 78
21 81
21 82
21 83
21 84
21 85
21 86
21 87
21 90
21 91
21 92
21 93
21 94
21 95
21 96
21 98
22 23
22 25
22 27
22 28
22 29
22 30
22 31
22 32
22 33
22 34
22 35
22 36
22 41
22 42
22 44
22 45
22 47
22 48
22 49
22 50
22 53
22 55
22 58
22 60
22 61
22 63
22 64
22 66
22 67
22 68
22 69
22 70
22 73
22 75
22 82
22 83
22 84
22 86
22 87
22 88
22 89
22 92
22 94
22 98
22 99
23 24
23 25
23 26
23 27
23 29
23 30
23 32
23 33
23 35
23 36
23 38
23 41
23 43
23 44
23 46
23 48
23 50
23 51
23 52
23 53
23 56
23 57
23 58
23 63
23 64
23 70
23 72
23 73
23 74
23 76
23 77
23 78
23 79
23 81
23 82
23 83
23 84
23 85
23 86
23 87
23 88
23 89
23 91
23 93
23 96
23 97
23 98
23 99
24 27
24 28
24 29
24 32
24 33
24 34
24 36
24 37
24 38
24 39
24 41
24 44
24 45
24 46
24 47
24 51
24 52
24 53
24 56
24 59
24 60
24 61
24 62
24 63
24 66
24 67
24 68
24 69
24 70
24 71
24 72
24 74
24 75
24 76
24 77
24 79
24 80
24 82
24 83
24 85
24 87
24 88
24 89
24 90
24 92
24 93
24 94
24 97
25 26
25 28
25 29
25 31
25 33
25 35
25 37
25 39
25 40
25 41
25 42
25 43
25 44
25 45
25 46
25 47
25 48
25 50
25 52
25 57
25 61
25 63
25 64
25 65
25 66
25 67
25 68
25 69
25 70
25 71
25 73
25 74
25 76
25 79
25 80
25 81
25 87
25 90
25 92
25 93
25 94
25 96
25 98
26 27
26 29
26 30
26 33
26 34
26 40
26 41
26 42
26 43
26 45
26 46
26 48
26 49
26 52
26 53
26 55
26 58
26 61
26 65
26 66
26 67
26 69
26 70
26 71
26 76
26 77
26 79
26 80
26 82
26 83
26 84
26 86
26 87
26 88
26 90
26 96
26 97
26 98
26 99
27 30
27 31
27 32
27 33
27 34
27 37
27 38
27 39
27 40
27 44
27 45
27 49
27 52
27 53
27 55
27 56
27 58
27 59
27 61
27 64
27 65
27 68
27 69
27 72
27 73
27 75
27 77
27 78
27 79
27 80
27 81
27 85
27 86
27 95
27 96
27 99
28 30
28 31
28 36
28 37
28 38
28 39
28 40
28 41
28 42
28 43
28 44
28 45
28 46
28 48
28 49
28 51
28 52
28 53
28 57
28 59
28 62
28 65
28 67
28 69
28 71
28 72
28 73
28 75
28 77
28 78
28 79
28 80
28 81
28 82
28 83
28 84
28 85
28 86
28 87
28 88
28 89
28 90
28 91
28 92
28 93
28 94
28 95
28 96
28 99
29 32
29 33
29 34
29 37
29 38
29 39
29 41
29 43
29 44
29 45
29 48
29 49
29 50
29 53
29 54
29 55
29 57
29 60
29 61
29 63
29 64
29 65
29 66
29 68
29 70
29 71
29 72
29 73
29 74
29 75
29 78
29 79
29 80
29 81
29 82
29 83
29 84
29 86
29 88
29 91
29 92
29 94
29 96
29 97
29 98
29 99
30 31
30 33
30 35
30 38
30 42
30 44
30 45
30 46
30 47
30 48
30 49
30 50
30 53
30 56
30 57
30 61
30 63
30 65
30 67
30 68
30 69
30 70
30 71
30 73
30 74
30 75
30 76
30 77
30 79
30 81
30 82
30 83
30 84
30 85
30 86
30 87
30 88
30 89
30 91
30 92
30 94
30 95
30 97
30 98
30 99
31 32
31 33
31 37
31 38
31 39
31 44
31 45
31 47
31 48
31 50
31 52
31 55
31 57
31 58
31 59
31 60
31 62
31 64
31 65
31 67
31 68
31 70
31 72
31 73
31 74
31 77
31 79
31 80
31 82
31 86
31 87
31 90
31 91
31 92
31 94
31 95
31 97
31 99
32 35
32 37
32 38
32 40
32 41
32 42
32 43
32 45
32 47
32 48
32 49
32 50
32 52
32 53
32 54
32 56
32 57
32 61
32 62
32 63
32 66
32 67
32 69
32 70
32 75
32 76
32 82
32 83
32 89
32 91
32 92
32 96
32 97
32 98
32 99
33 35
33 37
33 39
33 40
33 44
33 46
33 49
33 52
33 53
33 59
33 61
33 63
33 64
33 66
33 68
33 70
33 71
33 72
33 76
33 77
33 78
33 80
33 81
33 83
33 86
33 87
33 88
33 89
33 90
33 92
33 94
33 95
33 96
33 97
33 98
33 99
34 35
34 36
34 37
34 38
34 41
34 43
34 44
34 45
34 46
34 51
34 52
34 53
34 54
34 55
34 56
34 57
34 59
34 60
34 61
34 63
34 65
34 66
34 69
34 70
34 72
34 74
34 77
34 78
34 80
34 82
34 83
34 84
34 85
34 86
34 87
34 88
34 89
34 93
34 95
34 97
34 99
35 36
35 37
35 38
35 39
35 40
35 43
35 44
35 45
35 47
35 49
35 50
35 52
35 54
35 55
35 57
35 59
35 64
35 65
35 66
35 67
35 68
35 69
35 72
35 73
35 75
35 76
35 78
35 80
35 81
35 83
35 86
35 90
35 91
35 92
35 94
35 95
35 96
35 97
35 98
36 38
36 39
36 43
36 45
36 50
36 51
36 54
36 55
36 56
36 58
36 59
36 60
36 62
36 63
36 65
36 67
36 68
36 69
36 72
36 73
36 75
36 80
36 82
36 85
36 87
36 89
36 90
36 91
36 92
36 93
36 97
36 98
36 99
37 38
37 39
37 41
37 42
37 43
37 45
37 46
37 47
37 48
37 51
37 55
37 56
37 57
37 58
37 60
37 61
37 63
37 64
37 65
37 67
37 68
37 70
37 73
37 75
37 76
37 77
37 79
37 81
37 82
37 83
37 84
37 85
37 86
37 87
37 89
37 90
37 91
37 93
37 98
38 39
38 40
38 42
38 43
38 46
38 47
38 49
38 50
38 51
38 52
38 53
38 54
38 57
38 58
38 61
38 62
38 64
38 65
38 66
38 69
38 70
38 71
38 72
38 74
38 77
38 79
38 80
38 81
38 82
38 85
38 86
38 87
38 88
38 89
38 95
38 96
38 97
38 98
38 99
39 40
39 42
39 43
39 45
39 49
39 50
39 51
39 52
39 53
39 54
39 55
39 56
39 57
39 58
39 59
39 60
39 62
39 63
39 64
39 65
39 66
39 67
39 69
39 70
39 71
39 72
39 73
39 76
39 77
39 78
39 80
39 81
39 82
39 83
39 88
39 90
39 91
39 93
39 95
40 41
40 45
40 46
40 51
40 53
40 55
40 56
40 57
40 58
40 59
40 61
40 64
40 65
40 67
40 68
40 69
40 71
40 72
40 75
40 80
40 82
40 85
40 88
40 89
40 90
40 91
40 92
40 93
40 95
40 96
40 97
40 98
41 43
41 45
41 46
41 47
41 48
41 50
41 51
41 52
41 55
41 56
41 57
41 59
41 60
41 61
41 62
41 63
41 64
41 68
41 71
41 72
41 73
41 74
41 75
41 76
41 77
41 78
41 82
41 84
41 85
41 86
41 87
41 89
41 90
41 91
41 92
41 94
41 96
41 97
41 98
42 44
42 45
42 48
42 49
42 52
42 53
42 54
42 57
42 60
42 61
42 62
42 63
42 66
42 67
42 68
42 69
42 71
42 74
42 75
42 77
42 78
42 79
42 81
42 82
42 83
42 84
42 86
42 90
42 93
42 94
42 95
43 45
43 46
43 48
43 49
43 50
43 51
43 54
43 55
43 56
43 59
43 60
43 61
43 63
43 64
43 67
43 69
43 70
43 71
43 72
43 77
43 78
43 80
43 81
43 83
43 84
43 85
43 86
43 88
43 90
43 91
43 92
43 94
43 95
44 45
44 47
44 48
44 49
44 50
44 52
44 53
44 54
44 60
44 61
44 64
44 65
44 66
44 71
44 72
44 75
44 77
44 78
44 79
44 81
44 82
44 84
44 85
44 86
44 88
44 89
44 92
44 94
44 97
44 98
44 99
45 46
45 50
45 51
45 52
45 53
45 54
45 55
45 57
45 58
45 59
45 60
45 61
45 62
45 64
45 66
45 67
45 69
45 71
45 72
45 76
45 77
45 79
45 83
45 84
45 85
45 89
45 91
45 92
45 93
45 94
45 96
45 97
45 98
45 99
46 47
46 50
46 51
46 52
46 55
46 56
46 58
46 59
46 60
46 61
46 63
46 65
46 66
46 67
46 68
46 69
46 73
46 74
46 75
46 76
46 77
46 78
46 79
46 82
46 83
46 85
46 86
46 87
46 91
46 92
46 96
46 97
46 99
47 48
47 50
47 54
47 55
47 57
47 58
47 59
47 61
47 62
47 63
47 64
47 65
47 68
47 69
47 70
47 73
47 74
47 75
47 78
47 79
47 80
47 82
47 83
47 84
47 87
47 88
47 89
47 91
47 92
47 94
47 95
47 96
47 99
48 52
48 53
48 56
48 57
48 58
48 59
48 64
48 65
48 67
48 68
48 69
48 70
48 73
48 74
48 75
48 77
48 78
48 80
48 81
48 82
48 84
48 85
48 86
48 92
48 94
48 96
48 97
48 98
48 99
49 50
49 51
49 52
49 53
49 57
49 58
49 59
49 60
49 61
49 63
49 64
49 66
49 67
49 70
49 71
49 72
49 73
49 75
49 76
49 77
49 80
49 81
49 82
49 83
49 84
49 85
49 87
49 88
49 89
49 90
49 91
49 95
49 96
49 98
50 51
50 52
50 53
50 54
50 56
50 57
50 59
50 60
50 61
50 62
50 63
50 66
50 68
50 69
50 70
50 73
50 75
50 76
50 77
50 79
50 80
50 83
50 85
50 86
50 89
50 92
50 94
50 96
50 97
50 98
50 99
51 54
51 55
51 57
51 58
51 60
51 61
51 62
51 63
51 64
51 67
51 68
51 69
51 70
51 71
51 72
51 73
51 75
51 76
51 77
51 79
51 81
51 82
51 85
51 86
51 88
51 89
51 90
51 93
51 95
51 96
51 98
52 53
52 55
52 56
52 58
52 59
52 60
52 61
52 63
52 64
52 65
52 72
52 73
52 74
52 75
52 76
52 78
52 80
52 82
52 83
52 84
52 85
52 86
52 87
52 91
52 92
52 93
52 94
52 95
52 96
52 97
52 98
53 55
53 56
53 57
53 58
53 60
53 62
53 63
53 65
53 66
53 67
53 68
53 69
53 70
53 71
53 73
53 74
53 75
53 78
53 79
53 80
53 82
53 85
53 86
53 87
53 91
53 92
53 93
53 94
53 95
53 96
53 98
53 99
54 55
54 56
54 59
54 63
54 64
54 65
54 70
54 71
54 73
54 74
54 75
54 76
54 77
54 81
54 82
54 83
54 84
54 87
54 88
54 89
54 92
54 93
54 94
54 96
54 98
55 56
55 57
55 58
55 59
55 60
55 61
55 63
55 64
55 66
55 72
55 74
55 75
55 76
55 77
55 78
55 79
55 82
55 83
55 84
55 88
55 90
55 91
55 93
55 95
55 96
55 97
55 98
56 57
56 59
56 61
56 64
56 67
56 69
56 73
56 74
56 75
56 76
56 79
56 80
56 82
56 83
56 84
56 85
56 86
56 90
56 91
56 93
56 94
56 95
56 97
56 98
56 99
57 59
57 61
57 64
57 65
57 67
57 68
57 69
57 70
57 71
57 72
57 74
57 76
57 78
57 80
57 87
57 88
57 89
57 90
57 91
57 95
57 96
58 61
58 62
58 63
58 64
58 65
58 67
58 68
58 71
58 73
58 75
58 77
58 78
58 79
58 80
58 81
58 83
58 84
58 85
58 86
58 87
58 88
58 89
58 91
58 93
58 94
58 97
58 98
58 99
59 60
59 62
59 63
59 64
59 66
59 68
59 69
59 70
59 75
59 76
59 77
59 78
59 79
59 82
59 83
59 84
59 85
59 87
59 90
59 91
59 92
59 93
59 94
59 95
59 96
59 97
59 98
60 62
60 64
60 65
60 66
60 70
60 72
60 73
60 74
60 80
60 82
60 83
60 85
60 86
60 89
60 91
60 93
60 94
60 95
60 96
60 98
60 99
61 63
61 64
61 65
61 68
61 69
61 73
61 74
61 75
61 76
61 77
61 78
61 79
61 80
61 81
61 83
61 85
61 86
61 88
61 91
61 93
61 95
61 96
61 99
62 63
62 64
62 67
62 69
62 70
62 71
62 72
62 73
62 78
62 79
62 80
62 82
62 83
62 88
62 90
62 92
62 93
62 94
62 96
62 97
62 98
63 65
63 66
63 67
63 68
63 69
63 70
63 74
63 75
63 76
63 77
63 78
63 79
63 80
63 81
63 82
63 83
63 85
63 86
63 87
63 90
63 92
63 93
63 94
63 96
63 98
64 65
64 66
64 67
64 68
64 69
64 71
64 72
64 73
64 74
64 75
64 77
64 78
64 79
64 80
64 82
64 84
64 86
64 87
64 89
64 91
64 92
64 95
64 98
65 68
65 71
65 73
65 74
65 75
65 77
65 79
65 83
65 84
65 90
65 91
65 92
65 93
65 94
65 95
65 96
65 97
65 98
65 99
66 69
66 70
66 72
66 73
66 76
66 79
66 81
66 82
66 83
66 85
66 87
66 88
66 89
66 91
66 92
66 94
66 95
66 96
66 97
66 98
66 99
67 68
67 71
67 72
67 73
67 75
67 76
67 77
67 78
67 80
67 81
67 82
67 83
67 84
67 85
67 86
67 88
67 92
67 93
67 94
67 96
68 69
68 70
68 71
68 72
68 73
68 77
68 78
68 79
68 81
68 82
68 83
68 85
68 86
68 87
68 90
68 94
68 95
68 96
68 98
68 99
69 71
69 73
69 77
69 78
69 79
69 81
69 83
69 85
69 86
69 88
69 90
69 92
69 97
69 99
70 72
70 76
70 77
70 79
70 81
70 83
70 85
70 86
70 88
70 89
70 91
70 92
70 94
70 95
70 96
70 97
70 99
71 72
71 76
71 78
71 81
71 82
71 85
71 86
71 87
71 88
71 89
71 91
71 96
71 97
71 98
71 99
72 73
72 74
72 76
72 78
72 79
72 80
72 82
72 83
72 84
72 85
72 86
72 87
72 89
72 93
72 94
72 95
72 96
72 97
72 98
72 99
73 74
73 79
73 80
73 81
73 82
73 83
73 84
73 85
73 89
73 90
73 91
73 93
73 94
73 95
73 96
73 97
73 98
74 75
74 76
74 82
74 83
74 84
74 85
74 86
74 87
74 89
74 90
74 93
74 94
74 95
74 96
74 97
74 98
74 99
75 76
75 77
75 79
75 80
75 81
75 82
75 83
75 84
75 85
75 86
75 88
75 89
75 90
75 92
75 93
75 95
75 96
75 97
75 98
76 77
76 78
76 79
76 80
76 83
76 84
76 88
76 89
76 90
76 91
76 93
76 94
76 95
76 96
76 99
77 78
77 79
77 80
77 81
77 83
77 88
77 91
77 97
77 98
78 79
78 80
78 81
78 82
78 83
78 84
78 85
78 86
78 88
78 90
78 91
78 92
78 93
78 94
78 95
78 96
78 97
79 80
79 81
79 82
79 83
79 84
79 86
79 88
79 90
79 91
79 92
79 94
79 95
79 96
79 97
79 98
79 99
80 82
80 85
80 89
80 90
80 93
80 95
81 82
81 83
81 84
81 87
81 88
81 89
81 90
81 91
81 95
81 96
82 85
82 87
82 88
82 89
82 91
82 93
82 98
83 84
83 86
83 87
83 88
83 90
83 91
83 94
83 95
83 97
84 86
84 87
84 90
84 91
84 92
84 93
84 94
84 95
84 97
84 98
84 99
85 86
85 87
85 88
85 90
85 91
85 92
85 94
85 98
85 99
86 87
86 89
86 97
86 98
86 99
87 89
87 91
87 93
87 95
87 97
87 99
88 89
88 91
88 92
88 93
88 94
88 95
88 96
88 98
89 90
89 91
89 92
89 93
89 95
89 96
89 97
89 98
89 99
90 91
90 93
90 95
90 96
90 97
90 98
90 99
91 93
91 94
91 95
91 96
91 97
91 98
91 99
92 93
92 94
92 95
92 96
92 97
93 96
93 98
93 99
94 96
94 97
95 96
95 99
96 97
96 98
96 99
97 98
97 99
98 99
