0 4
0 5
0 19
0 22
0 26
0 27
0 30
0 31
0 40
0 41
0 43
0 47
0 53
0 54
0 57
0 58
0 60
0 65
0 69
0 71
0 91
0 95
0 98
0 99
1 3
1 5
1 7
1 12
1 13
1 25
1 34
1 36
1 37
1 40
1 49
1 50
1 52
1 53
1 54
1 58
1 61
1 67
1 69
1 88
1 89
2 28
2 39
2 43
2 46
2 48
2 60
2 67
2 75
2 81
2 85
2 87
2 95
2 96
2 98
3 18
3 21
3 24
3 26
3 31
3 36
3 37
3 42
3 46
3 60
3 63
3 65
3 81
3 92
3 96
3 98
3 99
4 8
4 9
4 18
4 20
4 22
4 30
4 35
4 36
4 42
4 47
4 48
4 51
4 60
4 63
4 65
4 69
4 70
4 72
4 73
4 75
4 90
4 92
4 94
5 9
5 10
5 13
5 21
5 28
5 29
5 30
5 42
5 54
5 58
5 59
5 64
5 70
5 71
5 74
5 77
5 78
5 79
5 80
5 81
5 85
5 96
5 98
6 24
6 27
6 31
6 32
6 39
6 45
6 52
6 58
6 61
6 70
6 75
6 82
6 84
6 97
7 21
7 28
7 29
7 30
7 35
7 36
7 37
7 45
7 46
7 53
7 63
7 70
7 71
7 74
7 82
7 84
7 85
7 87
7 99
8 15
8 24
8 29
8 32
8 41
8 43
8 44
8 50
8 53
8 62
8 68
8 73
8 75
8 82
8 87
8 88
8 89
8 94
8 97
9 19
9 29
9 38
9 48
9 50
9 53
9 61
9 70
9 71
9 72
9 79
9 80
9 81
9 85
9 86
9 87
9 91
9 95
10 19
10 21
10 22
10 31
10 36
10 39
10 40
10 52
10 65
10 78
10 80
10 81
10 87
10 92
10 97
11 17
11 20
11 22
11 25
11 27
11 32
11 39
11 40
11 41
11 49
11 57
11 60
11 67
11 74
11 81
11 94
11 95
11 97
12 17
12 21
12 29
12 34
12 40
12 43
12 46
12 47
12 55
12 59
12 65
12 76
12 80
12 82
12 84
12 87
12 91
12 94
13 22
13 24
13 27
13 33
13 44
13 57
13 60
13 64
13 68
13 69
13 71
13 75
13 79
13 82
13 87
13 89
14 16
14 19
14 27
14 36
14 46
14 51
14 58
14 60
14 78
14 79
14 81
14 87
14 91
15 19
15 25
15 35
15 45
15 52
15 53
15 54
15 57
15 62
15 63
15 64
15 79
15 85
15 86
15 93
15 97
16 21
16 28
16 36
16 37
16 42
16 44
16 49
16 64
16 66
16 69
16 74
16 76
16 77
16 78
16 79
16 88
16 95
17 19
17 31
17 33
17 49
17 62
17 65
17 66
17 68
17 70
17 86
17 92
17 93
17 95
17 98
18 25
18 27
18 29
18 30
18 47
18 53
18 59
18 60
18 63
18 64
18 65
18 68
18 73
18 76
18 80
18 81
18 85
18 93
18 94
19 20
19 21
19 22
19 26
19 39
19 40
19 48
19 57
19 58
19 59
19 67
19 68
19 74
19 82
19 94
19 96
19 97
20 25
20 31
20 32
20 42
20 45
20 52
20 59
20 61
20 64
20 67
20 75
20 76
20 77
20 80
20 83
20 84
20 88
20 93
20 96
20 99
21 26
21 41
21 44
21 49
21 59
21 70
21 72
21 74
21 77
21 78
21 80
21 83
21 85
21 91
21 92
21 93
21 95
22 35
22 39
22 41
22 42
22 43
22 45
22 46
22 53
22 57
22 60
22 61
22 63
22 66
22 67
22 80
22 81
22 85
22 90
22 95
23 27
23 34
23 40
23 45
23 47
23 48
23 51
23 54
23 58
23 66
23 70
23 89
23 94
24 26
24 32
24 34
24 40
24 43
24 51
24 52
24 53
24 64
24 75
24 79
24 83
24 86
25 27
25 29
25 34
25 36
25 39
25 42
25 43
25 45
25 49
25 59
25 61
25 65
25 66
25 73
25 74
25 82
25 83
25 88
25 96
26 27
26 32
26 36
26 37
26 40
26 51
26 53
26 60
26 73
26 81
26 84
26 87
26 88
26 91
26 98
27 29
27 31
27 37
27 41
27 45
27 49
27 52
27 61
27 64
27 65
27 70
27 75
27 78
27 79
27 90
27 99
28 29
28 31
28 36
28 37
28 58
28 59
28 60
28 73
28 76
28 81
28 82
28 84
28 86
28 87
28 94
28 95
28 98
29 37
29 47
29 51
29 60
29 67
29 72
29 75
29 84
29 85
29 86
29 91
29 92
29 93
29 94
30 33
30 40
30 41
30 42
30 53
30 57
30 61
30 63
30 64
30 77
30 81
30 84
30 94
30 97
31 35
31 43
31 54
31 61
31 66
31 67
31 69
31 72
31 76
31 77
31 78
31 82
31 89
31 96
31 97
31 98
32 34
32 35
32 36
32 38
32 41
32 44
32 51
32 54
32 62
32 65
32 82
32 89
32 92
32 94
33 42
33 43
33 55
33 61
33 75
33 85
33 86
33 92
34 42
34 45
34 50
34 55
34 58
34 64
34 67
34 68
34 72
34 89
34 90
34 96
34 97
35 37
35 43
35 45
35 52
35 56
35 57
35 58
35 60
35 64
35 66
35 69
35 72
35 86
35 89
35 91
35 95
35 98
36 39
36 46
36 47
36 48
36 54
36 55
36 56
36 65
36 68
36 80
36 88
36 89
36 90
37 40
37 45
37 48
37 51
37 57
37 61
37 62
37 67
37 71
37 73
37 75
37 77
37 79
37 80
37 85
37 93
37 97
38 40
38 42
38 46
38 55
38 57
38 60
38 65
38 78
38 86
38 91
38 92
38 93
38 94
39 59
39 62
39 64
39 68
39 71
39 73
39 79
39 92
39 97
40 51
40 62
40 68
40 71
40 75
40 89
40 91
40 93
40 94
40 99
41 43
41 49
41 53
41 64
41 70
41 76
41 77
41 78
41 80
41 84
41 98
42 46
42 68
42 86
42 91
42 94
42 99
43 47
43 54
43 60
43 61
43 71
43 74
43 75
43 81
43 89
43 93
43 95
43 98
43 99
44 51
44 58
44 61
44 72
44 75
44 91
44 93
44 96
45 58
45 74
45 82
45 88
45 95
45 98
45 99
46 47
46 48
46 55
46 58
46 61
46 62
46 63
46 65
46 70
46 73
46 74
46 77
46 78
46 79
46 81
46 84
46 85
46 89
46 93
46 95
46 98
47 53
47 54
47 56
47 58
47 68
47 71
47 74
47 77
47 78
47 79
47 82
47 83
47 91
47 97
48 59
48 61
48 68
48 76
48 78
48 90
48 93
48 95
49 53
49 54
49 57
49 58
49 59
49 69
49 70
49 72
49 77
49 81
49 82
49 84
49 91
50 54
50 55
50 56
50 61
50 66
50 73
50 79
50 80
50 87
50 89
50 90
51 53
51 59
51 65
51 73
51 92
51 96
52 54
52 55
52 57
52 64
52 78
52 83
52 88
52 91
52 93
52 99
53 55
53 58
53 60
53 74
53 80
53 88
53 93
53 95
54 55
54 61
54 66
54 68
54 77
54 83
54 85
54 93
54 99
55 56
55 61
55 75
55 80
55 82
55 94
56 60
56 62
56 66
56 78
56 82
56 87
56 96
57 67
57 69
57 72
57 76
57 77
57 78
57 79
57 84
57 85
57 92
57 93
57 95
57 97
58 60
58 61
58 64
58 69
58 78
58 79
58 80
58 82
58 86
58 94
59 62
59 69
59 80
59 81
59 87
59 90
59 92
59 95
60 64
60 67
60 74
60 78
60 80
60 81
60 85
60 86
60 87
60 91
60 98
61 63
61 74
61 77
61 78
61 83
61 87
61 97
61 98
62 66
62 68
62 79
62 85
62 96
63 71
63 74
63 76
63 81
63 83
63 86
63 87
63 96
63 98
64 72
64 83
64 89
64 96
64 99
65 68
65 78
65 93
65 96
65 99
66 72
66 77
66 86
66 89
66 95
66 99
67 78
67 92
67 94
67 96
68 70
68 75
68 78
68 81
68 82
68 84
68 95
68 97
69 77
69 79
69 85
69 94
70 84
70 86
71 74
71 76
71 82
71 94
72 75
72 79
72 80
72 81
72 89
72 95
73 76
73 77
73 87
73 88
73 91
74 75
74 79
74 84
74 92
74 97
75 76
75 82
75 92
76 80
76 84
76 87
76 88
76 89
76 97
77 89
77 92
79 81
79 87
79 89
79 91
80 87
80 97
80 98
81 84
81 85
81 87
82 83
82 89
82 91
82 96
82 98
83 84
83 85
83 86
83 93
84 85
84 86
84 93
84 94
84 96
85 86
85 87
85 89
85 96
85 97
85 98
86 87
86 90
86 91
86 92
86 93
86 94
87 95
88 92
88 97
92 96
92 97
93 98
94 95
94 96
95 96
95 98
98 99
