0 3
0 6
0 10
0 12
0 13
0 16
0 24
0 29
0 31
0 32
0 39
0 44
0 48
0 50
0 51
0 52
0 54
0 55
0 58
0 62
0 64
0 65
0 71
0 76
0 77
0 79
0 81
0 86
0 87
0 92
0 96
0 99
1 4
1 5
1 7
1 8
1 10
1 15
1 18
1 20
1 24
1 27
1 29
1 30
1 31
1 34
1 36
1 37
1 44
1 46
1 49
1 53
1 59
1 66
1 67
1 70
1 71
1 72
1 78
1 80
1 84
1 87
1 89
1 91
1 96
2 7
2 9
2 11
2 12
2 13
2 26
2 29
2 31
2 35
2 40
2 43
2 47
2 48
2 49
2 52
2 56
2 57
2 61
2 65
2 67
2 68
2 71
2 81
2 82
2 84
2 90
3 4
3 5
3 7
3 17
3 19
3 22
3 23
3 25
3 27
3 35
3 36
3 37
3 42
3 43
3 47
3 52
3 53
3 58
3 61
3 62
3 65
3 67
3 72
3 77
3 79
3 86
3 89
3 90
3 92
3 97
3 98
3 99
4 6
4 8
4 10
4 30
4 33
4 36
4 37
4 38
4 40
4 43
4 44
4 47
4 48
4 51
4 57
4 58
4 60
4 62
4 67
4 68
4 74
4 78
4 84
4 86
4 87
4 89
4 91
4 93
4 94
4 96
4 97
5 7
5 16
5 22
5 28
5 30
5 31
5 33
5 35
5 37
5 45
5 46
5 47
5 49
5 50
5 51
5 53
5 59
5 60
5 62
5 67
5 69
5 70
5 74
5 75
5 76
5 80
5 86
5 89
5 92
6 8
6 10
6 11
6 16
6 23
6 31
6 34
6 40
6 42
6 43
6 51
6 65
6 69
6 70
6 72
6 73
6 81
6 96
6 99
7 11
7 12
7 17
7 18
7 21
7 23
7 26
7 28
7 30
7 31
7 32
7 34
7 36
7 37
7 42
7 44
7 45
7 48
7 50
7 53
7 54
7 56
7 58
7 60
7 61
7 63
7 64
7 65
7 66
7 68
7 71
7 72
7 76
7 77
7 80
7 85
7 90
7 94
7 99
8 9
8 14
8 22
8 25
8 28
8 40
8 45
8 49
8 52
8 58
8 61
8 63
8 66
8 70
8 71
8 73
8 74
8 75
8 85
8 88
8 90
8 94
8 96
9 11
9 13
9 14
9 15
9 16
9 18
9 19
9 25
9 28
9 38
9 39
9 41
9 43
9 46
9 47
9 48
9 49
9 50
9 54
9 55
9 59
9 64
9 78
9 80
9 84
9 90
9 91
9 92
9 93
9 94
9 96
9 97
9 98
10 11
10 13
10 19
10 22
10 24
10 27
10 29
10 30
10 31
10 35
10 37
10 38
10 39
10 44
10 45
10 49
10 51
10 56
10 57
10 61
10 65
10 66
10 67
10 70
10 72
10 75
10 76
10 81
10 82
10 88
10 89
10 90
10 91
10 92
10 94
11 13
11 16
11 17
11 21
11 23
11 24
11 27
11 28
11 29
11 31
11 33
11 40
11 42
11 45
11 49
11 53
11 59
11 64
11 66
11 67
11 70
11 73
11 76
11 81
11 86
11 87
11 95
11 97
11 99
12 13
12 14
12 17
12 18
12 29
12 30
12 36
12 39
12 43
12 45
12 47
12 48
12 59
12 62
12 67
12 71
12 75
12 77
12 78
12 82
12 89
12 91
12 93
12 94
12 95
12 97
12 98
12 99
13 16
13 18
13 19
13 21
13 23
13 25
13 28
13 34
13 35
13 39
13 40
13 42
13 43
13 44
13 45
13 47
13 52
13 62
13 64
13 65
13 67
13 72
13 79
13 83
13 84
13 86
13 91
13 94
13 96
14 16
14 17
14 18
14 19
14 21
14 22
14 26
14 27
14 31
14 40
14 43
14 45
14 46
14 50
14 53
14 54
14 59
14 63
14 67
14 68
14 72
14 77
14 79
14 93
14 94
14 95
14 97
15 18
15 22
15 28
15 29
15 31
15 37
15 38
15 43
15 48
15 58
15 59
15 64
15 68
15 71
15 72
15 83
15 88
15 92
15 94
15 97
15 98
16 19
16 23
16 26
16 27
16 28
16 29
16 37
16 42
16 43
16 46
16 47
16 49
16 51
16 55
16 57
16 58
16 62
16 66
16 74
16 78
16 80
16 81
16 83
16 85
16 86
16 87
16 93
16 99
17 20
17 21
17 22
17 23
17 30
17 34
17 39
17 41
17 43
17 44
17 45
17 51
17 54
17 55
17 56
17 57
17 58
17 59
17 60
17 62
17 76
17 77
17 78
17 85
17 93
17 97
18 26
18 28
18 30
18 34
18 36
18 43
18 44
18 45
18 47
18 48
18 49
18 53
18 54
18 64
18 66
18 71
18 80
18 82
18 83
18 88
18 91
18 92
18 97
19 22
19 27
19 28
19 29
19 33
19 40
19 45
19 46
19 48
19 52
19 59
19 62
19 63
19 65
19 67
19 68
19 72
19 73
19 80
19 81
19 83
19 90
19 94
19 97
19 98
20 23
20 31
20 39
20 43
20 47
20 49
20 51
20 52
20 59
20 60
20 61
20 67
20 69
20 71
20 75
20 77
20 82
20 86
20 87
20 88
20 93
20 95
21 28
21 29
21 34
21 37
21 42
21 45
21 47
21 52
21 55
21 57
21 59
21 67
21 69
21 70
21 74
21 75
21 77
21 79
21 81
21 83
21 85
21 87
21 89
21 92
21 96
21 98
22 28
22 32
22 33
22 34
22 35
22 36
22 39
22 42
22 44
22 46
22 52
22 55
22 58
22 64
22 65
22 67
22 76
22 82
22 83
22 86
22 90
22 91
22 93
22 95
22 96
22 99
23 31
23 38
23 40
23 41
23 43
23 46
23 47
23 50
23 53
23 57
23 60
23 61
23 63
23 66
23 67
23 69
23 70
23 73
23 74
23 75
23 77
23 82
23 83
23 87
23 97
23 98
23 99
24 26
24 27
24 28
24 32
24 33
24 35
24 41
24 45
24 47
24 48
24 55
24 57
24 59
24 60
24 64
24 66
24 71
24 72
24 73
24 75
24 79
24 87
24 89
24 90
24 94
24 95
24 96
24 98
25 28
25 32
25 37
25 38
25 39
25 44
25 47
25 48
25 51
25 54
25 58
25 60
25 69
25 74
25 75
25 76
25 78
25 88
25 89
25 90
25 95
26 45
26 48
26 50
26 59
26 60
26 62
26 64
26 68
26 69
26 70
26 73
26 74
26 77
26 79
26 83
26 84
26 86
26 93
26 96
26 97
26 99
27 29
27 41
27 46
27 51
27 52
27 54
27 55
27 56
27 60
27 61
27 62
27 65
27 68
27 69
27 71
27 74
27 82
27 85
27 90
27 94
27 99
28 32
28 39
28 40
28 42
28 43
28 46
28 54
28 55
28 58
28 70
28 71
28 78
28 83
28 85
28 87
28 89
28 91
28 93
28 94
28 96
28 97
28 98
29 32
29 33
29 38
29 39
29 44
29 45
29 47
29 48
29 50
29 51
29 61
29 69
29 74
29 81
29 82
29 91
29 94
29 96
30 32
30 36
30 37
30 38
30 39
30 40
30 44
30 45
30 46
30 54
30 63
30 66
30 68
30 69
30 70
30 77
30 78
30 81
30 82
30 83
30 84
30 86
30 90
30 92
30 95
30 98
30 99
31 36
31 43
31 44
31 45
31 46
31 47
31 49
31 51
31 56
31 63
31 65
31 66
31 69
31 71
31 72
31 73
31 78
31 79
31 80
31 82
31 90
31 91
31 96
31 99
32 34
32 37
32 41
32 50
32 52
32 54
32 59
32 66
32 69
32 73
32 79
32 80
32 88
32 89
32 91
32 94
32 96
32 97
33 41
33 42
33 48
33 49
33 53
33 56
33 61
33 62
33 65
33 67
33 70
33 71
33 76
33 77
33 94
34 36
34 37
34 38
34 39
34 43
34 45
34 48
34 50
34 52
34 56
34 63
34 65
34 71
34 72
34 73
34 74
34 76
34 83
34 89
34 90
34 95
34 96
34 97
34 98
35 38
35 39
35 41
35 43
35 44
35 47
35 49
35 55
35 56
35 59
35 67
35 69
35 70
35 73
35 77
35 78
35 81
35 91
35 93
35 95
36 41
36 45
36 47
36 49
36 50
36 57
36 63
36 68
36 70
36 75
36 78
36 80
36 83
36 84
36 86
36 87
36 89
36 90
36 96
37 38
37 39
37 40
37 41
37 42
37 47
37 51
37 52
37 62
37 66
37 71
37 72
37 73
37 81
37 85
37 89
37 93
37 94
37 95
37 98
37 99
38 41
38 43
38 47
38 48
38 56
38 57
38 59
38 67
38 68
38 72
38 76
38 79
38 82
38 89
38 91
38 92
38 93
38 94
38 95
38 99
39 40
39 43
39 49
39 53
39 56
39 59
39 65
39 67
39 71
39 73
39 78
39 82
39 83
39 95
39 97
39 98
39 99
40 45
40 49
40 54
40 56
40 62
40 64
40 66
40 69
40 71
40 78
40 79
40 80
40 81
40 86
40 87
40 94
40 96
40 97
41 43
41 44
41 53
41 54
41 58
41 60
41 61
41 62
41 64
41 67
41 72
41 83
41 85
41 87
41 92
41 94
41 97
42 43
42 53
42 54
42 55
42 57
42 60
42 61
42 71
42 79
42 80
42 83
42 85
42 88
42 89
42 91
42 93
42 94
42 95
42 97
42 99
43 45
43 58
43 62
43 63
43 64
43 74
43 75
43 78
43 81
43 83
43 89
43 90
43 95
43 96
43 99
44 45
44 46
44 50
44 51
44 53
44 55
44 59
44 61
44 63
44 65
44 68
44 69
44 72
44 73
44 74
44 78
44 80
44 84
44 88
44 94
45 54
45 58
45 60
45 62
45 81
45 85
45 88
45 90
45 92
45 93
45 94
45 98
45 99
46 48
46 52
46 53
46 55
46 56
46 60
46 64
46 65
46 66
46 76
46 77
46 80
46 85
46 88
46 90
46 93
46 96
47 48
47 49
47 57
47 59
47 60
47 61
47 64
47 65
47 66
47 71
47 72
47 77
47 83
47 87
47 88
47 89
47 90
47 95
48 53
48 54
48 56
48 58
48 60
48 66
48 67
48 70
48 74
48 76
48 80
48 81
48 82
48 84
48 91
48 93
48 94
48 95
48 96
48 99
49 50
49 56
49 59
49 61
49 63
49 65
49 67
49 73
49 83
49 84
49 88
49 89
49 93
49 94
49 97
49 99
50 51
50 53
50 54
50 58
50 61
50 62
50 63
50 64
50 68
50 73
50 82
50 83
50 85
50 96
51 52
51 53
51 54
51 59
51 61
51 63
51 68
51 69
51 75
51 77
51 79
51 81
51 82
51 85
51 89
51 90
51 94
51 97
52 57
52 58
52 61
52 63
52 65
52 68
52 74
52 80
52 81
52 88
52 91
52 95
52 96
52 99
53 54
53 65
53 66
53 68
53 78
53 79
53 88
53 97
53 99
54 61
54 62
54 68
54 74
54 78
54 84
54 85
54 87
54 91
54 98
55 56
55 59
55 64
55 71
55 73
55 76
55 77
55 78
55 81
55 83
55 84
55 91
55 94
55 95
55 98
56 60
56 65
56 67
56 68
56 71
56 72
56 73
56 77
56 80
56 81
56 83
56 88
56 91
56 92
56 93
56 96
57 58
57 62
57 64
57 68
57 69
57 71
57 80
57 84
57 85
57 98
58 61
58 72
58 73
58 74
58 75
58 81
58 88
58 92
58 93
58 94
58 96
58 98
59 79
59 81
59 83
59 90
59 92
59 95
60 63
60 68
60 71
60 73
60 74
60 80
60 81
60 84
60 86
60 88
60 90
60 92
60 96
60 99
61 62
61 71
61 72
61 76
61 77
61 84
61 89
61 94
61 95
61 97
62 73
62 85
62 92
62 93
62 94
62 99
63 65
63 68
63 71
63 72
63 74
63 91
63 92
63 94
64 65
64 67
64 68
64 69
64 72
64 76
64 77
64 83
64 87
64 98
64 99
65 67
65 72
65 81
65 85
65 86
65 91
65 92
65 94
65 95
66 71
66 74
66 76
66 79
66 85
66 89
66 90
66 91
66 95
66 96
66 97
67 69
67 73
67 74
67 81
67 82
67 84
67 88
67 91
67 95
68 71
68 82
68 86
68 89
68 90
69 70
69 75
69 77
69 78
69 92
69 94
69 96
69 97
70 71
70 72
70 74
70 82
70 89
70 94
71 72
71 78
71 83
71 85
71 90
71 94
71 99
72 73
72 76
72 79
72 82
72 87
72 93
72 94
72 99
73 77
73 79
73 82
73 83
73 85
73 89
73 95
73 96
73 99
74 76
74 78
74 85
74 88
74 92
74 98
74 99
75 76
75 84
75 85
75 93
75 98
76 79
76 84
77 79
77 82
77 83
77 86
77 87
77 88
77 99
78 79
78 83
78 84
78 94
78 95
78 96
78 99
79 84
79 90
79 93
79 98
80 81
80 90
80 91
80 95
80 96
80 98
81 83
81 85
81 87
81 94
81 96
82 85
82 88
82 91
82 94
82 96
82 99
83 87
83 95
83 96
84 91
84 92
84 94
84 96
84 97
84 98
85 89
85 93
85 95
85 97
86 88
86 94
86 97
86 98
87 89
87 90
87 94
87 96
87 97
87 99
89 91
89 92
89 96
89 97
90 92
90 93
90 94
90 95
90 96
91 93
92 95
92 96
93 96
93 97
94 95
94 97
95 96
95 97
95 99
96 97
