0 1
0 4
0 6
0 11
0 12
0 13
0 16
0 17
0 19
0 20
0 22
0 24
0 28
0 30
0 33
0 35
0 37
0 38
0 39
0 40
0 45
0 47
0 53
0 55
0 57
0 61
0 63
0 67
0 68
0 69
0 71
0 74
0 75
0 77
0 80
0 82
0 83
0 84
0 86
0 87
0 88
0 90
0 93
0 94
0 96
0 98
1 2
1 3
1 5
1 6
1 8
1 9
1 14
1 16
1 17
1 19
1 20
1 22
1 25
1 26
1 27
1 29
1 33
1 34
1 35
1 36
1 37
1 38
1 42
1 43
1 45
1 47
1 48
1 51
1 53
1 54
1 60
1 61
1 64
1 65
1 66
1 67
1 73
1 74
1 75
1 76
1 77
1 78
1 80
1 81
1 83
1 84
1 87
1 88
1 91
1 92
1 94
1 95
1 96
2 3
2 4
2 6
2 7
2 10
2 18
2 23
2 24
2 25
2 26
2 32
2 34
2 35
2 37
2 38
2 39
2 41
2 42
2 43
2 45
2 48
2 49
2 54
2 58
2 60
2 65
2 67
2 70
2 71
2 73
2 74
2 75
2 76
2 77
2 78
2 79
2 80
2 81
2 83
2 86
2 88
2 90
2 91
2 93
2 94
2 95
2 97
3 4
3 6
3 7
3 10
3 15
3 16
3 19
3 21
3 23
3 24
3 25
3 27
3 28
3 31
3 32
3 33
3 36
3 37
3 41
3 42
3 43
3 44
3 45
3 46
3 47
3 48
3 49
3 52
3 53
3 54
3 62
3 66
3 68
3 70
3 71
3 74
3 75
3 76
3 79
3 80
3 81
3 82
3 85
3 87
3 97
3 98
4 6
4 7
4 11
4 14
4 15
4 18
4 20
4 22
4 25
4 27
4 28
4 29
4 32
4 33
4 35
4 37
4 39
4 40
4 41
4 42
4 43
4 44
4 47
4 49
4 54
4 56
4 63
4 67
4 68
4 72
4 73
4 74
4 80
4 81
4 82
4 84
4 87
4 88
4 91
4 92
4 93
4 98
5 6
5 7
5 8
5 10
5 11
5 12
5 14
5 17
5 18
5 19
5 22
5 23
5 24
5 25
5 26
5 27
5 30
5 31
5 32
5 33
5 34
5 35
5 39
5 42
5 44
5 45
5 46
5 48
5 49
5 55
5 56
5 57
5 60
5 61
5 62
5 63
5 64
5 65
5 68
5 71
5 73
5 75
5 76
5 77
5 78
5 81
5 86
5 88
5 90
5 91
5 92
5 95
6 7
6 8
6 10
6 11
6 15
6 16
6 17
6 19
6 20
6 23
6 26
6 31
6 33
6 38
6 43
6 44
6 45
6 46
6 47
6 49
6 52
6 53
6 54
6 57
6 58
6 60
6 63
6 67
6 69
6 70
6 71
6 72
6 75
6 76
6 77
6 79
6 80
6 83
6 84
6 86
6 87
6 92
6 94
7 8
7 10
7 13
7 21
7 22
7 23
7 24
7 25
7 26
7 27
7 32
7 36
7 39
7 40
7 41
7 44
7 45
7 46
7 47
7 48
7 49
7 50
7 52
7 53
7 56
7 57
7 58
7 59
7 60
7 61
7 62
7 64
7 65
7 67
7 69
7 70
7 72
7 74
7 77
7 82
7 85
7 86
7 88
7 89
7 91
7 92
7 94
7 95
7 99
8 9
8 12
8 14
8 15
8 16
8 17
8 18
8 19
8 20
8 21
8 22
8 25
8 31
8 32
8 34
8 38
8 40
8 42
8 43
8 45
8 46
8 50
8 51
8 52
8 53
8 55
8 56
8 57
8 59
8 60
8 63
8 66
8 68
8 70
8 73
8 74
8 76
8 78
8 79
8 80
8 88
8 91
8 95
8 96
8 97
8 98
9 12
9 16
9 19
9 21
9 22
9 23
9 25
9 26
9 28
9 29
9 30
9 31
9 32
9 33
9 34
9 35
9 40
9 42
9 43
9 46
9 47
9 56
9 57
9 60
9 61
9 62
9 64
9 68
9 70
9 71
9 73
9 74
9 77
9 79
9 83
9 84
9 85
9 87
9 91
9 92
9 94
9 95
9 99
10 12
10 13
10 15
10 16
10 18
10 21
10 22
10 28
10 30
10 32
10 33
10 34
10 36
10 38
10 42
10 43
10 44
10 46
10 48
10 49
10 50
10 51
10 52
10 53
10 58
10 61
10 66
10 67
10 76
10 77
10 80
10 81
10 83
10 84
10 85
10 86
10 91
10 92
10 93
10 95
10 96
10 97
10 98
10 99
11 12
11 13
11 14
11 15
11 16
11 17
11 18
11 19
11 22
11 23
11 24
11 25
11 26
11 29
11 30
11 31
11 33
11 35
11 36
11 38
11 40
11 46
11 47
11 58
11 62
11 63
11 66
11 68
11 72
11 75
11 77
11 80
11 81
11 82
11 83
11 84
11 85
11 86
11 87
11 89
11 94
11 96
11 97
11 98
12 14
12 17
12 21
12 22
12 23
12 26
12 27
12 29
12 32
12 33
12 40
12 41
12 42
12 43
12 45
12 47
12 48
12 50
12 51
12 52
12 54
12 55
12 58
12 59
12 61
12 64
12 65
12 66
12 67
12 68
12 70
12 72
12 73
12 76
12 77
12 78
12 80
12 81
12 82
12 83
12 85
12 87
12 88
12 89
12 90
12 91
12 92
12 98
12 99
13 15
13 19
13 21
13 22
13 26
13 38
13 39
13 40
13 41
13 42
13 43
13 44
13 46
13 47
13 51
13 52
13 53
13 54
13 61
13 63
13 67
13 69
13 72
13 73
13 80
13 82
13 87
13 88
13 91
13 92
13 93
13 94
13 97
13 98
13 99
14 15
14 19
14 25
14 27
14 29
14 35
14 37
14 38
14 39
14 43
14 45
14 48
14 50
14 51
14 52
14 57
14 59
14 60
14 64
14 65
14 67
14 69
14 76
14 78
14 79
14 85
14 92
14 97
14 99
15 16
15 17
15 19
15 23
15 25
15 26
15 28
15 29
15 30
15 34
15 35
15 39
15 40
15 43
15 44
15 45
15 46
15 47
15 51
15 52
15 53
15 55
15 56
15 60
15 61
15 63
15 64
15 65
15 67
15 70
15 74
15 75
15 77
15 78
15 84
15 85
15 87
15 89
15 91
15 93
15 95
15 99
16 17
16 19
16 21
16 24
16 25
16 26
16 27
16 31
16 32
16 33
16 35
16 36
16 40
16 42
16 44
16 45
16 47
16 49
16 50
16 51
16 52
16 56
16 58
16 60
16 63
16 64
16 65
16 67
16 70
16 72
16 74
16 77
16 83
16 84
16 85
16 89
16 91
16 95
16 96
16 97
16 99
17 18
17 19
17 22
17 24
17 25
17 33
17 34
17 37
17 39
17 40
17 45
17 47
17 49
17 51
17 52
17 53
17 55
17 58
17 59
17 62
17 64
17 65
17 66
17 72
17 73
17 74
17 81
17 84
17 87
17 88
17 90
17 92
17 95
17 97
18 20
18 21
18 22
18 23
18 28
18 29
18 30
18 31
18 32
18 37
18 38
18 39
18 40
18 41
18 42
18 43
18 44
18 45
18 46
18 50
18 52
18 53
18 55
18 57
18 59
18 61
18 62
18 64
18 66
18 67
18 68
18 69
18 70
18 72
18 74
18 75
18 76
18 77
18 79
18 83
18 86
18 90
18 91
18 95
18 97
18 98
19 22
19 23
19 25
19 26
19 28
19 29
19 30
19 37
19 39
19 40
19 43
19 44
19 45
19 51
19 54
19 56
19 57
19 58
19 61
19 66
19 67
19 69
19 73
19 74
19 75
19 77
19 78
19 79
19 83
19 84
19 86
19 88
19 89
19 91
19 93
19 96
19 97
19 98
19 99
20 21
20 24
20 29
20 32
20 34
20 36
20 41
20 42
20 45
20 46
20 50
20 51
20 52
20 53
20 55
20 58
20 59
20 61
20 62
20 63
20 64
20 65
20 67
20 68
20 69
20 70
20 71
20 72
20 73
20 74
20 77
20 78
20 79
20 80
20 81
20 83
20 85
20 87
20 93
20 95
20 96
20 97
20 98
20 99
21 28
21 29
21 30
21 37
21 38
21 43
21 46
21 47
21 48
21 49
21 51
21 54
21 56
21 59
21 62
21 68
21 71
21 75
21 76
21 81
21 83
21 84
21 86
21 87
21 89
21 92
21 95
21 99
22 23
22 26
22 27
22 31
22 37
22 39
22 41
22 42
22 45
22 46
22 50
22 52
22 55
22 56
22 59
22 65
22 68
22 70
22 72
22 74
22 76
22 77
22 78
22 79
22 80
22 81
22 83
22 84
22 87
22 90
22 91
22 92
22 95
22 96
22 99
23 24
23 25
23 26
23 27
23 29
23 34
23 35
23 42
23 43
23 45
23 46
23 47
23 48
23 50
23 51
23 53
23 57
23 59
23 61
23 62
23 63
23 64
23 69
23 70
23 72
23 73
23 75
23 78
23 80
23 82
23 83
23 84
23 88
23 89
23 94
23 96
23 97
24 26
24 27
24 28
24 31
24 32
24 38
24 39
24 42
24 45
24 52
24 54
24 57
24 59
24 60
24 61
24 62
24 63
24 68
24 69
24 70
24 71
24 73
24 74
24 75
24 76
24 77
24 81
24 82
24 83
24 88
24 89
24 90
24 91
24 93
24 94
24 95
24 99
25 29
25 32
25 36
25 37
25 38
25 40
25 42
25 43
25 44
25 45
25 46
25 48
25 50
25 52
25 54
25 55
25 56
25 58
25 60
25 62
25 64
25 66
25 68
25 69
25 70
25 71
25 72
25 73
25 75
25 76
25 79
25 80
25 82
25 84
25 85
25 86
25 89
25 93
25 94
25 95
25 96
25 98
26 29
26 30
26 36
26 37
26 38
26 40
26 43
26 45
26 46
26 49
26 50
26 51
26 54
26 55
26 57
26 59
26 61
26 62
26 65
26 67
26 69
26 70
26 71
26 72
26 73
26 74
26 79
26 80
26 81
26 82
26 83
26 84
26 85
26 86
26 88
26 91
26 92
26 93
26 95
26 97
27 28
27 29
27 33
27 36
27 38
27 39
27 40
27 43
27 46
27 47
27 48
27 53
27 55
27 58
27 68
27 69
27 70
27 71
27 72
27 74
27 76
27 78
27 79
27 80
27 81
27 83
27 85
27 86
27 87
27 88
27 89
27 91
27 93
27 94
27 96
28 29
28 30
28 31
28 34
28 37
28 39
28 41
28 42
28 45
28 46
28 47
28 48
28 49
28 52
28 53
28 58
28 61
28 72
28 73
28 74
28 75
28 79
28 80
28 82
28 87
28 88
28 91
28 93
28 96
28 98
28 99
29 31
29 33
29 34
29 36
29 39
29 43
29 44
29 46
29 48
29 49
29 50
29 52
29 55
29 58
29 60
29 61
29 62
29 63
29 65
29 66
29 67
29 68
29 71
29 72
29 75
29 77
29 78
29 80
29 82
29 84
29 85
29 86
29 88
29 90
29 92
29 93
29 95
29 96
29 97
29 98
30 31
30 32
30 35
30 36
30 43
30 44
30 45
30 46
30 47
30 48
30 49
30 51
30 56
30 57
30 69
30 71
30 72
30 77
30 80
30 81
30 82
30 84
30 86
30 88
30 91
30 93
30 94
30 95
30 97
30 98
31 35
31 37
31 41
31 42
31 43
31 44
31 45
31 47
31 49
31 52
31 54
31 56
31 59
31 60
31 64
31 71
31 72
31 73
31 75
31 76
31 77
31 78
31 79
31 80
31 82
31 83
31 87
31 88
31 89
31 90
31 91
31 92
31 95
31 96
31 97
31 99
32 33
32 39
32 46
32 52
32 53
32 54
32 55
32 59
32 60
32 64
32 66
32 67
32 68
32 69
32 70
32 71
32 72
32 73
32 76
32 77
32 83
32 84
32 85
32 86
32 89
32 90
32 91
32 94
32 95
32 96
32 97
32 98
33 38
33 40
33 44
33 45
33 46
33 53
33 54
33 55
33 56
33 57
33 58
33 59
33 60
33 61
33 64
33 66
33 67
33 68
33 69
33 71
33 73
33 76
33 78
33 82
33 83
33 86
33 87
33 90
33 95
33 96
33 97
33 98
33 99
34 36
34 37
34 38
34 39
34 40
34 44
34 45
34 47
34 48
34 54
34 56
34 57
34 58
34 60
34 61
34 65
34 66
34 68
34 69
34 70
34 73
34 74
34 75
34 76
34 79
34 80
34 81
34 83
34 85
34 86
34 87
34 88
34 89
34 90
34 91
34 93
34 96
34 97
34 98
34 99
35 37
35 40
35 41
35 42
35 46
35 50
35 52
35 53
35 54
35 59
35 61
35 62
35 64
35 66
35 67
35 70
35 72
35 75
35 76
35 77
35 78
35 79
35 81
35 88
35 89
35 91
35 92
35 93
35 95
35 96
35 97
36 37
36 38
36 42
36 49
36 51
36 54
36 57
36 58
36 61
36 62
36 63
36 64
36 68
36 69
36 71
36 72
36 73
36 74
36 75
36 77
36 78
36 79
36 82
36 84
36 87
36 88
36 89
36 90
36 91
36 92
36 93
36 94
37 41
37 43
37 44
37 46
37 47
37 48
37 50
37 53
37 65
37 66
37 68
37 72
37 77
37 87
37 89
37 91
37 92
37 93
37 94
37 95
37 96
37 97
37 99
38 39
38 40
38 42
38 45
38 46
38 48
38 49
38 50
38 51
38 54
38 55
38 56
38 58
38 59
38 61
38 67
38 69
38 70
38 77
38 79
38 81
38 83
38 85
38 87
38 89
38 90
38 91
38 92
38 96
38 97
38 99
39 40
39 41
39 42
39 45
39 46
39 49
39 50
39 52
39 54
39 55
39 56
39 59
39 61
39 63
39 67
39 70
39 71
39 72
39 73
39 74
39 75
39 76
39 77
39 78
39 79
39 83
39 84
39 85
39 88
39 89
39 91
39 92
39 95
39 96
39 97
39 98
39 99
40 43
40 44
40 47
40 48
40 49
40 52
40 54
40 55
40 56
40 58
40 59
40 63
40 64
40 66
40 68
40 69
40 70
40 72
40 73
40 74
40 75
40 76
40 83
40 85
40 86
40 89
40 92
40 95
40 98
40 99
41 42
41 43
41 44
41 45
41 50
41 52
41 54
41 57
41 60
41 62
41 64
41 65
41 66
41 69
41 70
41 72
41 73
41 75
41 76
41 78
41 81
41 82
41 83
41 84
41 85
41 91
41 97
41 98
42 43
42 44
42 45
42 47
42 49
42 52
42 54
42 56
42 57
42 59
42 60
42 61
42 62
42 63
42 64
42 66
42 67
42 71
42 73
42 80
42 83
42 84
42 85
42 86
42 88
42 89
42 90
42 93
42 96
42 97
42 98
42 99
43 44
43 46
43 48
43 49
43 50
43 51
43 53
43 56
43 60
43 63
43 66
43 67
43 68
43 69
43 72
43 78
43 81
43 82
43 85
43 87
43 95
43 97
43 98
43 99
44 45
44 46
44 49
44 50
44 51
44 52
44 53
44 55
44 57
44 58
44 67
44 68
44 73
44 75
44 77
44 78
44 82
44 83
44 84
44 85
44 86
44 88
44 89
44 92
44 95
44 96
44 99
45 46
45 50
45 52
45 53
45 57
45 58
45 59
45 60
45 62
45 63
45 66
45 68
45 69
45 71
45 75
45 76
45 78
45 81
45 84
45 86
45 91
45 92
45 97
45 99
46 49
46 50
46 51
46 59
46 60
46 61
46 62
46 66
46 68
46 69
46 71
46 73
46 74
46 75
46 76
46 79
46 81
46 82
46 83
46 84
46 87
46 88
46 89
46 90
46 93
46 94
46 95
46 96
46 97
46 98
46 99
47 48
47 49
47 50
47 51
47 52
47 53
47 55
47 56
47 58
47 59
47 61
47 63
47 66
47 67
47 68
47 69
47 71
47 73
47 74
47 75
47 76
47 79
47 80
47 81
47 82
47 83
47 87
47 88
47 89
47 90
47 93
47 94
48 49
48 50
48 51
48 53
48 55
48 59
48 62
48 63
48 64
48 65
48 66
48 67
48 71
48 74
48 76
48 80
48 81
48 82
48 84
48 86
48 88
48 90
48 91
48 92
48 93
48 94
48 95
48 98
48 99
49 52
49 53
49 59
49 62
49 66
49 67
49 68
49 69
49 73
49 75
49 76
49 77
49 79
49 83
49 85
49 87
49 88
49 92
49 95
49 98
50 52
50 53
50 54
50 55
50 56
50 58
50 59
50 61
50 62
50 63
50 64
50 65
50 66
50 67
50 68
50 70
50 76
50 77
50 79
50 80
50 82
50 83
50 84
50 86
50 87
50 89
50 91
50 95
50 99
51 53
51 56
51 57
51 58
51 59
51 63
51 64
51 66
51 67
51 68
51 69
51 72
51 76
51 79
51 82
51 85
51 86
51 88
51 90
51 91
51 93
51 97
52 53
52 56
52 57
52 60
52 61
52 62
52 64
52 65
52 67
52 71
52 76
52 78
52 80
52 82
52 84
52 85
52 87
52 88
52 90
52 91
52 92
52 94
52 96
52 97
53 54
53 57
53 59
53 60
53 67
53 68
53 70
53 71
53 74
53 75
53 78
53 79
53 80
53 81
53 87
53 89
53 90
53 94
53 97
53 98
53 99
54 55
54 56
54 57
54 62
54 63
54 65
54 67
54 69
54 70
54 73
54 77
54 78
54 80
54 82
54 83
54 85
54 91
54 92
54 97
54 98
55 56
55 59
55 62
55 63
55 65
55 69
55 72
55 74
55 75
55 79
55 81
55 84
55 85
55 86
55 93
55 94
55 95
55 97
55 98
56 58
56 59
56 62
56 63
56 64
56 65
56 67
56 68
56 71
56 72
56 73
56 76
56 77
56 78
56 79
56 80
56 82
56 83
56 87
56 88
56 91
56 92
56 94
56 95
56 96
56 99
57 58
57 59
57 61
57 62
57 65
57 66
57 70
57 71
57 74
57 75
57 76
57 80
57 84
57 86
57 88
57 89
57 90
57 93
57 96
57 97
57 99
58 59
58 62
58 63
58 65
58 67
58 73
58 75
58 78
58 79
58 80
58 81
58 82
58 86
58 89
58 91
58 92
58 93
58 96
58 97
58 98
58 99
59 62
59 64
59 68
59 70
59 71
59 72
59 73
59 75
59 76
59 78
59 80
59 85
59 86
59 87
59 89
59 90
59 92
59 94
59 95
60 61
60 63
60 64
60 67
60 69
60 70
60 71
60 72
60 73
60 74
60 79
60 81
60 82
60 84
60 86
60 87
60 88
60 89
60 90
60 92
60 93
60 94
60 95
61 62
61 65
61 68
61 69
61 73
61 76
61 78
61 79
61 81
61 83
61 88
61 89
61 91
61 92
61 93
61 94
61 95
61 96
62 63
62 66
62 67
62 68
62 70
62 72
62 73
62 74
62 77
62 79
62 80
62 85
62 88
62 91
62 92
62 94
62 98
62 99
63 64
63 65
63 66
63 68
63 69
63 70
63 72
63 74
63 80
63 81
63 82
63 83
63 84
63 86
63 88
63 89
63 93
63 95
63 96
63 97
63 99
64 66
64 71
64 76
64 78
64 80
64 81
64 83
64 87
64 89
64 91
64 92
64 95
64 98
64 99
65 67
65 68
65 69
65 70
65 75
65 77
65 78
65 79
65 81
65 86
65 87
65 94
65 96
65 98
65 99
66 67
66 69
66 70
66 72
66 73
66 74
66 75
66 76
66 79
66 80
66 81
66 90
66 92
66 93
66 95
66 96
66 97
67 70
67 71
67 72
67 73
67 78
67 84
67 85
67 88
67 89
67 91
67 92
67 96
67 97
67 98
67 99
68 70
68 71
68 73
68 76
68 82
68 84
68 85
68 86
68 88
68 89
68 90
68 91
68 92
68 93
68 94
68 96
68 98
69 70
69 73
69 76
69 77
69 78
69 79
69 81
69 82
69 85
69 86
69 88
69 90
69 95
70 73
70 74
70 77
70 79
70 80
70 82
70 84
70 86
70 87
70 88
70 89
70 90
70 93
70 97
71 72
71 74
71 77
71 90
71 96
71 98
72 75
72 82
72 83
72 84
72 86
72 87
72 88
72 90
72 94
72 96
72 97
72 98
73 74
73 76
73 81
73 82
73 83
73 84
73 88
73 89
73 91
73 92
73 95
74 78
74 79
74 81
74 82
74 85
74 86
74 87
74 88
74 89
74 95
74 96
74 98
75 76
75 77
75 78
75 81
75 82
75 85
75 87
75 88
75 91
75 92
75 95
75 96
75 98
75 99
76 77
76 78
76 79
76 83
76 84
76 87
76 89
76 91
76 92
76 94
76 95
76 97
76 98
76 99
77 79
77 81
77 82
77 84
77 87
77 94
77 96
77 97
77 98
77 99
78 79
78 80
78 83
78 84
78 87
78 90
78 91
78 92
78 93
78 94
78 95
78 96
78 98
78 99
79 80
79 85
79 86
79 87
79 88
79 91
79 92
79 93
79 94
79 95
79 99
80 81
80 83
80 88
80 89
80 90
80 91
80 92
80 93
80 95
80 96
80 99
81 82
81 83
81 84
81 85
81 86
81 87
81 91
81 92
81 94
81 95
81 98
81 99
82 83
82 84
82 86
82 88
82 89
82 91
82 92
82 94
82 96
83 85
83 86
83 88
83 89
83 93
83 94
83 99
84 88
84 89
84 94
84 95
84 96
84 98
84 99
85 86
85 87
85 88
85 89
85 90
85 91
85 93
86 93
86 95
86 96
87 91
87 92
87 93
87 94
87 95
87 96
88 91
88 92
88 93
88 95
88 98
89 90
89 92
89 93
89 96
89 98
89 99
90 92
90 93
90 97
90 99
91 93
91 94
91 95
91 96
91 97
91 99
92 94
92 95
92 96
92 97
93 96
93 98
93 99
94 95
94 96
94 97
94 99
95 96
95 98
95 99
97 98
