0 5
0 8
0 9
0 10
0 14
0 15
0 16
0 17
0 22
0 25
0 31
0 33
0 34
0 35
0 36
0 39
0 44
0 45
0 46
0 50
0 64
0 70
0 78
0 79
0 87
0 90
0 91
0 92
0 93
0 96
0 97
0 99
1 10
1 14
1 18
1 26
1 29
1 30
1 34
1 43
1 47
1 49
1 55
1 61
1 62
1 63
1 65
1 67
1 69
1 73
1 76
1 82
1 89
1 90
1 96
1 97
1 99
2 4
2 13
2 15
2 19
2 22
2 27
2 29
2 30
2 32
2 33
2 35
2 39
2 47
2 50
2 51
2 52
2 58
2 68
2 72
2 76
2 82
2 90
2 92
3 7
3 10
3 13
3 16
3 24
3 30
3 31
3 36
3 40
3 41
3 45
3 46
3 48
3 49
3 50
3 54
3 63
3 70
3 73
3 75
3 76
3 77
3 79
3 80
3 84
3 85
3 87
3 88
3 97
4 5
4 7
4 9
4 12
4 13
4 15
4 23
4 27
4 30
4 31
4 33
4 41
4 42
4 54
4 59
4 60
4 61
4 68
4 73
4 82
4 86
4 90
4 96
4 97
5 6
5 10
5 12
5 19
5 21
5 24
5 25
5 26
5 36
5 37
5 51
5 52
5 54
5 55
5 59
5 61
5 69
5 71
5 73
5 80
5 81
5 89
5 91
5 92
5 94
5 95
6 12
6 19
6 33
6 40
6 41
6 42
6 43
6 46
6 49
6 50
6 53
6 56
6 59
6 61
6 64
6 66
6 68
6 76
6 77
6 78
6 79
6 86
6 88
6 95
7 9
7 10
7 12
7 13
7 18
7 19
7 25
7 26
7 27
7 28
7 29
7 31
7 32
7 33
7 34
7 35
7 36
7 42
7 49
7 51
7 52
7 54
7 57
7 61
7 71
7 75
7 76
7 77
7 79
7 89
7 94
7 99
8 10
8 11
8 12
8 13
8 14
8 16
8 19
8 20
8 23
8 27
8 28
8 29
8 31
8 32
8 33
8 36
8 40
8 47
8 48
8 54
8 57
8 64
8 65
8 67
8 70
8 73
8 83
8 84
8 85
8 86
8 87
8 90
8 92
8 96
8 98
9 12
9 15
9 16
9 17
9 18
9 19
9 20
9 21
9 25
9 26
9 27
9 31
9 37
9 38
9 39
9 42
9 49
9 55
9 56
9 58
9 61
9 63
9 69
9 71
9 74
9 77
9 84
9 86
9 89
9 90
9 97
9 99
10 13
10 17
10 20
10 22
10 23
10 27
10 31
10 37
10 43
10 49
10 58
10 59
10 64
10 66
10 68
10 72
10 77
10 82
10 86
10 88
10 90
10 91
10 93
10 96
10 97
11 21
11 24
11 27
11 31
11 33
11 39
11 43
11 48
11 50
11 55
11 59
11 61
11 63
11 64
11 69
11 75
11 79
11 88
11 89
11 98
12 13
12 16
12 18
12 24
12 26
12 27
12 29
12 31
12 33
12 36
12 37
12 42
12 43
12 46
12 47
12 50
12 52
12 53
12 54
12 57
12 58
12 60
12 62
12 70
12 74
12 75
12 76
12 77
12 81
12 85
12 88
12 90
12 94
12 95
12 96
13 14
13 18
13 20
13 21
13 22
13 23
13 25
13 26
13 30
13 34
13 35
13 36
13 40
13 47
13 48
13 51
13 54
13 56
13 61
13 62
13 63
13 77
13 81
13 82
13 84
13 87
13 90
13 93
13 94
13 96
13 99
14 15
14 17
14 19
14 23
14 26
14 28
14 34
14 35
14 37
14 38
14 41
14 43
14 45
14 46
14 47
14 48
14 54
14 61
14 64
14 68
14 74
14 80
14 91
14 94
14 95
15 17
15 20
15 30
15 33
15 41
15 44
15 45
15 46
15 48
15 50
15 52
15 54
15 56
15 57
15 59
15 63
15 64
15 68
15 69
15 70
15 71
15 74
15 76
15 77
15 81
15 83
15 85
15 88
15 90
15 91
15 92
16 20
16 21
16 23
16 26
16 27
16 28
16 32
16 33
16 37
16 39
16 45
16 47
16 48
16 49
16 51
16 64
16 66
16 67
16 73
16 74
16 76
16 77
16 78
16 84
16 86
16 91
16 93
16 99
17 18
17 20
17 21
17 25
17 26
17 30
17 32
17 34
17 35
17 38
17 46
17 50
17 51
17 53
17 55
17 57
17 65
17 66
17 70
17 72
17 74
17 75
17 77
17 81
17 82
17 83
17 86
17 87
17 90
17 97
17 98
17 99
18 22
18 31
18 32
18 33
18 36
18 44
18 52
18 56
18 59
18 67
18 68
18 76
18 77
18 78
18 82
18 86
18 97
18 98
19 23
19 30
19 32
19 34
19 36
19 39
19 44
19 45
19 50
19 51
19 56
19 59
19 60
19 65
19 67
19 71
19 72
19 75
19 85
19 87
19 88
19 89
19 92
19 93
19 96
19 97
20 21
20 31
20 33
20 39
20 46
20 48
20 54
20 56
20 58
20 59
20 65
20 67
20 68
20 69
20 73
20 76
20 77
20 94
20 97
21 22
21 24
21 31
21 32
21 37
21 38
21 44
21 45
21 49
21 54
21 61
21 63
21 64
21 66
21 68
21 72
21 77
21 79
21 90
21 91
21 93
21 95
21 97
22 23
22 25
22 29
22 32
22 34
22 35
22 37
22 40
22 43
22 45
22 50
22 52
22 53
22 57
22 63
22 71
22 76
22 77
22 85
22 90
22 92
22 93
22 99
23 25
23 42
23 43
23 45
23 48
23 49
23 54
23 62
23 63
23 64
23 65
23 66
23 72
23 75
23 83
23 85
23 94
23 95
24 28
24 30
24 35
24 41
24 43
24 44
24 48
24 49
24 54
24 57
24 58
24 59
24 65
24 66
24 67
24 68
24 69
24 77
24 85
24 90
24 92
24 93
24 96
25 26
25 29
25 30
25 31
25 32
25 33
25 36
25 38
25 42
25 46
25 47
25 52
25 55
25 57
25 59
25 60
25 62
25 67
25 68
25 69
25 70
25 71
25 82
25 86
25 88
25 89
25 91
25 92
25 96
25 98
25 99
26 29
26 35
26 38
26 39
26 41
26 42
26 45
26 48
26 49
26 55
26 56
26 57
26 58
26 59
26 60
26 66
26 72
26 75
26 82
26 83
26 86
26 87
26 91
26 94
27 29
27 45
27 53
27 58
27 60
27 61
27 72
27 73
27 74
27 77
27 80
27 81
27 87
27 89
27 90
27 93
27 97
27 99
28 31
28 35
28 36
28 40
28 43
28 46
28 47
28 55
28 57
28 58
28 59
28 63
28 66
28 70
28 71
28 74
28 75
28 87
28 90
28 97
28 98
29 31
29 39
29 41
29 44
29 52
29 53
29 59
29 60
29 66
29 68
29 69
29 71
29 74
29 77
29 78
29 79
29 83
29 89
29 94
29 98
30 33
30 36
30 37
30 38
30 40
30 43
30 44
30 48
30 50
30 56
30 57
30 58
30 61
30 64
30 66
30 69
30 78
30 80
30 83
30 85
30 88
30 89
30 97
31 34
31 41
31 46
31 50
31 52
31 55
31 59
31 60
31 64
31 65
31 68
31 73
31 75
31 77
31 83
31 86
31 94
31 95
31 96
32 34
32 35
32 38
32 39
32 45
32 50
32 52
32 53
32 54
32 56
32 57
32 58
32 60
32 65
32 67
32 68
32 69
32 71
32 72
32 74
32 77
32 82
32 93
32 99
33 34
33 37
33 38
33 43
33 44
33 46
33 48
33 49
33 50
33 55
33 56
33 61
33 63
33 64
33 66
33 69
33 70
33 74
33 76
33 78
33 81
33 86
33 90
33 95
33 98
34 37
34 39
34 40
34 45
34 46
34 59
34 62
34 71
34 72
34 74
34 75
34 87
34 89
34 91
34 93
35 40
35 42
35 46
35 47
35 53
35 58
35 60
35 63
35 64
35 79
35 87
35 89
35 90
35 91
35 94
35 99
36 40
36 42
36 44
36 47
36 53
36 62
36 63
36 65
36 79
36 84
36 85
36 89
36 91
36 96
37 38
37 40
37 45
37 46
37 52
37 53
37 55
37 56
37 57
37 60
37 67
37 69
37 70
37 74
37 75
37 77
37 85
37 87
37 88
37 94
37 98
37 99
38 48
38 56
38 60
38 61
38 63
38 68
38 74
38 83
38 84
38 88
38 90
38 91
38 95
38 96
38 98
39 40
39 51
39 52
39 54
39 56
39 59
39 61
39 62
39 65
39 68
39 69
39 73
39 75
39 77
39 82
39 84
39 86
39 94
39 95
39 98
40 43
40 45
40 51
40 55
40 61
40 63
40 64
40 65
40 70
40 72
40 75
40 76
40 78
40 79
40 83
40 85
40 86
40 87
40 93
40 96
41 42
41 61
41 71
41 72
41 78
41 80
41 81
41 84
41 88
41 90
41 99
42 44
42 47
42 49
42 50
42 55
42 65
42 66
42 70
42 73
42 74
42 78
42 79
42 83
42 93
42 95
42 96
43 49
43 52
43 56
43 58
43 59
43 62
43 65
43 69
43 73
43 75
43 76
43 81
43 82
43 86
43 91
43 96
43 99
44 55
44 60
44 61
44 67
44 68
44 69
44 71
44 73
44 74
44 75
44 77
44 79
44 80
44 83
44 86
44 87
44 89
44 92
45 46
45 54
45 57
45 62
45 66
45 67
45 72
45 75
45 76
45 77
45 80
45 83
45 85
45 98
45 99
46 48
46 63
46 65
46 76
46 89
46 90
46 92
46 94
46 96
47 56
47 61
47 62
47 63
47 67
47 69
47 75
47 78
47 81
47 85
47 90
47 95
47 99
48 51
48 55
48 56
48 59
48 64
48 66
48 67
48 74
48 77
48 83
48 84
48 88
48 90
48 91
48 92
48 94
48 95
48 97
49 68
49 69
49 71
49 74
49 76
49 77
49 80
49 83
49 87
49 89
49 90
49 93
49 95
49 96
49 97
50 52
50 54
50 59
50 63
50 64
50 65
50 68
50 72
50 77
50 78
50 79
50 88
50 90
50 91
50 92
50 94
51 54
51 57
51 61
51 63
51 64
51 67
51 75
51 79
51 82
51 84
51 87
51 88
51 90
51 91
51 92
51 93
51 97
51 99
52 53
52 54
52 55
52 61
52 65
52 69
52 71
52 72
52 74
52 75
52 78
52 79
52 80
52 83
52 84
52 85
52 90
52 93
52 95
53 54
53 55
53 62
53 63
53 66
53 70
53 72
53 73
53 79
53 81
53 88
53 91
53 92
53 95
53 97
53 98
54 62
54 66
54 68
54 74
54 80
54 83
54 85
54 90
54 91
54 92
55 64
55 66
55 69
55 71
55 79
55 85
55 86
55 88
55 92
55 94
55 95
55 96
55 98
56 61
56 65
56 67
56 71
56 72
56 76
56 83
56 89
56 91
56 92
56 95
56 98
57 60
57 61
57 62
57 69
57 78
57 81
57 85
57 86
57 91
57 94
57 97
58 61
58 75
58 80
58 83
58 85
58 89
58 94
58 98
58 99
59 60
59 64
59 78
59 80
59 82
59 84
59 89
59 90
59 93
59 96
59 97
60 62
60 63
60 64
60 69
60 72
60 76
60 80
60 81
60 84
60 93
60 96
61 65
61 70
61 80
61 87
61 88
61 90
61 91
61 96
61 97
62 67
62 68
62 70
62 72
62 73
62 74
62 77
62 79
62 80
62 81
62 82
62 84
62 89
62 90
62 91
62 93
63 68
63 69
63 72
63 77
63 78
63 82
63 86
63 89
63 92
63 93
63 94
63 99
64 65
64 68
64 69
64 70
64 77
64 83
64 91
65 76
65 77
65 80
65 83
65 88
65 93
65 94
65 96
65 97
65 99
66 71
66 73
66 91
66 94
66 97
66 98
67 69
67 70
67 81
67 82
67 86
67 90
67 91
68 71
68 75
68 76
68 78
68 80
68 82
68 93
68 94
68 95
68 97
69 70
69 79
69 85
69 86
69 89
69 90
69 99
70 75
70 81
70 83
70 84
70 86
70 88
70 90
70 91
70 92
71 73
71 77
71 78
71 79
71 81
71 82
71 83
71 85
71 91
71 96
72 77
72 78
72 79
72 86
72 98
72 99
73 74
73 75
73 78
73 81
73 83
73 92
73 95
74 78
74 84
74 86
74 89
74 92
74 93
74 96
74 98
75 77
75 80
75 82
75 83
75 86
75 89
75 91
75 96
76 79
76 80
76 83
76 85
76 86
76 88
76 90
76 93
76 96
76 98
76 99
77 78
77 83
77 89
77 90
77 96
77 97
77 99
78 81
78 82
78 84
78 85
78 93
79 80
79 81
79 89
79 90
79 98
80 81
80 82
80 84
80 89
80 90
80 96
80 97
81 84
81 86
81 87
81 94
81 95
81 96
81 97
81 99
82 83
82 84
82 86
82 88
82 91
82 93
82 96
82 98
82 99
83 84
83 86
83 98
84 86
84 87
84 88
84 89
84 93
84 94
84 97
84 98
85 93
85 98
86 87
86 89
86 91
86 98
86 99
87 95
88 90
88 92
88 94
88 97
89 95
89 97
90 94
90 97
91 92
91 93
91 96
92 96
92 98
92 99
93 99
94 97
95 98
95 99
96 97
96 98
96 99
98 99
