0 1
0 2
0 3
0 5
0 7
0 9
0 13
0 14
0 15
0 17
0 18
0 20
0 23
0 24
0 26
0 27
0 29
0 32
0 34
0 36
0 37
0 38
0 39
0 41
0 42
0 45
0 46
0 48
0 49
0 50
0 51
0 52
0 56
0 57
0 74
0 75
0 81
0 83
0 84
0 97
0 99
1 2
1 3
1 6
1 7
1 11
1 12
1 13
1 16
1 17
1 19
1 20
1 22
1 23
1 25
1 27
1 29
1 33
1 36
1 37
1 38
1 40
1 41
1 42
1 43
1 45
1 46
1 48
1 53
1 54
1 56
1 57
1 59
1 61
1 62
1 64
1 65
1 66
1 67
1 70
1 72
1 74
1 77
1 78
1 79
1 80
1 83
1 84
1 86
1 88
1 92
1 93
1 97
1 98
1 99
2 3
2 5
2 13
2 15
2 18
2 19
2 21
2 25
2 27
2 29
2 31
2 32
2 33
2 35
2 40
2 41
2 42
2 44
2 45
2 47
2 51
2 52
2 53
2 54
2 55
2 59
2 60
2 65
2 67
2 70
2 71
2 72
2 74
2 77
2 79
2 80
2 82
2 83
2 84
2 85
2 88
2 91
2 94
2 95
2 97
2 99
3 5
3 9
3 10
3 13
3 18
3 23
3 24
3 25
3 26
3 27
3 28
3 30
3 32
3 34
3 35
3 37
3 38
3 39
3 40
3 41
3 43
3 44
3 45
3 46
3 47
3 48
3 51
3 55
3 57
3 58
3 59
3 60
3 62
3 64
3 68
3 69
3 71
3 77
3 78
3 82
3 84
3 85
3 86
3 88
3 89
3 90
3 93
3 94
4 12
4 15
4 16
4 17
4 18
4 20
4 24
4 25
4 26
4 31
4 32
4 34
4 35
4 36
4 37
4 38
4 39
4 40
4 41
4 42
4 43
4 44
4 48
4 49
4 50
4 54
4 57
4 58
4 60
4 65
4 68
4 69
4 70
4 72
4 74
4 78
4 80
4 82
4 83
4 84
4 86
4 87
4 88
4 89
4 90
4 92
4 93
4 96
4 98
5 6
5 7
5 10
5 17
5 18
5 21
5 23
5 24
5 25
5 27
5 28
5 30
5 31
5 32
5 33
5 36
5 37
5 38
5 39
5 40
5 41
5 42
5 46
5 48
5 51
5 53
5 55
5 58
5 59
5 62
5 63
5 64
5 65
5 66
5 68
5 69
5 70
5 73
5 74
5 76
5 77
5 80
5 81
5 84
5 87
5 88
5 92
5 93
5 94
5 95
5 96
5 98
5 99
6 7
6 10
6 11
6 12
6 13
6 15
6 21
6 22
6 23
6 24
6 26
6 29
6 33
6 34
6 38
6 40
6 42
6 45
6 48
6 49
6 52
6 53
6 56
6 58
6 59
6 62
6 63
6 66
6 67
6 68
6 69
6 71
6 73
6 74
6 78
6 79
6 81
6 86
6 88
6 89
6 90
6 91
6 94
6 96
6 97
7 9
7 10
7 11
7 22
7 23
7 24
7 26
7 28
7 31
7 34
7 35
7 40
7 42
7 44
7 46
7 48
7 49
7 51
7 52
7 53
7 54
7 56
7 61
7 63
7 64
7 68
7 75
7 77
7 78
7 82
7 83
7 90
7 91
7 92
7 94
7 95
7 98
7 99
8 9
8 14
8 18
8 19
8 20
8 22
8 23
8 25
8 26
8 27
8 32
8 35
8 36
8 38
8 41
8 45
8 46
8 48
8 49
8 50
8 51
8 52
8 53
8 55
8 56
8 60
8 63
8 64
8 65
8 66
8 67
8 70
8 72
8 74
8 75
8 77
8 78
8 79
8 80
8 81
8 82
8 83
8 87
8 91
8 93
8 96
8 97
8 98
9 10
9 11
9 13
9 15
9 20
9 22
9 24
9 25
9 26
9 27
9 32
9 33
9 34
9 37
9 40
9 42
9 43
9 44
9 45
9 46
9 49
9 51
9 53
9 54
9 55
9 56
9 57
9 61
9 62
9 64
9 67
9 68
9 73
9 75
9 76
9 79
9 81
9 84
9 85
9 86
9 87
9 88
9 90
9 91
9 92
9 93
9 94
9 97
10 11
10 14
10 17
10 18
10 22
10 23
10 30
10 31
10 32
10 36
10 37
10 44
10 45
10 46
10 47
10 50
10 51
10 54
10 55
10 56
10 57
10 58
10 59
10 60
10 61
10 62
10 63
10 66
10 67
10 71
10 73
10 74
10 76
10 77
10 78
10 79
10 80
10 83
10 85
10 90
10 92
10 95
10 96
10 99
11 14
11 15
11 16
11 17
11 18
11 19
11 20
11 22
11 23
11 24
11 25
11 26
11 27
11 31
11 33
11 40
11 43
11 44
11 47
11 49
11 50
11 51
11 57
11 58
11 61
11 62
11 64
11 69
11 78
11 79
11 82
11 89
11 90
11 98
12 14
12 15
12 19
12 23
12 24
12 28
12 30
12 31
12 34
12 35
12 36
12 38
12 39
12 40
12 44
12 45
12 50
12 53
12 54
12 55
12 57
12 60
12 61
12 62
12 63
12 64
12 65
12 70
12 71
12 76
12 78
12 82
12 86
12 87
12 89
12 91
12 94
12 95
12 96
12 97
12 98
13 15
13 16
13 17
13 18
13 19
13 22
13 23
13 25
13 26
13 31
13 33
13 34
13 39
13 41
13 43
13 46
13 49
13 50
13 55
13 57
13 58
13 60
13 65
13 67
13 69
13 70
13 74
13 78
13 81
13 82
13 83
13 84
13 87
13 88
13 90
13 95
13 96
13 97
13 99
14 15
14 16
14 19
14 20
14 21
14 22
14 26
14 28
14 29
14 30
14 31
14 33
14 34
14 38
14 39
14 40
14 42
14 45
14 46
14 48
14 49
14 52
14 54
14 56
14 57
14 62
14 64
14 67
14 70
14 71
14 72
14 73
14 77
14 78
14 80
14 83
14 89
14 91
14 92
14 95
14 98
14 99
15 16
15 18
15 19
15 20
15 21
15 22
15 25
15 26
15 28
15 29
15 35
15 40
15 41
15 42
15 43
15 44
15 45
15 47
15 50
15 52
15 54
15 58
15 59
15 60
15 63
15 64
15 65
15 67
15 68
15 77
15 79
15 81
15 82
15 83
15 85
15 87
15 89
15 90
15 93
15 97
16 17
16 18
16 19
16 20
16 21
16 22
16 23
16 24
16 25
16 26
16 28
16 29
16 35
16 38
16 39
16 48
16 49
16 51
16 53
16 59
16 60
16 61
16 62
16 66
16 69
16 70
16 71
16 74
16 76
16 77
16 84
16 85
16 86
16 89
16 90
16 92
16 94
16 95
16 96
16 97
16 98
16 99
17 18
17 19
17 20
17 21
17 22
17 23
17 24
17 25
17 26
17 27
17 29
17 30
17 31
17 33
17 34
17 37
17 39
17 42
17 43
17 44
17 46
17 49
17 50
17 52
17 54
17 59
17 61
17 65
17 67
17 68
17 69
17 70
17 71
17 75
17 76
17 78
17 85
17 89
17 90
17 92
17 93
17 94
17 95
17 96
17 98
18 21
18 23
18 24
18 25
18 26
18 27
18 28
18 29
18 30
18 31
18 34
18 36
18 38
18 40
18 41
18 42
18 43
18 44
18 45
18 46
18 47
18 48
18 52
18 53
18 54
18 57
18 60
18 62
18 65
18 66
18 67
18 70
18 71
18 74
18 75
18 76
18 77
18 78
18 81
18 84
18 85
18 87
18 90
18 91
18 92
18 95
18 97
19 20
19 23
19 26
19 34
19 35
19 38
19 39
19 40
19 41
19 42
19 43
19 44
19 45
19 46
19 47
19 50
19 51
19 54
19 55
19 56
19 61
19 62
19 64
19 66
19 67
19 73
19 74
19 76
19 78
19 84
19 85
19 86
19 89
19 90
19 91
19 93
19 95
19 99
20 23
20 25
20 26
20 27
20 28
20 29
20 30
20 31
20 33
20 35
20 36
20 38
20 40
20 41
20 42
20 44
20 45
20 46
20 47
20 48
20 49
20 50
20 57
20 59
20 60
20 62
20 64
20 69
20 70
20 71
20 75
20 79
20 80
20 81
20 84
20 85
20 87
20 90
20 91
20 93
20 95
21 24
21 25
21 26
21 27
21 29
21 35
21 37
21 39
21 40
21 41
21 42
21 43
21 44
21 48
21 49
21 50
21 51
21 57
21 60
21 61
21 65
21 67
21 68
21 69
21 71
21 72
21 73
21 74
21 75
21 78
21 81
21 82
21 83
21 90
21 91
21 93
21 94
21 96
21 97
21 98
22 25
22 26
22 30
22 34
22 35
22 37
22 38
22 43
22 45
22 47
22 49
22 51
22 52
22 55
22 56
22 57
22 61
22 62
22 63
22 64
22 65
22 67
22 70
22 71
22 73
22 75
22 76
22 77
22 80
22 83
22 84
22 87
22 88
22 90
22 93
22 96
22 97
22 99
23 24
23 25
23 28
23 31
23 32
23 35
23 36
23 37
23 44
23 45
23 46
23 48
23 51
23 53
23 54
23 55
23 56
23 61
23 62
23 65
23 67
23 69
23 70
23 71
23 73
23 77
23 78
23 80
23 83
23 85
23 87
23 93
23 95
23 98
24 25
24 30
24 33
24 35
24 36
24 39
24 40
24 45
24 47
24 49
24 55
24 56
24 58
24 60
24 61
24 62
24 67
24 69
24 70
24 71
24 73
24 76
24 77
24 78
24 79
24 80
24 84
24 86
24 90
24 92
24 95
24 96
24 98
24 99
25 26
25 30
25 31
25 34
25 39
25 42
25 44
25 45
25 47
25 49
25 52
25 55
25 58
25 59
25 60
25 63
25 64
25 67
25 73
25 75
25 79
25 82
25 86
25 87
25 91
25 94
25 97
26 28
26 29
26 31
26 32
26 33
26 35
26 37
26 39
26 43
26 46
26 51
26 52
26 55
26 58
26 59
26 68
26 70
26 73
26 74
26 77
26 81
26 83
26 85
26 86
26 87
26 88
26 91
26 96
26 97
26 99
27 28
27 29
27 32
27 33
27 34
27 35
27 36
27 37
27 38
27 51
27 52
27 54
27 56
27 61
27 62
27 63
27 65
27 70
27 72
27 74
27 75
27 77
27 79
27 82
27 85
27 87
27 88
27 89
27 91
27 92
27 93
27 94
27 98
27 99
28 29
28 31
28 32
28 34
28 35
28 38
28 39
28 40
28 41
28 42
28 44
28 45
28 48
28 49
28 53
28 55
28 58
28 63
28 65
28 66
28 67
28 68
28 69
28 76
28 77
28 85
28 87
28 89
28 91
28 93
28 94
28 97
28 98
28 99
29 30
29 34
29 35
29 37
29 40
29 41
29 42
29 44
29 46
29 50
29 52
29 56
29 63
29 65
29 66
29 69
29 70
29 71
29 72
29 74
29 75
29 76
29 77
29 78
29 80
29 82
29 83
29 87
29 88
29 89
29 93
29 94
29 95
29 97
29 98
30 31
30 32
30 35
30 36
30 38
30 43
30 46
30 47
30 48
30 51
30 52
30 53
30 54
30 57
30 58
30 60
30 62
30 64
30 66
30 67
30 70
30 71
30 72
30 75
30 76
30 81
30 82
30 84
30 86
30 90
30 94
30 95
30 96
30 97
30 98
31 33
31 34
31 36
31 38
31 39
31 40
31 43
31 49
31 50
31 51
31 52
31 53
31 54
31 59
31 64
31 67
31 69
31 72
31 76
31 77
31 78
31 79
31 81
31 82
31 83
31 84
31 85
31 86
31 87
31 88
31 89
31 92
31 96
31 97
31 98
32 34
32 36
32 37
32 42
32 43
32 45
32 47
32 48
32 49
32 50
32 53
32 55
32 56
32 57
32 58
32 60
32 62
32 63
32 65
32 69
32 71
32 75
32 77
32 80
32 81
32 83
32 85
32 87
32 88
32 90
32 92
32 94
32 95
32 96
32 97
32 98
32 99
33 34
33 36
33 38
33 40
33 41
33 43
33 45
33 46
33 47
33 51
33 54
33 56
33 57
33 58
33 62
33 65
33 67
33 68
33 69
33 70
33 71
33 74
33 75
33 78
33 79
33 81
33 82
33 83
33 86
33 87
33 88
33 89
33 90
33 92
33 93
33 95
33 97
33 98
34 35
34 36
34 37
34 39
34 42
34 50
34 53
34 54
34 55
34 59
34 60
34 61
34 64
34 66
34 70
34 72
34 73
34 74
34 75
34 79
34 80
34 81
34 83
34 84
34 85
34 87
34 88
34 89
34 90
34 91
34 95
34 96
34 97
34 98
35 36
35 37
35 38
35 43
35 44
35 45
35 47
35 48
35 49
35 50
35 51
35 54
35 55
35 56
35 58
35 59
35 60
35 61
35 62
35 63
35 64
35 67
35 69
35 70
35 71
35 72
35 73
35 74
35 75
35 76
35 79
35 82
35 83
35 84
35 85
35 86
35 89
35 91
35 93
35 94
35 96
35 98
35 99
36 37
36 38
36 41
36 42
36 43
36 44
36 45
36 49
36 51
36 58
36 59
36 61
36 62
36 63
36 64
36 66
36 67
36 68
36 71
36 72
36 76
36 78
36 79
36 80
36 82
36 83
36 84
36 86
36 87
36 88
36 93
36 94
36 95
36 96
36 97
36 98
36 99
37 38
37 40
37 41
37 42
37 43
37 47
37 52
37 53
37 56
37 61
37 63
37 64
37 65
37 71
37 80
37 89
37 91
37 93
37 95
37 98
38 43
38 44
38 52
38 55
38 57
38 60
38 62
38 63
38 64
38 66
38 67
38 68
38 69
38 74
38 80
38 81
38 83
38 85
38 86
38 87
38 88
38 89
38 90
38 92
38 94
38 96
38 98
39 41
39 45
39 46
39 49
39 50
39 52
39 57
39 58
39 60
39 61
39 63
39 66
39 67
39 69
39 70
39 71
39 72
39 73
39 75
39 76
39 77
39 81
39 82
39 84
39 86
39 90
39 91
39 92
39 95
39 99
40 41
40 43
40 44
40 48
40 49
40 50
40 51
40 55
40 56
40 57
40 59
40 62
40 63
40 65
40 66
40 69
40 70
40 71
40 72
40 75
40 76
40 79
40 80
40 81
40 83
40 85
40 86
40 87
40 88
40 90
40 91
40 95
40 96
40 97
40 98
41 44
41 46
41 47
41 50
41 51
41 53
41 56
41 57
41 61
41 63
41 66
41 67
41 68
41 69
41 71
41 72
41 75
41 76
41 78
41 80
41 84
41 85
41 86
41 88
41 89
41 92
41 94
41 95
41 96
41 97
42 45
42 47
42 48
42 49
42 50
42 51
42 53
42 57
42 58
42 60
42 62
42 65
42 66
42 68
42 69
42 72
42 73
42 78
42 81
42 83
42 85
42 89
42 90
42 92
42 97
43 45
43 46
43 52
43 53
43 56
43 57
43 60
43 61
43 65
43 67
43 69
43 70
43 74
43 75
43 76
43 77
43 80
43 85
43 86
43 87
43 89
43 92
43 93
43 95
43 96
44 46
44 47
44 51
44 52
44 55
44 56
44 57
44 58
44 59
44 60
44 61
44 64
44 72
44 74
44 75
44 77
44 79
44 80
44 81
44 82
44 85
44 89
44 90
44 91
44 95
44 97
44 98
44 99
45 46
45 51
45 52
45 54
45 55
45 56
45 61
45 64
45 65
45 66
45 67
45 70
45 71
45 74
45 75
45 76
45 78
45 79
45 80
45 83
45 85
45 86
45 87
45 89
45 90
45 92
45 94
45 95
45 99
46 48
46 49
46 50
46 51
46 52
46 53
46 55
46 56
46 59
46 60
46 61
46 62
46 64
46 65
46 66
46 69
46 71
46 73
46 74
46 79
46 80
46 82
46 83
46 84
46 86
46 88
46 91
46 93
47 48
47 49
47 51
47 52
47 56
47 57
47 59
47 62
47 65
47 66
47 68
47 71
47 73
47 74
47 76
47 84
47 85
47 87
47 91
47 94
47 96
47 97
47 98
48 49
48 50
48 51
48 54
48 56
48 57
48 60
48 61
48 62
48 66
48 69
48 70
48 74
48 78
48 79
48 81
48 82
48 83
48 84
48 85
48 88
48 90
48 94
48 95
48 96
49 50
49 54
49 58
49 59
49 61
49 62
49 67
49 71
49 76
49 79
49 80
49 81
49 82
49 84
49 85
49 87
49 90
49 91
49 93
49 95
49 96
49 97
49 98
50 51
50 53
50 55
50 56
50 57
50 59
50 61
50 62
50 63
50 65
50 69
50 76
50 77
50 78
50 80
50 81
50 83
50 85
50 86
50 88
50 91
50 92
50 93
50 94
50 95
50 98
51 52
51 53
51 57
51 58
51 60
51 61
51 63
51 64
51 65
51 66
51 67
51 68
51 70
51 71
51 73
51 74
51 76
51 77
51 82
51 84
51 85
51 87
51 89
51 91
51 93
51 94
51 99
52 53
52 56
52 57
52 58
52 59
52 60
52 61
52 62
52 63
52 68
52 69
52 70
52 71
52 72
52 80
52 81
52 82
52 84
52 85
52 86
52 87
52 90
52 91
52 92
52 94
52 97
52 98
53 54
53 55
53 57
53 58
53 60
53 61
53 62
53 64
53 66
53 70
53 72
53 73
53 74
53 77
53 78
53 79
53 80
53 82
53 83
53 88
53 90
53 91
53 97
53 99
54 56
54 57
54 59
54 60
54 66
54 67
54 70
54 71
54 72
54 73
54 74
54 79
54 82
54 83
54 85
54 87
54 89
54 90
54 92
54 94
54 95
54 99
55 57
55 58
55 65
55 66
55 68
55 71
55 72
55 80
55 81
55 83
55 86
55 87
55 88
55 89
55 90
55 91
55 92
55 93
55 95
55 96
55 98
56 59
56 60
56 62
56 63
56 66
56 67
56 68
56 70
56 72
56 73
56 75
56 76
56 77
56 78
56 81
56 82
56 83
56 84
56 85
56 87
56 88
56 89
56 90
56 91
56 92
56 93
56 96
56 98
56 99
57 58
57 59
57 64
57 66
57 67
57 71
57 73
57 74
57 75
57 77
57 78
57 80
57 81
57 82
57 84
57 86
57 89
57 90
57 92
57 96
58 59
58 60
58 61
58 63
58 65
58 66
58 68
58 69
58 71
58 74
58 76
58 82
58 88
58 89
58 90
58 93
58 94
58 96
58 97
58 98
59 62
59 65
59 66
59 67
59 68
59 69
59 70
59 72
59 75
59 76
59 77
59 79
59 83
59 86
59 87
59 88
59 90
59 91
59 92
59 93
59 94
59 95
60 69
60 70
60 74
60 75
60 79
60 80
60 81
60 82
60 83
60 84
60 86
60 89
60 90
60 95
60 96
60 99
61 62
61 63
61 64
61 65
61 67
61 68
61 69
61 71
61 72
61 74
61 75
61 76
61 77
61 79
61 81
61 82
61 85
61 86
61 89
61 91
61 93
61 94
61 95
61 97
61 98
62 63
62 64
62 65
62 66
62 68
62 69
62 70
62 71
62 76
62 78
62 79
62 81
62 82
62 83
62 84
62 85
62 86
62 90
62 93
62 96
62 97
62 98
63 67
63 68
63 69
63 70
63 71
63 72
63 74
63 77
63 83
63 87
63 89
63 90
63 91
63 92
63 93
63 96
63 98
63 99
64 66
64 68
64 69
64 73
64 74
64 75
64 76
64 77
64 79
64 80
64 81
64 82
64 83
64 85
64 87
64 90
64 93
64 94
64 98
65 67
65 72
65 73
65 74
65 76
65 79
65 81
65 84
65 87
65 88
65 90
65 91
65 92
65 93
65 97
66 68
66 69
66 71
66 73
66 75
66 77
66 82
66 84
66 85
66 87
66 89
66 90
66 92
66 97
66 98
67 69
67 70
67 73
67 75
67 80
67 81
67 84
67 85
67 86
67 92
67 94
67 95
68 69
68 73
68 74
68 77
68 79
68 80
68 88
68 90
68 91
68 92
68 95
68 96
68 99
69 72
69 74
69 75
69 79
69 81
69 85
69 86
69 87
69 88
69 90
69 92
69 93
69 97
69 99
70 71
70 73
70 74
70 75
70 76
70 77
70 84
70 90
70 91
70 92
70 95
70 96
70 99
71 73
71 77
71 79
71 81
71 82
71 83
71 84
71 88
71 89
71 90
71 93
71 95
71 96
71 98
71 99
72 73
72 74
72 75
72 77
72 78
72 81
72 83
72 84
72 86
72 89
72 91
72 93
72 94
72 97
72 99
73 75
73 76
73 77
73 78
73 79
73 80
73 81
73 82
73 86
73 87
73 91
73 93
73 95
73 97
73 98
74 76
74 77
74 80
74 81
74 82
74 83
74 85
74 86
74 90
74 93
74 94
74 96
74 98
75 76
75 78
75 81
75 82
75 85
75 93
75 95
75 97
75 98
75 99
76 77
76 78
76 80
76 81
76 84
76 86
76 87
76 89
76 90
76 91
76 93
76 95
76 96
76 98
77 80
77 81
77 82
77 83
77 84
77 85
77 86
77 88
77 97
77 98
78 80
78 81
78 82
78 85
78 86
78 87
78 88
78 90
78 94
78 96
78 97
78 98
79 83
79 84
79 85
79 87
79 91
79 93
79 95
79 96
79 97
79 98
79 99
80 81
80 82
80 83
80 87
80 88
80 89
80 91
80 92
80 93
80 94
80 95
80 96
80 97
81 82
81 84
81 86
81 87
81 88
81 89
81 92
81 93
81 94
81 96
81 97
81 98
81 99
82 83
82 85
82 86
82 87
82 88
82 90
82 91
82 92
82 93
82 95
82 97
83 85
83 87
83 91
83 93
83 95
83 97
83 98
84 85
84 86
84 88
84 91
84 92
84 94
85 86
85 91
85 92
85 93
85 95
85 98
85 99
86 87
86 88
86 89
86 91
86 92
86 95
86 97
86 98
86 99
87 88
87 89
87 90
87 92
87 93
87 94
87 95
87 96
87 97
87 98
88 89
88 91
88 92
88 93
88 97
88 98
89 92
89 94
89 96
89 97
89 98
89 99
90 92
90 94
90 95
90 96
90 97
90 98
91 93
91 94
91 95
91 96
91 99
92 94
92 96
92 97
92 99
93 95
93 96
94 96
94 99
95 96
95 97
95 99
96 97
96 99
97 98
97 99
98 99
