0 3
0 4
0 18
0 21
0 25
0 32
0 38
0 42
0 44
0 50
0 55
0 59
0 60
0 61
0 64
0 68
0 69
0 74
0 77
0 82
0 85
0 86
0 89
0 93
1 5
1 14
1 15
1 17
1 19
1 24
1 30
1 31
1 34
1 35
1 36
1 39
1 40
1 42
1 44
1 46
1 50
1 51
1 52
1 57
1 59
1 62
1 63
1 64
1 65
1 68
1 72
1 73
1 76
1 82
1 84
2 4
2 6
2 9
2 12
2 13
2 14
2 23
2 29
2 31
2 35
2 40
2 45
2 46
2 48
2 51
2 53
2 58
2 59
2 66
2 69
2 79
2 82
2 84
2 89
2 94
2 95
2 97
3 5
3 7
3 12
3 19
3 22
3 24
3 35
3 36
3 42
3 43
3 50
3 53
3 55
3 58
3 62
3 63
3 67
3 72
3 73
3 80
3 83
3 87
3 89
3 93
3 96
4 7
4 9
4 13
4 14
4 15
4 18
4 19
4 20
4 24
4 28
4 30
4 33
4 36
4 38
4 41
4 42
4 47
4 48
4 53
4 56
4 61
4 68
4 69
4 70
4 74
4 76
4 84
4 88
4 92
4 96
4 98
4 99
5 6
5 8
5 11
5 19
5 20
5 21
5 24
5 40
5 50
5 53
5 56
5 62
5 64
5 76
5 78
5 82
5 83
5 85
5 87
5 90
5 97
6 12
6 13
6 14
6 19
6 20
6 23
6 29
6 33
6 41
6 44
6 48
6 51
6 52
6 55
6 56
6 65
6 66
6 68
6 70
6 74
6 76
6 78
6 80
6 81
6 83
6 85
6 86
6 89
6 93
6 96
7 9
7 19
7 22
7 24
7 30
7 34
7 35
7 38
7 40
7 42
7 45
7 47
7 56
7 57
7 72
7 82
7 83
7 91
8 9
8 13
8 15
8 16
8 18
8 19
8 21
8 27
8 31
8 34
8 42
8 44
8 46
8 52
8 53
8 57
8 62
8 67
8 70
8 71
8 72
8 76
8 77
8 79
8 82
8 84
8 86
8 90
8 91
8 94
9 13
9 18
9 19
9 23
9 27
9 30
9 32
9 34
9 35
9 39
9 52
9 55
9 61
9 69
9 73
9 75
9 76
9 80
9 83
9 85
9 90
9 93
9 95
9 97
9 98
9 99
10 12
10 13
10 14
10 18
10 22
10 24
10 29
10 31
10 40
10 42
10 43
10 46
10 47
10 49
10 50
10 51
10 57
10 59
10 62
10 63
10 67
10 71
10 72
10 73
10 76
10 82
10 86
10 87
11 26
11 27
11 32
11 34
11 36
11 41
11 42
11 46
11 50
11 55
11 56
11 60
11 61
11 62
11 63
11 67
11 68
11 70
11 72
11 74
11 78
11 82
11 84
11 85
11 88
11 93
11 96
11 97
12 20
12 22
12 27
12 29
12 30
12 33
12 41
12 43
12 45
12 48
12 56
12 63
12 65
12 68
12 76
12 80
12 82
12 88
12 91
12 95
12 97
12 98
12 99
13 14
13 20
13 23
13 26
13 29
13 30
13 32
13 33
13 35
13 36
13 39
13 44
13 55
13 65
13 69
13 71
13 73
13 80
13 81
13 82
13 84
13 94
13 97
13 98
14 15
14 18
14 20
14 27
14 30
14 31
14 33
14 34
14 35
14 38
14 42
14 47
14 57
14 62
14 66
14 67
14 76
14 81
14 84
14 85
14 88
14 92
14 93
14 98
15 17
15 24
15 25
15 29
15 30
15 32
15 37
15 39
15 50
15 51
15 54
15 55
15 58
15 59
15 60
15 64
15 65
15 66
15 67
15 71
15 74
15 78
15 80
15 83
15 88
15 97
15 98
16 17
16 18
16 26
16 27
16 28
16 33
16 40
16 42
16 46
16 66
16 67
16 71
16 75
16 79
16 80
16 84
16 86
16 90
16 91
16 98
17 18
17 20
17 22
17 23
17 27
17 35
17 38
17 40
17 42
17 43
17 47
17 54
17 61
17 62
17 66
17 72
17 73
17 74
17 75
17 76
17 79
17 80
17 83
17 84
17 86
17 93
17 97
18 22
18 23
18 26
18 27
18 31
18 36
18 37
18 40
18 46
18 50
18 51
18 55
18 57
18 60
18 65
18 94
18 99
19 22
19 27
19 30
19 40
19 45
19 51
19 52
19 53
19 56
19 59
19 61
19 63
19 76
19 83
19 84
19 85
19 86
19 88
19 93
19 95
19 97
20 28
20 29
20 31
20 32
20 33
20 35
20 40
20 41
20 44
20 49
20 52
20 55
20 68
20 69
20 70
20 75
20 77
20 78
20 79
20 85
20 88
20 94
20 95
20 96
20 99
21 22
21 24
21 27
21 31
21 33
21 37
21 38
21 39
21 49
21 50
21 55
21 61
21 62
21 65
21 67
21 75
21 76
21 81
21 86
21 89
21 92
21 94
21 96
21 98
22 24
22 33
22 35
22 37
22 43
22 44
22 45
22 47
22 48
22 49
22 54
22 55
22 59
22 63
22 73
22 76
22 78
22 81
22 84
22 89
22 93
22 96
22 99
23 24
23 28
23 29
23 31
23 34
23 35
23 36
23 38
23 43
23 46
23 53
23 60
23 63
23 65
23 67
23 68
23 82
23 84
23 91
23 92
23 95
23 96
24 28
24 37
24 38
24 40
24 42
24 43
24 52
24 54
24 66
24 68
24 70
24 71
24 72
24 74
24 76
24 78
24 80
24 83
24 85
24 87
24 91
24 96
25 27
25 29
25 30
25 31
25 32
25 33
25 37
25 41
25 43
25 44
25 49
25 50
25 51
25 53
25 56
25 60
25 65
25 68
25 74
25 75
25 85
25 91
26 27
26 31
26 34
26 35
26 36
26 37
26 39
26 43
26 44
26 47
26 48
26 52
26 56
26 59
26 60
26 61
26 64
26 69
26 72
26 76
26 78
26 79
26 85
26 89
26 90
26 91
26 92
26 93
26 94
26 95
27 29
27 33
27 36
27 39
27 40
27 41
27 43
27 45
27 51
27 53
27 54
27 55
27 58
27 63
27 83
27 86
27 89
27 90
28 31
28 34
28 36
28 38
28 46
28 53
28 59
28 60
28 61
28 62
28 65
28 67
28 72
28 75
28 77
28 80
28 84
28 85
28 88
28 92
28 94
28 96
28 98
29 31
29 33
29 34
29 37
29 47
29 48
29 50
29 53
29 54
29 61
29 64
29 66
29 68
29 70
29 72
29 81
29 82
29 86
29 90
29 92
29 93
29 95
29 96
30 33
30 34
30 35
30 42
30 43
30 45
30 46
30 48
30 49
30 50
30 54
30 57
30 60
30 63
30 70
30 72
30 80
30 83
30 88
30 95
30 98
31 32
31 34
31 37
31 42
31 44
31 46
31 53
31 55
31 56
31 57
31 58
31 66
31 68
31 73
31 75
31 86
31 89
31 90
31 94
31 98
32 35
32 37
32 41
32 45
32 47
32 52
32 55
32 60
32 63
32 64
32 70
32 72
32 73
32 77
32 79
32 81
32 85
32 88
32 92
32 96
32 97
33 34
33 37
33 42
33 43
33 44
33 49
33 51
33 53
33 55
33 62
33 70
33 72
33 76
33 78
33 79
33 81
33 82
33 89
33 95
34 37
34 41
34 49
34 50
34 51
34 52
34 61
34 66
34 71
34 77
34 78
34 80
34 87
34 90
34 95
34 96
34 99
35 38
35 40
35 41
35 50
35 53
35 55
35 57
35 58
35 59
35 63
35 66
35 70
35 74
35 79
35 80
35 82
35 87
35 88
35 98
36 37
36 44
36 54
36 57
36 59
36 63
36 66
36 67
36 72
36 74
36 76
36 77
36 79
36 91
36 92
37 40
37 52
37 54
37 56
37 58
37 66
37 72
37 73
37 74
37 85
37 88
37 90
37 91
37 98
38 40
38 43
38 49
38 50
38 51
38 53
38 59
38 61
38 63
38 64
38 66
38 73
38 78
38 85
38 87
38 89
38 93
38 95
38 96
38 97
39 42
39 45
39 48
39 50
39 51
39 55
39 58
39 64
39 67
39 75
39 78
39 83
39 85
39 86
39 88
39 93
39 97
39 98
40 43
40 46
40 49
40 50
40 53
40 60
40 63
40 65
40 66
40 82
40 84
40 91
41 42
41 44
41 47
41 53
41 61
41 65
41 67
41 68
41 70
41 72
41 76
41 78
41 82
41 87
41 91
41 93
41 96
41 98
41 99
42 43
42 45
42 46
42 47
42 48
42 50
42 53
42 57
42 58
42 71
42 76
42 82
42 84
42 93
42 94
42 95
43 48
43 49
43 52
43 55
43 57
43 58
43 59
43 61
43 62
43 63
43 64
43 65
43 68
43 69
43 71
43 75
43 76
43 85
43 88
43 92
43 97
43 98
44 47
44 50
44 58
44 60
44 62
44 63
44 64
44 71
44 74
44 76
44 86
44 87
44 88
44 89
44 94
44 96
44 97
45 50
45 55
45 56
45 63
45 67
45 68
45 70
45 72
45 74
45 76
45 77
45 79
45 80
45 83
45 89
45 90
45 99
46 52
46 54
46 58
46 64
46 65
46 66
46 68
46 70
46 73
46 74
46 88
46 89
46 95
47 49
47 57
47 58
47 60
47 61
47 63
47 65
47 69
47 73
47 82
47 84
47 91
47 96
47 97
48 49
48 51
48 52
48 53
48 54
48 66
48 67
48 71
48 74
48 75
48 77
48 79
48 81
48 82
48 85
48 91
48 97
49 52
49 53
49 54
49 55
49 56
49 58
49 59
49 65
49 68
49 69
49 71
49 75
49 79
49 84
49 85
49 87
49 88
49 89
49 91
49 92
49 94
49 99
50 56
50 57
50 58
50 61
50 64
50 67
50 72
50 77
50 79
50 87
50 88
50 89
50 90
50 94
50 98
50 99
51 57
51 72
51 75
51 82
51 86
51 91
52 54
52 57
52 58
52 64
52 65
52 74
52 84
52 87
52 89
52 90
52 91
52 94
53 60
53 61
53 63
53 65
53 66
53 69
53 73
53 74
53 75
53 81
53 82
53 87
53 89
53 93
53 95
54 58
54 59
54 61
54 63
54 64
54 66
54 73
54 76
54 78
54 83
54 88
54 92
54 93
54 94
54 96
54 97
54 99
55 57
55 58
55 66
55 70
55 73
55 74
55 83
55 89
55 93
55 94
55 96
56 59
56 63
56 67
56 70
56 71
56 76
56 77
56 79
56 85
56 86
56 91
56 93
56 94
56 99
57 60
57 62
57 64
57 69
57 76
57 77
57 81
57 91
57 99
58 60
58 61
58 71
58 73
58 80
58 82
58 84
58 85
58 97
58 98
59 62
59 63
59 67
59 68
59 69
59 72
59 74
59 78
59 83
59 93
60 61
60 62
60 63
60 65
60 71
60 77
60 81
60 82
60 83
60 87
60 92
60 94
60 99
61 62
61 71
61 75
61 76
61 80
61 81
61 85
61 90
61 96
62 65
62 70
62 72
62 80
62 84
62 85
62 90
62 91
62 92
62 94
62 99
63 66
63 67
63 76
63 80
63 81
63 83
63 92
63 93
63 94
63 98
63 99
64 71
64 82
64 84
64 85
64 87
64 94
64 95
64 96
64 98
65 69
65 70
65 79
65 80
65 81
65 82
65 84
65 85
65 86
65 88
65 90
65 91
65 94
65 98
66 68
66 76
66 80
66 87
66 90
66 94
66 97
66 98
66 99
67 69
67 71
67 72
67 73
67 74
67 75
67 78
67 79
67 85
67 87
67 88
67 92
67 93
67 94
67 98
68 76
68 78
68 80
68 81
68 82
68 93
68 98
69 76
69 78
69 83
69 85
69 92
69 99
70 72
70 76
70 77
70 79
70 80
70 82
70 85
70 86
70 93
70 98
71 77
71 79
71 81
71 82
71 85
71 88
71 90
71 92
72 75
72 77
72 79
72 81
72 85
72 87
72 90
72 96
72 98
72 99
73 74
73 77
73 80
73 85
73 86
73 88
73 92
73 93
73 94
73 97
74 76
74 86
74 88
74 93
75 77
75 80
75 81
75 83
75 87
75 91
75 92
75 96
76 80
76 86
76 88
76 89
76 91
76 94
76 97
77 84
77 85
77 86
77 88
77 90
77 91
77 93
77 96
77 97
77 98
77 99
78 80
78 82
78 85
78 86
78 87
79 85
79 90
79 94
79 97
79 99
80 89
80 91
80 92
80 98
80 99
81 82
81 84
81 88
81 91
81 93
81 94
81 95
81 97
81 99
82 85
82 89
82 94
82 97
82 98
83 85
83 86
83 87
83 89
83 90
83 91
83 92
83 98
84 85
84 87
84 89
84 94
84 95
85 87
85 89
85 90
85 97
86 88
86 91
86 96
87 92
87 97
88 91
88 92
88 94
90 96
90 99
91 93
91 97
92 93
92 95
92 96
92 98
92 99
93 95
93 96
93 97
93 99
94 95
96 98
96 99
98 99
