0 9
0 12
0 18
0 24
0 25
0 28
0 29
0 35
0 37
0 39
0 41
0 45
0 51
0 56
0 61
0 62
0 64
0 71
0 75
0 80
0 96
1 2
1 4
1 6
1 8
1 9
1 12
1 13
1 16
1 18
1 19
1 24
1 30
1 31
1 32
1 36
1 44
1 47
1 49
1 55
1 58
1 60
1 61
1 64
1 67
1 68
1 69
1 73
1 74
1 76
1 77
1 78
1 82
1 84
1 85
1 89
1 95
1 97
1 99
2 9
2 10
2 13
2 18
2 20
2 22
2 23
2 25
2 26
2 30
2 32
2 36
2 38
2 43
2 44
2 45
2 50
2 54
2 55
2 61
2 63
2 66
2 70
2 75
2 79
2 86
2 88
2 89
2 91
2 93
2 94
2 95
3 5
3 7
3 11
3 16
3 22
3 25
3 27
3 29
3 32
3 34
3 44
3 46
3 61
3 64
3 66
3 70
3 72
3 77
3 79
3 80
3 84
3 87
3 91
3 92
3 93
4 8
4 9
4 14
4 22
4 23
4 24
4 27
4 30
4 31
4 34
4 43
4 46
4 48
4 52
4 61
4 63
4 70
4 72
4 76
4 86
4 88
4 90
4 95
5 9
5 18
5 21
5 23
5 25
5 26
5 27
5 28
5 31
5 33
5 34
5 35
5 40
5 49
5 56
5 58
5 60
5 61
5 62
5 69
5 88
5 91
5 92
5 93
5 99
6 7
6 9
6 17
6 18
6 30
6 31
6 35
6 37
6 40
6 41
6 42
6 43
6 44
6 47
6 56
6 57
6 58
6 60
6 62
6 70
6 73
6 74
6 78
6 82
6 87
7 8
7 18
7 21
7 24
7 25
7 26
7 28
7 29
7 36
7 37
7 40
7 42
7 50
7 53
7 56
7 60
7 64
7 68
7 75
7 77
7 85
7 88
7 89
7 95
7 96
8 10
8 11
8 12
8 13
8 17
8 20
8 22
8 23
8 24
8 26
8 27
8 28
8 30
8 31
8 33
8 40
8 41
8 45
8 50
8 58
8 59
8 61
8 72
8 76
8 80
8 82
8 85
8 92
8 93
8 94
8 95
8 96
9 12
9 16
9 19
9 21
9 22
9 23
9 29
9 31
9 45
9 46
9 47
9 49
9 61
9 63
9 65
9 66
9 67
9 71
9 72
9 85
9 87
9 92
9 95
9 98
9 99
10 12
10 13
10 16
10 21
10 25
10 26
10 36
10 40
10 46
10 62
10 63
10 66
10 69
10 71
10 72
10 73
10 76
10 83
10 86
10 87
10 90
10 93
10 95
10 96
10 99
11 16
11 17
11 19
11 20
11 22
11 24
11 25
11 29
11 32
11 49
11 64
11 69
11 70
11 92
11 94
12 14
12 16
12 17
12 21
12 26
12 35
12 36
12 39
12 40
12 42
12 43
12 46
12 49
12 53
12 59
12 60
12 61
12 63
12 65
12 67
12 70
12 78
12 80
12 82
12 87
12 88
12 89
12 91
12 92
12 97
12 99
13 15
13 16
13 20
13 22
13 26
13 27
13 30
13 31
13 37
13 43
13 46
13 47
13 48
13 51
13 53
13 64
13 67
13 69
13 71
13 76
13 78
13 80
13 81
13 82
13 84
13 88
13 89
13 92
13 93
13 97
14 19
14 28
14 30
14 35
14 37
14 44
14 45
14 49
14 54
14 60
14 61
14 62
14 63
14 65
14 70
14 76
14 82
14 87
14 89
14 91
14 97
14 98
15 16
15 18
15 23
15 26
15 28
15 31
15 33
15 34
15 35
15 39
15 47
15 51
15 53
15 56
15 57
15 58
15 61
15 68
15 69
15 71
15 74
15 75
15 76
15 77
15 80
15 85
15 86
15 88
15 89
15 90
15 92
15 94
15 98
16 17
16 20
16 21
16 33
16 53
16 56
16 62
16 63
16 65
16 66
16 67
16 73
16 75
16 76
16 77
16 80
16 82
16 94
16 97
16 98
16 99
17 21
17 22
17 27
17 28
17 30
17 37
17 42
17 44
17 46
17 50
17 51
17 56
17 58
17 61
17 70
17 71
17 73
17 74
17 75
17 78
17 79
17 81
17 87
17 91
17 93
17 96
17 98
18 24
18 25
18 26
18 28
18 36
18 39
18 42
18 48
18 49
18 50
18 52
18 54
18 57
18 62
18 69
18 74
18 78
18 82
18 86
18 91
18 95
18 99
19 33
19 38
19 48
19 50
19 52
19 54
19 62
19 63
19 69
19 77
19 79
19 80
19 85
19 94
19 97
19 98
20 23
20 25
20 28
20 29
20 30
20 36
20 37
20 42
20 46
20 51
20 52
20 53
20 54
20 55
20 56
20 57
20 58
20 59
20 61
20 65
20 71
20 74
20 77
20 81
20 83
20 84
20 87
20 90
20 97
21 22
21 23
21 24
21 28
21 29
21 31
21 32
21 33
21 38
21 39
21 41
21 42
21 43
21 48
21 49
21 51
21 55
21 59
21 75
21 76
21 80
21 90
21 95
21 97
22 26
22 28
22 29
22 30
22 36
22 40
22 42
22 57
22 59
22 61
22 68
22 71
22 74
22 84
22 87
22 99
23 24
23 25
23 29
23 30
23 33
23 37
23 40
23 42
23 46
23 50
23 51
23 53
23 54
23 56
23 57
23 61
23 62
23 64
23 68
23 69
23 70
23 71
23 73
23 80
23 82
23 83
23 89
23 90
23 91
23 92
23 93
23 99
24 26
24 27
24 31
24 32
24 33
24 35
24 43
24 45
24 46
24 49
24 55
24 63
24 70
24 74
24 77
24 78
24 79
24 82
24 83
24 92
24 95
25 29
25 30
25 31
25 38
25 39
25 42
25 43
25 44
25 45
25 50
25 53
25 57
25 59
25 63
25 65
25 69
25 81
25 83
25 85
25 87
26 31
26 33
26 37
26 39
26 41
26 42
26 43
26 46
26 52
26 53
26 54
26 56
26 59
26 60
26 61
26 64
26 65
26 66
26 75
26 79
26 93
26 94
26 96
26 97
27 31
27 32
27 41
27 45
27 46
27 48
27 60
27 61
27 62
27 64
27 72
27 73
27 78
27 80
27 81
27 88
27 94
27 95
27 98
28 31
28 35
28 44
28 46
28 59
28 62
28 65
28 68
28 69
28 73
28 77
28 78
28 81
28 86
28 90
29 30
29 31
29 36
29 37
29 38
29 39
29 41
29 44
29 46
29 48
29 50
29 53
29 57
29 59
29 60
29 61
29 65
29 72
29 73
29 76
29 79
29 80
29 81
29 84
29 85
29 86
29 90
29 91
29 95
29 97
30 32
30 33
30 35
30 36
30 38
30 42
30 43
30 44
30 47
30 53
30 56
30 61
30 62
30 64
30 66
30 69
30 73
30 74
30 75
30 76
30 81
30 84
30 87
30 88
30 94
30 99
31 35
31 39
31 40
31 41
31 47
31 48
31 50
31 53
31 57
31 61
31 63
31 64
31 71
31 74
31 80
31 81
31 83
31 84
31 85
31 86
31 88
31 89
31 90
31 93
31 95
31 96
31 98
32 40
32 42
32 45
32 51
32 55
32 57
32 62
32 65
32 68
32 69
32 72
32 74
32 75
32 77
32 78
32 80
32 81
32 83
32 86
32 87
32 88
33 41
33 42
33 43
33 45
33 51
33 52
33 55
33 60
33 63
33 69
33 70
33 73
33 74
33 76
33 77
33 78
33 87
33 89
33 97
33 98
34 36
34 44
34 45
34 49
34 50
34 51
34 52
34 53
34 61
34 62
34 63
34 65
34 66
34 68
34 78
34 79
34 83
34 87
34 91
34 93
34 95
35 41
35 42
35 43
35 45
35 47
35 51
35 57
35 58
35 59
35 64
35 67
35 68
35 69
35 73
35 81
35 82
35 84
35 86
35 88
35 89
35 92
35 93
35 97
36 37
36 38
36 41
36 49
36 52
36 53
36 55
36 57
36 58
36 61
36 64
36 65
36 66
36 67
36 71
36 72
36 75
36 76
36 77
36 78
36 82
36 85
36 91
36 95
36 96
36 99
37 42
37 43
37 45
37 46
37 49
37 55
37 60
37 61
37 73
37 76
37 78
37 84
37 85
37 86
37 88
37 89
37 90
37 91
37 93
37 97
38 40
38 41
38 42
38 43
38 46
38 47
38 50
38 52
38 53
38 55
38 57
38 63
38 67
38 68
38 70
38 71
38 77
38 82
38 83
38 85
38 88
38 89
38 91
38 93
38 94
38 95
38 97
39 42
39 43
39 46
39 48
39 52
39 53
39 59
39 61
39 71
39 73
39 75
39 81
39 83
39 84
39 87
39 89
39 90
39 92
39 95
39 96
39 99
40 41
40 45
40 46
40 47
40 52
40 54
40 55
40 61
40 62
40 68
40 71
40 72
40 73
40 75
40 77
40 78
40 85
40 86
40 88
40 90
40 92
40 95
41 46
41 48
41 52
41 55
41 56
41 57
41 62
41 69
41 72
41 74
41 76
41 80
41 83
41 85
41 86
41 87
41 92
41 95
41 96
41 97
41 98
42 49
42 52
42 55
42 60
42 63
42 69
42 70
42 75
42 78
42 82
42 86
42 92
42 94
42 96
42 98
43 45
43 46
43 48
43 50
43 56
43 59
43 64
43 66
43 70
43 73
43 74
43 75
43 76
43 79
43 80
43 81
43 83
43 84
43 89
43 90
43 94
43 95
44 47
44 48
44 52
44 53
44 56
44 59
44 60
44 65
44 67
44 73
44 74
44 75
44 79
44 80
44 82
44 84
44 89
44 94
44 97
44 99
45 46
45 52
45 54
45 55
45 56
45 58
45 63
45 64
45 74
45 75
45 81
45 83
45 89
45 91
45 92
45 94
45 98
46 47
46 49
46 50
46 52
46 54
46 61
46 65
46 68
46 70
46 71
46 94
47 48
47 50
47 63
47 69
47 70
47 72
47 74
47 83
47 89
47 91
47 93
47 95
47 98
48 49
48 51
48 55
48 57
48 58
48 62
48 65
48 69
48 74
48 75
48 79
48 81
48 85
48 94
48 96
49 51
49 52
49 56
49 61
49 63
49 72
49 74
49 77
49 78
49 80
49 85
49 88
49 91
49 97
49 98
50 52
50 56
50 58
50 59
50 63
50 70
50 75
50 76
50 79
50 80
50 82
50 88
50 90
50 94
50 96
51 55
51 56
51 59
51 64
51 65
51 70
51 71
51 78
51 79
51 81
51 83
51 87
51 91
51 98
51 99
52 54
52 58
52 63
52 64
52 68
52 69
52 82
52 83
52 86
52 90
52 91
52 93
52 94
52 98
52 99
53 54
53 57
53 59
53 61
53 64
53 71
53 76
53 77
53 79
53 86
53 93
53 95
53 96
54 56
54 57
54 62
54 71
54 75
54 79
54 81
54 89
54 90
54 94
54 95
54 96
55 57
55 58
55 59
55 70
55 72
55 77
55 87
55 88
55 90
55 92
55 93
56 57
56 61
56 64
56 71
56 72
56 75
56 77
56 78
56 85
56 86
56 89
56 91
56 92
56 93
56 94
56 95
56 97
57 59
57 61
57 62
57 63
57 68
57 72
57 75
57 79
57 80
57 81
57 85
57 89
57 93
57 95
57 99
58 61
58 64
58 66
58 70
58 75
58 76
58 77
58 89
58 91
58 92
59 66
59 70
59 71
59 77
59 80
59 81
59 83
59 84
59 88
59 91
59 92
59 95
59 96
59 97
60 67
60 69
60 71
60 75
60 76
60 78
60 79
60 80
60 81
60 83
60 90
60 92
61 62
61 63
61 66
61 69
61 73
61 74
61 75
61 76
61 77
61 81
61 85
61 95
61 99
62 64
62 65
62 68
62 69
62 74
62 75
62 78
62 79
62 83
62 86
62 87
62 88
62 93
62 96
63 67
63 75
63 80
63 82
63 90
63 94
63 95
64 66
64 68
64 72
64 82
64 84
64 85
64 91
64 92
65 67
65 76
65 81
65 82
65 90
65 92
65 93
65 95
66 71
66 73
66 92
66 93
66 98
67 68
67 73
67 75
67 81
67 89
67 91
67 92
67 93
67 97
68 75
68 78
68 87
68 91
68 96
68 98
68 99
69 70
69 72
69 74
69 75
69 81
69 82
69 84
69 85
69 96
69 98
69 99
70 71
70 73
70 78
70 79
70 80
70 82
70 83
70 90
70 93
70 95
70 97
70 99
71 72
71 81
71 82
71 93
71 94
71 98
72 75
72 76
72 79
72 81
72 82
72 83
72 86
72 88
72 89
72 90
72 92
72 94
72 99
73 90
73 91
73 96
73 98
74 75
74 78
74 79
74 81
74 82
74 84
74 85
74 86
74 91
74 93
74 95
74 98
75 76
75 77
75 78
75 82
75 85
75 87
75 92
75 95
76 77
76 81
76 84
76 91
76 95
76 96
76 98
77 78
77 79
77 83
77 87
77 90
77 95
77 97
78 79
78 80
78 84
78 87
78 90
78 96
78 97
78 99
79 93
79 94
79 96
80 83
80 90
80 92
80 93
80 96
81 82
81 84
81 89
81 90
82 84
82 88
82 89
82 91
82 94
82 98
83 91
83 94
84 89
84 90
84 96
84 99
85 87
85 89
85 90
85 96
86 88
86 91
86 96
86 99
87 93
87 97
87 98
88 90
89 92
89 93
89 95
89 96
89 97
89 98
89 99
90 92
90 95
91 94
91 95
91 99
92 93
93 94
93 97
94 98
94 99
95 97
96 97
96 99
