0 1
0 4
0 10
0 11
0 16
0 17
0 20
0 21
0 22
0 23
0 27
0 28
0 29
0 30
0 32
0 33
0 34
0 36
0 42
0 46
0 49
0 52
0 54
0 56
0 60
0 65
0 67
0 75
0 89
0 92
0 99
1 7
1 10
1 14
1 15
1 25
1 26
1 27
1 32
1 38
1 39
1 46
1 50
1 52
1 54
1 55
1 60
1 62
1 63
1 66
1 67
1 68
1 74
1 75
1 81
1 87
1 88
1 89
1 92
1 93
1 95
1 99
2 3
2 7
2 11
2 17
2 19
2 20
2 26
2 29
2 32
2 33
2 36
2 38
2 40
2 41
2 43
2 46
2 47
2 49
2 53
2 57
2 63
2 67
2 72
2 76
2 79
2 82
2 86
2 92
2 97
3 4
3 6
3 7
3 13
3 14
3 17
3 22
3 24
3 27
3 31
3 33
3 37
3 40
3 43
3 44
3 47
3 48
3 52
3 54
3 55
3 57
3 58
3 59
3 63
3 64
3 65
3 68
3 69
3 70
3 73
3 84
3 96
4 10
4 22
4 28
4 30
4 33
4 35
4 36
4 37
4 42
4 46
4 53
4 54
4 56
4 58
4 59
4 62
4 65
4 70
4 72
4 76
4 77
4 78
4 81
4 85
4 92
4 96
4 97
4 98
5 6
5 7
5 9
5 12
5 15
5 19
5 22
5 23
5 24
5 32
5 35
5 37
5 38
5 49
5 50
5 54
5 57
5 61
5 63
5 64
5 65
5 66
5 67
5 70
5 72
5 75
5 76
5 77
5 88
5 96
5 98
6 10
6 11
6 18
6 22
6 23
6 26
6 29
6 33
6 37
6 38
6 40
6 42
6 46
6 52
6 57
6 58
6 68
6 69
6 70
6 72
6 73
6 81
6 86
6 93
6 96
6 98
7 12
7 14
7 16
7 17
7 25
7 30
7 33
7 40
7 41
7 48
7 49
7 50
7 51
7 56
7 57
7 58
7 59
7 60
7 64
7 69
7 71
7 72
7 74
7 86
7 88
7 89
7 99
8 10
8 12
8 13
8 17
8 20
8 27
8 30
8 31
8 36
8 41
8 43
8 44
8 45
8 46
8 49
8 52
8 54
8 59
8 63
8 66
8 77
8 84
8 85
8 87
8 88
8 89
8 92
8 94
9 10
9 11
9 12
9 15
9 17
9 29
9 30
9 36
9 47
9 51
9 56
9 59
9 61
9 67
9 68
9 69
9 74
9 78
9 82
9 91
9 92
9 96
10 13
10 14
10 15
10 16
10 18
10 21
10 22
10 23
10 24
10 34
10 35
10 36
10 39
10 40
10 41
10 42
10 44
10 47
10 50
10 54
10 56
10 58
10 59
10 60
10 61
10 62
10 66
10 68
10 73
10 80
10 85
10 86
10 89
10 94
10 98
10 99
11 12
11 15
11 24
11 26
11 29
11 31
11 38
11 39
11 44
11 45
11 49
11 50
11 52
11 56
11 58
11 65
11 73
11 83
11 84
11 85
11 87
11 90
11 94
11 95
11 96
11 99
12 14
12 15
12 21
12 32
12 34
12 36
12 40
12 44
12 47
12 52
12 54
12 56
12 57
12 60
12 65
12 68
12 69
12 71
12 74
12 82
12 85
12 86
12 89
12 91
12 92
12 94
12 96
12 98
13 17
13 19
13 26
13 27
13 30
13 36
13 38
13 51
13 55
13 61
13 65
13 67
13 69
13 73
13 74
13 78
13 79
13 80
13 88
13 90
13 91
13 93
13 95
13 97
13 98
14 15
14 16
14 18
14 23
14 24
14 25
14 49
14 50
14 52
14 56
14 67
14 70
14 71
14 77
14 89
14 91
14 92
14 93
14 96
14 97
14 99
15 21
15 22
15 25
15 27
15 31
15 32
15 35
15 38
15 42
15 44
15 45
15 50
15 53
15 59
15 62
15 63
15 66
15 72
15 75
15 76
15 77
15 79
15 80
15 82
15 83
15 88
15 93
15 94
15 95
15 96
15 98
15 99
16 20
16 21
16 24
16 25
16 30
16 31
16 36
16 44
16 45
16 47
16 50
16 54
16 55
16 58
16 62
16 72
16 74
16 76
16 78
16 83
16 86
16 87
16 89
16 93
16 96
16 99
17 18
17 19
17 21
17 24
17 27
17 28
17 29
17 31
17 33
17 36
17 37
17 39
17 40
17 43
17 44
17 46
17 47
17 48
17 53
17 58
17 60
17 64
17 72
17 73
17 82
17 87
17 90
17 93
17 94
17 97
17 98
18 20
18 21
18 26
18 32
18 36
18 37
18 39
18 47
18 48
18 49
18 54
18 61
18 62
18 64
18 65
18 69
18 71
18 77
18 86
18 92
18 93
18 97
19 20
19 21
19 26
19 27
19 31
19 37
19 39
19 41
19 44
19 45
19 47
19 50
19 52
19 55
19 61
19 68
19 70
19 73
19 75
19 81
19 82
19 90
19 94
19 99
20 25
20 29
20 31
20 33
20 39
20 40
20 43
20 46
20 49
20 51
20 53
20 54
20 64
20 68
20 73
20 75
20 84
20 85
20 91
20 92
20 94
20 98
21 24
21 25
21 27
21 28
21 32
21 38
21 41
21 42
21 43
21 48
21 50
21 51
21 55
21 63
21 70
21 76
21 81
21 84
21 85
21 88
21 89
21 90
21 91
21 99
22 23
22 24
22 26
22 31
22 33
22 35
22 36
22 37
22 48
22 50
22 52
22 55
22 66
22 74
22 75
22 77
22 78
22 79
22 80
22 84
22 92
22 97
22 98
23 25
23 27
23 28
23 31
23 33
23 39
23 42
23 44
23 45
23 48
23 50
23 51
23 53
23 60
23 61
23 65
23 67
23 70
23 71
23 73
23 75
23 79
23 83
23 88
24 25
24 32
24 44
24 46
24 48
24 53
24 55
24 57
24 58
24 60
24 62
24 63
24 66
24 70
24 72
24 76
24 78
24 79
24 85
24 87
24 90
24 92
24 94
24 95
25 28
25 32
25 34
25 35
25 36
25 40
25 46
25 52
25 60
25 67
25 73
25 74
25 75
25 79
25 80
25 84
25 88
25 91
25 96
26 28
26 29
26 31
26 39
26 41
26 43
26 48
26 56
26 57
26 60
26 61
26 62
26 66
26 69
26 71
26 74
26 75
26 76
26 77
26 88
26 89
26 94
26 95
27 34
27 42
27 45
27 47
27 49
27 52
27 60
27 62
27 65
27 68
27 69
27 72
27 73
27 76
27 78
27 79
27 80
27 81
27 82
27 83
27 86
27 87
27 88
27 90
27 91
27 92
27 93
28 29
28 30
28 33
28 39
28 45
28 48
28 52
28 53
28 60
28 66
28 67
28 69
28 71
28 73
28 74
28 78
28 81
28 85
28 87
28 88
28 98
29 36
29 40
29 41
29 44
29 46
29 62
29 66
29 68
29 69
29 73
29 74
29 75
29 80
29 87
29 92
29 94
29 96
30 37
30 38
30 41
30 48
30 49
30 50
30 54
30 55
30 56
30 62
30 69
30 70
30 72
30 73
30 79
30 80
30 84
30 86
30 88
30 94
30 96
31 33
31 36
31 37
31 44
31 55
31 60
31 61
31 72
31 74
31 88
31 92
31 95
31 99
32 37
32 41
32 46
32 47
32 59
32 61
32 64
32 66
32 68
32 73
32 74
32 80
32 86
32 87
32 89
32 91
32 94
32 95
33 38
33 42
33 44
33 47
33 49
33 50
33 61
33 63
33 65
33 68
33 70
33 71
33 72
33 73
33 74
33 75
33 78
33 81
33 83
33 86
33 88
33 92
33 95
33 97
33 99
34 36
34 39
34 40
34 48
34 51
34 58
34 60
34 69
34 71
34 72
34 76
34 87
34 89
34 94
34 95
34 96
34 99
35 37
35 38
35 40
35 45
35 49
35 52
35 54
35 56
35 59
35 64
35 65
35 70
35 74
35 75
35 81
35 86
35 90
35 91
35 96
36 37
36 39
36 41
36 42
36 49
36 54
36 59
36 61
36 68
36 69
36 74
36 80
36 82
36 83
36 86
36 88
36 97
36 98
36 99
37 40
37 49
37 50
37 51
37 53
37 56
37 57
37 67
37 71
37 72
37 74
37 76
37 79
37 80
37 82
37 94
37 99
38 40
38 41
38 46
38 50
38 55
38 59
38 61
38 64
38 66
38 67
38 68
38 69
38 73
38 74
38 92
38 95
38 97
38 99
39 44
39 46
39 47
39 48
39 53
39 56
39 58
39 59
39 60
39 61
39 66
39 69
39 72
39 76
39 84
39 92
39 93
39 96
39 97
40 41
40 51
40 52
40 53
40 56
40 64
40 65
40 66
40 70
40 71
40 72
40 74
40 76
40 77
40 78
40 79
40 81
40 86
40 88
40 94
41 49
41 50
41 51
41 56
41 61
41 65
41 66
41 71
41 72
41 75
41 78
41 85
41 86
41 87
41 95
41 98
42 47
42 48
42 52
42 53
42 55
42 57
42 63
42 65
42 72
42 75
42 79
42 83
42 90
42 98
43 44
43 46
43 53
43 54
43 55
43 63
43 66
43 67
43 68
43 70
43 73
43 75
43 78
43 82
43 84
43 86
43 89
43 93
43 94
43 98
44 46
44 54
44 56
44 57
44 63
44 64
44 65
44 66
44 69
44 70
44 71
44 73
44 77
44 86
44 87
44 95
44 96
44 98
45 49
45 50
45 52
45 62
45 64
45 67
45 68
45 72
45 73
45 78
45 79
45 81
45 83
45 84
45 86
45 89
45 92
45 93
45 96
46 52
46 53
46 54
46 55
46 59
46 60
46 62
46 66
46 67
46 77
46 83
46 92
46 95
46 96
47 50
47 52
47 64
47 66
47 71
47 72
47 80
47 82
47 87
47 91
47 92
47 94
47 96
48 54
48 61
48 63
48 64
48 68
48 72
48 73
48 76
48 79
48 80
48 81
48 82
48 84
48 88
48 89
48 97
48 98
48 99
49 51
49 53
49 55
49 58
49 66
49 67
49 74
49 77
49 78
49 79
49 81
49 82
49 84
49 87
49 92
49 96
49 97
49 99
50 51
50 54
50 56
50 63
50 64
50 66
50 68
50 70
50 71
50 72
50 78
50 80
50 85
50 86
50 91
50 94
51 56
51 58
51 60
51 62
51 64
51 66
51 68
51 71
51 72
51 77
51 83
51 85
51 87
51 92
51 97
51 98
52 55
52 59
52 62
52 64
52 67
52 70
52 71
52 72
52 75
52 76
52 81
52 84
52 89
52 92
52 96
53 57
53 61
53 63
53 64
53 69
53 73
53 74
53 77
53 79
53 80
53 82
53 86
53 89
53 92
53 94
53 95
53 96
54 55
54 57
54 58
54 66
54 69
54 70
54 71
54 74
54 75
54 77
54 82
54 92
54 94
54 95
55 60
55 67
55 68
55 72
55 73
55 74
55 79
55 83
55 84
55 89
55 91
55 97
56 57
56 61
56 62
56 63
56 67
56 80
56 82
56 84
56 86
56 88
56 90
56 91
56 98
57 59
57 65
57 66
57 68
57 70
57 78
57 80
57 81
57 90
57 92
57 93
57 97
58 67
58 68
58 71
58 72
58 74
58 88
58 89
58 96
58 97
58 99
59 60
59 67
59 69
59 70
59 74
59 76
59 78
59 81
59 83
59 91
59 94
59 96
59 97
59 98
60 66
60 69
60 71
60 77
60 80
60 83
60 87
60 89
60 90
60 91
60 93
60 94
60 98
61 66
61 76
61 77
61 78
61 81
61 83
61 84
61 86
61 87
61 91
61 92
61 93
61 94
61 96
61 97
62 63
62 64
62 85
62 88
62 91
62 94
62 95
62 96
63 65
63 67
63 68
63 73
63 77
63 87
63 88
63 89
63 90
63 94
63 95
63 96
64 67
64 69
64 72
64 86
64 91
64 92
64 95
64 99
65 76
65 92
65 93
65 94
65 95
65 97
66 70
66 71
66 72
66 74
66 75
66 76
66 79
66 80
66 81
66 85
66 86
66 89
66 92
67 69
67 73
67 79
67 81
67 83
67 87
67 88
67 91
67 95
67 98
67 99
68 69
68 76
68 78
68 84
68 85
68 87
68 94
69 73
69 77
69 78
69 80
69 81
69 83
69 87
69 90
69 99
70 71
70 75
70 77
70 78
70 80
70 87
70 90
70 91
70 92
70 98
71 72
71 75
71 77
71 78
71 81
71 82
71 86
71 87
71 88
71 92
72 73
72 76
72 79
72 80
72 83
72 88
72 96
72 98
73 75
73 77
73 85
73 92
73 93
73 98
73 99
74 82
74 86
74 93
74 94
75 77
75 78
75 80
75 83
75 86
75 88
75 99
76 80
76 81
76 95
77 80
77 85
77 91
77 93
77 94
78 80
78 85
78 90
78 94
79 83
79 84
79 87
79 92
79 93
79 95
79 97
80 89
80 90
80 98
80 99
81 89
81 90
81 91
81 93
81 94
82 96
83 87
83 90
83 92
83 94
83 96
83 97
84 85
84 86
84 88
84 93
84 96
85 87
85 92
85 93
85 95
85 96
86 87
86 91
86 95
86 96
87 89
87 90
87 92
87 94
87 99
88 93
88 96
89 90
89 93
89 95
89 96
89 98
90 92
90 95
91 94
91 95
91 96
91 98
91 99
92 94
92 95
92 96
92 97
93 94
93 96
94 96
95 96
95 99
96 98
97 99
