0 2
0 8
0 14
0 16
0 18
0 19
0 20
0 21
0 27
0 32
0 34
0 35
0 42
0 49
0 51
0 52
0 56
0 67
0 68
0 75
0 78
0 79
0 83
0 90
0 93
0 94
0 98
1 6
1 7
1 11
1 14
1 26
1 27
1 28
1 35
1 36
1 37
1 39
1 40
1 41
1 44
1 45
1 47
1 53
1 54
1 55
1 60
1 70
1 74
1 75
1 79
1 80
1 81
1 84
2 6
2 10
2 11
2 12
2 14
2 16
2 17
2 23
2 26
2 33
2 46
2 48
2 51
2 56
2 61
2 64
2 68
2 70
2 75
2 76
2 77
2 91
2 94
3 14
3 19
3 23
3 24
3 25
3 26
3 30
3 32
3 34
3 35
3 36
3 45
3 46
3 52
3 60
3 74
3 78
3 79
3 82
3 84
3 85
3 86
3 88
3 90
4 15
4 21
4 23
4 28
4 29
4 30
4 33
4 38
4 39
4 40
4 44
4 47
4 53
4 55
4 60
4 61
4 66
4 69
4 91
4 98
5 14
5 19
5 25
5 29
5 32
5 44
5 48
5 50
5 55
5 60
5 69
5 88
5 94
5 95
6 13
6 17
6 22
6 29
6 45
6 48
6 51
6 57
6 61
6 63
6 64
6 66
6 73
6 77
6 82
6 87
6 91
7 8
7 15
7 16
7 19
7 25
7 28
7 33
7 36
7 38
7 41
7 47
7 50
7 55
7 58
7 60
7 61
7 62
7 63
7 76
7 92
7 97
8 14
8 20
8 21
8 22
8 34
8 42
8 49
8 50
8 58
8 75
8 82
8 83
8 86
8 89
9 19
9 29
9 30
9 31
9 38
9 55
9 56
9 64
9 65
9 70
9 76
9 92
9 95
9 97
9 98
10 11
10 12
10 14
10 18
10 23
10 28
10 41
10 42
10 53
10 55
10 58
10 62
10 66
10 68
10 81
10 83
10 89
10 90
10 94
10 98
11 17
11 27
11 30
11 37
11 43
11 45
11 55
11 61
11 67
11 79
11 82
11 87
11 93
11 96
12 15
12 30
12 31
12 41
12 42
12 49
12 53
12 56
12 58
12 60
12 62
12 65
12 69
12 71
12 72
12 76
12 79
12 86
12 89
12 92
12 95
13 14
13 15
13 16
13 19
13 33
13 34
13 35
13 42
13 43
13 44
13 53
13 60
13 69
13 74
13 75
13 81
13 85
13 86
13 90
13 96
14 15
14 17
14 18
14 32
14 35
14 44
14 49
14 52
14 59
14 64
14 68
14 71
14 76
14 80
14 87
14 88
14 90
14 92
14 99
15 25
15 39
15 41
15 54
15 55
15 56
15 59
15 60
15 61
15 62
15 63
15 68
15 69
15 82
15 88
15 94
15 96
16 21
16 31
16 38
16 47
16 49
16 50
16 73
16 74
16 75
16 76
16 84
16 88
17 20
17 36
17 44
17 46
17 49
17 55
17 57
17 62
17 63
17 64
17 69
17 76
17 79
17 83
17 88
17 91
17 94
17 98
18 19
18 21
18 32
18 33
18 38
18 39
18 42
18 43
18 44
18 49
18 59
18 61
18 62
18 69
18 72
18 78
18 81
18 82
18 97
19 20
19 26
19 30
19 36
19 53
19 57
19 62
19 63
19 66
19 71
19 76
19 77
19 80
19 82
19 84
19 85
19 89
19 95
19 96
19 97
20 22
20 25
20 27
20 35
20 45
20 46
20 47
20 58
20 59
20 66
20 75
20 77
20 78
20 87
20 88
20 89
20 97
21 23
21 24
21 25
21 29
21 33
21 43
21 49
21 58
21 64
21 70
21 85
21 99
22 26
22 29
22 31
22 38
22 40
22 43
22 47
22 49
22 56
22 62
22 67
22 73
22 74
22 77
22 83
22 89
22 90
22 91
23 24
23 25
23 30
23 39
23 41
23 47
23 49
23 54
23 55
23 58
23 63
23 64
23 81
23 82
23 92
24 26
24 27
24 29
24 32
24 38
24 54
24 66
24 70
24 73
24 84
24 94
25 26
25 27
25 29
25 35
25 46
25 47
25 48
25 54
25 55
25 73
25 94
25 95
25 96
26 36
26 39
26 42
26 45
26 47
26 48
26 52
26 54
26 55
26 58
26 62
26 65
26 74
26 77
26 83
26 86
26 90
27 30
27 40
27 45
27 46
27 47
27 49
27 50
27 53
27 54
27 59
27 61
27 62
27 66
27 72
27 79
27 80
27 85
27 98
27 99
28 34
28 43
28 47
28 49
28 53
28 59
28 64
28 68
28 89
28 93
28 95
29 31
29 37
29 39
29 42
29 53
29 61
29 63
29 68
29 71
29 72
29 74
29 87
29 88
29 91
29 93
30 32
30 35
30 42
30 43
30 47
30 49
30 55
30 60
30 64
30 68
30 71
30 73
30 78
30 82
30 87
30 92
30 95
30 96
30 98
30 99
31 42
31 43
31 58
31 60
31 61
31 65
31 71
31 81
31 83
31 92
31 96
31 98
32 53
32 60
32 67
32 71
32 73
32 75
32 80
32 81
32 83
32 85
32 91
32 92
32 96
32 98
33 34
33 43
33 47
33 49
33 52
33 53
33 58
33 61
33 62
33 63
33 65
33 71
33 73
33 75
33 77
33 88
33 89
33 94
33 95
34 35
34 36
34 37
34 40
34 47
34 59
34 66
34 74
34 81
34 87
34 96
35 50
35 58
35 62
35 67
35 68
35 69
35 73
35 74
35 80
35 83
35 87
35 88
35 98
36 38
36 39
36 51
36 52
36 60
36 62
36 63
36 66
36 69
36 70
36 80
36 83
36 89
36 91
36 95
36 98
37 40
37 43
37 49
37 50
37 55
37 56
37 57
37 58
37 65
37 75
37 80
37 85
37 90
37 96
38 39
38 40
38 41
38 50
38 52
38 53
38 60
38 63
38 72
38 82
39 41
39 43
39 54
39 60
39 64
39 67
39 68
39 70
39 75
39 78
39 79
39 83
39 92
40 52
40 66
40 70
40 72
40 79
40 80
40 87
41 45
41 52
41 53
41 56
41 68
41 71
41 77
41 81
41 86
41 95
41 99
42 48
42 49
42 54
42 64
42 68
42 71
42 72
42 73
42 75
42 79
42 84
42 86
42 87
42 89
42 98
43 52
43 54
43 55
43 58
43 59
43 65
43 66
43 72
43 85
43 90
43 97
44 46
44 53
44 54
44 56
44 58
44 61
44 62
44 65
44 68
44 71
44 72
44 89
44 99
45 51
45 63
45 74
45 77
45 85
45 96
46 48
46 50
46 52
46 57
46 59
46 69
46 72
46 77
47 49
47 53
47 57
47 59
47 62
47 75
47 79
47 89
48 49
48 53
48 72
48 85
48 86
49 51
49 58
49 74
49 79
49 80
49 84
49 87
49 88
49 96
50 51
50 59
50 63
50 64
50 67
50 68
50 69
50 74
50 75
50 77
50 80
50 83
50 84
50 92
50 99
51 63
51 69
51 72
51 74
51 89
51 96
52 53
52 57
52 58
52 60
52 65
52 69
52 70
52 73
52 74
52 82
52 89
52 94
53 59
53 64
53 74
53 76
53 82
53 83
53 92
53 98
53 99
54 60
54 66
54 70
54 72
54 77
54 80
54 81
54 95
55 62
55 65
55 66
55 67
55 75
55 78
55 84
55 92
55 99
56 65
56 68
56 70
56 72
56 75
56 83
57 63
57 64
57 67
57 68
57 70
57 72
57 76
57 82
57 84
57 88
57 97
57 98
58 63
58 69
58 74
58 90
59 76
59 80
59 85
59 95
59 99
60 67
60 68
60 75
60 81
60 88
60 90
60 96
61 62
61 63
61 64
61 65
61 71
61 77
61 84
61 86
61 94
61 95
62 63
62 73
62 94
62 98
63 67
63 68
63 78
63 83
64 67
64 71
64 73
64 84
64 94
65 71
65 72
65 74
65 78
65 83
65 84
65 85
65 89
65 97
66 69
66 70
66 84
66 87
66 88
66 89
66 92
66 98
67 73
67 74
67 79
67 80
67 81
67 84
67 90
67 96
67 98
68 70
68 74
68 75
68 80
68 81
68 83
68 89
68 92
68 94
68 99
69 72
69 73
69 74
69 83
70 74
70 76
70 77
70 78
70 84
70 86
71 73
71 87
71 90
71 92
71 93
71 98
72 73
72 75
72 76
72 80
72 81
72 86
72 91
72 95
72 96
73 84
73 85
73 98
73 99
74 75
74 76
74 84
74 88
74 89
74 90
74 97
74 98
75 79
75 83
75 85
75 88
75 95
75 99
76 84
76 92
77 78
77 79
77 86
77 92
77 93
78 82
78 93
78 99
79 81
79 91
79 95
79 96
79 99
80 95
81 84
81 91
81 93
81 98
82 91
82 96
83 86
83 97
83 98
83 99
84 89
84 95
84 97
85 87
85 95
85 99
86 88
86 91
86 92
86 95
86 98
87 99
88 99
89 93
90 94
93 99
94 96
95 96
95 97
95 98
95 99
