0 1
0 2
0 3
0 5
0 7
0 8
0 11
0 14
0 23
0 25
0 27
0 28
0 30
0 31
0 33
0 36
0 39
0 40
0 41
0 42
0 43
0 44
0 45
0 46
0 47
0 49
0 50
0 51
0 53
0 55
0 56
0 57
0 58
0 60
0 61
0 62
0 63
0 66
0 67
0 71
0 72
0 75
0 76
0 77
0 78
0 79
0 80
0 81
0 82
0 83
0 84
0 85
0 86
0 90
0 94
0 98
0 99
1 3
1 5
1 6
1 8
1 9
1 10
1 11
1 13
1 14
1 16
1 18
1 19
1 20
1 21
1 23
1 28
1 29
1 33
1 34
1 38
1 42
1 47
1 49
1 52
1 53
1 56
1 57
1 58
1 59
1 61
1 63
1 64
1 65
1 66
1 70
1 71
1 72
1 74
1 76
1 78
1 80
1 82
1 85
1 86
1 88
1 92
1 93
1 95
1 97
1 98
1 99
2 3
2 4
2 5
2 6
2 7
2 8
2 12
2 13
2 14
2 16
2 18
2 19
2 20
2 24
2 25
2 26
2 29
2 30
2 31
2 35
2 36
2 37
2 38
2 39
2 42
2 43
2 45
2 47
2 51
2 56
2 58
2 60
2 61
2 62
2 63
2 64
2 67
2 70
2 72
2 73
2 75
2 77
2 78
2 80
2 82
2 84
2 86
2 88
2 90
2 91
2 93
2 95
2 98
2 99
3 4
3 7
3 9
3 11
3 13
3 23
3 27
3 31
3 33
3 35
3 36
3 38
3 40
3 41
3 45
3 48
3 51
3 53
3 57
3 58
3 60
3 62
3 63
3 64
3 65
3 70
3 72
3 75
3 77
3 78
3 79
3 80
3 81
3 82
3 84
3 85
3 90
3 91
3 92
3 95
3 97
4 6
4 7
4 8
4 11
4 16
4 18
4 20
4 24
4 28
4 29
4 30
4 31
4 35
4 36
4 38
4 39
4 44
4 47
4 49
4 51
4 52
4 53
4 54
4 56
4 58
4 61
4 62
4 63
4 64
4 65
4 67
4 70
4 73
4 74
4 76
4 80
4 81
4 82
4 83
4 84
4 87
4 88
4 93
4 94
4 99
5 6
5 7
5 9
5 10
5 11
5 13
5 14
5 16
5 18
5 20
5 22
5 26
5 28
5 29
5 30
5 32
5 37
5 38
5 42
5 45
5 49
5 50
5 52
5 53
5 58
5 66
5 70
5 71
5 75
5 76
5 77
5 78
5 81
5 82
5 83
5 84
5 85
5 86
5 90
5 92
5 96
5 98
5 99
6 10
6 11
6 13
6 16
6 19
6 20
6 22
6 25
6 26
6 27
6 28
6 32
6 33
6 34
6 40
6 43
6 44
6 46
6 47
6 48
6 49
6 52
6 53
6 54
6 56
6 57
6 61
6 62
6 63
6 64
6 66
6 68
6 70
6 74
6 76
6 79
6 80
6 81
6 84
6 85
6 88
6 89
6 90
6 94
6 96
6 98
7 8
7 9
7 11
7 12
7 14
7 15
7 17
7 18
7 19
7 21
7 22
7 25
7 26
7 31
7 33
7 35
7 37
7 39
7 42
7 44
7 45
7 46
7 49
7 51
7 52
7 57
7 61
7 62
7 64
7 66
7 69
7 72
7 74
7 76
7 78
7 79
7 82
7 84
7 86
7 87
7 88
7 91
7 92
7 97
7 98
7 99
8 9
8 10
8 12
8 15
8 17
8 19
8 20
8 23
8 24
8 28
8 31
8 32
8 33
8 36
8 37
8 38
8 39
8 41
8 42
8 43
8 44
8 46
8 47
8 48
8 50
8 52
8 56
8 58
8 59
8 61
8 64
8 65
8 66
8 69
8 70
8 71
8 75
8 76
8 79
8 80
8 81
8 82
8 88
8 91
8 92
8 95
8 96
9 10
9 13
9 15
9 18
9 21
9 22
9 24
9 26
9 30
9 32
9 34
9 37
9 39
9 40
9 42
9 43
9 44
9 46
9 47
9 48
9 50
9 52
9 53
9 57
9 59
9 60
9 61
9 62
9 63
9 67
9 68
9 69
9 70
9 74
9 77
9 78
9 79
9 80
9 83
9 84
9 86
9 87
9 88
9 89
9 90
9 91
9 93
9 95
9 99
10 11
10 13
10 15
10 16
10 17
10 20
10 21
10 22
10 25
10 27
10 30
10 31
10 33
10 34
10 40
10 41
10 47
10 50
10 53
10 54
10 55
10 58
10 59
10 61
10 63
10 64
10 69
10 71
10 73
10 74
10 76
10 77
10 78
10 79
10 85
10 86
10 90
10 93
10 98
11 12
11 14
11 17
11 18
11 19
11 20
11 21
11 22
11 23
11 24
11 27
11 28
11 29
11 31
11 34
11 38
11 46
11 47
11 48
11 49
11 50
11 51
11 54
11 56
11 57
11 58
11 60
11 64
11 67
11 68
11 69
11 72
11 73
11 74
11 77
11 81
11 83
11 87
11 89
11 90
11 91
11 98
11 99
12 13
12 14
12 15
12 16
12 17
12 20
12 22
12 23
12 24
12 27
12 28
12 31
12 33
12 35
12 36
12 38
12 39
12 40
12 42
12 43
12 44
12 45
12 48
12 49
12 51
12 52
12 58
12 60
12 61
12 67
12 71
12 72
12 73
12 74
12 75
12 78
12 80
12 89
12 90
12 91
12 93
12 96
12 98
13 15
13 16
13 17
13 18
13 19
13 22
13 25
13 28
13 29
13 31
13 32
13 34
13 35
13 37
13 40
13 41
13 42
13 43
13 45
13 49
13 50
13 51
13 54
13 56
13 59
13 60
13 61
13 62
13 63
13 65
13 68
13 69
13 70
13 73
13 75
13 78
13 80
13 81
13 84
13 86
13 87
13 88
13 89
13 90
13 92
13 93
13 94
13 95
13 99
14 16
14 18
14 19
14 21
14 24
14 25
14 26
14 29
14 31
14 33
14 37
14 38
14 39
14 41
14 42
14 43
14 46
14 47
14 48
14 51
14 53
14 56
14 63
14 65
14 66
14 70
14 71
14 72
14 73
14 74
14 75
14 78
14 81
14 83
14 85
14 86
14 87
14 88
14 89
14 91
14 92
14 93
14 94
14 97
15 16
15 18
15 19
15 23
15 31
15 33
15 35
15 39
15 41
15 43
15 44
15 48
15 57
15 58
15 59
15 62
15 63
15 66
15 67
15 68
15 69
15 71
15 72
15 73
15 74
15 79
15 80
15 81
15 86
15 87
15 90
15 91
15 92
15 93
15 95
15 97
15 99
16 17
16 19
16 20
16 22
16 23
16 24
16 25
16 27
16 29
16 31
16 34
16 35
16 38
16 42
16 45
16 53
16 54
16 57
16 60
16 62
16 64
16 65
16 66
16 67
16 71
16 74
16 75
16 82
16 83
16 84
16 89
16 95
16 96
17 18
17 22
17 24
17 25
17 26
17 27
17 35
17 36
17 37
17 42
17 44
17 46
17 48
17 52
17 53
17 54
17 55
17 57
17 58
17 60
17 62
17 67
17 72
17 74
17 77
17 79
17 83
17 84
17 85
17 86
17 90
17 92
17 94
17 99
18 19
18 28
18 33
18 34
18 36
18 42
18 44
18 50
18 51
18 56
18 57
18 59
18 61
18 62
18 64
18 65
18 66
18 67
18 69
18 73
18 75
18 76
18 77
18 78
18 83
18 84
18 88
18 89
18 90
18 91
18 92
18 93
18 94
18 95
18 97
18 98
18 99
19 21
19 24
19 25
19 26
19 27
19 29
19 32
19 35
19 37
19 38
19 40
19 42
19 49
19 52
19 55
19 61
19 62
19 72
19 74
19 75
19 77
19 78
19 79
19 80
19 81
19 83
19 84
19 85
19 86
19 87
19 88
19 92
19 93
20 22
20 27
20 29
20 30
20 31
20 32
20 34
20 35
20 36
20 39
20 42
20 46
20 50
20 52
20 54
20 55
20 57
20 58
20 59
20 61
20 64
20 66
20 67
20 76
20 77
20 80
20 82
20 87
20 90
20 92
20 93
20 99
21 24
21 25
21 26
21 28
21 35
21 37
21 39
21 40
21 42
21 45
21 46
21 47
21 49
21 51
21 52
21 54
21 60
21 61
21 62
21 66
21 67
21 68
21 72
21 74
21 75
21 79
21 82
21 83
21 86
21 91
21 92
21 93
21 94
21 95
21 96
21 98
21 99
22 25
22 26
22 27
22 28
22 31
22 32
22 34
22 40
22 41
22 42
22 45
22 46
22 49
22 50
22 54
22 56
22 58
22 59
22 60
22 61
22 64
22 65
22 66
22 67
22 70
22 71
22 72
22 74
22 76
22 78
22 79
22 81
22 82
22 84
22 85
22 92
22 93
22 94
22 95
22 97
22 98
23 25
23 29
23 32
23 34
23 36
23 39
23 40
23 46
23 50
23 51
23 52
23 56
23 57
23 61
23 63
23 65
23 67
23 68
23 70
23 71
23 75
23 77
23 78
23 79
23 81
23 83
23 84
23 85
23 87
23 89
23 90
23 94
23 95
23 96
23 98
24 25
24 26
24 28
24 29
24 30
24 32
24 36
24 37
24 38
24 41
24 45
24 46
24 48
24 49
24 52
24 53
24 55
24 56
24 57
24 63
24 64
24 66
24 67
24 69
24 70
24 71
24 72
24 74
24 76
24 77
24 78
24 79
24 81
24 82
24 85
24 86
24 87
24 88
24 90
24 91
24 92
24 94
24 95
25 26
25 28
25 29
25 31
25 33
25 36
25 38
25 39
25 40
25 41
25 44
25 45
25 47
25 48
25 50
25 51
25 54
25 56
25 59
25 60
25 61
25 63
25 64
25 69
25 70
25 72
25 74
25 77
25 80
25 82
25 84
25 86
25 87
25 88
25 89
25 90
25 92
25 93
25 94
25 95
25 96
26 28
26 29
26 30
26 32
26 33
26 34
26 37
26 39
26 41
26 42
26 44
26 46
26 47
26 48
26 51
26 52
26 55
26 57
26 58
26 59
26 60
26 66
26 67
26 70
26 73
26 76
26 77
26 79
26 80
26 82
26 83
26 86
26 89
26 90
26 94
26 95
26 97
26 98
27 29
27 31
27 35
27 38
27 39
27 40
27 41
27 43
27 44
27 46
27 48
27 51
27 52
27 54
27 55
27 56
27 58
27 59
27 61
27 64
27 69
27 70
27 74
27 75
27 76
27 77
27 78
27 80
27 81
27 88
27 90
27 92
27 93
27 96
27 99
28 29
28 30
28 31
28 32
28 33
28 34
28 36
28 37
28 39
28 40
28 43
28 46
28 50
28 51
28 53
28 63
28 64
28 66
28 70
28 71
28 72
28 73
28 75
28 77
28 78
28 79
28 81
28 82
28 85
28 87
28 89
28 91
28 92
28 95
28 96
28 97
28 98
28 99
29 30
29 31
29 37
29 39
29 41
29 45
29 46
29 48
29 53
29 55
29 60
29 63
29 64
29 65
29 66
29 67
29 68
29 77
29 78
29 82
29 83
29 84
29 90
29 92
29 93
29 97
29 99
30 33
30 34
30 35
30 36
30 41
30 42
30 45
30 46
30 47
30 49
30 50
30 51
30 56
30 61
30 63
30 66
30 67
30 68
30 72
30 73
30 74
30 76
30 78
30 82
30 83
30 85
30 87
30 88
30 93
30 94
30 95
30 96
30 97
30 98
31 33
31 38
31 39
31 40
31 41
31 44
31 46
31 47
31 49
31 51
31 53
31 54
31 55
31 56
31 58
31 61
31 67
31 68
31 69
31 71
31 74
31 75
31 77
31 78
31 80
31 81
31 82
31 87
31 89
31 90
31 91
31 92
31 93
31 94
31 96
31 98
32 33
32 34
32 36
32 37
32 38
32 39
32 42
32 43
32 49
32 50
32 51
32 52
32 53
32 61
32 63
32 64
32 65
32 67
32 68
32 69
32 70
32 72
32 73
32 75
32 76
32 77
32 78
32 79
32 80
32 81
32 82
32 87
32 90
32 93
32 94
32 96
32 99
33 35
33 36
33 37
33 38
33 39
33 40
33 43
33 44
33 45
33 48
33 49
33 50
33 52
33 53
33 54
33 55
33 56
33 60
33 62
33 63
33 64
33 67
33 69
33 70
33 71
33 73
33 76
33 78
33 79
33 81
33 82
33 84
33 85
33 86
33 87
33 89
33 90
33 92
33 93
33 94
33 95
33 97
33 98
33 99
34 35
34 37
34 38
34 41
34 42
34 43
34 46
34 47
34 49
34 50
34 52
34 54
34 55
34 56
34 57
34 58
34 59
34 61
34 64
34 65
34 66
34 70
34 75
34 76
34 77
34 78
34 81
34 83
34 84
34 90
34 96
34 97
34 98
35 37
35 38
35 39
35 42
35 43
35 47
35 49
35 51
35 53
35 54
35 58
35 64
35 69
35 71
35 74
35 75
35 77
35 79
35 83
35 85
35 87
35 88
35 89
35 90
35 92
35 93
35 94
35 97
35 99
36 38
36 41
36 42
36 45
36 47
36 48
36 50
36 51
36 53
36 55
36 56
36 58
36 59
36 63
36 69
36 70
36 72
36 76
36 77
36 78
36 80
36 81
36 84
36 85
36 86
36 88
36 89
36 90
36 92
36 94
36 95
36 96
36 97
36 99
37 38
37 40
37 43
37 44
37 45
37 49
37 53
37 54
37 56
37 58
37 59
37 60
37 61
37 64
37 65
37 66
37 67
37 68
37 69
37 73
37 74
37 75
37 78
37 81
37 83
37 86
37 87
37 88
37 89
37 90
37 92
37 93
37 94
37 97
37 98
37 99
38 39
38 42
38 44
38 45
38 46
38 50
38 51
38 52
38 53
38 56
38 58
38 59
38 60
38 61
38 63
38 64
38 65
38 67
38 69
38 71
38 72
38 73
38 79
38 81
38 82
38 86
38 87
38 88
38 89
38 90
38 93
38 94
38 95
38 96
38 98
38 99
39 41
39 42
39 44
39 45
39 46
39 47
39 50
39 52
39 55
39 57
39 59
39 61
39 62
39 63
39 64
39 65
39 66
39 67
39 68
39 69
39 72
39 76
39 77
39 78
39 80
39 81
39 83
39 84
39 85
39 86
39 87
39 88
39 91
39 93
39 96
39 97
39 99
40 43
40 48
40 51
40 52
40 53
40 56
40 57
40 58
40 59
40 60
40 62
40 63
40 64
40 65
40 66
40 67
40 69
40 70
40 71
40 72
40 74
40 78
40 80
40 88
40 89
40 90
40 91
40 92
40 95
40 96
40 98
40 99
41 42
41 43
41 44
41 45
41 49
41 54
41 58
41 62
41 63
41 64
41 65
41 68
41 70
41 71
41 72
41 75
41 76
41 78
41 81
41 82
41 89
41 91
41 92
41 93
41 96
41 97
41 98
41 99
42 44
42 46
42 48
42 51
42 54
42 55
42 56
42 57
42 60
42 61
42 62
42 66
42 67
42 69
42 73
42 75
42 76
42 77
42 79
42 84
42 86
42 89
42 91
42 95
42 96
42 97
42 98
42 99
43 45
43 48
43 49
43 51
43 52
43 55
43 58
43 61
43 63
43 65
43 66
43 68
43 69
43 70
43 72
43 73
43 76
43 78
43 81
43 82
43 83
43 85
43 87
43 88
43 90
43 92
43 95
43 96
43 97
43 98
44 45
44 46
44 47
44 48
44 49
44 51
44 52
44 54
44 57
44 60
44 61
44 63
44 66
44 68
44 69
44 73
44 74
44 76
44 77
44 78
44 79
44 84
44 87
44 90
44 94
44 96
44 99
45 46
45 47
45 48
45 51
45 52
45 57
45 58
45 59
45 61
45 62
45 63
45 66
45 67
45 69
45 71
45 72
45 74
45 75
45 76
45 78
45 79
45 82
45 85
45 87
45 89
45 92
45 93
45 94
45 98
46 49
46 50
46 51
46 52
46 54
46 55
46 56
46 57
46 58
46 60
46 62
46 64
46 67
46 68
46 69
46 71
46 74
46 75
46 77
46 78
46 79
46 80
46 83
46 84
46 87
46 88
46 89
46 90
46 91
46 93
46 94
46 95
46 96
46 98
47 48
47 51
47 52
47 55
47 56
47 60
47 63
47 65
47 66
47 67
47 69
47 71
47 73
47 76
47 77
47 79
47 80
47 81
47 84
47 85
47 87
47 88
47 91
47 93
47 97
47 98
47 99
48 49
48 51
48 52
48 53
48 54
48 56
48 60
48 61
48 64
48 66
48 68
48 73
48 74
48 75
48 78
48 79
48 81
48 83
48 89
48 93
48 94
48 98
48 99
49 50
49 56
49 58
49 61
49 62
49 63
49 64
49 68
49 70
49 73
49 75
49 77
49 79
49 80
49 81
49 85
49 86
49 90
49 95
49 97
49 99
50 52
50 54
50 57
50 60
50 62
50 66
50 71
50 72
50 74
50 75
50 78
50 81
50 82
50 84
50 85
50 86
50 89
50 94
50 98
51 58
51 61
51 63
51 64
51 65
51 66
51 67
51 71
51 72
51 73
51 76
51 78
51 83
51 85
51 86
51 87
51 88
51 89
51 90
51 93
51 95
51 96
51 97
51 98
52 53
52 57
52 61
52 62
52 63
52 64
52 65
52 69
52 73
52 74
52 75
52 76
52 77
52 78
52 79
52 80
52 82
52 88
52 89
52 90
52 92
52 95
52 97
52 98
52 99
53 55
53 61
53 62
53 63
53 65
53 66
53 67
53 71
53 72
53 81
53 83
53 85
53 86
53 91
53 92
53 93
53 94
53 96
53 98
53 99
54 55
54 60
54 62
54 63
54 65
54 66
54 67
54 68
54 69
54 70
54 78
54 80
54 81
54 82
54 83
54 86
54 87
54 90
54 91
54 94
54 95
54 96
54 98
55 57
55 59
55 60
55 61
55 62
55 64
55 65
55 67
55 71
55 77
55 80
55 82
55 88
55 89
55 90
55 92
55 94
55 96
55 99
56 59
56 61
56 62
56 64
56 67
56 68
56 71
56 74
56 75
56 76
56 77
56 78
56 80
56 81
56 84
56 86
56 88
56 89
56 92
56 94
56 96
57 60
57 61
57 62
57 64
57 66
57 68
57 73
57 74
57 76
57 77
57 79
57 80
57 82
57 85
57 87
57 89
57 91
57 93
57 94
57 95
57 98
57 99
58 59
58 63
58 64
58 65
58 72
58 74
58 75
58 79
58 81
58 84
58 85
58 86
58 87
58 90
58 95
58 99
59 60
59 65
59 67
59 68
59 71
59 73
59 75
59 76
59 78
59 79
59 80
59 81
59 82
59 85
59 86
59 87
59 88
59 89
59 92
59 93
59 97
59 98
60 61
60 62
60 63
60 65
60 66
60 73
60 74
60 77
60 78
60 79
60 81
60 82
60 84
60 87
60 90
60 92
60 93
60 94
60 95
60 97
60 98
61 62
61 63
61 64
61 66
61 67
61 68
61 70
61 73
61 74
61 75
61 76
61 77
61 78
61 79
61 80
61 83
61 85
61 88
61 92
61 94
61 99
62 63
62 64
62 67
62 68
62 73
62 75
62 76
62 79
62 81
62 82
62 83
62 84
62 87
62 88
62 94
62 96
62 98
62 99
63 64
63 66
63 68
63 70
63 72
63 73
63 74
63 75
63 81
63 84
63 85
63 86
63 91
63 92
63 95
63 97
64 65
64 67
64 71
64 72
64 75
64 76
64 77
64 78
64 79
64 80
64 84
64 85
64 88
64 91
64 93
64 96
65 69
65 72
65 77
65 78
65 79
65 83
65 84
65 85
65 87
65 90
65 93
65 94
65 96
65 98
65 99
66 67
66 68
66 70
66 75
66 76
66 78
66 81
66 82
66 86
66 88
66 89
66 93
66 96
66 97
67 68
67 72
67 73
67 74
67 77
67 80
67 81
67 82
67 83
67 84
67 87
67 92
67 94
67 96
68 71
68 72
68 73
68 75
68 77
68 78
68 82
68 84
68 85
68 87
68 88
68 93
68 94
68 95
68 96
68 98
68 99
69 71
69 72
69 74
69 75
69 76
69 78
69 79
69 80
69 82
69 84
69 85
69 86
69 87
69 88
69 89
69 90
69 93
69 97
70 74
70 77
70 81
70 83
70 84
70 85
70 86
70 87
70 88
70 90
70 91
70 92
70 95
71 72
71 73
71 74
71 76
71 78
71 79
71 81
71 83
71 87
71 88
71 89
71 90
71 91
71 94
71 95
71 98
71 99
72 74
72 78
72 83
72 84
72 87
72 89
72 90
72 92
72 95
72 96
72 98
73 74
73 81
73 83
73 85
73 87
73 88
73 91
73 92
73 93
73 94
73 95
73 97
73 98
73 99
74 76
74 77
74 79
74 83
74 85
74 87
74 89
74 90
74 92
74 96
75 78
75 82
75 83
75 84
75 85
75 87
75 90
75 95
75 96
76 77
76 78
76 79
76 81
76 82
76 87
76 88
76 95
77 79
77 83
77 84
77 88
77 92
77 95
77 97
78 81
78 82
78 83
78 84
78 86
78 87
78 88
78 89
78 92
78 93
78 94
78 95
78 96
78 98
78 99
79 80
79 81
79 82
79 84
79 87
79 92
79 94
79 95
79 98
79 99
80 81
80 82
80 83
80 87
80 88
80 89
80 95
80 96
80 97
80 98
81 83
81 85
81 86
81 87
81 88
81 89
81 90
81 91
81 92
81 93
82 83
82 86
82 88
82 89
82 90
82 91
82 92
82 95
82 98
83 84
83 85
83 88
83 89
83 90
83 91
83 92
83 93
83 94
83 97
83 98
83 99
84 86
84 89
84 91
84 92
84 94
84 96
84 99
85 87
85 89
85 91
85 95
85 96
86 88
86 89
86 93
87 90
87 91
87 94
87 97
87 99
88 89
88 91
88 92
88 93
88 95
88 97
88 98
88 99
89 90
89 96
89 97
89 98
89 99
90 92
90 94
90 95
90 96
90 98
90 99
91 93
91 95
91 97
91 98
91 99
92 93
92 94
92 95
92 96
92 97
92 98
92 99
93 94
93 98
94 95
94 96
94 97
94 98
94 99
95 96
95 99
96 97
96 98
96 99
97 98
