0 2
0 3
0 5
0 7
0 10
0 12
0 16
0 17
0 20
0 22
0 24
0 25
0 26
0 27
0 28
0 29
0 31
0 33
0 36
0 37
0 38
0 39
0 42
0 43
0 44
0 45
0 46
0 49
0 52
0 53
0 58
0 59
0 61
0 66
0 69
0 72
0 74
0 75
0 76
0 77
0 79
0 80
0 82
0 83
0 85
0 86
0 87
0 91
0 92
0 93
0 94
0 95
1 2
1 5
1 7
1 9
1 10
1 11
1 14
1 15
1 17
1 19
1 20
1 22
1 23
1 24
1 25
1 27
1 28
1 29
1 30
1 34
1 35
1 36
1 37
1 38
1 44
1 45
1 46
1 49
1 52
1 53
1 54
1 56
1 61
1 62
1 66
1 67
1 69
1 73
1 74
1 75
1 76
1 81
1 85
1 86
1 87
1 88
1 89
1 95
1 97
1 99
2 4
2 5
2 6
2 9
2 10
2 11
2 13
2 15
2 19
2 20
2 21
2 23
2 26
2 27
2 28
2 30
2 32
2 34
2 37
2 41
2 43
2 44
2 45
2 49
2 51
2 52
2 56
2 57
2 61
2 62
2 65
2 66
2 68
2 70
2 71
2 73
2 74
2 76
2 77
2 78
2 79
2 80
2 81
2 82
2 84
2 86
2 88
2 89
2 90
2 91
2 98
2 99
3 4
3 6
3 9
3 10
3 13
3 14
3 15
3 16
3 18
3 24
3 29
3 30
3 31
3 32
3 34
3 35
3 37
3 39
3 40
3 41
3 42
3 47
3 48
3 49
3 51
3 54
3 55
3 56
3 58
3 60
3 63
3 69
3 71
3 72
3 73
3 74
3 77
3 78
3 80
3 81
3 82
3 83
3 84
3 85
3 86
3 87
3 88
3 93
3 94
3 97
4 5
4 6
4 8
4 9
4 15
4 21
4 23
4 24
4 26
4 32
4 33
4 35
4 41
4 43
4 45
4 47
4 49
4 55
4 56
4 60
4 63
4 65
4 66
4 67
4 68
4 70
4 71
4 73
4 74
4 75
4 78
4 79
4 80
4 82
4 83
4 87
4 91
4 92
4 96
4 98
5 6
5 10
5 12
5 14
5 17
5 23
5 27
5 28
5 29
5 30
5 31
5 32
5 33
5 34
5 35
5 39
5 40
5 41
5 45
5 50
5 52
5 55
5 58
5 59
5 60
5 61
5 65
5 66
5 69
5 70
5 72
5 73
5 74
5 75
5 82
5 83
5 84
5 86
5 87
5 88
5 89
5 91
5 97
5 98
6 7
6 8
6 9
6 13
6 14
6 15
6 17
6 18
6 20
6 21
6 23
6 25
6 30
6 31
6 32
6 33
6 34
6 42
6 43
6 44
6 46
6 49
6 51
6 53
6 54
6 55
6 57
6 58
6 61
6 62
6 63
6 64
6 65
6 66
6 68
6 69
6 70
6 74
6 76
6 78
6 79
6 83
6 86
6 89
6 93
6 98
7 10
7 13
7 15
7 16
7 19
7 21
7 23
7 25
7 28
7 29
7 30
7 34
7 36
7 41
7 42
7 44
7 45
7 46
7 49
7 51
7 52
7 54
7 56
7 57
7 58
7 61
7 63
7 65
7 66
7 67
7 69
7 72
7 74
7 75
7 76
7 78
7 80
7 82
7 83
7 84
7 87
7 88
7 90
7 91
7 94
7 99
8 10
8 11
8 12
8 15
8 16
8 17
8 22
8 23
8 27
8 28
8 29
8 32
8 33
8 36
8 37
8 38
8 40
8 41
8 42
8 44
8 46
8 48
8 49
8 51
8 57
8 58
8 59
8 63
8 68
8 70
8 73
8 77
8 80
8 82
8 83
8 84
8 87
8 88
8 90
8 92
8 94
8 95
8 96
9 12
9 13
9 14
9 15
9 17
9 18
9 20
9 23
9 26
9 27
9 29
9 30
9 31
9 32
9 34
9 35
9 37
9 40
9 41
9 45
9 47
9 52
9 53
9 57
9 61
9 62
9 63
9 66
9 68
9 69
9 70
9 71
9 72
9 74
9 75
9 77
9 78
9 80
9 82
9 84
9 85
9 88
9 89
9 91
9 93
9 97
10 11
10 12
10 14
10 15
10 16
10 18
10 20
10 22
10 25
10 26
10 32
10 34
10 35
10 36
10 39
10 40
10 42
10 43
10 45
10 47
10 48
10 49
10 52
10 53
10 54
10 57
10 61
10 62
10 63
10 64
10 66
10 69
10 72
10 73
10 74
10 76
10 77
10 78
10 79
10 81
10 83
10 86
10 87
10 88
10 94
10 96
10 99
11 13
11 14
11 15
11 16
11 17
11 21
11 22
11 23
11 24
11 25
11 26
11 28
11 33
11 34
11 35
11 36
11 39
11 41
11 44
11 45
11 46
11 47
11 49
11 50
11 51
11 52
11 54
11 57
11 58
11 59
11 61
11 63
11 64
11 65
11 67
11 68
11 73
11 74
11 79
11 80
11 89
11 90
11 92
11 93
11 94
11 98
11 99
12 14
12 17
12 18
12 20
12 21
12 23
12 25
12 26
12 27
12 33
12 36
12 38
12 39
12 40
12 43
12 47
12 49
12 50
12 53
12 57
12 58
12 59
12 60
12 63
12 66
12 70
12 71
12 72
12 74
12 84
12 85
12 87
12 89
12 91
12 96
12 97
13 15
13 16
13 17
13 21
13 25
13 26
13 28
13 29
13 30
13 32
13 34
13 37
13 39
13 40
13 41
13 43
13 44
13 45
13 49
13 50
13 51
13 52
13 53
13 54
13 56
13 62
13 66
13 69
13 71
13 74
13 78
13 79
13 80
13 88
13 89
13 90
13 91
13 92
13 93
13 96
13 98
14 15
14 16
14 19
14 20
14 21
14 23
14 24
14 25
14 30
14 33
14 34
14 35
14 39
14 40
14 42
14 43
14 44
14 51
14 53
14 55
14 56
14 58
14 59
14 61
14 74
14 75
14 76
14 77
14 83
14 84
14 85
14 89
14 96
14 99
15 16
15 22
15 23
15 26
15 27
15 28
15 30
15 31
15 35
15 37
15 45
15 50
15 53
15 54
15 55
15 59
15 60
15 62
15 63
15 66
15 68
15 69
15 72
15 78
15 81
15 83
15 84
15 90
15 91
15 92
15 99
16 17
16 19
16 23
16 24
16 25
16 26
16 27
16 29
16 32
16 34
16 36
16 37
16 39
16 41
16 44
16 46
16 48
16 49
16 50
16 53
16 55
16 56
16 61
16 62
16 64
16 69
16 72
16 73
16 75
16 76
16 84
16 86
16 87
16 88
16 89
16 91
16 92
16 97
17 22
17 23
17 24
17 25
17 27
17 29
17 30
17 31
17 32
17 33
17 34
17 37
17 38
17 46
17 48
17 49
17 50
17 53
17 54
17 55
17 57
17 59
17 60
17 61
17 63
17 66
17 67
17 68
17 70
17 72
17 75
17 78
17 79
17 80
17 82
17 83
17 85
17 86
17 88
17 92
17 95
17 97
17 98
17 99
18 20
18 21
18 26
18 27
18 29
18 30
18 32
18 33
18 35
18 36
18 37
18 39
18 41
18 43
18 45
18 47
18 51
18 52
18 54
18 55
18 57
18 58
18 61
18 62
18 63
18 64
18 65
18 66
18 68
18 72
18 73
18 75
18 76
18 77
18 80
18 81
18 82
18 83
18 84
18 90
18 92
18 94
18 95
18 96
18 97
18 98
19 22
19 24
19 25
19 29
19 32
19 35
19 36
19 42
19 43
19 44
19 46
19 48
19 53
19 54
19 56
19 57
19 58
19 59
19 62
19 63
19 64
19 66
19 67
19 68
19 70
19 71
19 74
19 75
19 76
19 77
19 78
19 79
19 80
19 81
19 84
19 86
19 87
19 88
19 90
19 91
19 96
19 97
20 24
20 29
20 31
20 32
20 35
20 37
20 41
20 42
20 43
20 44
20 46
20 49
20 53
20 54
20 58
20 59
20 60
20 64
20 65
20 66
20 67
20 68
20 69
20 70
20 74
20 75
20 78
20 80
20 81
20 83
20 85
20 88
20 90
20 99
21 23
21 24
21 26
21 27
21 29
21 30
21 34
21 35
21 38
21 39
21 41
21 43
21 44
21 45
21 47
21 49
21 50
21 52
21 53
21 57
21 58
21 59
21 60
21 61
21 62
21 63
21 64
21 66
21 68
21 69
21 71
21 72
21 73
21 76
21 82
21 84
21 85
21 86
21 89
21 91
21 94
21 95
21 96
21 99
22 25
22 27
22 30
22 31
22 33
22 34
22 36
22 38
22 39
22 42
22 46
22 48
22 51
22 52
22 53
22 57
22 63
22 64
22 65
22 69
22 70
22 72
22 73
22 76
22 78
22 79
22 80
22 83
22 84
22 85
22 87
22 91
22 92
22 96
22 98
23 26
23 29
23 31
23 32
23 34
23 35
23 39
23 41
23 44
23 45
23 46
23 47
23 48
23 53
23 54
23 56
23 60
23 61
23 63
23 64
23 66
23 73
23 76
23 81
23 82
23 85
23 88
23 96
23 98
23 99
24 25
24 26
24 27
24 29
24 30
24 34
24 35
24 36
24 40
24 41
24 42
24 43
24 46
24 48
24 50
24 51
24 52
24 53
24 54
24 55
24 56
24 57
24 58
24 60
24 62
24 68
24 72
24 73
24 74
24 75
24 77
24 78
24 83
24 84
24 85
24 87
24 88
24 89
24 92
24 93
24 95
24 96
24 98
25 26
25 28
25 30
25 32
25 34
25 35
25 36
25 37
25 38
25 39
25 40
25 42
25 43
25 45
25 46
25 47
25 52
25 55
25 59
25 61
25 62
25 65
25 67
25 70
25 72
25 75
25 76
25 80
25 81
25 83
25 86
25 89
25 90
25 94
25 96
26 28
26 29
26 30
26 31
26 33
26 36
26 37
26 38
26 41
26 45
26 48
26 52
26 54
26 56
26 57
26 60
26 61
26 63
26 64
26 66
26 67
26 71
26 72
26 74
26 76
26 78
26 79
26 80
26 82
26 84
26 85
26 87
26 89
26 90
26 91
26 96
26 97
26 99
27 28
27 29
27 30
27 31
27 33
27 35
27 38
27 40
27 41
27 48
27 49
27 51
27 56
27 57
27 58
27 61
27 65
27 66
27 69
27 70
27 71
27 73
27 74
27 77
27 79
27 81
27 83
27 84
27 88
27 90
27 91
27 93
27 94
27 95
27 97
27 99
28 29
28 30
28 31
28 37
28 38
28 40
28 41
28 42
28 43
28 45
28 47
28 50
28 52
28 53
28 55
28 56
28 58
28 60
28 66
28 68
28 69
28 70
28 71
28 72
28 74
28 84
28 87
28 88
28 93
28 95
28 96
28 97
28 99
29 31
29 34
29 36
29 38
29 40
29 41
29 42
29 43
29 44
29 45
29 49
29 51
29 54
29 55
29 59
29 60
29 62
29 65
29 67
29 69
29 71
29 77
29 78
29 79
29 82
29 86
29 87
29 88
29 90
29 91
29 93
29 97
29 99
30 31
30 32
30 33
30 34
30 38
30 40
30 42
30 45
30 46
30 47
30 48
30 50
30 51
30 54
30 57
30 62
30 64
30 65
30 66
30 67
30 69
30 71
30 72
30 73
30 75
30 77
30 79
30 80
30 82
30 83
30 84
30 85
30 88
30 94
30 95
30 96
31 35
31 41
31 42
31 43
31 45
31 48
31 49
31 50
31 53
31 54
31 56
31 57
31 62
31 68
31 71
31 72
31 73
31 81
31 83
31 86
31 90
31 91
31 93
31 94
31 96
31 98
31 99
32 33
32 34
32 37
32 40
32 42
32 43
32 47
32 48
32 49
32 51
32 52
32 57
32 59
32 60
32 61
32 63
32 64
32 66
32 67
32 68
32 72
32 74
32 75
32 79
32 82
32 84
32 85
32 87
32 88
32 89
32 90
32 94
32 95
32 97
32 98
33 35
33 36
33 39
33 41
33 47
33 48
33 49
33 50
33 53
33 54
33 59
33 61
33 62
33 63
33 65
33 67
33 73
33 76
33 77
33 79
33 80
33 83
33 88
33 89
33 90
33 91
33 92
33 95
33 97
34 35
34 37
34 43
34 44
34 45
34 47
34 49
34 50
34 51
34 53
34 54
34 55
34 57
34 58
34 62
34 63
34 66
34 69
34 70
34 71
34 73
34 75
34 81
34 82
34 84
34 90
34 93
34 97
34 98
35 36
35 40
35 41
35 43
35 44
35 50
35 53
35 55
35 56
35 57
35 60
35 62
35 66
35 67
35 70
35 71
35 73
35 75
35 77
35 78
35 79
35 80
35 82
35 83
35 84
35 85
35 86
35 87
35 93
35 94
35 95
35 99
36 38
36 39
36 40
36 42
36 45
36 46
36 49
36 50
36 51
36 52
36 54
36 56
36 57
36 59
36 60
36 61
36 62
36 63
36 64
36 65
36 66
36 67
36 71
36 72
36 74
36 76
36 77
36 80
36 81
36 82
36 84
36 88
36 89
36 90
36 91
36 93
36 95
36 98
36 99
37 39
37 41
37 42
37 44
37 46
37 47
37 48
37 49
37 53
37 54
37 55
37 56
37 57
37 58
37 59
37 61
37 63
37 64
37 67
37 71
37 74
37 75
37 76
37 77
37 78
37 81
37 85
37 87
37 88
37 90
37 91
37 93
37 94
37 95
38 42
38 44
38 47
38 48
38 51
38 52
38 53
38 54
38 59
38 63
38 64
38 65
38 66
38 70
38 71
38 73
38 74
38 75
38 77
38 80
38 84
38 86
38 87
38 89
38 91
38 93
38 99
39 40
39 41
39 42
39 44
39 46
39 47
39 48
39 49
39 52
39 56
39 57
39 59
39 61
39 63
39 65
39 67
39 68
39 70
39 72
39 73
39 76
39 77
39 80
39 81
39 82
39 84
39 85
39 86
39 88
39 89
39 93
39 94
39 95
39 97
40 41
40 42
40 43
40 44
40 47
40 49
40 51
40 54
40 55
40 56
40 60
40 62
40 64
40 66
40 68
40 69
40 70
40 72
40 73
40 74
40 76
40 79
40 80
40 81
40 82
40 84
40 85
40 86
40 87
40 89
40 90
40 91
40 93
40 94
40 95
40 97
40 99
41 42
41 43
41 44
41 46
41 47
41 48
41 49
41 51
41 52
41 53
41 54
41 57
41 58
41 60
41 61
41 62
41 64
41 65
41 66
41 67
41 68
41 70
41 71
41 73
41 76
41 77
41 79
41 82
41 83
41 84
41 85
41 86
41 91
41 92
41 98
41 99
42 43
42 46
42 47
42 48
42 54
42 55
42 56
42 57
42 63
42 64
42 67
42 69
42 71
42 72
42 73
42 74
42 75
42 76
42 77
42 78
42 80
42 82
42 83
42 90
42 92
42 94
42 95
42 96
42 98
43 44
43 45
43 48
43 49
43 51
43 53
43 58
43 59
43 63
43 64
43 65
43 66
43 67
43 68
43 69
43 70
43 73
43 75
43 78
43 81
43 83
43 85
43 86
43 90
43 91
43 93
43 94
43 95
43 99
44 49
44 50
44 52
44 53
44 54
44 56
44 59
44 61
44 62
44 64
44 67
44 68
44 69
44 72
44 77
44 78
44 79
44 80
44 84
44 85
44 88
44 89
44 90
44 91
44 96
44 97
44 99
45 48
45 49
45 50
45 52
45 53
45 54
45 56
45 57
45 59
45 61
45 63
45 64
45 65
45 67
45 68
45 70
45 71
45 75
45 76
45 77
45 80
45 83
45 85
45 90
45 91
45 94
45 97
45 98
46 49
46 52
46 56
46 61
46 62
46 63
46 64
46 65
46 66
46 67
46 68
46 74
46 76
46 77
46 78
46 79
46 81
46 82
46 89
46 90
46 91
46 93
46 94
46 95
46 96
46 98
47 50
47 51
47 54
47 57
47 60
47 61
47 62
47 64
47 66
47 69
47 70
47 73
47 74
47 78
47 80
47 83
47 85
47 86
47 87
47 88
47 90
47 91
47 93
47 95
47 99
48 50
48 54
48 55
48 61
48 63
48 64
48 65
48 67
48 71
48 80
48 83
48 88
48 89
48 90
48 91
48 94
48 95
48 96
48 97
48 98
49 50
49 53
49 55
49 56
49 58
49 60
49 63
49 64
49 66
49 67
49 68
49 74
49 75
49 76
49 77
49 80
49 84
49 86
49 87
49 88
49 90
49 92
49 93
49 96
49 98
49 99
50 53
50 54
50 56
50 57
50 58
50 59
50 62
50 63
50 64
50 65
50 68
50 70
50 71
50 73
50 74
50 75
50 77
50 78
50 81
50 82
50 83
50 87
50 88
50 90
50 91
50 92
50 93
50 94
50 95
50 96
51 52
51 57
51 58
51 59
51 65
51 67
51 69
51 70
51 73
51 74
51 75
51 76
51 77
51 78
51 79
51 83
51 86
51 88
51 91
51 93
51 94
51 95
51 96
51 97
51 99
52 53
52 56
52 57
52 59
52 60
52 62
52 63
52 65
52 74
52 76
52 77
52 78
52 79
52 82
52 85
52 87
52 93
52 95
52 96
52 97
52 98
53 54
53 55
53 56
53 58
53 60
53 64
53 65
53 66
53 70
53 71
53 72
53 74
53 75
53 76
53 79
53 80
53 85
53 86
53 89
53 92
53 93
53 97
53 98
54 55
54 56
54 58
54 59
54 60
54 67
54 68
54 70
54 71
54 72
54 74
54 77
54 78
54 80
54 81
54 86
54 87
54 88
54 89
54 91
54 95
54 96
54 97
55 56
55 59
55 60
55 61
55 62
55 63
55 64
55 65
55 68
55 70
55 72
55 75
55 78
55 80
55 81
55 82
55 84
55 86
55 90
55 91
55 92
55 97
55 98
56 61
56 69
56 70
56 71
56 72
56 73
56 74
56 77
56 82
56 83
56 84
56 85
56 86
56 87
56 89
56 90
56 95
56 96
56 97
57 60
57 61
57 62
57 63
57 66
57 67
57 72
57 73
57 75
57 76
57 77
57 78
57 79
57 82
57 85
57 89
57 90
57 91
57 94
57 98
58 60
58 62
58 63
58 65
58 66
58 71
58 73
58 74
58 76
58 78
58 81
58 85
58 87
58 88
58 92
58 95
58 96
58 98
59 61
59 63
59 64
59 66
59 68
59 69
59 71
59 73
59 76
59 78
59 82
59 83
59 84
59 85
59 87
59 88
59 89
59 90
59 92
59 94
59 95
59 98
60 61
60 63
60 67
60 68
60 71
60 77
60 78
60 79
60 82
60 85
60 88
60 89
60 91
60 93
60 96
60 97
60 98
61 65
61 66
61 68
61 72
61 74
61 77
61 78
61 79
61 80
61 82
61 85
61 86
61 93
61 96
61 97
61 99
62 63
62 65
62 66
62 68
62 75
62 78
62 79
62 80
62 82
62 83
62 84
62 86
62 89
62 90
62 92
62 94
62 96
62 98
62 99
63 64
63 67
63 70
63 73
63 74
63 81
63 82
63 85
63 88
63 91
63 93
63 94
63 95
63 96
63 97
64 69
64 70
64 71
64 73
64 76
64 77
64 79
64 80
64 82
64 86
64 88
64 90
64 95
64 96
64 99
65 69
65 72
65 73
65 76
65 77
65 78
65 79
65 82
65 83
65 89
65 90
65 92
65 93
65 96
65 98
66 67
66 68
66 69
66 72
66 74
66 77
66 80
66 85
66 86
66 87
66 88
66 92
66 93
66 94
66 96
66 98
67 68
67 70
67 71
67 76
67 81
67 85
67 86
67 88
67 89
67 90
67 92
67 93
67 95
67 96
67 97
68 69
68 70
68 76
68 77
68 78
68 79
68 80
68 81
68 82
68 85
68 86
68 91
68 93
68 95
68 98
69 71
69 75
69 79
69 81
69 82
69 83
69 85
69 86
69 88
69 91
69 92
69 94
69 97
69 99
70 75
70 81
70 83
70 86
70 87
70 89
70 90
70 91
70 93
70 94
70 95
70 96
70 97
70 98
71 73
71 77
71 79
71 81
71 84
71 86
71 87
71 88
71 89
71 90
71 91
71 93
71 94
71 95
71 97
71 98
72 73
72 77
72 81
72 83
72 85
72 86
72 87
72 89
72 91
72 92
72 93
72 94
72 98
73 78
73 80
73 81
73 83
73 84
73 86
73 87
73 88
73 91
73 92
73 93
73 97
74 80
74 83
74 86
74 88
74 90
74 91
74 94
74 96
75 78
75 80
75 81
75 82
75 83
75 87
75 90
75 92
75 94
75 95
76 78
76 81
76 82
76 85
76 86
76 88
76 91
76 92
76 94
76 97
76 99
77 78
77 79
77 80
77 81
77 82
77 83
77 86
77 90
77 94
77 98
78 81
78 82
78 83
78 86
78 88
78 89
78 90
78 91
78 94
79 84
79 85
79 88
79 90
79 91
79 94
79 96
79 97
79 99
80 84
80 85
80 87
80 89
80 93
80 94
80 96
80 97
80 98
81 83
81 84
81 87
81 88
81 89
81 90
81 91
81 92
81 93
81 94
81 95
81 96
81 97
81 98
81 99
82 83
82 84
82 87
82 88
82 92
82 96
83 87
83 88
83 95
83 96
83 98
83 99
84 86
84 92
84 93
84 95
84 96
84 97
84 98
85 88
85 91
85 92
85 94
85 95
85 96
85 98
85 99
86 87
86 88
86 89
86 91
86 94
86 96
86 97
86 98
86 99
87 88
87 89
87 90
87 91
87 92
87 93
87 97
87 99
88 90
88 91
88 93
88 94
88 95
88 96
88 99
89 91
89 93
89 94
89 95
89 96
89 98
90 95
90 96
90 97
91 92
91 94
91 95
91 97
91 98
91 99
92 95
92 96
92 98
93 95
94 97
95 97
95 99
96 98
96 99
97 98
