0 9
0 12
0 22
0 23
0 25
0 26
0 31
0 37
0 40
0 46
0 47
0 48
0 53
0 58
0 60
0 71
0 73
0 74
0 75
0 83
0 87
0 90
0 91
0 92
0 96
1 3
1 4
1 5
1 7
1 11
1 12
1 13
1 15
1 19
1 23
1 25
1 27
1 33
1 35
1 38
1 39
1 44
1 45
1 46
1 49
1 51
1 54
1 59
1 66
1 67
1 68
1 70
1 71
1 73
1 74
1 75
1 86
1 87
1 90
1 91
1 92
2 4
2 5
2 11
2 13
2 17
2 21
2 24
2 26
2 30
2 31
2 32
2 33
2 38
2 43
2 44
2 52
2 53
2 59
2 64
2 67
2 68
2 69
2 76
2 80
2 81
2 82
2 83
2 84
2 85
2 89
2 95
2 96
2 98
3 7
3 8
3 13
3 22
3 25
3 26
3 29
3 38
3 41
3 42
3 49
3 51
3 52
3 53
3 55
3 56
3 58
3 59
3 61
3 63
3 64
3 65
3 67
3 68
3 69
3 72
3 76
3 80
3 81
3 84
3 85
3 88
3 89
3 91
3 96
3 98
4 6
4 13
4 14
4 15
4 20
4 28
4 30
4 31
4 32
4 35
4 39
4 40
4 44
4 49
4 60
4 71
4 76
4 84
4 86
4 94
5 6
5 10
5 18
5 19
5 20
5 21
5 22
5 24
5 26
5 27
5 28
5 30
5 32
5 33
5 37
5 39
5 40
5 44
5 45
5 49
5 50
5 51
5 57
5 59
5 60
5 63
5 64
5 70
5 72
5 73
5 78
5 80
5 83
5 95
5 97
6 7
6 10
6 14
6 15
6 18
6 27
6 28
6 31
6 33
6 36
6 37
6 41
6 44
6 47
6 48
6 49
6 54
6 58
6 64
6 66
6 67
6 73
6 75
6 78
6 79
6 82
6 84
6 86
6 89
6 93
6 94
6 95
6 97
7 8
7 9
7 13
7 16
7 17
7 20
7 25
7 26
7 29
7 32
7 33
7 37
7 42
7 50
7 56
7 58
7 59
7 63
7 69
7 70
7 73
7 75
7 79
7 80
7 85
7 90
7 94
7 97
7 99
8 10
8 15
8 26
8 38
8 47
8 54
8 56
8 57
8 60
8 66
8 77
8 90
8 98
8 99
9 10
9 14
9 15
9 25
9 30
9 33
9 38
9 41
9 47
9 48
9 49
9 50
9 51
9 53
9 55
9 59
9 62
9 70
9 71
9 73
9 77
9 81
9 82
9 91
9 92
9 94
9 95
9 99
10 12
10 13
10 16
10 17
10 22
10 23
10 24
10 34
10 35
10 40
10 41
10 43
10 45
10 52
10 53
10 55
10 62
10 63
10 65
10 69
10 75
10 78
10 83
10 86
10 88
10 91
10 96
10 98
11 13
11 16
11 18
11 23
11 26
11 34
11 39
11 41
11 42
11 43
11 45
11 54
11 57
11 64
11 71
11 72
11 73
11 74
11 79
11 84
11 88
11 89
11 91
11 95
12 18
12 25
12 27
12 28
12 33
12 34
12 35
12 36
12 42
12 45
12 46
12 48
12 60
12 63
12 65
12 75
12 77
12 78
12 79
12 82
12 88
12 89
12 93
12 94
12 95
13 15
13 19
13 21
13 24
13 25
13 31
13 34
13 35
13 38
13 43
13 46
13 48
13 49
13 52
13 55
13 60
13 61
13 62
13 66
13 71
13 72
13 78
13 79
13 81
13 84
13 91
13 93
13 94
13 95
14 16
14 17
14 19
14 22
14 26
14 32
14 39
14 45
14 47
14 53
14 54
14 57
14 58
14 59
14 60
14 63
14 64
14 65
14 66
14 69
14 70
14 73
14 74
14 75
14 84
14 85
14 86
14 88
14 89
14 90
14 91
14 92
14 93
14 98
15 16
15 24
15 29
15 30
15 31
15 35
15 42
15 43
15 44
15 48
15 49
15 56
15 60
15 64
15 69
15 77
15 78
15 80
15 81
15 86
15 90
15 92
16 21
16 29
16 31
16 33
16 35
16 37
16 40
16 46
16 49
16 50
16 52
16 57
16 61
16 62
16 63
16 66
16 68
16 69
16 73
16 75
16 78
16 83
16 86
16 91
16 93
16 96
16 98
17 20
17 28
17 31
17 34
17 35
17 36
17 37
17 44
17 47
17 48
17 49
17 54
17 65
17 69
17 77
17 78
17 82
17 85
17 88
17 90
17 96
18 20
18 21
18 24
18 26
18 31
18 32
18 33
18 36
18 37
18 48
18 51
18 59
18 66
18 68
18 72
18 75
18 76
18 80
18 83
18 87
18 89
18 90
18 98
19 23
19 27
19 28
19 31
19 39
19 41
19 50
19 54
19 62
19 66
19 68
19 69
19 75
19 79
19 83
19 93
19 99
20 21
20 25
20 26
20 27
20 29
20 33
20 37
20 42
20 44
20 46
20 47
20 48
20 49
20 51
20 52
20 56
20 58
20 60
20 63
20 64
20 71
20 78
20 79
20 81
20 85
20 86
20 89
20 92
20 95
20 98
21 23
21 24
21 25
21 27
21 33
21 34
21 35
21 37
21 44
21 48
21 49
21 52
21 56
21 58
21 65
21 66
21 69
21 72
21 82
21 83
21 85
21 87
21 89
21 93
21 96
21 97
22 24
22 27
22 31
22 39
22 42
22 43
22 45
22 50
22 52
22 55
22 56
22 58
22 60
22 62
22 65
22 72
22 74
22 75
22 76
22 77
22 80
22 84
22 91
22 95
22 96
23 25
23 26
23 27
23 30
23 43
23 44
23 46
23 51
23 52
23 58
23 59
23 61
23 62
23 71
23 73
23 74
23 76
23 77
23 78
23 82
23 86
23 91
23 95
24 28
24 31
24 32
24 35
24 37
24 39
24 42
24 43
24 45
24 48
24 53
24 54
24 62
24 63
24 65
24 66
24 69
24 74
24 77
24 79
24 82
24 85
24 92
24 98
25 28
25 33
25 34
25 40
25 61
25 64
25 69
25 74
25 77
25 79
25 84
25 85
25 88
25 89
25 93
25 95
25 96
25 97
26 27
26 33
26 35
26 39
26 43
26 45
26 52
26 55
26 56
26 57
26 62
26 63
26 69
26 72
26 80
26 82
26 84
26 92
26 95
26 96
27 29
27 34
27 44
27 46
27 50
27 51
27 55
27 56
27 58
27 66
27 70
27 71
27 76
27 84
27 96
28 29
28 32
28 35
28 42
28 44
28 45
28 52
28 54
28 56
28 57
28 58
28 60
28 64
28 73
28 76
28 77
28 78
28 89
28 94
28 95
28 96
29 30
29 32
29 44
29 53
29 60
29 61
29 64
29 70
29 72
29 80
29 81
29 84
29 90
29 91
29 93
29 94
29 98
30 35
30 41
30 42
30 44
30 46
30 47
30 49
30 54
30 55
30 59
30 62
30 63
30 66
30 67
30 68
30 73
30 74
30 75
30 78
30 79
30 82
30 91
30 95
30 96
30 97
31 35
31 37
31 41
31 44
31 47
31 48
31 51
31 58
31 59
31 66
31 71
31 75
31 76
31 78
31 80
31 86
31 90
31 92
31 94
31 95
31 97
31 98
32 33
32 34
32 40
32 41
32 42
32 43
32 49
32 53
32 57
32 61
32 62
32 63
32 66
32 67
32 73
32 75
32 77
32 80
32 81
32 82
32 87
32 91
32 95
33 34
33 35
33 43
33 51
33 63
33 69
33 78
33 87
33 89
33 91
33 94
33 95
33 98
34 35
34 36
34 38
34 40
34 44
34 52
34 55
34 58
34 64
34 67
34 68
34 72
34 76
34 77
34 78
34 79
34 83
34 92
34 97
35 38
35 39
35 44
35 45
35 46
35 52
35 60
35 61
35 62
35 63
35 64
35 65
35 70
35 72
35 79
35 87
35 93
35 96
35 98
36 37
36 47
36 52
36 53
36 60
36 68
36 70
36 71
36 82
36 86
36 90
36 92
36 94
36 95
36 98
37 39
37 42
37 43
37 44
37 46
37 54
37 58
37 59
37 67
37 68
37 71
37 72
37 77
37 80
37 84
37 95
37 99
38 41
38 52
38 53
38 55
38 56
38 58
38 62
38 65
38 66
38 67
38 68
38 70
38 71
38 76
38 80
38 85
38 88
38 90
38 92
38 93
38 98
39 47
39 52
39 55
39 57
39 59
39 60
39 61
39 62
39 68
39 76
39 77
39 80
39 84
39 89
39 92
39 93
39 98
39 99
40 41
40 52
40 55
40 56
40 57
40 58
40 59
40 65
40 68
40 70
40 71
40 75
40 80
40 85
40 88
41 57
41 64
41 65
41 79
41 82
41 84
41 85
41 92
41 93
41 94
41 98
41 99
42 45
42 48
42 50
42 52
42 59
42 60
42 64
42 67
42 68
42 73
42 75
42 76
42 88
42 95
42 96
42 99
43 44
43 58
43 59
43 67
43 68
43 71
43 77
43 81
43 83
43 84
43 89
43 93
44 46
44 47
44 51
44 54
44 55
44 57
44 66
44 70
44 75
44 76
44 77
44 79
44 81
44 83
44 85
44 88
44 95
44 96
44 97
44 99
45 47
45 50
45 53
45 55
45 56
45 62
45 66
45 67
45 69
45 76
45 79
45 80
45 81
45 83
45 88
45 91
45 98
45 99
46 47
46 48
46 53
46 54
46 55
46 57
46 58
46 60
46 68
46 82
46 86
46 89
46 91
46 92
46 93
47 49
47 64
47 65
47 66
47 67
47 70
47 83
47 85
47 86
47 87
47 88
47 92
47 98
48 51
48 54
48 57
48 60
48 63
48 64
48 68
48 72
48 75
48 76
48 78
48 82
48 83
48 84
48 88
48 93
48 95
48 96
48 98
49 55
49 68
49 71
49 73
49 76
49 78
49 83
49 84
49 91
49 92
49 94
50 51
50 58
50 62
50 67
50 68
50 69
50 71
50 72
50 74
50 75
50 77
50 79
50 82
50 84
50 89
50 97
51 53
51 59
51 60
51 63
51 67
51 69
51 75
51 79
51 84
51 87
51 88
51 91
51 92
51 96
51 97
51 98
52 57
52 59
52 61
52 62
52 64
52 65
52 66
52 67
52 70
52 71
52 72
52 87
52 93
53 56
53 60
53 63
53 69
53 71
53 74
53 76
53 81
53 84
53 87
53 88
53 89
53 90
53 94
54 57
54 58
54 60
54 62
54 66
54 69
54 75
54 78
54 84
54 85
54 88
54 98
55 62
55 65
55 68
55 70
55 72
55 77
55 81
55 82
55 91
55 92
55 93
55 97
55 98
56 67
56 69
56 71
56 72
56 75
56 79
56 82
56 83
56 88
56 93
56 97
56 98
56 99
57 59
57 63
57 65
57 67
57 68
57 69
57 75
57 78
57 89
57 91
57 92
57 93
57 94
57 95
57 98
57 99
58 59
58 60
58 61
58 62
58 65
58 69
58 75
58 77
58 78
58 79
58 82
58 89
58 93
58 98
58 99
59 66
59 69
59 73
59 78
59 80
59 82
59 83
59 84
59 86
59 87
59 88
59 91
59 93
59 99
60 62
60 64
60 67
60 71
60 74
60 77
60 80
60 81
60 85
60 86
60 91
60 92
60 95
61 77
61 78
61 80
61 81
61 85
61 87
61 91
61 92
61 99
62 68
62 70
62 71
62 75
62 78
62 83
62 85
62 86
62 87
62 89
62 91
62 92
62 96
62 98
63 64
63 69
63 70
63 75
63 77
63 82
63 90
63 94
63 95
63 99
64 68
64 69
64 73
64 74
64 75
64 81
64 83
64 87
64 90
64 95
64 98
65 66
65 67
65 69
65 73
65 75
65 78
65 80
65 82
65 83
65 84
65 85
65 88
65 94
65 95
65 96
66 68
66 72
66 76
66 78
66 79
66 81
66 85
66 90
66 96
66 99
67 68
67 74
67 76
67 77
67 80
67 84
67 88
67 92
67 97
68 71
68 73
68 74
68 75
68 79
68 82
68 83
68 88
68 91
68 96
68 99
69 72
69 76
69 85
69 86
69 87
69 88
69 89
70 72
70 79
70 83
70 85
70 87
70 89
70 90
70 92
70 94
70 96
71 76
71 77
71 78
71 81
71 84
71 85
71 86
71 89
71 90
71 97
72 74
72 78
72 82
72 93
73 74
73 82
73 86
73 96
73 97
73 98
73 99
74 90
74 93
74 94
74 97
75 77
75 82
75 83
75 84
75 85
75 86
75 87
75 92
76 77
76 81
76 82
76 83
76 90
76 96
76 98
77 93
77 94
78 86
78 87
78 92
78 94
78 95
78 99
79 82
79 85
79 88
79 90
79 93
79 94
79 96
79 97
80 88
80 89
80 91
80 94
80 96
80 97
81 86
81 91
81 92
81 93
81 94
81 99
82 87
82 88
82 97
82 99
83 84
83 89
83 93
83 94
83 95
83 98
83 99
84 88
84 91
84 94
84 96
85 86
85 87
85 91
85 92
85 95
86 89
86 91
86 92
86 95
87 94
87 98
88 89
88 96
89 94
89 97
89 98
90 94
90 96
91 96
91 97
91 98
92 97
92 98
93 94
94 96
94 97
95 96
95 99
96 98
