0 3
0 4
0 5
0 6
0 8
0 11
0 14
0 15
0 17
0 20
0 22
0 26
0 31
0 33
0 34
0 37
0 41
0 42
0 54
0 57
0 58
0 62
0 66
0 75
0 77
0 80
0 92
0 93
0 96
0 98
0 99
1 2
1 8
1 9
1 11
1 13
1 14
1 16
1 18
1 24
1 25
1 26
1 29
1 31
1 35
1 38
1 39
1 40
1 41
1 42
1 44
1 45
1 48
1 50
1 51
1 53
1 54
1 55
1 60
1 65
1 67
1 69
1 72
1 73
1 74
1 75
1 78
1 79
1 80
1 81
1 84
1 87
1 89
1 93
1 99
2 3
2 4
2 7
2 8
2 9
2 11
2 12
2 14
2 17
2 19
2 20
2 24
2 28
2 30
2 32
2 36
2 37
2 39
2 41
2 43
2 46
2 47
2 48
2 54
2 55
2 59
2 60
2 61
2 63
2 65
2 67
2 71
2 72
2 73
2 74
2 83
2 86
2 88
2 92
2 98
3 7
3 8
3 11
3 13
3 14
3 15
3 18
3 21
3 22
3 23
3 26
3 27
3 28
3 32
3 34
3 35
3 36
3 38
3 40
3 42
3 43
3 45
3 51
3 56
3 61
3 65
3 67
3 69
3 70
3 73
3 74
3 75
3 76
3 77
3 78
3 81
3 85
3 89
3 90
3 91
3 93
4 5
4 6
4 9
4 11
4 13
4 15
4 19
4 20
4 23
4 24
4 27
4 28
4 32
4 33
4 37
4 40
4 41
4 43
4 44
4 46
4 50
4 51
4 52
4 54
4 56
4 61
4 63
4 65
4 68
4 72
4 81
4 82
4 88
4 91
4 93
4 95
4 96
4 98
4 99
5 7
5 8
5 11
5 14
5 16
5 20
5 21
5 22
5 23
5 24
5 25
5 27
5 32
5 34
5 36
5 40
5 41
5 42
5 45
5 47
5 48
5 53
5 54
5 56
5 57
5 64
5 67
5 68
5 69
5 72
5 74
5 75
5 79
5 80
5 81
5 82
5 83
5 84
5 85
5 90
5 98
6 7
6 8
6 18
6 19
6 20
6 22
6 24
6 27
6 35
6 36
6 37
6 38
6 39
6 40
6 43
6 46
6 49
6 55
6 59
6 61
6 63
6 70
6 71
6 72
6 75
6 76
6 81
6 83
6 87
6 89
7 9
7 10
7 12
7 13
7 14
7 17
7 20
7 23
7 26
7 27
7 29
7 32
7 36
7 39
7 40
7 46
7 48
7 49
7 55
7 60
7 66
7 69
7 74
7 77
7 79
7 81
7 83
7 84
7 85
7 89
7 92
7 93
7 95
7 96
7 99
8 10
8 14
8 15
8 16
8 17
8 18
8 19
8 20
8 27
8 28
8 30
8 32
8 33
8 35
8 36
8 38
8 41
8 43
8 46
8 48
8 49
8 50
8 53
8 57
8 62
8 64
8 65
8 66
8 69
8 70
8 73
8 74
8 77
8 79
8 81
8 82
8 83
8 89
8 90
8 98
8 99
9 10
9 12
9 18
9 23
9 25
9 27
9 29
9 30
9 31
9 32
9 42
9 44
9 47
9 49
9 50
9 57
9 59
9 63
9 65
9 67
9 70
9 72
9 73
9 81
9 86
9 87
9 93
9 94
9 99
10 11
10 12
10 13
10 16
10 19
10 22
10 24
10 25
10 28
10 30
10 33
10 34
10 35
10 40
10 42
10 43
10 45
10 47
10 48
10 49
10 54
10 59
10 62
10 67
10 72
10 77
10 82
10 84
10 85
10 87
10 90
10 92
10 93
10 94
11 18
11 20
11 22
11 23
11 25
11 26
11 28
11 29
11 31
11 37
11 39
11 40
11 41
11 42
11 49
11 50
11 51
11 54
11 55
11 60
11 61
11 62
11 65
11 66
11 67
11 71
11 72
11 74
11 76
11 78
11 80
11 81
11 83
11 84
11 86
11 87
11 88
11 89
11 91
11 92
11 94
11 95
11 96
11 97
11 98
12 13
12 18
12 22
12 24
12 25
12 28
12 29
12 30
12 31
12 33
12 35
12 36
12 40
12 44
12 45
12 49
12 52
12 54
12 55
12 60
12 62
12 63
12 64
12 66
12 70
12 72
12 77
12 78
12 84
12 86
12 89
12 96
12 98
12 99
13 15
13 19
13 22
13 23
13 27
13 28
13 29
13 30
13 31
13 33
13 36
13 40
13 43
13 51
13 52
13 53
13 54
13 55
13 56
13 57
13 58
13 66
13 71
13 75
13 76
13 79
13 83
13 86
13 87
13 90
13 92
13 93
13 95
13 96
14 16
14 19
14 22
14 24
14 27
14 30
14 32
14 33
14 34
14 35
14 36
14 37
14 39
14 43
14 44
14 46
14 47
14 48
14 52
14 54
14 59
14 60
14 62
14 64
14 67
14 69
14 71
14 74
14 75
14 78
14 79
14 81
14 83
14 86
14 89
14 90
14 94
14 96
14 99
15 19
15 22
15 24
15 27
15 30
15 32
15 33
15 38
15 41
15 42
15 49
15 51
15 53
15 55
15 65
15 67
15 70
15 71
15 72
15 73
15 77
15 79
15 83
15 86
15 87
15 90
15 93
15 94
15 99
16 17
16 19
16 20
16 22
16 23
16 24
16 26
16 27
16 28
16 29
16 31
16 34
16 35
16 36
16 38
16 39
16 41
16 51
16 53
16 54
16 57
16 59
16 60
16 62
16 63
16 65
16 69
16 71
16 72
16 73
16 74
16 77
16 78
16 79
16 83
16 85
16 87
16 89
16 90
16 93
16 96
16 97
16 99
17 18
17 20
17 30
17 31
17 32
17 38
17 42
17 46
17 50
17 52
17 59
17 64
17 67
17 68
17 73
17 74
17 83
17 87
17 90
17 91
17 93
17 97
18 21
18 22
18 25
18 26
18 27
18 31
18 32
18 33
18 35
18 36
18 38
18 39
18 41
18 42
18 46
18 47
18 48
18 52
18 53
18 56
18 57
18 58
18 59
18 65
18 66
18 69
18 72
18 73
18 74
18 78
18 79
18 82
18 83
18 84
18 85
18 91
18 95
18 96
19 21
19 22
19 23
19 29
19 30
19 32
19 33
19 34
19 39
19 40
19 41
19 42
19 44
19 45
19 47
19 48
19 49
19 50
19 55
19 58
19 61
19 67
19 68
19 72
19 75
19 76
19 78
19 79
19 81
19 82
19 83
19 84
19 86
19 92
19 93
19 94
19 95
19 96
19 98
19 99
20 24
20 26
20 27
20 28
20 30
20 31
20 32
20 34
20 35
20 38
20 41
20 42
20 46
20 47
20 48
20 50
20 56
20 57
20 58
20 60
20 62
20 64
20 66
20 70
20 77
20 81
20 83
20 85
20 87
20 88
20 90
20 92
20 94
20 99
21 23
21 27
21 31
21 32
21 33
21 38
21 45
21 47
21 49
21 52
21 57
21 59
21 60
21 64
21 65
21 66
21 67
21 68
21 70
21 71
21 72
21 73
21 76
21 83
21 85
21 88
21 97
21 98
21 99
22 32
22 33
22 34
22 36
22 37
22 41
22 42
22 44
22 52
22 54
22 60
22 61
22 64
22 66
22 73
22 80
22 81
22 82
22 84
22 85
22 86
22 89
22 92
22 93
22 96
22 98
23 24
23 25
23 27
23 30
23 32
23 33
23 36
23 38
23 40
23 42
23 46
23 51
23 53
23 54
23 56
23 63
23 65
23 68
23 69
23 70
23 72
23 75
23 76
23 78
23 80
23 82
23 88
23 90
23 95
23 96
24 26
24 30
24 33
24 36
24 37
24 46
24 47
24 53
24 55
24 59
24 62
24 64
24 66
24 68
24 69
24 70
24 75
24 76
24 79
24 90
24 91
24 92
24 95
24 96
24 97
24 98
25 26
25 27
25 29
25 35
25 36
25 37
25 39
25 47
25 48
25 49
25 50
25 57
25 58
25 59
25 60
25 62
25 63
25 64
25 75
25 78
25 80
25 83
25 85
25 90
25 92
25 94
25 97
25 98
26 27
26 28
26 31
26 35
26 36
26 39
26 43
26 44
26 48
26 50
26 51
26 54
26 58
26 61
26 63
26 67
26 69
26 71
26 73
26 75
26 76
26 77
26 81
26 87
26 88
26 91
26 92
26 93
26 95
27 29
27 37
27 43
27 45
27 46
27 47
27 50
27 57
27 59
27 63
27 64
27 65
27 66
27 69
27 71
27 72
27 76
27 77
27 80
27 82
27 83
27 86
27 87
27 89
27 90
27 92
27 93
27 95
27 96
27 97
27 98
28 30
28 46
28 51
28 52
28 53
28 59
28 62
28 63
28 64
28 68
28 69
28 70
28 71
28 72
28 73
28 74
28 79
28 80
28 81
28 82
28 83
28 91
28 96
28 97
28 98
28 99
29 30
29 32
29 39
29 43
29 45
29 47
29 48
29 49
29 53
29 56
29 57
29 58
29 60
29 64
29 66
29 73
29 77
29 79
29 81
29 82
29 84
29 86
29 88
29 89
29 92
29 94
29 96
29 97
29 98
29 99
30 31
30 35
30 36
30 38
30 39
30 40
30 44
30 45
30 46
30 49
30 52
30 53
30 61
30 62
30 65
30 67
30 68
30 69
30 72
30 76
30 78
30 80
31 33
31 34
31 39
31 42
31 43
31 44
31 45
31 48
31 53
31 56
31 59
31 61
31 68
31 69
31 70
31 72
31 73
31 75
31 76
31 80
31 85
31 86
31 87
31 91
31 92
31 96
31 98
32 36
32 37
32 38
32 40
32 43
32 44
32 47
32 48
32 49
32 53
32 55
32 56
32 57
32 58
32 59
32 60
32 62
32 65
32 66
32 73
32 77
32 78
32 79
32 82
32 87
32 88
32 89
32 95
32 99
33 34
33 35
33 36
33 39
33 40
33 45
33 47
33 54
33 56
33 59
33 60
33 63
33 64
33 65
33 70
33 73
33 74
33 75
33 76
33 77
33 78
33 79
33 80
33 83
33 84
33 86
33 87
33 89
33 90
33 91
33 92
33 94
33 96
33 98
34 35
34 38
34 40
34 48
34 49
34 50
34 63
34 66
34 68
34 72
34 75
34 76
34 77
34 78
34 79
34 86
34 91
35 36
35 39
35 40
35 41
35 43
35 47
35 48
35 49
35 52
35 55
35 56
35 57
35 58
35 61
35 62
35 63
35 70
35 72
35 73
35 76
35 77
35 78
35 80
35 82
35 83
35 87
35 88
35 89
35 91
35 94
35 97
36 38
36 39
36 41
36 43
36 44
36 45
36 47
36 54
36 58
36 60
36 61
36 63
36 64
36 69
36 70
36 75
36 77
36 79
36 82
36 83
36 85
36 92
36 94
36 98
37 39
37 40
37 43
37 44
37 48
37 59
37 60
37 62
37 64
37 65
37 66
37 67
37 69
37 70
37 76
37 77
37 78
37 80
37 84
37 85
37 86
37 88
37 94
37 95
37 96
37 97
37 98
38 39
38 42
38 45
38 46
38 47
38 49
38 53
38 56
38 57
38 60
38 64
38 65
38 68
38 69
38 70
38 73
38 76
38 79
38 83
38 84
38 85
38 90
38 96
38 97
38 98
38 99
39 40
39 43
39 44
39 45
39 47
39 49
39 52
39 53
39 54
39 55
39 59
39 61
39 62
39 63
39 69
39 72
39 75
39 76
39 78
39 81
39 82
39 83
39 84
39 87
39 92
39 96
39 98
40 42
40 45
40 46
40 47
40 49
40 51
40 53
40 55
40 56
40 58
40 60
40 61
40 64
40 67
40 72
40 73
40 74
40 75
40 76
40 83
40 85
40 86
40 87
40 89
40 90
40 92
41 42
41 43
41 45
41 48
41 49
41 51
41 53
41 58
41 59
41 60
41 62
41 65
41 66
41 70
41 71
41 75
41 77
41 80
41 84
41 87
41 93
41 95
41 99
42 47
42 51
42 52
42 60
42 61
42 62
42 63
42 64
42 68
42 78
42 79
42 81
42 84
42 85
42 87
42 89
42 90
42 92
42 95
42 97
42 98
43 44
43 55
43 56
43 63
43 65
43 66
43 71
43 77
43 78
43 79
43 83
43 84
43 86
43 90
43 93
43 97
43 98
43 99
44 49
44 52
44 53
44 58
44 60
44 64
44 66
44 72
44 74
44 75
44 78
44 82
44 87
44 92
44 93
45 47
45 52
45 53
45 60
45 67
45 71
45 72
45 77
45 78
45 81
45 85
45 86
45 88
45 92
46 49
46 50
46 54
46 56
46 59
46 60
46 62
46 63
46 64
46 67
46 69
46 70
46 73
46 74
46 76
46 78
46 79
46 80
46 82
46 84
46 85
46 88
46 91
46 92
46 95
46 97
47 51
47 52
47 53
47 54
47 55
47 56
47 57
47 59
47 60
47 65
47 69
47 70
47 71
47 73
47 74
47 81
47 82
47 83
47 84
47 90
47 91
47 93
47 94
47 98
47 99
48 49
48 52
48 57
48 58
48 59
48 60
48 62
48 67
48 68
48 69
48 76
48 77
48 78
48 80
48 86
48 88
48 95
48 99
49 54
49 55
49 57
49 58
49 59
49 62
49 68
49 69
49 71
49 77
49 80
49 82
49 83
49 84
49 85
49 87
49 89
49 92
49 93
49 94
50 51
50 57
50 59
50 69
50 70
50 72
50 74
50 76
50 78
50 79
50 82
50 84
50 86
50 87
50 88
50 91
50 97
50 98
51 53
51 56
51 57
51 62
51 63
51 68
51 73
51 75
51 79
51 81
51 84
51 85
51 87
51 91
51 93
51 97
51 98
52 61
52 62
52 64
52 65
52 67
52 70
52 75
52 81
52 84
52 86
52 89
52 95
52 97
53 55
53 58
53 60
53 62
53 63
53 68
53 72
53 74
53 77
53 78
53 81
53 83
53 85
53 86
53 88
53 92
53 94
53 96
53 97
53 98
53 99
54 55
54 56
54 59
54 61
54 64
54 65
54 67
54 69
54 70
54 74
54 75
54 79
54 85
54 88
54 89
54 92
54 95
54 96
54 98
55 57
55 61
55 62
55 63
55 64
55 67
55 68
55 71
55 72
55 73
55 80
55 81
55 85
55 86
55 87
55 93
55 98
56 59
56 65
56 70
56 72
56 73
56 75
56 79
56 80
56 81
56 82
56 83
56 84
56 87
56 89
56 93
56 96
56 99
57 63
57 69
57 70
57 73
57 74
57 75
57 77
57 78
57 81
57 89
57 90
57 94
57 97
58 59
58 62
58 63
58 64
58 71
58 72
58 81
58 84
58 86
58 88
58 90
58 93
58 96
58 97
58 98
58 99
59 60
59 61
59 66
59 69
59 74
59 81
59 84
59 86
59 89
59 92
59 93
59 94
59 96
59 98
60 63
60 65
60 69
60 77
60 78
60 86
60 94
61 62
61 63
61 64
61 65
61 67
61 70
61 77
61 79
61 81
61 85
61 90
61 92
61 93
61 96
61 97
61 99
62 63
62 64
62 65
62 67
62 70
62 73
62 76
62 78
62 80
62 81
62 82
62 84
62 86
62 87
62 90
62 92
62 94
63 68
63 70
63 72
63 74
63 75
63 79
63 82
63 84
63 85
63 87
63 88
63 90
63 91
63 93
63 94
63 97
64 65
64 67
64 68
64 69
64 72
64 74
64 77
64 81
64 83
64 87
64 89
64 90
64 92
64 93
64 95
64 97
64 99
65 71
65 72
65 73
65 77
65 81
65 84
65 88
65 90
65 93
65 96
65 97
65 98
66 79
66 80
66 82
66 83
66 86
66 90
66 94
66 96
66 98
66 99
67 68
67 69
67 73
67 75
67 77
67 79
67 84
67 85
67 86
67 87
67 88
67 90
67 92
67 98
68 71
68 76
68 79
68 81
68 84
68 85
68 89
68 96
68 97
69 70
69 71
69 72
69 73
69 74
69 75
69 76
69 78
69 81
69 82
69 84
69 88
69 90
69 92
69 93
69 96
69 97
69 98
70 73
70 76
70 84
70 85
70 87
70 89
70 93
70 99
71 73
71 74
71 77
71 78
71 80
71 81
71 82
71 83
71 93
71 94
71 96
71 98
71 99
72 73
72 76
72 78
72 82
72 84
72 87
72 94
72 96
72 98
72 99
73 76
73 79
73 82
73 83
73 84
73 86
73 87
73 91
73 92
73 93
73 96
73 99
74 75
74 77
74 78
74 79
74 84
74 85
74 89
74 90
74 92
74 93
74 97
74 98
75 77
75 81
75 82
75 83
75 84
75 85
75 87
75 88
75 89
75 90
75 95
75 96
75 97
75 98
76 79
76 80
76 81
76 82
76 85
76 89
76 95
76 98
77 79
77 81
77 82
77 88
77 91
77 94
77 95
77 99
78 79
78 80
78 83
78 86
78 87
78 89
78 93
78 96
79 83
79 88
79 91
79 92
79 93
79 98
79 99
80 81
80 83
80 86
80 87
80 90
80 93
80 96
80 97
80 99
81 82
81 87
81 89
81 92
81 93
81 94
81 97
81 98
82 89
82 90
82 92
82 94
83 88
83 89
83 93
83 94
83 97
83 99
84 85
84 87
84 93
84 94
84 96
84 98
85 90
85 95
85 96
85 97
86 89
86 95
86 96
86 97
86 98
87 88
87 89
87 90
87 91
87 92
87 93
87 98
87 99
88 90
88 92
88 93
88 94
88 96
88 97
89 90
89 91
89 92
89 94
89 96
89 99
90 93
90 97
91 95
91 96
92 93
92 96
92 97
92 99
93 94
93 96
93 97
93 99
94 96
94 98
94 99
96 97
