0 7
0 13
0 17
0 18
0 20
0 21
0 22
0 25
0 27
0 29
0 37
0 38
0 40
0 41
0 43
0 48
0 49
0 50
0 52
0 57
0 58
0 59
0 60
0 74
0 75
0 80
0 81
0 83
0 84
0 85
0 89
0 91
0 93
0 96
0 98
1 3
1 4
1 7
1 8
1 9
1 10
1 15
1 20
1 21
1 23
1 26
1 28
1 37
1 38
1 39
1 42
1 56
1 62
1 67
1 68
1 70
1 71
1 73
1 74
1 75
1 76
1 81
1 83
1 85
1 86
1 87
1 88
1 90
1 93
1 94
1 98
1 99
2 4
2 5
2 9
2 12
2 16
2 19
2 20
2 22
2 23
2 25
2 28
2 29
2 31
2 33
2 34
2 35
2 40
2 43
2 44
2 45
2 46
2 49
2 52
2 56
2 60
2 61
2 62
2 63
2 64
2 68
2 69
2 77
2 82
2 84
2 86
2 87
2 88
2 89
2 90
2 91
2 98
2 99
3 9
3 12
3 15
3 16
3 18
3 20
3 23
3 24
3 25
3 27
3 29
3 30
3 31
3 33
3 34
3 36
3 38
3 40
3 42
3 44
3 47
3 48
3 49
3 52
3 54
3 57
3 60
3 62
3 64
3 66
3 78
3 81
3 87
3 91
3 92
4 5
4 7
4 13
4 14
4 17
4 22
4 24
4 34
4 35
4 38
4 41
4 45
4 46
4 48
4 53
4 59
4 61
4 62
4 64
4 65
4 66
4 67
4 71
4 73
4 74
4 78
4 79
4 84
4 85
4 86
4 87
4 88
4 89
4 91
4 95
4 98
5 12
5 17
5 19
5 21
5 23
5 24
5 36
5 38
5 41
5 42
5 45
5 47
5 48
5 53
5 55
5 56
5 59
5 60
5 65
5 67
5 68
5 70
5 80
5 81
5 83
5 84
5 86
5 88
5 92
5 96
5 97
5 99
6 7
6 10
6 13
6 17
6 18
6 24
6 26
6 28
6 32
6 36
6 38
6 45
6 46
6 48
6 51
6 52
6 53
6 54
6 57
6 59
6 64
6 65
6 67
6 72
6 73
6 74
6 81
6 82
6 86
6 87
6 88
6 89
6 90
6 92
6 94
6 98
7 8
7 13
7 28
7 29
7 31
7 33
7 34
7 35
7 38
7 41
7 43
7 47
7 48
7 55
7 62
7 63
7 64
7 65
7 68
7 70
7 72
7 74
7 75
7 76
7 78
7 86
7 87
7 92
8 10
8 12
8 21
8 26
8 29
8 31
8 32
8 34
8 36
8 37
8 38
8 39
8 41
8 42
8 43
8 45
8 53
8 54
8 59
8 60
8 61
8 63
8 64
8 66
8 72
8 77
8 78
8 79
8 81
8 84
8 89
8 92
8 93
8 97
9 10
9 13
9 14
9 15
9 17
9 18
9 19
9 22
9 23
9 26
9 28
9 29
9 32
9 33
9 35
9 36
9 37
9 44
9 48
9 51
9 54
9 56
9 65
9 70
9 73
9 74
9 77
9 85
9 86
9 89
9 90
9 97
10 17
10 19
10 22
10 26
10 28
10 32
10 34
10 35
10 38
10 44
10 45
10 47
10 49
10 50
10 51
10 57
10 61
10 64
10 68
10 69
10 70
10 71
10 73
10 75
10 76
10 79
10 84
10 93
10 94
10 99
11 15
11 16
11 18
11 21
11 22
11 24
11 26
11 27
11 30
11 31
11 32
11 33
11 34
11 38
11 43
11 54
11 55
11 60
11 66
11 68
11 70
11 74
11 75
11 79
11 86
11 89
11 94
11 95
11 99
12 14
12 16
12 17
12 18
12 19
12 21
12 25
12 26
12 27
12 40
12 41
12 42
12 43
12 45
12 47
12 48
12 50
12 52
12 53
12 55
12 63
12 64
12 65
12 66
12 67
12 71
12 72
12 75
12 76
12 78
12 79
12 81
12 85
12 89
12 91
12 93
12 94
12 95
12 96
12 97
12 98
13 14
13 15
13 16
13 19
13 20
13 24
13 25
13 28
13 29
13 30
13 37
13 38
13 40
13 44
13 45
13 47
13 48
13 51
13 56
13 57
13 58
13 59
13 60
13 61
13 67
13 68
13 69
13 71
13 74
13 79
13 85
13 87
13 88
13 91
13 92
13 94
13 96
13 99
14 16
14 20
14 22
14 23
14 25
14 26
14 28
14 32
14 36
14 37
14 40
14 46
14 51
14 56
14 58
14 60
14 61
14 66
14 74
14 76
14 77
14 79
14 80
14 83
14 84
14 88
14 89
14 93
14 94
14 96
15 16
15 19
15 22
15 24
15 25
15 26
15 27
15 30
15 31
15 41
15 42
15 43
15 45
15 46
15 50
15 51
15 52
15 53
15 54
15 55
15 57
15 59
15 62
15 71
15 72
15 76
15 79
15 85
15 90
15 93
15 94
15 97
15 98
15 99
16 17
16 22
16 28
16 32
16 33
16 38
16 41
16 44
16 50
16 51
16 52
16 53
16 56
16 59
16 60
16 66
16 68
16 69
16 70
16 72
16 74
16 75
16 82
16 83
16 85
16 87
16 88
16 89
16 92
16 97
17 18
17 19
17 25
17 30
17 31
17 34
17 37
17 38
17 41
17 42
17 44
17 46
17 49
17 50
17 51
17 52
17 53
17 55
17 56
17 59
17 60
17 61
17 62
17 64
17 67
17 69
17 71
17 75
17 79
17 80
17 83
17 84
17 88
17 89
17 90
17 91
17 93
17 94
17 95
17 96
18 22
18 26
18 27
18 33
18 40
18 41
18 42
18 44
18 47
18 49
18 57
18 67
18 68
18 72
18 73
18 76
18 77
18 80
18 81
18 85
18 86
18 87
18 88
18 90
18 97
18 99
19 21
19 23
19 24
19 25
19 26
19 28
19 34
19 35
19 37
19 38
19 39
19 40
19 43
19 44
19 45
19 46
19 49
19 54
19 56
19 58
19 59
19 62
19 66
19 68
19 69
19 70
19 76
19 86
19 89
19 95
19 97
20 24
20 27
20 31
20 37
20 38
20 42
20 43
20 44
20 47
20 50
20 52
20 57
20 60
20 65
20 66
20 67
20 68
20 69
20 75
20 80
20 82
20 84
20 85
20 88
20 91
20 92
20 93
20 94
20 95
20 96
20 97
21 22
21 23
21 24
21 27
21 28
21 32
21 33
21 34
21 42
21 44
21 45
21 46
21 48
21 50
21 51
21 52
21 53
21 57
21 60
21 64
21 65
21 68
21 69
21 70
21 73
21 74
21 79
21 83
21 84
21 88
21 90
21 95
22 24
22 30
22 34
22 35
22 36
22 37
22 38
22 42
22 43
22 47
22 48
22 51
22 55
22 64
22 65
22 67
22 68
22 69
22 70
22 71
22 73
22 74
22 79
22 80
22 83
22 84
22 93
22 98
23 24
23 26
23 27
23 28
23 30
23 31
23 33
23 34
23 37
23 42
23 43
23 49
23 54
23 55
23 56
23 57
23 60
23 61
23 63
23 65
23 66
23 68
23 69
23 73
23 75
23 77
23 80
23 81
23 82
23 83
23 84
23 88
23 89
23 90
23 95
24 26
24 27
24 28
24 36
24 39
24 40
24 41
24 44
24 48
24 49
24 50
24 51
24 52
24 56
24 57
24 61
24 64
24 65
24 67
24 68
24 69
24 72
24 75
24 77
24 78
24 86
24 87
24 89
24 90
24 91
24 93
25 26
25 27
25 34
25 37
25 45
25 48
25 51
25 54
25 55
25 66
25 69
25 71
25 80
25 81
25 82
25 86
25 87
25 88
25 93
25 94
25 99
26 27
26 30
26 34
26 37
26 40
26 42
26 45
26 46
26 47
26 50
26 51
26 52
26 53
26 54
26 61
26 62
26 63
26 67
26 70
26 71
26 73
26 75
26 76
26 78
26 79
26 83
26 86
26 87
26 88
26 90
26 97
27 28
27 29
27 30
27 31
27 33
27 38
27 40
27 44
27 45
27 48
27 50
27 54
27 55
27 56
27 58
27 60
27 63
27 65
27 68
27 71
27 73
27 75
27 77
27 78
27 79
27 81
27 85
27 86
27 88
27 90
27 96
27 98
28 32
28 34
28 39
28 40
28 43
28 47
28 48
28 50
28 52
28 53
28 60
28 61
28 62
28 67
28 68
28 74
28 75
28 76
28 77
28 78
28 80
28 85
28 87
28 88
28 94
28 95
29 39
29 41
29 48
29 49
29 51
29 55
29 59
29 60
29 61
29 70
29 71
29 72
29 74
29 75
29 77
29 78
29 79
29 89
29 93
29 95
30 31
30 39
30 42
30 43
30 47
30 48
30 51
30 53
30 54
30 56
30 61
30 63
30 65
30 67
30 69
30 71
30 74
30 78
30 79
30 82
30 84
30 85
30 86
30 87
30 88
30 89
30 90
30 93
30 94
30 95
30 98
30 99
31 35
31 38
31 39
31 41
31 44
31 45
31 46
31 52
31 54
31 62
31 64
31 65
31 68
31 69
31 70
31 71
31 73
31 74
31 75
31 76
31 78
31 80
31 81
31 83
31 84
31 87
31 93
31 94
31 95
31 96
32 33
32 34
32 35
32 37
32 38
32 39
32 46
32 47
32 48
32 49
32 53
32 54
32 55
32 56
32 59
32 60
32 61
32 63
32 68
32 74
32 76
32 77
32 81
32 82
32 87
32 89
32 90
32 92
32 96
32 99
33 36
33 37
33 38
33 40
33 43
33 44
33 48
33 53
33 54
33 56
33 60
33 61
33 62
33 64
33 72
33 74
33 76
33 80
33 82
33 84
33 87
33 88
33 89
33 90
33 93
33 94
33 95
33 99
34 36
34 38
34 39
34 40
34 41
34 43
34 44
34 47
34 51
34 52
34 57
34 64
34 68
34 70
34 77
34 84
34 87
34 92
34 94
34 95
34 97
34 99
35 36
35 38
35 44
35 45
35 52
35 53
35 54
35 56
35 58
35 60
35 61
35 63
35 64
35 65
35 68
35 70
35 73
35 74
35 75
35 76
35 77
35 78
35 79
35 81
35 82
35 84
35 87
35 88
35 91
35 92
35 94
35 97
36 38
36 42
36 43
36 45
36 46
36 48
36 51
36 55
36 57
36 58
36 60
36 62
36 63
36 67
36 70
36 71
36 73
36 76
36 78
36 80
36 81
36 82
36 84
36 85
36 90
36 93
36 94
36 97
36 98
36 99
37 39
37 41
37 42
37 44
37 52
37 53
37 57
37 58
37 67
37 69
37 74
37 79
37 80
37 82
37 83
37 84
37 89
37 90
37 91
37 92
37 97
37 98
37 99
38 51
38 52
38 58
38 60
38 61
38 62
38 66
38 67
38 74
38 75
38 78
38 82
38 85
38 86
38 87
38 88
38 89
38 91
39 41
39 44
39 47
39 53
39 54
39 55
39 58
39 59
39 61
39 62
39 65
39 66
39 70
39 71
39 72
39 73
39 75
39 77
39 81
39 82
39 83
39 84
39 86
39 88
39 90
39 92
39 93
39 94
39 95
40 41
40 44
40 45
40 46
40 48
40 49
40 50
40 51
40 53
40 59
40 64
40 65
40 66
40 67
40 71
40 72
40 75
40 77
40 84
40 87
40 88
40 94
40 95
40 96
40 97
40 98
41 43
41 46
41 49
41 51
41 52
41 54
41 56
41 57
41 58
41 63
41 66
41 70
41 74
41 76
41 77
41 78
41 82
41 83
41 90
41 94
41 98
42 47
42 50
42 51
42 52
42 53
42 55
42 57
42 58
42 59
42 63
42 64
42 66
42 68
42 71
42 76
42 77
42 79
42 84
42 85
42 88
42 91
42 92
42 96
42 97
42 98
43 44
43 47
43 49
43 51
43 54
43 65
43 66
43 69
43 70
43 71
43 72
43 75
43 78
43 82
43 83
43 86
43 88
43 92
43 94
43 95
43 98
44 46
44 50
44 51
44 53
44 56
44 58
44 59
44 61
44 62
44 66
44 69
44 70
44 78
44 84
44 85
44 86
44 87
44 88
44 92
44 94
44 95
44 96
44 98
45 48
45 49
45 50
45 54
45 59
45 60
45 65
45 66
45 70
45 76
45 77
45 80
45 85
45 93
45 94
45 95
46 47
46 59
46 64
46 65
46 67
46 68
46 69
46 72
46 73
46 77
46 82
46 87
46 89
46 90
46 92
46 93
46 94
46 95
46 99
47 48
47 51
47 52
47 55
47 56
47 57
47 63
47 65
47 66
47 67
47 70
47 72
47 75
47 85
47 86
47 88
47 90
47 96
47 97
48 49
48 52
48 54
48 58
48 63
48 67
48 69
48 74
48 75
48 79
48 80
48 81
48 83
48 85
48 87
48 88
48 89
48 94
48 97
48 99
49 52
49 60
49 61
49 62
49 65
49 69
49 70
49 72
49 73
49 74
49 75
49 79
49 86
49 89
49 92
49 93
49 95
49 96
50 52
50 55
50 60
50 61
50 63
50 66
50 68
50 70
50 71
50 73
50 74
50 75
50 77
50 80
50 81
50 83
50 87
50 88
50 91
50 92
50 96
50 99
51 57
51 58
51 59
51 66
51 72
51 78
51 79
51 85
51 86
51 91
51 93
51 97
52 56
52 58
52 59
52 60
52 62
52 64
52 65
52 68
52 73
52 77
52 78
52 84
52 85
52 86
52 88
52 91
52 93
52 94
52 95
52 97
52 99
53 54
53 55
53 56
53 58
53 60
53 61
53 62
53 63
53 65
53 66
53 69
53 74
53 75
53 76
53 80
53 90
53 91
53 95
53 97
53 98
54 62
54 63
54 64
54 65
54 66
54 67
54 68
54 70
54 76
54 79
54 84
54 89
54 92
55 59
55 61
55 63
55 65
55 66
55 70
55 71
55 72
55 73
55 74
55 75
55 79
55 80
55 81
55 83
55 84
55 85
55 88
55 89
55 92
55 98
55 99
56 58
56 62
56 63
56 64
56 67
56 68
56 70
56 74
56 76
56 78
56 79
56 83
56 84
56 87
56 92
56 96
57 59
57 61
57 65
57 69
57 73
57 78
57 79
57 81
57 82
57 83
57 85
57 88
57 89
57 90
57 92
57 93
57 99
58 59
58 63
58 65
58 66
58 68
58 70
58 71
58 73
58 74
58 75
58 76
58 78
58 83
58 88
58 89
58 90
58 92
58 97
58 98
59 62
59 64
59 75
59 79
59 84
59 87
59 91
59 96
59 99
60 61
60 62
60 63
60 65
60 67
60 71
60 72
60 75
60 77
60 78
60 79
60 80
60 81
60 89
60 91
60 97
60 98
60 99
61 65
61 67
61 69
61 71
61 73
61 77
61 79
61 83
61 86
61 88
61 99
62 63
62 66
62 68
62 69
62 73
62 76
62 78
62 79
62 80
62 81
62 82
62 84
62 86
62 89
62 94
62 95
63 68
63 69
63 70
63 74
63 75
63 76
63 80
63 82
63 84
63 86
63 88
63 89
63 91
63 96
63 97
64 65
64 68
64 70
64 72
64 77
64 80
64 81
64 83
64 85
64 86
64 88
64 89
64 94
64 95
64 97
65 66
65 71
65 73
65 76
65 77
65 78
65 79
65 90
65 93
65 94
65 98
65 99
66 74
66 79
66 85
66 86
66 87
66 88
66 90
66 91
66 93
66 97
66 99
67 71
67 73
67 74
67 76
67 78
67 80
67 81
67 83
67 89
67 91
67 95
67 98
67 99
68 71
68 74
68 75
68 79
68 81
68 84
68 87
68 89
68 90
68 91
68 92
68 93
68 94
68 99
69 70
69 71
69 76
69 79
69 80
69 81
69 88
69 89
69 92
69 95
69 98
70 73
70 74
70 75
70 79
70 82
70 85
70 86
70 87
70 88
70 89
70 91
70 92
70 94
71 72
71 74
71 76
71 78
71 80
71 81
71 83
71 86
71 87
71 88
71 89
71 90
71 91
71 92
71 96
71 97
72 78
72 80
72 82
72 87
72 88
72 89
72 91
72 92
72 93
72 94
72 96
72 97
72 98
73 74
73 80
73 82
73 84
73 85
73 86
73 91
73 92
73 96
74 76
74 79
74 80
74 81
74 83
74 84
74 85
74 86
74 87
74 90
74 98
74 99
75 76
75 77
75 80
75 84
75 87
75 92
75 94
76 77
76 78
76 81
76 82
76 84
76 85
76 86
76 87
76 88
76 94
76 96
77 80
77 81
77 82
77 83
77 84
77 85
77 86
77 89
77 90
77 91
77 92
77 93
77 95
77 98
77 99
78 80
78 84
78 85
78 91
78 95
78 96
79 82
79 83
79 85
79 86
79 87
79 88
79 90
79 94
79 95
79 97
79 98
80 82
80 86
80 87
80 88
80 89
80 92
80 93
80 94
80 95
80 97
80 99
81 85
81 88
81 89
81 90
81 93
81 95
82 84
82 86
82 88
82 89
82 93
82 95
82 96
82 97
83 84
83 85
83 86
83 87
83 90
83 92
83 93
83 96
84 85
84 86
84 87
84 92
84 93
84 95
85 88
85 89
85 92
85 93
85 94
85 96
85 98
86 90
86 93
86 95
86 97
86 98
87 89
87 90
87 94
87 96
87 97
88 90
88 93
89 91
89 93
89 95
89 96
89 97
89 98
89 99
90 94
90 95
90 99
91 93
91 95
92 93
92 94
92 98
92 99
93 95
93 99
94 95
94 98
95 96
95 97
95 99
96 98
96 99
97 99
98 99
