0 1
0 2
0 4
0 9
0 11
0 12
0 14
0 15
0 19
0 20
0 21
0 22
0 25
0 28
0 29
0 31
0 34
0 40
0 46
0 48
0 51
0 52
0 61
0 62
0 66
0 68
0 70
0 71
0 75
0 76
0 77
0 78
0 85
0 89
0 91
0 95
1 5
1 6
1 8
1 9
1 10
1 11
1 14
1 18
1 23
1 25
1 26
1 27
1 29
1 32
1 36
1 37
1 38
1 39
1 40
1 43
1 45
1 47
1 51
1 52
1 56
1 57
1 58
1 60
1 62
1 70
1 71
1 75
1 77
1 78
1 80
1 81
1 86
1 87
1 92
1 93
1 98
2 6
2 9
2 10
2 17
2 18
2 19
2 20
2 21
2 24
2 25
2 27
2 30
2 31
2 38
2 41
2 42
2 43
2 44
2 46
2 48
2 51
2 52
2 56
2 59
2 60
2 62
2 64
2 65
2 71
2 75
2 79
2 85
2 86
2 87
2 88
2 92
2 97
2 99
3 8
3 11
3 15
3 16
3 19
3 21
3 23
3 25
3 33
3 36
3 39
3 40
3 42
3 45
3 48
3 51
3 52
3 57
3 58
3 60
3 64
3 68
3 69
3 71
3 78
3 80
3 81
3 85
3 89
3 90
3 92
3 94
3 97
3 98
3 99
4 5
4 6
4 10
4 13
4 15
4 16
4 18
4 21
4 23
4 25
4 28
4 30
4 32
4 34
4 37
4 39
4 42
4 43
4 45
4 48
4 49
4 50
4 51
4 52
4 54
4 56
4 67
4 70
4 71
4 75
4 76
4 81
4 82
4 87
4 88
4 89
4 93
4 94
4 97
5 11
5 14
5 16
5 17
5 20
5 21
5 23
5 27
5 31
5 32
5 33
5 34
5 38
5 41
5 44
5 49
5 56
5 59
5 60
5 62
5 64
5 65
5 66
5 67
5 68
5 72
5 74
5 75
5 79
5 82
5 84
5 91
5 95
5 96
5 97
5 98
5 99
6 8
6 10
6 11
6 14
6 15
6 18
6 19
6 21
6 24
6 26
6 29
6 33
6 39
6 40
6 42
6 43
6 44
6 47
6 48
6 52
6 53
6 54
6 55
6 59
6 61
6 62
6 63
6 64
6 72
6 74
6 77
6 79
6 80
6 83
6 85
6 86
6 87
6 89
6 90
6 91
6 97
6 98
7 10
7 19
7 23
7 26
7 33
7 35
7 36
7 42
7 45
7 46
7 47
7 48
7 49
7 50
7 52
7 56
7 59
7 64
7 66
7 73
7 74
7 75
7 76
7 78
7 79
7 83
7 85
7 86
7 88
7 89
7 92
7 96
7 98
7 99
8 9
8 15
8 17
8 22
8 24
8 25
8 27
8 28
8 31
8 32
8 35
8 37
8 39
8 42
8 43
8 45
8 46
8 47
8 48
8 49
8 50
8 54
8 55
8 58
8 62
8 66
8 68
8 75
8 76
8 77
8 78
8 80
8 85
8 88
8 89
8 91
8 93
8 94
8 97
8 99
9 12
9 16
9 19
9 20
9 24
9 27
9 33
9 36
9 39
9 49
9 54
9 55
9 56
9 58
9 60
9 62
9 66
9 68
9 69
9 70
9 74
9 75
9 78
9 82
9 84
9 87
9 89
9 90
9 92
9 93
9 98
10 15
10 17
10 19
10 22
10 23
10 25
10 26
10 27
10 28
10 31
10 33
10 34
10 36
10 38
10 40
10 41
10 46
10 52
10 53
10 57
10 62
10 64
10 65
10 66
10 67
10 69
10 70
10 71
10 72
10 74
10 78
10 79
10 82
10 85
10 88
10 92
10 95
10 96
10 97
11 15
11 17
11 18
11 19
11 20
11 23
11 27
11 29
11 31
11 34
11 35
11 40
11 46
11 50
11 52
11 53
11 54
11 55
11 56
11 58
11 62
11 63
11 65
11 67
11 68
11 71
11 72
11 75
11 78
11 81
11 83
11 84
11 89
11 91
11 92
11 95
12 14
12 15
12 16
12 17
12 19
12 20
12 23
12 24
12 25
12 28
12 29
12 32
12 34
12 35
12 36
12 38
12 42
12 43
12 50
12 54
12 55
12 57
12 58
12 62
12 64
12 65
12 67
12 71
12 72
12 74
12 82
12 83
12 85
12 86
12 89
12 91
12 94
12 96
12 97
12 99
13 16
13 19
13 21
13 26
13 29
13 31
13 32
13 36
13 37
13 38
13 42
13 43
13 45
13 46
13 48
13 49
13 51
13 53
13 54
13 59
13 62
13 65
13 66
13 68
13 74
13 75
13 77
13 79
13 82
13 85
13 91
13 94
14 18
14 21
14 23
14 24
14 26
14 28
14 30
14 32
14 33
14 39
14 40
14 42
14 45
14 47
14 49
14 50
14 51
14 52
14 54
14 55
14 59
14 64
14 66
14 67
14 69
14 72
14 75
14 77
14 81
14 82
14 83
14 85
14 86
14 88
14 92
14 95
15 16
15 19
15 20
15 23
15 25
15 26
15 27
15 30
15 33
15 36
15 37
15 41
15 43
15 44
15 47
15 48
15 49
15 51
15 52
15 53
15 54
15 55
15 56
15 58
15 60
15 61
15 62
15 66
15 68
15 72
15 74
15 77
15 79
15 87
15 90
15 92
15 95
15 96
15 98
15 99
16 18
16 20
16 21
16 23
16 27
16 29
16 30
16 31
16 33
16 34
16 36
16 39
16 40
16 41
16 43
16 45
16 47
16 48
16 49
16 50
16 51
16 52
16 53
16 56
16 59
16 64
16 66
16 67
16 68
16 71
16 72
16 73
16 74
16 76
16 80
16 82
16 87
16 90
16 91
16 93
16 96
16 97
16 99
17 18
17 23
17 26
17 27
17 28
17 29
17 30
17 35
17 42
17 43
17 48
17 52
17 55
17 56
17 57
17 60
17 64
17 66
17 69
17 70
17 77
17 78
17 79
17 81
17 83
17 84
17 85
17 86
17 88
17 90
17 91
17 93
17 94
17 96
18 21
18 25
18 26
18 27
18 32
18 34
18 35
18 36
18 37
18 40
18 47
18 49
18 50
18 51
18 52
18 53
18 60
18 63
18 74
18 77
18 78
18 80
18 81
18 84
18 91
18 95
18 96
18 98
18 99
19 23
19 28
19 29
19 35
19 36
19 38
19 42
19 43
19 45
19 47
19 49
19 50
19 57
19 62
19 66
19 69
19 73
19 74
19 75
19 76
19 77
19 78
19 80
19 81
19 82
19 91
19 92
20 21
20 23
20 25
20 27
20 28
20 30
20 31
20 36
20 37
20 39
20 41
20 43
20 44
20 47
20 49
20 50
20 56
20 59
20 63
20 64
20 65
20 68
20 69
20 70
20 73
20 74
20 77
20 78
20 80
20 82
20 87
20 89
20 90
20 91
20 92
20 94
20 96
20 97
21 23
21 28
21 34
21 39
21 40
21 43
21 46
21 47
21 48
21 49
21 50
21 52
21 53
21 55
21 58
21 59
21 60
21 62
21 64
21 65
21 67
21 73
21 78
21 80
21 81
21 82
21 87
21 89
21 94
21 96
21 97
21 98
21 99
22 23
22 24
22 25
22 27
22 31
22 32
22 34
22 36
22 37
22 39
22 40
22 42
22 47
22 50
22 53
22 57
22 61
22 63
22 64
22 65
22 67
22 70
22 72
22 77
22 81
22 82
22 84
22 85
22 88
22 91
22 94
22 95
22 96
22 98
23 42
23 45
23 48
23 49
23 50
23 51
23 52
23 55
23 59
23 64
23 65
23 69
23 72
23 73
23 75
23 77
23 79
23 81
23 89
23 91
23 92
23 93
23 94
23 95
23 97
24 26
24 31
24 33
24 34
24 36
24 41
24 42
24 43
24 45
24 48
24 49
24 50
24 52
24 53
24 54
24 56
24 58
24 62
24 65
24 66
24 67
24 68
24 72
24 73
24 75
24 76
24 77
24 79
24 81
24 83
24 89
24 93
24 98
25 30
25 32
25 33
25 35
25 37
25 38
25 41
25 43
25 44
25 45
25 49
25 51
25 52
25 53
25 58
25 65
25 67
25 70
25 71
25 72
25 73
25 79
25 82
25 88
25 91
26 27
26 33
26 34
26 36
26 37
26 38
26 39
26 42
26 44
26 45
26 48
26 50
26 54
26 55
26 56
26 60
26 63
26 65
26 67
26 70
26 74
26 75
26 76
26 82
26 85
26 87
26 89
26 90
26 93
26 96
27 39
27 40
27 48
27 53
27 54
27 56
27 57
27 58
27 60
27 69
27 74
27 75
27 76
27 77
27 80
27 81
27 82
27 87
27 89
27 92
27 93
27 96
27 98
28 35
28 36
28 39
28 40
28 41
28 43
28 48
28 51
28 56
28 57
28 58
28 59
28 65
28 66
28 67
28 69
28 71
28 72
28 75
28 79
28 82
28 83
28 84
28 91
28 92
28 96
28 98
28 99
29 30
29 33
29 37
29 39
29 41
29 47
29 48
29 50
29 51
29 52
29 53
29 54
29 58
29 59
29 60
29 61
29 63
29 64
29 66
29 68
29 69
29 70
29 72
29 73
29 74
29 76
29 77
29 79
29 83
29 84
29 86
29 93
29 94
29 98
29 99
30 31
30 32
30 33
30 35
30 36
30 37
30 41
30 43
30 50
30 52
30 55
30 57
30 60
30 63
30 67
30 74
30 75
30 78
30 80
30 82
30 85
30 86
30 87
30 89
30 90
30 94
30 95
30 98
31 34
31 35
31 36
31 37
31 39
31 40
31 42
31 44
31 45
31 48
31 52
31 54
31 55
31 56
31 60
31 61
31 63
31 64
31 65
31 72
31 73
31 75
31 76
31 77
31 78
31 82
31 85
31 89
31 94
31 95
31 97
32 34
32 37
32 38
32 40
32 41
32 42
32 43
32 48
32 51
32 54
32 56
32 57
32 60
32 61
32 63
32 67
32 68
32 71
32 74
32 75
32 78
32 80
32 81
32 83
32 88
32 92
32 94
32 95
32 96
33 34
33 35
33 36
33 37
33 38
33 40
33 43
33 44
33 46
33 47
33 48
33 49
33 50
33 53
33 55
33 56
33 59
33 61
33 62
33 64
33 66
33 68
33 69
33 72
33 74
33 75
33 77
33 79
33 81
33 89
33 90
33 94
33 95
33 97
34 35
34 41
34 45
34 48
34 51
34 54
34 57
34 60
34 62
34 63
34 66
34 67
34 70
34 71
34 77
34 78
34 84
34 85
34 87
34 88
34 90
34 91
34 92
34 97
34 98
34 99
35 41
35 44
35 46
35 49
35 51
35 54
35 55
35 56
35 58
35 60
35 61
35 62
35 65
35 69
35 72
35 74
35 79
35 80
35 81
35 82
35 83
35 90
35 91
35 93
35 95
35 96
36 37
36 38
36 39
36 41
36 45
36 46
36 50
36 51
36 52
36 55
36 56
36 57
36 62
36 64
36 66
36 67
36 68
36 70
36 72
36 77
36 79
36 80
36 86
36 87
36 88
36 91
36 93
36 96
36 97
36 98
37 39
37 40
37 41
37 42
37 43
37 45
37 47
37 49
37 50
37 57
37 59
37 63
37 64
37 67
37 70
37 71
37 73
37 74
37 78
37 84
37 87
37 93
37 96
37 97
37 98
38 41
38 42
38 43
38 45
38 48
38 50
38 52
38 53
38 55
38 56
38 57
38 61
38 64
38 65
38 66
38 67
38 80
38 81
38 83
38 84
38 87
38 88
38 89
38 91
38 97
39 40
39 41
39 42
39 43
39 46
39 48
39 53
39 54
39 59
39 62
39 65
39 68
39 69
39 70
39 75
39 76
39 77
39 78
39 83
39 86
39 88
39 89
39 91
39 92
39 93
39 94
39 95
39 96
40 41
40 42
40 43
40 44
40 45
40 46
40 47
40 49
40 50
40 52
40 55
40 57
40 58
40 65
40 67
40 70
40 71
40 72
40 75
40 76
40 78
40 79
40 86
40 88
40 95
40 96
40 97
40 99
41 42
41 45
41 50
41 52
41 56
41 57
41 60
41 61
41 65
41 71
41 75
41 78
41 81
41 90
41 97
41 99
42 45
42 47
42 48
42 54
42 60
42 61
42 64
42 65
42 67
42 68
42 69
42 72
42 73
42 74
42 79
42 80
42 82
42 83
42 84
42 85
42 86
42 88
42 92
42 93
42 94
42 95
42 96
42 98
43 44
43 45
43 47
43 48
43 49
43 59
43 61
43 62
43 63
43 65
43 69
43 70
43 72
43 74
43 82
43 85
43 86
43 89
43 90
43 91
43 93
43 95
43 97
43 98
43 99
44 45
44 46
44 47
44 48
44 49
44 51
44 52
44 54
44 55
44 59
44 62
44 68
44 69
44 70
44 71
44 76
44 77
44 84
44 95
44 99
45 48
45 51
45 53
45 54
45 55
45 56
45 58
45 59
45 60
45 64
45 65
45 68
45 73
45 77
45 79
45 81
45 85
45 90
45 91
45 93
45 95
45 97
45 98
45 99
46 48
46 50
46 52
46 56
46 60
46 61
46 62
46 64
46 66
46 68
46 69
46 72
46 75
46 77
46 79
46 82
46 86
46 87
46 88
46 91
46 97
47 51
47 54
47 55
47 56
47 57
47 58
47 59
47 65
47 67
47 72
47 74
47 77
47 81
47 82
47 83
47 85
47 90
47 94
47 95
47 98
47 99
48 49
48 51
48 53
48 58
48 60
48 63
48 66
48 68
48 71
48 72
48 77
48 83
48 84
48 87
48 91
48 92
48 93
48 96
49 50
49 51
49 52
49 55
49 58
49 62
49 70
49 72
49 75
49 76
49 78
49 79
49 84
49 90
49 91
49 94
49 99
50 56
50 57
50 58
50 61
50 62
50 63
50 66
50 67
50 69
50 79
50 86
50 90
50 92
50 95
50 97
51 52
51 53
51 59
51 60
51 62
51 63
51 69
51 74
51 75
51 76
51 77
51 78
51 87
51 88
51 94
51 97
52 53
52 54
52 55
52 58
52 66
52 69
52 70
52 71
52 73
52 75
52 76
52 81
52 88
52 90
52 91
52 92
52 94
52 99
53 61
53 63
53 64
53 67
53 68
53 69
53 70
53 72
53 74
53 78
53 79
53 82
53 83
53 84
53 87
53 90
53 92
53 93
53 94
54 55
54 57
54 58
54 59
54 63
54 66
54 68
54 70
54 71
54 77
54 78
54 79
54 80
54 81
54 85
54 86
54 87
54 88
54 89
54 91
54 93
54 95
54 98
55 56
55 57
55 58
55 62
55 63
55 64
55 71
55 73
55 74
55 76
55 77
55 78
55 81
55 84
55 85
55 90
55 93
55 94
55 96
55 98
55 99
56 58
56 63
56 67
56 68
56 73
56 74
56 75
56 76
56 80
56 81
56 82
56 84
56 89
56 90
56 91
56 95
56 99
57 60
57 61
57 64
57 65
57 70
57 79
57 80
57 81
57 86
57 87
57 88
57 91
57 92
57 96
57 97
57 98
58 63
58 64
58 65
58 67
58 70
58 74
58 76
58 77
58 79
58 83
58 84
58 85
58 86
58 89
58 92
58 93
58 97
58 98
58 99
59 60
59 62
59 63
59 67
59 76
59 77
59 78
59 79
59 80
59 82
59 88
59 92
59 93
59 94
59 95
59 96
59 99
60 61
60 63
60 64
60 65
60 66
60 70
60 72
60 73
60 75
60 78
60 79
60 84
60 85
60 87
60 89
60 90
60 91
60 92
60 93
60 94
60 99
61 62
61 66
61 70
61 71
61 74
61 75
61 78
61 79
61 81
61 85
61 86
61 87
61 90
61 92
61 95
61 98
62 68
62 69
62 74
62 77
62 81
62 88
62 89
62 90
62 92
62 94
62 95
63 64
63 65
63 66
63 69
63 75
63 81
63 83
63 86
63 87
63 88
63 93
63 94
63 96
63 98
63 99
64 70
64 74
64 76
64 79
64 81
64 86
64 88
64 91
64 93
64 94
64 96
64 97
64 99
65 66
65 67
65 69
65 70
65 73
65 77
65 80
65 83
65 86
65 88
65 91
65 93
65 97
65 98
66 67
66 68
66 72
66 74
66 77
66 78
66 81
66 83
66 86
66 88
66 90
66 93
66 94
66 96
66 97
66 99
67 70
67 71
67 74
67 76
67 78
67 80
67 82
67 84
67 90
67 93
67 95
67 97
67 99
68 71
68 72
68 73
68 76
68 77
68 78
68 80
68 82
68 85
68 87
68 88
68 96
68 97
68 99
69 70
69 73
69 75
69 77
69 80
69 81
69 83
69 88
69 90
69 96
69 99
70 73
70 75
70 77
70 81
70 83
70 85
70 86
70 89
70 90
70 93
70 95
70 97
71 72
71 77
71 78
71 81
71 87
71 88
71 89
71 97
71 99
72 74
72 75
72 76
72 80
72 81
72 84
72 86
72 92
72 98
72 99
73 75
73 77
73 78
73 79
73 80
73 81
73 83
73 85
73 91
73 92
73 94
73 98
73 99
74 76
74 77
74 79
74 83
74 88
74 89
74 92
74 94
74 97
74 98
75 76
75 79
75 80
75 81
75 84
75 85
75 88
75 97
76 77
76 79
76 80
76 84
76 87
76 88
76 89
76 90
76 92
76 93
76 99
77 79
77 81
77 83
77 85
77 86
77 89
77 90
78 79
78 81
78 82
78 83
78 86
78 89
78 92
78 93
78 94
78 95
79 81
79 82
79 83
79 85
79 86
79 87
79 97
79 98
79 99
80 83
80 87
80 88
80 89
80 90
80 91
80 93
80 95
81 84
81 86
81 89
81 90
81 94
81 95
81 96
82 84
82 85
82 86
82 92
82 94
82 98
83 85
83 86
83 89
83 90
83 94
83 98
83 99
84 87
84 88
84 94
84 97
84 98
85 86
85 87
85 88
85 89
85 90
85 91
85 95
85 96
86 88
86 89
86 90
86 95
86 96
86 98
87 90
87 93
87 98
87 99
88 89
88 91
88 98
88 99
89 90
89 94
89 96
89 98
89 99
90 92
90 93
90 95
90 96
91 92
91 93
91 94
91 95
91 97
92 95
92 97
93 96
93 97
94 96
94 97
94 98
94 99
95 98
97 98
