0 3
0 13
0 15
0 16
0 17
0 21
0 25
0 27
0 33
0 37
0 39
0 43
0 58
0 64
0 65
0 67
0 73
0 76
0 77
0 79
0 84
0 86
0 91
1 3
1 4
1 5
1 6
1 10
1 15
1 16
1 19
1 35
1 37
1 43
1 47
1 49
1 52
1 55
1 62
1 63
1 67
1 71
1 72
1 74
1 76
1 80
1 82
1 85
1 86
1 88
1 91
1 95
1 97
1 98
2 3
2 13
2 21
2 25
2 28
2 29
2 30
2 31
2 34
2 38
2 44
2 46
2 51
2 56
2 62
2 65
2 68
2 70
2 72
2 74
2 81
2 83
2 84
2 86
2 88
2 89
2 96
2 99
3 12
3 13
3 15
3 16
3 19
3 21
3 24
3 29
3 38
3 46
3 47
3 51
3 56
3 59
3 61
3 64
3 65
3 68
3 70
3 73
3 75
3 85
3 90
3 92
3 97
4 8
4 15
4 19
4 22
4 23
4 27
4 31
4 36
4 39
4 42
4 50
4 52
4 55
4 56
4 58
4 62
4 63
4 67
4 71
4 72
4 73
4 75
4 81
4 84
4 88
4 92
4 94
4 95
4 98
5 11
5 14
5 22
5 34
5 40
5 41
5 43
5 45
5 46
5 48
5 57
5 60
5 61
5 62
5 75
5 77
5 84
5 85
5 86
5 94
5 95
5 96
5 98
5 99
6 9
6 11
6 12
6 14
6 15
6 18
6 20
6 24
6 26
6 27
6 31
6 34
6 36
6 39
6 40
6 42
6 45
6 57
6 59
6 62
6 67
6 68
6 71
6 77
6 81
6 82
6 88
6 93
6 95
7 13
7 15
7 17
7 20
7 25
7 26
7 29
7 31
7 32
7 33
7 35
7 36
7 38
7 40
7 41
7 42
7 44
7 46
7 49
7 50
7 51
7 54
7 55
7 56
7 57
7 59
7 60
7 64
7 66
7 72
7 76
7 77
7 79
7 82
7 89
7 93
7 96
7 98
8 10
8 12
8 15
8 18
8 20
8 25
8 26
8 28
8 30
8 33
8 35
8 36
8 41
8 42
8 44
8 45
8 49
8 51
8 54
8 55
8 56
8 58
8 64
8 68
8 74
8 76
8 79
8 86
8 90
8 96
8 98
8 99
9 10
9 11
9 12
9 19
9 21
9 22
9 23
9 27
9 34
9 37
9 40
9 43
9 46
9 48
9 49
9 54
9 60
9 63
9 66
9 68
9 69
9 79
9 81
9 82
9 84
9 89
9 94
9 97
9 99
10 14
10 20
10 24
10 27
10 28
10 31
10 32
10 35
10 36
10 39
10 45
10 60
10 62
10 63
10 67
10 69
10 70
10 73
10 80
10 82
10 85
10 88
10 92
10 93
10 96
11 16
11 17
11 20
11 28
11 33
11 34
11 36
11 37
11 42
11 46
11 54
11 59
11 60
11 61
11 63
11 68
11 73
11 78
11 86
11 91
11 92
11 93
12 16
12 17
12 18
12 22
12 24
12 31
12 40
12 42
12 46
12 49
12 59
12 61
12 64
12 66
12 68
12 69
12 72
12 77
12 87
12 89
12 94
12 96
12 98
12 99
13 14
13 21
13 22
13 23
13 38
13 47
13 49
13 51
13 56
13 57
13 63
13 65
13 66
13 67
13 68
13 70
13 73
13 77
13 86
13 91
13 95
13 96
13 97
13 98
14 19
14 20
14 27
14 28
14 30
14 40
14 41
14 44
14 45
14 47
14 49
14 50
14 53
14 57
14 61
14 63
14 64
14 66
14 68
14 69
14 75
14 77
14 78
14 81
14 82
14 85
14 86
14 87
14 88
14 91
14 93
14 94
14 95
14 96
15 19
15 24
15 26
15 29
15 40
15 45
15 46
15 51
15 52
15 53
15 54
15 55
15 56
15 64
15 65
15 66
15 69
15 71
15 78
15 85
15 91
15 93
16 19
16 23
16 24
16 27
16 28
16 29
16 32
16 34
16 37
16 39
16 41
16 49
16 56
16 58
16 60
16 61
16 70
16 71
16 73
16 75
16 76
16 78
16 88
16 89
16 90
16 95
17 18
17 19
17 21
17 23
17 25
17 33
17 34
17 35
17 38
17 39
17 42
17 44
17 46
17 47
17 54
17 57
17 60
17 62
17 65
17 67
17 69
17 76
17 78
17 81
17 83
17 90
17 91
17 94
17 98
18 31
18 38
18 41
18 42
18 50
18 51
18 54
18 59
18 62
18 65
18 67
18 69
18 75
18 79
18 83
18 88
18 90
18 91
18 93
18 94
18 96
18 97
19 21
19 23
19 28
19 33
19 35
19 37
19 40
19 49
19 55
19 56
19 59
19 61
19 62
19 64
19 69
19 71
19 72
19 73
19 80
19 81
19 91
19 98
20 27
20 28
20 30
20 32
20 34
20 35
20 39
20 40
20 44
20 45
20 47
20 48
20 50
20 52
20 55
20 57
20 63
20 64
20 67
20 68
20 72
20 75
20 78
20 79
20 82
20 83
20 84
20 86
20 91
20 98
21 22
21 24
21 26
21 34
21 38
21 39
21 41
21 46
21 47
21 49
21 50
21 52
21 55
21 57
21 62
21 63
21 66
21 68
21 71
21 72
21 74
21 76
21 77
21 85
21 88
21 91
21 92
21 96
22 25
22 26
22 28
22 29
22 36
22 39
22 40
22 41
22 44
22 46
22 49
22 51
22 52
22 55
22 58
22 63
22 65
22 66
22 67
22 72
22 75
22 81
22 88
22 91
22 94
22 96
22 99
23 28
23 32
23 33
23 39
23 43
23 47
23 51
23 52
23 53
23 54
23 57
23 59
23 63
23 64
23 68
23 70
23 71
23 74
23 77
23 78
23 80
23 90
23 91
23 94
23 97
24 27
24 29
24 31
24 37
24 38
24 39
24 40
24 44
24 60
24 63
24 65
24 68
24 72
24 73
24 77
24 82
24 83
24 84
24 87
24 91
24 93
24 94
24 95
24 96
24 99
25 26
25 27
25 29
25 33
25 34
25 35
25 41
25 42
25 47
25 48
25 51
25 52
25 55
25 61
25 64
25 65
25 67
25 71
25 75
25 80
25 82
25 88
25 89
25 91
25 92
25 93
25 94
25 95
26 27
26 29
26 30
26 31
26 32
26 41
26 44
26 45
26 47
26 49
26 51
26 53
26 54
26 55
26 61
26 62
26 64
26 65
26 67
26 70
26 71
26 74
26 77
26 81
26 83
26 85
26 95
26 96
27 33
27 34
27 35
27 36
27 41
27 42
27 43
27 46
27 49
27 54
27 67
27 69
27 72
27 73
27 76
27 81
27 84
27 91
27 94
27 99
28 30
28 36
28 38
28 40
28 43
28 47
28 50
28 52
28 60
28 63
28 65
28 66
28 71
28 73
28 75
28 79
28 85
28 87
28 88
28 89
28 92
28 93
28 94
28 98
28 99
29 30
29 35
29 36
29 38
29 40
29 42
29 43
29 47
29 52
29 57
29 59
29 62
29 64
29 67
29 76
29 81
29 87
29 88
29 92
29 99
30 31
30 32
30 43
30 51
30 54
30 58
30 59
30 63
30 69
30 70
30 72
30 73
30 75
30 76
30 78
30 83
30 89
30 90
30 92
30 94
30 96
31 32
31 35
31 40
31 42
31 44
31 47
31 49
31 50
31 54
31 55
31 56
31 60
31 65
31 68
31 70
31 72
31 80
31 83
31 90
31 91
31 93
31 96
31 99
32 33
32 38
32 45
32 49
32 51
32 52
32 55
32 57
32 61
32 63
32 67
32 68
32 69
32 74
32 75
32 76
32 79
32 80
32 81
32 86
32 91
32 94
32 97
33 35
33 38
33 40
33 46
33 48
33 49
33 50
33 55
33 61
33 65
33 69
33 76
33 77
33 79
33 81
33 86
33 89
33 92
33 93
33 95
34 36
34 40
34 46
34 47
34 49
34 52
34 53
34 66
34 67
34 69
34 73
34 74
34 77
34 78
34 81
34 85
34 92
34 94
34 97
35 36
35 43
35 47
35 48
35 49
35 50
35 53
35 54
35 58
35 61
35 65
35 70
35 73
35 75
35 76
35 79
35 80
35 82
35 89
35 93
35 94
35 98
35 99
36 49
36 52
36 53
36 57
36 67
36 75
36 76
36 81
36 83
36 84
36 92
36 94
36 96
37 43
37 45
37 47
37 48
37 54
37 56
37 60
37 66
37 73
37 75
37 80
37 81
37 84
37 89
37 90
37 92
37 93
37 97
37 98
37 99
38 39
38 40
38 46
38 49
38 53
38 56
38 57
38 60
38 62
38 67
38 69
38 73
38 77
38 80
38 90
38 91
38 92
38 93
38 94
38 96
38 99
39 46
39 56
39 57
39 60
39 63
39 64
39 65
39 68
39 70
39 71
39 74
39 76
39 77
39 79
39 86
39 91
39 93
39 94
40 43
40 45
40 52
40 53
40 59
40 60
40 63
40 64
40 76
40 79
40 83
40 84
40 85
40 89
40 91
40 92
41 42
41 45
41 48
41 51
41 52
41 55
41 58
41 61
41 62
41 70
41 74
41 80
41 81
41 82
41 83
41 88
41 90
41 91
41 92
41 94
41 95
42 46
42 59
42 70
42 73
42 81
42 88
42 91
42 93
43 44
43 45
43 47
43 48
43 49
43 55
43 60
43 61
43 69
43 77
43 81
43 90
43 93
43 99
44 48
44 49
44 52
44 53
44 54
44 59
44 61
44 62
44 68
44 72
44 80
44 82
44 90
44 95
45 48
45 49
45 50
45 52
45 53
45 55
45 56
45 63
45 67
45 69
45 72
45 73
45 74
45 75
45 78
45 79
45 82
45 84
45 87
45 91
45 94
45 95
46 47
46 48
46 49
46 50
46 52
46 53
46 54
46 57
46 58
46 64
46 66
46 67
46 68
46 70
46 71
46 73
46 82
46 87
46 88
46 90
46 98
47 52
47 59
47 60
47 61
47 66
47 69
47 70
47 72
47 83
47 84
47 87
47 88
47 91
47 94
47 95
47 96
48 55
48 62
48 67
48 72
48 74
48 79
48 80
48 81
48 82
48 85
48 87
48 94
48 96
48 97
49 50
49 51
49 52
49 54
49 58
49 61
49 64
49 67
49 68
49 69
49 74
49 76
49 77
49 82
49 87
49 90
49 94
49 95
50 52
50 54
50 55
50 56
50 61
50 64
50 65
50 68
50 69
50 70
50 72
50 83
50 84
50 89
50 94
50 96
51 53
51 59
51 62
51 63
51 67
51 80
51 83
51 85
51 86
51 88
51 91
52 61
52 67
52 68
52 70
52 78
52 83
52 91
52 93
52 95
52 97
53 54
53 56
53 60
53 62
53 72
53 73
53 77
53 78
53 81
53 87
53 88
53 89
53 96
53 97
53 99
54 57
54 59
54 63
54 64
54 65
54 76
54 79
54 81
54 93
54 95
54 96
55 57
55 58
55 61
55 64
55 68
55 70
55 74
55 75
55 77
55 79
55 89
55 92
56 57
56 59
56 60
56 61
56 63
56 67
56 68
56 69
56 72
56 73
56 78
56 79
56 80
56 83
56 85
56 93
57 59
57 68
57 70
57 73
57 77
57 80
57 81
57 85
57 90
57 91
58 60
58 61
58 64
58 65
58 68
58 73
58 77
58 78
58 79
58 82
58 84
58 85
58 88
58 90
58 91
58 95
58 97
59 60
59 72
59 74
59 76
59 77
59 79
59 80
59 88
59 90
59 94
59 97
59 98
59 99
60 63
60 64
60 65
60 67
60 68
60 73
60 74
60 77
60 82
60 83
60 84
60 97
60 98
61 65
61 71
61 78
61 79
61 84
61 86
61 93
61 98
62 69
62 75
62 77
62 79
62 80
62 81
62 82
62 84
62 91
62 93
62 94
62 96
62 97
63 64
63 65
63 66
63 67
63 74
63 75
63 79
63 81
63 82
63 85
63 86
63 94
63 98
64 66
64 67
64 68
64 70
64 75
64 88
64 92
64 95
64 99
65 67
65 69
65 70
65 72
65 73
65 75
65 76
65 78
65 79
65 87
65 89
65 94
66 67
66 70
66 72
66 73
66 74
66 76
66 77
66 83
66 93
66 97
67 72
67 73
67 75
67 78
67 81
67 83
67 86
67 91
67 94
67 96
67 97
68 70
68 72
68 73
68 74
68 75
68 83
68 90
68 92
68 98
69 79
69 86
69 88
69 96
69 99
70 71
70 74
70 76
70 78
70 79
70 82
70 85
70 89
70 93
70 95
70 96
70 99
71 74
71 75
71 78
71 80
71 81
71 82
71 89
71 93
71 97
72 75
72 79
72 80
72 85
72 90
72 91
72 97
72 98
72 99
73 75
73 81
73 87
73 91
73 92
73 97
74 76
74 78
74 79
74 87
74 91
74 93
74 96
75 80
75 81
75 86
75 88
75 90
75 93
75 94
75 99
76 79
76 83
76 84
76 87
76 92
76 96
77 79
77 82
77 86
77 88
77 89
77 97
77 98
77 99
78 81
78 86
78 87
78 91
78 93
78 95
78 98
79 80
79 89
79 91
79 93
79 94
79 96
80 99
81 82
81 84
81 85
81 90
81 94
81 96
81 98
82 83
82 90
82 93
82 98
83 87
83 90
83 94
83 96
84 86
84 89
84 90
84 91
84 93
84 94
84 95
84 96
85 88
85 94
85 97
86 89
86 90
86 91
86 96
86 98
87 88
87 91
87 92
87 98
87 99
88 89
88 97
88 98
89 91
89 93
89 94
89 96
89 97
90 93
90 97
91 96
92 95
92 98
93 99
94 95
94 96
94 98
95 96
95 99
96 98
96 99
