0 3
0 4
0 8
0 11
0 13
0 14
0 17
0 20
0 22
0 24
0 31
0 32
0 35
0 36
0 41
0 43
0 45
0 50
0 52
0 53
0 57
0 58
0 59
0 60
0 61
0 66
0 67
0 70
0 72
0 79
0 82
0 84
0 85
0 87
0 89
0 90
0 96
0 98
1 2
1 7
1 12
1 16
1 17
1 18
1 20
1 22
1 24
1 25
1 31
1 35
1 36
1 37
1 39
1 40
1 41
1 43
1 49
1 50
1 51
1 52
1 59
1 62
1 65
1 69
1 79
1 82
1 86
1 89
1 95
1 96
1 97
1 99
2 7
2 11
2 12
2 15
2 16
2 18
2 20
2 21
2 27
2 30
2 33
2 36
2 37
2 39
2 41
2 42
2 46
2 49
2 50
2 53
2 54
2 56
2 61
2 66
2 67
2 69
2 71
2 72
2 76
2 84
2 85
2 87
2 90
2 93
2 94
2 97
3 4
3 11
3 14
3 15
3 17
3 23
3 24
3 26
3 29
3 30
3 36
3 38
3 40
3 44
3 46
3 47
3 52
3 55
3 56
3 65
3 66
3 71
3 75
3 77
3 78
3 79
3 81
3 84
3 88
3 89
3 92
3 93
3 96
3 97
3 98
4 7
4 8
4 9
4 10
4 14
4 17
4 21
4 22
4 23
4 25
4 26
4 30
4 33
4 34
4 40
4 43
4 44
4 45
4 49
4 50
4 56
4 60
4 64
4 65
4 67
4 70
4 71
4 72
4 75
4 78
4 80
4 83
4 84
4 85
4 87
4 89
4 90
4 93
4 95
4 96
4 99
5 6
5 7
5 9
5 14
5 16
5 19
5 21
5 23
5 27
5 29
5 30
5 34
5 39
5 40
5 42
5 49
5 53
5 54
5 56
5 58
5 60
5 61
5 62
5 64
5 65
5 66
5 69
5 70
5 72
5 73
5 81
5 84
5 86
5 87
5 91
5 92
5 94
5 96
5 99
6 14
6 18
6 23
6 24
6 29
6 33
6 34
6 38
6 39
6 43
6 44
6 46
6 47
6 48
6 49
6 50
6 51
6 52
6 55
6 56
6 58
6 59
6 60
6 68
6 70
6 71
6 73
6 75
6 79
6 82
6 86
6 87
6 89
6 91
6 92
6 94
6 98
6 99
7 8
7 15
7 16
7 18
7 22
7 26
7 27
7 32
7 35
7 37
7 38
7 41
7 42
7 44
7 47
7 48
7 49
7 51
7 54
7 55
7 64
7 67
7 68
7 70
7 71
7 72
7 75
7 84
7 85
7 88
7 93
7 94
7 95
7 96
7 98
7 99
8 9
8 10
8 16
8 19
8 22
8 24
8 33
8 36
8 38
8 40
8 41
8 42
8 43
8 44
8 45
8 46
8 48
8 49
8 54
8 59
8 64
8 67
8 70
8 77
8 80
8 85
8 88
8 90
8 92
8 93
8 94
8 96
8 97
9 13
9 17
9 20
9 26
9 28
9 29
9 30
9 32
9 33
9 34
9 35
9 38
9 39
9 40
9 47
9 48
9 49
9 53
9 54
9 55
9 57
9 58
9 62
9 63
9 64
9 65
9 68
9 70
9 72
9 74
9 75
9 77
9 82
9 85
9 86
9 88
9 89
9 94
9 95
9 96
9 97
10 18
10 23
10 24
10 25
10 30
10 31
10 33
10 34
10 39
10 41
10 47
10 48
10 51
10 56
10 58
10 61
10 67
10 68
10 69
10 71
10 75
10 76
10 78
10 79
10 81
10 83
10 86
10 87
10 89
10 94
10 99
11 18
11 21
11 24
11 25
11 26
11 27
11 28
11 30
11 31
11 33
11 39
11 40
11 41
11 42
11 45
11 47
11 49
11 51
11 58
11 65
11 66
11 67
11 69
11 72
11 73
11 74
11 76
11 79
11 80
11 82
11 83
11 87
11 90
11 91
11 92
11 94
12 13
12 14
12 19
12 25
12 26
12 28
12 32
12 33
12 36
12 38
12 39
12 42
12 43
12 48
12 50
12 51
12 53
12 55
12 56
12 57
12 60
12 66
12 67
12 71
12 72
12 82
12 85
12 86
12 87
12 88
12 89
12 95
12 96
13 16
13 17
13 21
13 23
13 24
13 30
13 31
13 32
13 35
13 37
13 38
13 40
13 41
13 44
13 49
13 51
13 52
13 55
13 56
13 57
13 59
13 61
13 63
13 65
13 67
13 72
13 73
13 82
13 84
13 88
13 91
13 92
13 93
13 94
13 95
13 97
14 16
14 22
14 24
14 27
14 30
14 34
14 35
14 39
14 41
14 44
14 45
14 46
14 48
14 49
14 50
14 51
14 52
14 53
14 55
14 61
14 64
14 66
14 68
14 70
14 74
14 75
14 76
14 77
14 78
14 82
14 84
14 87
14 90
14 91
14 93
14 95
14 99
15 16
15 19
15 20
15 21
15 23
15 24
15 25
15 30
15 31
15 38
15 40
15 43
15 46
15 48
15 49
15 50
15 51
15 52
15 54
15 55
15 61
15 63
15 65
15 69
15 71
15 72
15 77
15 78
15 80
15 81
15 82
15 87
15 89
15 92
15 95
15 96
15 98
16 19
16 24
16 26
16 27
16 29
16 30
16 34
16 37
16 38
16 41
16 44
16 46
16 47
16 51
16 59
16 62
16 63
16 72
16 76
16 78
16 79
16 81
16 87
16 89
16 91
16 92
16 93
16 95
16 98
17 20
17 23
17 28
17 36
17 37
17 38
17 41
17 42
17 43
17 49
17 57
17 62
17 65
17 67
17 75
17 79
17 87
17 88
17 92
17 93
17 94
17 96
18 21
18 22
18 28
18 29
18 34
18 35
18 44
18 45
18 46
18 47
18 52
18 56
18 59
18 62
18 63
18 64
18 69
18 70
18 71
18 76
18 77
18 82
18 83
18 85
18 88
18 89
18 91
18 96
18 97
18 98
19 20
19 26
19 34
19 36
19 39
19 40
19 41
19 42
19 44
19 47
19 49
19 51
19 53
19 54
19 61
19 63
19 66
19 67
19 69
19 72
19 73
19 76
19 77
19 81
19 82
19 86
19 88
19 91
19 94
19 95
19 96
19 99
20 22
20 24
20 25
20 26
20 27
20 31
20 32
20 33
20 34
20 35
20 36
20 43
20 48
20 50
20 54
20 55
20 57
20 60
20 61
20 64
20 69
20 70
20 72
20 77
20 78
20 81
20 84
20 87
20 90
20 93
20 95
20 98
20 99
21 26
21 30
21 32
21 33
21 36
21 38
21 40
21 41
21 43
21 44
21 46
21 47
21 48
21 49
21 50
21 51
21 59
21 61
21 63
21 68
21 71
21 72
21 73
21 74
21 78
21 79
21 80
21 82
21 84
21 85
21 90
21 91
21 94
21 96
22 25
22 27
22 30
22 33
22 34
22 36
22 37
22 38
22 42
22 43
22 44
22 47
22 48
22 49
22 50
22 51
22 54
22 55
22 56
22 57
22 60
22 63
22 64
22 66
22 67
22 69
22 71
22 73
22 74
22 77
22 78
22 81
22 86
22 87
22 92
22 93
22 94
22 95
22 97
22 98
23 25
23 28
23 29
23 30
23 31
23 32
23 33
23 37
23 38
23 39
23 41
23 42
23 44
23 46
23 48
23 50
23 53
23 54
23 58
23 59
23 60
23 61
23 62
23 63
23 66
23 73
23 77
23 78
23 79
23 80
23 82
23 84
23 86
23 87
23 88
23 90
23 92
23 93
23 94
24 28
24 30
24 31
24 32
24 33
24 34
24 35
24 40
24 41
24 48
24 49
24 50
24 51
24 54
24 55
24 59
24 62
24 67
24 68
24 71
24 74
24 77
24 79
24 81
24 82
24 83
24 86
24 87
24 89
24 90
25 28
25 29
25 32
25 33
25 38
25 39
25 42
25 45
25 46
25 47
25 51
25 54
25 55
25 58
25 68
25 71
25 72
25 73
25 75
25 76
25 79
25 81
25 82
25 83
25 84
25 85
25 87
25 89
25 93
25 94
25 98
26 28
26 34
26 36
26 37
26 39
26 40
26 41
26 43
26 44
26 53
26 54
26 58
26 63
26 68
26 72
26 74
26 80
26 81
26 82
26 85
26 89
26 92
27 33
27 35
27 36
27 37
27 38
27 39
27 42
27 43
27 44
27 45
27 46
27 47
27 48
27 49
27 53
27 54
27 55
27 57
27 59
27 64
27 68
27 69
27 72
27 73
27 76
27 81
27 89
27 98
28 34
28 35
28 36
28 41
28 42
28 44
28 46
28 48
28 53
28 56
28 59
28 61
28 63
28 67
28 70
28 72
28 73
28 74
28 76
28 77
28 82
28 85
28 91
28 93
28 94
29 30
29 42
29 45
29 47
29 48
29 52
29 56
29 57
29 59
29 61
29 62
29 63
29 66
29 67
29 68
29 70
29 76
29 78
29 79
29 80
29 83
29 85
29 87
29 91
29 92
29 98
29 99
30 32
30 34
30 36
30 39
30 47
30 51
30 52
30 53
30 56
30 57
30 58
30 61
30 62
30 64
30 66
30 69
30 70
30 75
30 78
30 80
30 81
30 82
30 87
30 90
30 91
30 93
30 94
30 95
30 98
31 32
31 33
31 34
31 35
31 38
31 41
31 42
31 50
31 51
31 53
31 54
31 55
31 56
31 57
31 58
31 59
31 61
31 64
31 66
31 67
31 68
31 75
31 78
31 79
31 80
31 83
31 84
31 90
31 91
31 92
31 93
31 95
31 99
32 33
32 34
32 35
32 44
32 51
32 53
32 59
32 63
32 64
32 74
32 75
32 77
32 78
32 79
32 80
32 83
32 86
32 91
32 92
32 98
33 35
33 39
33 40
33 41
33 44
33 45
33 47
33 52
33 54
33 57
33 58
33 59
33 61
33 63
33 66
33 67
33 70
33 74
33 75
33 77
33 80
33 83
33 85
33 86
33 87
33 94
34 36
34 37
34 38
34 39
34 44
34 45
34 46
34 48
34 50
34 51
34 53
34 56
34 58
34 59
34 61
34 66
34 67
34 68
34 69
34 70
34 76
34 77
34 80
34 81
34 89
34 91
34 92
35 38
35 43
35 44
35 45
35 50
35 56
35 60
35 61
35 62
35 65
35 69
35 70
35 74
35 77
35 86
35 92
35 93
35 98
36 39
36 43
36 44
36 45
36 46
36 52
36 53
36 54
36 58
36 59
36 60
36 61
36 62
36 63
36 64
36 65
36 73
36 74
36 78
36 80
36 84
36 90
36 96
36 97
37 39
37 42
37 44
37 45
37 47
37 50
37 51
37 57
37 59
37 61
37 62
37 65
37 68
37 72
37 73
37 74
37 78
37 80
37 84
37 88
37 93
37 94
37 95
38 40
38 41
38 42
38 45
38 50
38 52
38 54
38 61
38 62
38 64
38 68
38 70
38 71
38 72
38 73
38 75
38 77
38 78
38 82
38 84
38 89
38 99
39 41
39 44
39 45
39 46
39 50
39 52
39 55
39 57
39 63
39 64
39 72
39 77
39 78
39 80
39 83
39 86
39 92
39 96
39 97
40 41
40 43
40 45
40 52
40 53
40 55
40 61
40 62
40 63
40 65
40 68
40 71
40 78
40 79
40 84
40 87
40 90
40 91
40 92
40 97
40 99
41 42
41 43
41 45
41 48
41 49
41 53
41 54
41 55
41 56
41 59
41 63
41 64
41 65
41 68
41 69
41 70
41 77
41 79
41 82
41 85
41 90
41 93
41 98
41 99
42 44
42 48
42 49
42 51
42 57
42 59
42 61
42 64
42 69
42 72
42 73
42 75
42 80
42 81
42 84
42 88
42 94
43 44
43 51
43 55
43 58
43 59
43 60
43 62
43 66
43 68
43 70
43 73
43 74
43 76
43 78
43 82
43 85
43 89
43 90
43 91
43 94
43 99
44 46
44 48
44 50
44 54
44 55
44 56
44 57
44 62
44 63
44 64
44 65
44 66
44 72
44 75
44 76
44 77
44 78
44 80
44 81
44 82
44 84
44 87
44 89
44 92
44 95
44 96
44 97
44 98
44 99
45 46
45 48
45 49
45 53
45 54
45 55
45 56
45 57
45 59
45 61
45 64
45 65
45 66
45 67
45 69
45 70
45 73
45 76
45 81
45 83
45 85
45 87
45 88
45 89
45 90
45 93
45 95
45 97
45 98
46 50
46 51
46 53
46 58
46 60
46 62
46 63
46 65
46 66
46 70
46 71
46 72
46 73
46 75
46 77
46 78
46 79
46 86
46 87
46 88
46 89
46 91
46 94
46 95
46 97
46 98
47 49
47 52
47 53
47 55
47 56
47 60
47 64
47 67
47 71
47 73
47 77
47 80
47 89
47 90
47 98
48 50
48 52
48 53
48 54
48 56
48 58
48 59
48 65
48 69
48 71
48 73
48 75
48 76
48 78
48 88
48 89
48 91
48 93
48 98
49 50
49 52
49 53
49 56
49 58
49 60
49 62
49 67
49 68
49 70
49 71
49 72
49 73
49 74
49 76
49 78
49 81
49 84
49 85
49 90
49 93
49 94
49 95
49 98
49 99
50 52
50 54
50 55
50 57
50 60
50 61
50 62
50 63
50 69
50 78
50 80
50 81
50 82
50 83
50 84
50 88
50 93
50 94
50 96
50 98
50 99
51 52
51 54
51 56
51 57
51 62
51 63
51 64
51 68
51 69
51 70
51 74
51 78
51 79
51 82
51 83
51 88
51 92
51 96
51 97
51 99
52 54
52 57
52 61
52 65
52 66
52 68
52 69
52 70
52 71
52 73
52 82
52 83
52 84
52 85
52 87
52 88
52 89
52 90
52 93
52 98
53 57
53 58
53 62
53 63
53 64
53 69
53 73
53 76
53 78
53 80
53 82
53 83
53 84
53 86
53 88
53 91
53 93
53 94
53 96
53 97
54 59
54 60
54 63
54 65
54 66
54 67
54 68
54 70
54 71
54 77
54 78
54 79
54 80
54 82
54 83
54 86
54 87
54 93
54 94
54 99
55 58
55 61
55 62
55 63
55 66
55 73
55 74
55 80
55 81
55 84
55 85
55 90
55 92
55 94
56 58
56 59
56 61
56 62
56 63
56 69
56 71
56 73
56 74
56 83
56 86
56 87
56 91
56 92
56 94
56 95
57 60
57 64
57 65
57 68
57 73
57 74
57 77
57 79
57 84
57 89
57 92
57 93
57 94
57 97
57 99
58 61
58 63
58 66
58 68
58 69
58 72
58 73
58 76
58 80
58 82
58 84
58 86
58 87
58 89
58 92
58 97
59 60
59 68
59 69
59 73
59 74
59 76
59 78
59 81
59 82
59 84
59 85
59 86
59 87
59 88
59 89
59 90
59 93
59 94
60 62
60 64
60 65
60 66
60 67
60 68
60 69
60 74
60 77
60 82
60 83
60 89
60 90
60 92
60 95
60 96
60 97
61 62
61 63
61 64
61 65
61 66
61 68
61 72
61 73
61 75
61 77
61 79
61 82
61 83
61 84
61 85
61 87
61 88
61 90
61 91
61 92
61 93
61 95
61 96
61 97
61 99
62 65
62 67
62 69
62 70
62 72
62 73
62 74
62 75
62 76
62 78
62 80
62 83
62 84
62 86
62 87
62 89
62 90
62 95
62 98
63 69
63 74
63 75
63 77
63 79
63 82
63 84
63 89
63 91
63 95
63 98
63 99
64 66
64 67
64 69
64 70
64 71
64 75
64 77
64 84
64 85
64 88
64 91
64 93
64 94
64 95
64 98
65 76
65 77
65 78
65 80
65 81
65 84
65 85
65 87
65 88
65 89
65 90
65 91
65 93
66 71
66 75
66 76
66 80
66 81
66 82
66 83
66 85
66 86
66 88
66 93
66 95
66 97
66 98
66 99
67 68
67 69
67 70
67 72
67 74
67 77
67 79
67 81
67 85
67 87
67 89
67 90
67 91
67 93
67 96
67 98
67 99
68 69
68 72
68 74
68 75
68 76
68 77
68 78
68 79
68 81
68 82
68 83
68 88
68 94
68 95
68 97
68 99
69 78
69 79
69 85
69 88
69 91
69 92
69 93
70 74
70 75
70 76
70 80
70 82
70 84
70 86
70 89
70 91
70 93
70 95
70 99
71 72
71 81
71 86
71 87
71 92
71 93
71 95
71 96
71 97
71 99
72 75
72 77
72 80
72 82
72 84
72 85
72 86
72 89
72 94
72 96
72 98
73 78
73 81
73 83
73 84
73 85
73 86
73 92
73 94
73 95
74 75
74 80
74 82
74 84
74 87
74 88
74 92
74 97
74 98
74 99
75 76
75 78
75 79
75 81
75 87
75 88
75 89
75 93
75 95
76 77
76 78
76 79
76 82
76 88
76 91
76 95
76 98
77 80
77 86
77 88
77 89
77 92
77 97
77 98
78 83
78 84
78 85
78 87
78 88
78 90
78 92
78 93
78 94
78 95
78 96
78 97
78 99
79 80
79 81
79 82
79 83
79 86
79 87
79 92
79 93
79 95
79 97
79 99
80 83
80 88
80 89
80 90
80 91
80 92
80 94
81 83
81 85
81 88
81 89
81 94
81 96
81 98
82 83
82 85
82 86
82 88
82 89
82 90
82 92
82 94
82 96
82 97
83 86
83 87
83 89
83 90
83 91
83 94
83 95
83 96
83 99
84 86
84 87
84 89
84 90
84 93
84 94
84 95
84 97
85 86
85 87
85 88
85 93
85 95
86 87
86 90
86 91
86 93
86 95
87 91
87 94
87 95
87 97
88 89
88 91
88 92
88 95
88 97
88 99
89 91
89 94
89 96
89 98
89 99
90 92
90 93
90 94
90 95
90 98
91 92
91 94
91 97
92 93
92 95
92 96
92 97
93 94
93 95
94 99
95 96
96 97
96 98
98 99
