0 2
0 3
0 5
0 6
0 7
0 8
0 11
0 12
0 13
0 17
0 19
0 23
0 24
0 26
0 35
0 39
0 40
0 41
0 42
0 44
0 45
0 46
0 47
0 48
0 49
0 50
0 51
0 52
0 54
0 55
0 56
0 58
0 59
0 61
0 66
0 67
0 68
0 70
0 73
0 74
0 75
0 76
0 77
0 78
0 79
0 80
0 82
0 83
0 84
0 85
0 86
0 92
0 95
0 96
0 97
0 99
1 3
1 4
1 5
1 6
1 7
1 9
1 10
1 11
1 12
1 14
1 15
1 18
1 19
1 20
1 22
1 23
1 24
1 25
1 26
1 27
1 30
1 31
1 32
1 33
1 34
1 36
1 38
1 39
1 43
1 44
1 45
1 46
1 47
1 48
1 49
1 50
1 52
1 54
1 56
1 57
1 58
1 59
1 60
1 61
1 62
1 63
1 64
1 65
1 66
1 69
1 71
1 75
1 77
1 78
1 80
1 81
1 84
1 85
1 88
1 89
1 90
1 92
1 94
1 96
1 98
1 99
2 3
2 5
2 7
2 9
2 10
2 11
2 12
2 15
2 17
2 18
2 19
2 21
2 22
2 23
2 24
2 26
2 27
2 28
2 29
2 32
2 33
2 36
2 37
2 38
2 40
2 42
2 43
2 44
2 46
2 47
2 48
2 49
2 50
2 51
2 53
2 54
2 55
2 57
2 59
2 60
2 61
2 62
2 63
2 66
2 68
2 69
2 70
2 71
2 73
2 74
2 75
2 79
2 80
2 82
2 85
2 88
2 89
2 93
2 96
2 97
2 98
2 99
3 4
3 5
3 7
3 9
3 10
3 11
3 12
3 13
3 14
3 15
3 17
3 18
3 19
3 20
3 21
3 24
3 26
3 27
3 29
3 31
3 32
3 33
3 35
3 36
3 37
3 38
3 39
3 40
3 41
3 42
3 43
3 45
3 50
3 53
3 56
3 58
3 59
3 61
3 62
3 65
3 66
3 69
3 70
3 72
3 73
3 74
3 76
3 77
3 78
3 81
3 82
3 84
3 86
3 87
3 88
3 89
3 92
3 93
3 94
3 95
3 97
3 98
4 6
4 7
4 8
4 9
4 11
4 12
4 13
4 15
4 20
4 23
4 25
4 26
4 27
4 28
4 29
4 31
4 32
4 33
4 34
4 38
4 40
4 41
4 42
4 43
4 44
4 46
4 47
4 49
4 52
4 53
4 54
4 55
4 58
4 60
4 63
4 65
4 66
4 67
4 68
4 69
4 70
4 72
4 73
4 74
4 75
4 77
4 79
4 80
4 81
4 83
4 86
4 88
4 89
4 91
4 92
4 93
4 94
4 95
4 96
4 97
5 6
5 7
5 8
5 12
5 13
5 16
5 18
5 19
5 20
5 21
5 22
5 23
5 25
5 26
5 28
5 29
5 30
5 31
5 32
5 34
5 36
5 41
5 42
5 43
5 49
5 51
5 53
5 54
5 55
5 56
5 57
5 58
5 59
5 60
5 61
5 62
5 63
5 65
5 68
5 70
5 71
5 73
5 74
5 75
5 76
5 77
5 79
5 80
5 81
5 82
5 86
5 87
5 89
5 90
5 91
5 94
5 95
5 96
5 97
5 98
5 99
6 7
6 8
6 10
6 11
6 12
6 13
6 15
6 16
6 17
6 18
6 19
6 20
6 21
6 22
6 26
6 27
6 28
6 31
6 32
6 34
6 35
6 36
6 40
6 42
6 43
6 44
6 45
6 47
6 49
6 51
6 52
6 53
6 57
6 58
6 59
6 61
6 62
6 68
6 69
6 70
6 71
6 73
6 74
6 77
6 80
6 82
6 83
6 84
6 85
6 86
6 87
6 88
6 90
6 93
6 94
6 95
6 97
7 8
7 9
7 11
7 12
7 13
7 15
7 16
7 17
7 18
7 20
7 21
7 23
7 26
7 27
7 28
7 29
7 32
7 34
7 36
7 37
7 41
7 42
7 43
7 46
7 47
7 49
7 55
7 60
7 61
7 62
7 63
7 64
7 65
7 67
7 68
7 69
7 70
7 72
7 73
7 74
7 76
7 78
7 79
7 80
7 81
7 83
7 85
7 86
7 91
7 92
7 93
7 96
7 97
8 9
8 10
8 13
8 14
8 15
8 19
8 21
8 23
8 24
8 26
8 28
8 32
8 33
8 34
8 36
8 37
8 38
8 39
8 41
8 43
8 45
8 46
8 47
8 48
8 49
8 51
8 53
8 55
8 57
8 58
8 60
8 62
8 63
8 64
8 65
8 66
8 68
8 69
8 71
8 72
8 74
8 78
8 80
8 82
8 86
8 87
8 88
8 89
8 90
8 92
8 94
8 95
8 97
8 99
9 12
9 13
9 16
9 17
9 18
9 19
9 20
9 22
9 23
9 24
9 26
9 28
9 32
9 33
9 35
9 38
9 41
9 46
9 47
9 48
9 50
9 51
9 53
9 54
9 55
9 57
9 58
9 59
9 61
9 62
9 63
9 64
9 65
9 69
9 71
9 72
9 73
9 74
9 75
9 76
9 77
9 79
9 81
9 82
9 86
9 88
9 89
9 90
9 91
9 95
9 97
10 11
10 12
10 13
10 14
10 15
10 17
10 20
10 22
10 23
10 25
10 26
10 28
10 30
10 31
10 33
10 34
10 37
10 38
10 40
10 41
10 42
10 43
10 44
10 47
10 48
10 49
10 50
10 51
10 52
10 53
10 56
10 57
10 58
10 59
10 60
10 61
10 63
10 64
10 65
10 69
10 70
10 72
10 74
10 77
10 78
10 79
10 80
10 81
10 82
10 83
10 86
10 87
10 89
10 90
10 92
10 93
10 94
10 98
10 99
11 14
11 15
11 16
11 17
11 19
11 21
11 23
11 24
11 26
11 27
11 28
11 29
11 30
11 32
11 34
11 35
11 36
11 41
11 42
11 44
11 45
11 48
11 49
11 50
11 51
11 52
11 56
11 58
11 62
11 65
11 66
11 67
11 69
11 71
11 72
11 73
11 74
11 75
11 76
11 77
11 78
11 80
11 81
11 82
11 83
11 87
11 91
11 93
11 94
11 95
11 98
11 99
12 13
12 14
12 15
12 16
12 17
12 20
12 22
12 24
12 25
12 26
12 27
12 28
12 32
12 34
12 38
12 40
12 43
12 44
12 45
12 46
12 47
12 48
12 49
12 51
12 54
12 56
12 58
12 61
12 62
12 63
12 64
12 67
12 68
12 69
12 73
12 75
12 77
12 79
12 80
12 81
12 82
12 83
12 84
12 86
12 88
12 90
12 91
12 92
12 93
12 96
12 98
12 99
13 14
13 15
13 17
13 18
13 23
13 25
13 26
13 27
13 28
13 29
13 37
13 38
13 39
13 40
13 41
13 42
13 43
13 45
13 47
13 48
13 49
13 51
13 52
13 53
13 54
13 55
13 59
13 61
13 62
13 64
13 68
13 69
13 72
13 73
13 77
13 79
13 81
13 82
13 83
13 84
13 85
13 86
13 87
13 91
13 92
13 95
13 97
13 98
14 15
14 16
14 18
14 19
14 23
14 25
14 26
14 28
14 30
14 31
14 32
14 36
14 37
14 39
14 42
14 43
14 45
14 46
14 47
14 48
14 50
14 51
14 53
14 54
14 55
14 56
14 58
14 60
14 62
14 63
14 64
14 65
14 66
14 67
14 68
14 70
14 71
14 72
14 75
14 76
14 80
14 82
14 83
14 84
14 87
14 88
14 94
14 95
14 96
14 97
14 98
14 99
15 18
15 19
15 20
15 21
15 22
15 23
15 26
15 30
15 32
15 33
15 34
15 35
15 36
15 38
15 39
15 41
15 42
15 43
15 44
15 45
15 46
15 47
15 48
15 50
15 51
15 54
15 56
15 57
15 59
15 60
15 61
15 62
15 63
15 65
15 66
15 67
15 70
15 71
15 72
15 73
15 74
15 76
15 77
15 78
15 82
15 85
15 86
15 87
15 88
15 89
15 90
15 91
15 92
15 95
15 97
15 98
16 17
16 20
16 23
16 24
16 26
16 31
16 33
16 39
16 40
16 42
16 43
16 46
16 47
16 50
16 51
16 52
16 54
16 55
16 59
16 60
16 62
16 64
16 65
16 66
16 68
16 69
16 70
16 73
16 76
16 78
16 79
16 80
16 81
16 83
16 84
16 85
16 86
16 87
16 90
16 91
16 92
16 93
16 94
16 96
16 97
17 18
17 19
17 20
17 21
17 22
17 24
17 25
17 28
17 29
17 30
17 32
17 34
17 36
17 38
17 39
17 41
17 46
17 47
17 48
17 49
17 50
17 51
17 52
17 53
17 55
17 57
17 59
17 61
17 65
17 66
17 68
17 75
17 76
17 78
17 79
17 80
17 81
17 82
17 83
17 84
17 85
17 86
17 89
17 93
17 95
17 96
17 98
17 99
18 19
18 22
18 24
18 26
18 27
18 29
18 30
18 33
18 34
18 35
18 36
18 37
18 39
18 40
18 41
18 42
18 43
18 45
18 48
18 52
18 53
18 57
18 58
18 59
18 60
18 61
18 64
18 66
18 67
18 68
18 69
18 70
18 73
18 75
18 77
18 78
18 79
18 80
18 82
18 83
18 84
18 85
18 87
18 88
18 89
18 90
18 91
18 93
18 94
18 95
18 96
18 97
18 99
19 20
19 21
19 22
19 24
19 25
19 26
19 28
19 29
19 31
19 32
19 33
19 34
19 35
19 36
19 39
19 41
19 44
19 48
19 50
19 52
19 53
19 55
19 57
19 58
19 59
19 62
19 64
19 67
19 68
19 69
19 70
19 73
19 74
19 76
19 77
19 82
19 83
19 85
19 86
19 88
19 90
19 91
19 92
19 95
19 96
19 99
20 21
20 23
20 24
20 27
20 28
20 30
20 32
20 33
20 34
20 35
20 37
20 38
20 40
20 42
20 43
20 44
20 46
20 49
20 50
20 51
20 52
20 56
20 57
20 60
20 62
20 63
20 64
20 67
20 68
20 69
20 71
20 72
20 73
20 77
20 78
20 80
20 81
20 82
20 84
20 86
20 89
20 90
20 91
20 92
20 94
20 96
20 97
20 99
21 22
21 23
21 24
21 27
21 28
21 29
21 30
21 31
21 36
21 37
21 38
21 40
21 41
21 45
21 47
21 49
21 50
21 51
21 52
21 53
21 55
21 56
21 57
21 58
21 60
21 61
21 64
21 66
21 67
21 68
21 69
21 70
21 71
21 72
21 73
21 74
21 75
21 76
21 77
21 78
21 79
21 80
21 83
21 84
21 88
21 89
21 91
21 92
21 95
22 24
22 25
22 30
22 31
22 32
22 33
22 34
22 35
22 36
22 37
22 38
22 39
22 40
22 42
22 46
22 47
22 48
22 49
22 50
22 51
22 52
22 53
22 54
22 55
22 58
22 60
22 65
22 66
22 67
22 69
22 72
22 74
22 75
22 76
22 78
22 79
22 80
22 81
22 82
22 85
22 86
22 88
22 89
22 90
22 94
22 98
23 25
23 27
23 29
23 31
23 32
23 34
23 35
23 38
23 40
23 41
23 44
23 48
23 50
23 51
23 53
23 57
23 59
23 60
23 61
23 65
23 66
23 67
23 68
23 69
23 73
23 75
23 77
23 78
23 81
23 83
23 84
23 85
23 86
23 87
23 89
23 93
23 95
23 98
23 99
24 25
24 26
24 28
24 31
24 32
24 35
24 37
24 38
24 40
24 42
24 43
24 44
24 45
24 47
24 48
24 51
24 52
24 53
24 55
24 56
24 58
24 59
24 61
24 62
24 65
24 66
24 69
24 70
24 71
24 72
24 73
24 75
24 76
24 77
24 78
24 80
24 83
24 88
24 90
24 92
24 93
24 94
24 96
24 97
25 26
25 27
25 30
25 31
25 33
25 34
25 37
25 38
25 39
25 40
25 41
25 43
25 46
25 47
25 48
25 49
25 50
25 51
25 52
25 54
25 55
25 57
25 59
25 60
25 61
25 63
25 64
25 65
25 66
25 70
25 72
25 76
25 82
25 83
25 84
25 86
25 87
25 88
25 89
25 92
25 93
25 95
25 96
25 98
25 99
26 27
26 28
26 29
26 30
26 32
26 35
26 36
26 39
26 44
26 45
26 48
26 51
26 53
26 54
26 56
26 60
26 61
26 64
26 66
26 67
26 68
26 69
26 70
26 71
26 73
26 75
26 76
26 77
26 80
26 81
26 82
26 83
26 84
26 85
26 87
26 90
26 91
26 92
26 97
27 30
27 31
27 32
27 34
27 36
27 37
27 38
27 39
27 40
27 42
27 43
27 44
27 45
27 46
27 48
27 49
27 51
27 55
27 56
27 58
27 59
27 60
27 63
27 64
27 66
27 69
27 70
27 71
27 75
27 77
27 78
27 80
27 81
27 82
27 83
27 84
27 85
27 86
27 89
27 91
27 92
27 94
27 96
27 97
27 98
27 99
28 30
28 33
28 35
28 36
28 37
28 40
28 41
28 42
28 43
28 44
28 45
28 47
28 48
28 51
28 52
28 53
28 57
28 59
28 60
28 61
28 62
28 64
28 65
28 68
28 72
28 73
28 77
28 79
28 80
28 81
28 82
28 83
28 84
28 88
28 90
28 91
28 92
28 94
28 95
28 96
28 97
28 98
28 99
29 30
29 32
29 35
29 36
29 38
29 40
29 41
29 45
29 47
29 49
29 50
29 51
29 52
29 53
29 54
29 55
29 56
29 57
29 59
29 60
29 61
29 62
29 64
29 65
29 66
29 68
29 70
29 71
29 72
29 73
29 74
29 77
29 80
29 81
29 83
29 84
29 86
29 87
29 89
29 90
29 91
29 92
29 93
29 96
29 98
30 31
30 32
30 34
30 36
30 37
30 38
30 40
30 46
30 47
30 48
30 49
30 52
30 53
30 55
30 58
30 59
30 63
30 65
30 67
30 69
30 72
30 74
30 75
30 79
30 84
30 85
30 87
30 90
30 91
30 92
30 95
30 98
30 99
31 33
31 34
31 35
31 37
31 38
31 39
31 42
31 43
31 47
31 48
31 49
31 50
31 51
31 52
31 54
31 55
31 56
31 58
31 60
31 62
31 68
31 69
31 72
31 74
31 75
31 77
31 78
31 80
31 81
31 82
31 83
31 87
31 88
31 90
31 92
31 93
31 96
31 97
31 98
31 99
32 35
32 37
32 38
32 39
32 40
32 41
32 42
32 43
32 44
32 47
32 48
32 50
32 51
32 52
32 58
32 60
32 61
32 62
32 64
32 65
32 66
32 67
32 68
32 69
32 70
32 71
32 73
32 74
32 75
32 76
32 77
32 78
32 79
32 82
32 83
32 85
32 88
32 92
32 93
32 94
32 95
32 96
32 98
32 99
33 34
33 35
33 38
33 39
33 40
33 41
33 42
33 43
33 45
33 47
33 48
33 49
33 53
33 54
33 55
33 56
33 57
33 59
33 60
33 61
33 62
33 63
33 64
33 66
33 67
33 68
33 69
33 70
33 72
33 74
33 79
33 81
33 83
33 84
33 86
33 87
33 88
33 89
33 91
33 92
33 93
33 97
33 98
33 99
34 35
34 36
34 37
34 38
34 39
34 40
34 43
34 45
34 48
34 50
34 53
34 54
34 55
34 56
34 57
34 58
34 59
34 60
34 61
34 62
34 66
34 67
34 69
34 70
34 72
34 73
34 74
34 75
34 76
34 77
34 79
34 83
34 87
34 90
34 91
34 96
34 99
35 36
35 44
35 47
35 48
35 49
35 50
35 51
35 52
35 53
35 54
35 55
35 56
35 59
35 63
35 66
35 67
35 69
35 70
35 71
35 72
35 75
35 77
35 79
35 86
35 87
35 88
35 90
35 91
35 92
35 94
35 95
35 96
35 97
35 98
36 39
36 40
36 41
36 42
36 43
36 44
36 45
36 48
36 49
36 50
36 51
36 52
36 53
36 54
36 57
36 58
36 59
36 60
36 61
36 62
36 63
36 64
36 65
36 66
36 69
36 70
36 74
36 75
36 78
36 79
36 81
36 83
36 84
36 86
36 87
36 89
36 91
36 92
36 93
36 95
36 96
36 97
36 99
37 39
37 40
37 41
37 43
37 44
37 45
37 46
37 49
37 51
37 53
37 54
37 56
37 58
37 60
37 63
37 64
37 65
37 71
37 73
37 74
37 77
37 78
37 79
37 80
37 81
37 82
37 83
37 84
37 85
37 86
37 87
37 88
37 91
37 94
37 96
37 99
38 39
38 40
38 41
38 43
38 47
38 48
38 49
38 52
38 54
38 57
38 60
38 61
38 62
38 64
38 65
38 67
38 68
38 69
38 70
38 72
38 74
38 77
38 78
38 80
38 81
38 83
38 84
38 86
38 87
38 88
38 89
38 90
38 91
38 92
38 93
38 94
38 95
38 96
38 99
39 40
39 41
39 45
39 46
39 48
39 49
39 50
39 51
39 52
39 53
39 56
39 57
39 59
39 60
39 63
39 66
39 67
39 68
39 70
39 72
39 73
39 74
39 75
39 79
39 80
39 81
39 84
39 86
39 88
39 92
39 93
39 96
39 97
39 99
40 42
40 50
40 55
40 56
40 57
40 58
40 59
40 62
40 63
40 65
40 66
40 67
40 68
40 69
40 71
40 72
40 74
40 75
40 78
40 80
40 81
40 82
40 85
40 86
40 88
40 89
40 90
40 92
40 94
40 95
40 96
40 97
40 99
41 42
41 44
41 46
41 47
41 49
41 51
41 52
41 56
41 59
41 61
41 62
41 66
41 68
41 69
41 70
41 72
41 73
41 74
41 75
41 78
41 79
41 80
41 85
41 86
41 87
41 89
41 91
41 94
41 96
41 97
41 99
42 43
42 49
42 51
42 53
42 55
42 56
42 60
42 62
42 63
42 64
42 65
42 66
42 67
42 68
42 71
42 76
42 77
42 78
42 82
42 83
42 85
42 87
42 89
42 90
42 92
42 93
42 95
42 96
42 97
42 98
43 45
43 46
43 47
43 48
43 49
43 51
43 53
43 54
43 56
43 58
43 59
43 60
43 61
43 66
43 69
43 71
43 72
43 73
43 74
43 75
43 78
43 79
43 81
43 84
43 86
43 87
43 88
43 91
43 95
43 96
43 98
43 99
44 46
44 52
44 53
44 54
44 55
44 57
44 58
44 60
44 62
44 63
44 65
44 66
44 67
44 68
44 69
44 75
44 76
44 79
44 80
44 85
44 86
44 87
44 88
44 89
44 90
44 92
44 93
44 95
44 96
44 98
45 46
45 48
45 50
45 51
45 53
45 56
45 58
45 59
45 60
45 62
45 63
45 66
45 67
45 68
45 69
45 70
45 74
45 75
45 76
45 77
45 79
45 81
45 84
45 85
45 86
45 88
45 90
45 91
45 93
45 96
45 97
45 98
45 99
46 48
46 49
46 51
46 54
46 56
46 59
46 62
46 63
46 65
46 67
46 68
46 69
46 70
46 71
46 72
46 74
46 75
46 77
46 79
46 80
46 83
46 84
46 85
46 87
46 88
46 90
46 91
46 92
46 94
46 95
46 96
46 97
47 48
47 49
47 50
47 51
47 55
47 56
47 57
47 60
47 61
47 63
47 64
47 67
47 68
47 70
47 71
47 75
47 78
47 79
47 80
47 81
47 83
47 84
47 85
47 86
47 89
47 90
47 91
47 92
47 93
47 94
47 95
47 96
48 49
48 50
48 52
48 53
48 54
48 55
48 56
48 58
48 59
48 60
48 62
48 65
48 66
48 69
48 70
48 72
48 75
48 76
48 77
48 78
48 79
48 82
48 84
48 86
48 87
48 88
48 89
48 90
48 91
48 92
48 93
48 95
48 98
49 51
49 52
49 54
49 55
49 56
49 59
49 60
49 62
49 63
49 64
49 65
49 66
49 69
49 73
49 75
49 76
49 79
49 80
49 81
49 84
49 85
49 86
49 88
49 90
49 92
49 95
49 96
49 97
49 98
49 99
50 52
50 53
50 54
50 55
50 57
50 58
50 60
50 61
50 63
50 64
50 65
50 71
50 72
50 74
50 79
50 80
50 81
50 82
50 83
50 89
50 91
50 92
50 94
50 95
50 97
51 53
51 55
51 57
51 60
51 61
51 62
51 63
51 64
51 65
51 67
51 70
51 71
51 73
51 75
51 76
51 78
51 79
51 80
51 82
51 83
51 84
51 85
51 88
51 90
51 91
51 92
51 94
51 95
51 96
51 98
52 53
52 54
52 55
52 56
52 58
52 60
52 63
52 66
52 67
52 69
52 70
52 72
52 73
52 74
52 75
52 77
52 78
52 79
52 80
52 82
52 83
52 85
52 87
52 88
52 89
52 91
52 98
52 99
53 55
53 57
53 59
53 60
53 63
53 64
53 65
53 68
53 69
53 72
53 75
53 76
53 77
53 79
53 80
53 81
53 82
53 83
53 84
53 85
53 86
53 87
53 88
53 90
53 92
53 95
53 96
53 97
53 99
54 55
54 57
54 58
54 61
54 62
54 65
54 67
54 70
54 71
54 76
54 77
54 78
54 80
54 82
54 83
54 88
54 90
54 91
54 93
54 96
54 97
54 98
54 99
55 58
55 59
55 61
55 62
55 64
55 67
55 69
55 70
55 71
55 74
55 75
55 76
55 78
55 81
55 82
55 83
55 85
55 86
55 87
55 89
55 90
55 91
55 92
55 93
55 94
55 95
55 96
55 99
56 58
56 59
56 61
56 64
56 65
56 66
56 67
56 69
56 70
56 72
56 73
56 75
56 77
56 78
56 79
56 80
56 83
56 85
56 87
56 90
56 91
56 92
56 94
56 95
56 96
56 97
57 58
57 59
57 66
57 67
57 69
57 71
57 73
57 75
57 77
57 78
57 80
57 81
57 83
57 87
57 91
57 92
57 93
57 94
57 95
57 97
58 59
58 61
58 62
58 63
58 64
58 65
58 67
58 69
58 70
58 72
58 73
58 75
58 78
58 80
58 82
58 84
58 86
58 88
58 93
58 94
58 97
58 99
59 61
59 62
59 63
59 67
59 69
59 70
59 71
59 72
59 75
59 78
59 80
59 81
59 82
59 83
59 85
59 86
59 89
59 91
59 93
59 94
59 95
59 96
59 97
59 98
60 64
60 65
60 66
60 67
60 68
60 70
60 71
60 72
60 73
60 76
60 78
60 81
60 82
60 84
60 87
60 90
60 91
60 92
60 93
60 94
60 97
60 98
60 99
61 62
61 63
61 67
61 68
61 70
61 73
61 74
61 75
61 78
61 79
61 81
61 83
61 85
61 86
61 88
61 90
61 91
61 93
61 94
61 96
61 97
61 98
61 99
62 63
62 66
62 67
62 68
62 69
62 73
62 74
62 75
62 76
62 77
62 81
62 83
62 85
62 86
62 88
62 89
62 91
62 92
62 93
62 94
62 97
62 99
63 66
63 68
63 69
63 70
63 72
63 73
63 74
63 75
63 76
63 77
63 78
63 79
63 80
63 81
63 82
63 83
63 84
63 86
63 87
63 88
63 89
63 94
63 95
63 96
63 99
64 66
64 67
64 69
64 70
64 71
64 75
64 76
64 77
64 78
64 79
64 81
64 82
64 84
64 85
64 86
64 87
64 89
64 91
64 92
64 94
64 96
64 98
64 99
65 67
65 68
65 70
65 71
65 72
65 75
65 76
65 79
65 80
65 82
65 85
65 86
65 87
65 89
65 90
65 91
65 92
65 93
65 94
65 97
65 98
65 99
66 68
66 69
66 70
66 71
66 73
66 74
66 75
66 76
66 79
66 81
66 82
66 83
66 85
66 86
66 87
66 88
66 89
66 90
66 91
66 94
66 96
67 68
67 69
67 70
67 73
67 74
67 78
67 79
67 80
67 81
67 85
67 86
67 88
67 89
67 91
67 92
67 93
67 96
67 97
67 99
68 70
68 72
68 74
68 78
68 79
68 80
68 81
68 82
68 83
68 85
68 86
68 87
68 88
68 90
68 93
68 94
68 96
68 99
69 70
69 71
69 75
69 78
69 79
69 81
69 82
69 83
69 84
69 86
69 87
69 90
69 92
69 95
69 97
69 98
69 99
70 72
70 75
70 76
70 81
70 82
70 84
70 86
70 87
70 88
70 90
70 91
70 92
70 95
70 98
71 72
71 74
71 77
71 79
71 82
71 83
71 84
71 85
71 87
71 88
71 89
71 93
71 94
71 96
71 98
71 99
72 74
72 76
72 77
72 79
72 81
72 82
72 85
72 86
72 87
72 88
72 89
72 92
72 93
72 98
73 76
73 79
73 80
73 82
73 83
73 84
73 85
73 86
73 88
73 89
73 92
73 93
73 94
73 99
74 76
74 77
74 78
74 82
74 83
74 86
74 87
74 88
74 89
74 90
74 93
74 94
74 96
74 97
74 98
75 79
75 80
75 82
75 84
75 85
75 87
75 88
75 89
75 90
75 91
75 95
75 97
75 98
76 77
76 79
76 80
76 83
76 84
76 85
76 87
76 88
76 89
76 91
76 92
76 93
76 95
76 98
76 99
77 78
77 79
77 81
77 82
77 86
77 88
77 89
77 91
77 93
77 94
77 96
77 99
78 81
78 83
78 86
78 87
78 89
78 90
78 91
78 92
78 95
78 96
78 99
79 82
79 86
79 87
79 88
79 89
79 90
79 91
79 92
79 94
79 95
79 98
79 99
80 85
80 86
80 87
80 88
80 89
80 90
80 91
80 95
80 96
80 97
80 99
81 82
81 83
81 84
81 85
81 87
81 88
81 89
81 90
81 92
81 94
81 95
81 98
81 99
82 83
82 84
82 85
82 86
82 88
82 91
82 92
82 93
82 96
82 97
82 99
83 84
83 85
83 86
83 89
83 90
83 94
83 95
83 96
83 97
83 98
83 99
84 86
84 87
84 88
84 90
84 91
84 92
84 96
84 97
85 86
85 88
85 91
85 92
85 93
85 95
85 96
85 97
86 87
86 90
86 92
86 93
86 94
86 95
86 96
86 98
86 99
87 88
87 89
87 90
87 91
87 92
87 93
87 95
87 96
87 97
87 98
87 99
88 90
88 91
88 92
88 94
88 95
88 97
88 98
88 99
89 91
89 92
89 93
89 94
89 96
89 97
89 98
89 99
90 93
90 99
91 92
91 93
91 94
91 96
91 98
92 94
92 95
92 96
92 99
93 94
93 95
93 96
93 97
93 99
94 95
94 96
94 97
94 99
95 96
95 97
95 98
95 99
96 97
96 98
96 99
97 98
97 99
98 99
