0 8
0 9
0 13
0 14
0 16
0 20
0 22
0 23
0 28
0 29
0 35
0 37
0 38
0 40
0 45
0 46
0 48
0 49
0 50
0 51
0 54
0 61
0 64
0 67
0 73
0 76
0 77
0 80
0 85
0 87
0 90
0 91
0 92
0 98
0 99
1 8
1 9
1 10
1 13
1 14
1 19
1 22
1 25
1 30
1 32
1 35
1 39
1 41
1 43
1 46
1 48
1 49
1 51
1 52
1 53
1 57
1 59
1 62
1 67
1 68
1 69
1 70
1 71
1 72
1 73
1 74
1 78
1 82
1 89
1 90
1 92
1 93
1 94
1 98
1 99
2 5
2 8
2 10
2 11
2 13
2 20
2 21
2 30
2 31
2 36
2 38
2 39
2 40
2 47
2 50
2 54
2 56
2 62
2 67
2 68
2 69
2 70
2 77
2 79
2 80
2 82
2 83
2 93
2 95
2 98
3 4
3 7
3 9
3 11
3 12
3 13
3 14
3 16
3 19
3 23
3 24
3 26
3 28
3 29
3 31
3 35
3 38
3 46
3 48
3 53
3 55
3 58
3 59
3 61
3 63
3 64
3 68
3 71
3 72
3 73
3 77
3 78
3 81
3 84
3 88
3 90
3 92
3 93
3 95
3 97
3 99
4 7
4 9
4 11
4 13
4 21
4 22
4 23
4 24
4 26
4 30
4 34
4 37
4 38
4 42
4 45
4 47
4 48
4 50
4 54
4 62
4 67
4 68
4 69
4 76
4 85
4 86
4 90
4 91
4 95
5 6
5 7
5 9
5 11
5 12
5 14
5 17
5 21
5 23
5 24
5 26
5 27
5 28
5 29
5 30
5 31
5 32
5 37
5 38
5 40
5 42
5 46
5 51
5 52
5 53
5 55
5 56
5 57
5 58
5 60
5 63
5 65
5 69
5 70
5 74
5 75
5 77
5 80
5 88
5 92
5 94
5 96
5 97
6 7
6 8
6 9
6 11
6 12
6 13
6 14
6 19
6 21
6 27
6 32
6 36
6 38
6 39
6 41
6 42
6 43
6 44
6 48
6 50
6 55
6 60
6 63
6 69
6 74
6 76
6 77
6 78
6 80
6 81
6 82
6 85
6 89
6 91
6 92
6 93
6 98
7 13
7 15
7 19
7 20
7 23
7 27
7 28
7 30
7 35
7 38
7 39
7 42
7 45
7 46
7 47
7 49
7 51
7 55
7 57
7 58
7 59
7 60
7 61
7 65
7 67
7 71
7 75
7 76
7 77
7 81
7 85
7 87
7 89
7 96
7 97
7 99
8 11
8 12
8 14
8 16
8 18
8 21
8 22
8 23
8 24
8 25
8 26
8 30
8 32
8 33
8 34
8 37
8 39
8 43
8 48
8 49
8 50
8 54
8 56
8 58
8 60
8 61
8 62
8 63
8 67
8 68
8 70
8 71
8 77
8 78
8 80
8 81
8 83
8 86
8 90
8 92
8 94
8 98
8 99
9 10
9 15
9 21
9 23
9 24
9 25
9 34
9 37
9 42
9 43
9 44
9 45
9 46
9 47
9 48
9 51
9 52
9 53
9 58
9 60
9 61
9 65
9 69
9 70
9 72
9 73
9 74
9 77
9 78
9 79
9 83
9 86
9 90
9 93
9 94
9 95
9 97
9 99
10 11
10 15
10 17
10 19
10 20
10 24
10 25
10 29
10 30
10 33
10 34
10 36
10 39
10 42
10 43
10 46
10 47
10 49
10 52
10 54
10 55
10 61
10 62
10 63
10 64
10 67
10 70
10 73
10 75
10 76
10 78
10 79
10 80
10 84
10 86
10 88
10 89
10 90
10 91
10 93
10 94
10 95
10 98
10 99
11 13
11 14
11 15
11 16
11 18
11 24
11 27
11 33
11 35
11 36
11 43
11 47
11 52
11 55
11 56
11 59
11 60
11 61
11 62
11 64
11 69
11 72
11 73
11 75
11 77
11 79
11 83
11 86
11 87
11 91
11 92
11 94
11 95
11 96
12 19
12 21
12 25
12 29
12 30
12 37
12 43
12 52
12 53
12 54
12 55
12 56
12 59
12 60
12 63
12 64
12 65
12 67
12 72
12 74
12 77
12 80
12 87
12 91
12 94
12 95
12 96
12 98
12 99
13 14
13 15
13 16
13 18
13 19
13 23
13 24
13 27
13 29
13 32
13 33
13 37
13 39
13 40
13 42
13 44
13 45
13 55
13 60
13 61
13 62
13 64
13 71
13 72
13 81
13 82
13 85
13 88
13 90
13 94
13 95
13 96
13 98
14 15
14 16
14 19
14 22
14 24
14 27
14 31
14 34
14 38
14 42
14 48
14 49
14 60
14 62
14 66
14 70
14 74
14 75
14 80
14 83
14 85
14 87
14 90
14 93
14 94
14 98
14 99
15 16
15 17
15 23
15 24
15 25
15 30
15 35
15 37
15 38
15 41
15 42
15 44
15 46
15 48
15 56
15 59
15 63
15 64
15 66
15 68
15 69
15 74
15 75
15 78
15 79
15 81
15 83
15 84
15 85
15 86
15 87
15 94
15 98
16 18
16 21
16 23
16 25
16 29
16 34
16 35
16 36
16 37
16 42
16 47
16 48
16 60
16 64
16 65
16 70
16 71
16 73
16 77
16 80
16 81
16 84
16 94
16 96
16 99
17 18
17 19
17 20
17 22
17 25
17 30
17 31
17 34
17 38
17 40
17 41
17 42
17 43
17 49
17 50
17 51
17 54
17 55
17 56
17 59
17 60
17 63
17 65
17 67
17 68
17 71
17 73
17 74
17 80
17 84
17 85
17 87
17 88
17 89
17 91
17 94
17 97
17 98
18 20
18 25
18 29
18 32
18 34
18 39
18 40
18 42
18 46
18 49
18 50
18 51
18 54
18 56
18 57
18 58
18 62
18 65
18 70
18 72
18 74
18 76
18 77
18 82
18 83
18 86
18 87
18 95
18 96
18 99
19 20
19 22
19 24
19 29
19 30
19 31
19 32
19 33
19 34
19 39
19 40
19 43
19 49
19 50
19 52
19 55
19 56
19 60
19 62
19 63
19 67
19 68
19 69
19 72
19 73
19 74
19 75
19 81
19 87
19 89
19 90
19 91
19 92
19 93
19 94
19 96
19 97
20 21
20 23
20 24
20 27
20 29
20 30
20 32
20 33
20 34
20 35
20 36
20 39
20 40
20 41
20 42
20 44
20 46
20 47
20 51
20 52
20 58
20 69
20 76
20 77
20 81
20 84
20 86
20 89
20 93
20 94
20 95
20 97
20 99
21 23
21 24
21 28
21 30
21 31
21 33
21 34
21 39
21 40
21 42
21 43
21 46
21 47
21 51
21 52
21 54
21 55
21 56
21 64
21 68
21 72
21 77
21 79
21 80
21 85
21 87
21 89
21 96
22 28
22 37
22 44
22 47
22 48
22 49
22 51
22 54
22 56
22 59
22 60
22 63
22 64
22 67
22 68
22 69
22 70
22 72
22 76
22 77
22 79
22 80
22 82
22 86
22 92
22 94
22 97
23 25
23 26
23 27
23 28
23 30
23 31
23 33
23 35
23 37
23 41
23 45
23 47
23 50
23 53
23 58
23 61
23 62
23 63
23 66
23 67
23 69
23 74
23 75
23 78
23 85
23 87
23 89
23 90
23 91
23 92
23 95
24 25
24 27
24 31
24 32
24 34
24 36
24 37
24 40
24 43
24 46
24 48
24 56
24 60
24 61
24 62
24 64
24 66
24 70
24 72
24 73
24 77
24 81
24 86
24 87
24 92
24 94
24 98
25 27
25 31
25 33
25 34
25 36
25 37
25 38
25 40
25 43
25 48
25 51
25 53
25 54
25 60
25 62
25 67
25 70
25 73
25 75
25 76
25 77
25 78
25 80
25 81
25 82
25 84
25 85
25 86
25 90
25 91
25 94
25 96
25 99
26 27
26 31
26 32
26 35
26 36
26 38
26 40
26 41
26 48
26 56
26 58
26 60
26 63
26 65
26 66
26 67
26 68
26 69
26 71
26 75
26 76
26 77
26 82
26 83
26 84
26 87
26 90
26 93
26 95
26 98
27 28
27 29
27 30
27 33
27 34
27 36
27 40
27 42
27 46
27 49
27 53
27 54
27 55
27 59
27 60
27 68
27 71
27 72
27 73
27 74
27 79
27 81
27 83
27 87
27 88
27 91
27 96
27 97
27 98
27 99
28 29
28 32
28 34
28 35
28 36
28 37
28 39
28 40
28 42
28 43
28 44
28 45
28 47
28 48
28 49
28 55
28 61
28 64
28 65
28 69
28 70
28 73
28 74
28 78
28 80
28 89
28 91
28 92
28 93
28 94
28 95
28 96
28 97
29 42
29 43
29 44
29 45
29 46
29 53
29 57
29 58
29 61
29 62
29 63
29 64
29 65
29 70
29 73
29 75
29 76
29 78
29 85
29 86
29 89
29 91
29 94
29 99
30 34
30 35
30 36
30 39
30 41
30 42
30 45
30 47
30 52
30 54
30 55
30 56
30 57
30 62
30 63
30 65
30 67
30 68
30 69
30 73
30 75
30 76
30 79
30 80
30 82
30 83
30 86
30 89
30 93
30 96
30 99
31 38
31 39
31 42
31 43
31 46
31 48
31 55
31 58
31 60
31 61
31 67
31 69
31 70
31 71
31 73
31 77
31 78
31 81
31 87
31 88
31 89
31 92
31 93
31 95
31 96
31 97
32 36
32 46
32 49
32 50
32 51
32 60
32 67
32 68
32 70
32 71
32 72
32 74
32 77
32 78
32 81
32 86
32 87
32 88
32 94
32 96
33 34
33 39
33 40
33 42
33 46
33 47
33 49
33 50
33 52
33 60
33 65
33 66
33 70
33 71
33 72
33 73
33 76
33 79
33 83
33 84
33 87
33 91
33 94
33 95
33 97
33 99
34 36
34 41
34 43
34 44
34 46
34 48
34 50
34 52
34 55
34 57
34 58
34 59
34 60
34 61
34 62
34 67
34 68
34 69
34 72
34 75
34 76
34 82
34 86
34 88
34 90
34 93
34 94
34 95
34 98
34 99
35 37
35 42
35 43
35 47
35 50
35 51
35 53
35 55
35 56
35 58
35 64
35 65
35 66
35 71
35 76
35 81
35 84
35 86
35 88
35 91
35 93
35 94
35 96
35 97
35 98
36 37
36 38
36 42
36 45
36 49
36 51
36 52
36 54
36 58
36 60
36 61
36 62
36 64
36 70
36 72
36 73
36 76
36 77
36 78
36 79
36 84
36 88
36 89
36 91
36 95
37 40
37 49
37 52
37 57
37 58
37 62
37 63
37 65
37 66
37 67
37 68
37 73
37 75
37 77
37 78
37 79
37 82
37 83
37 87
37 90
37 91
37 95
37 99
38 39
38 41
38 44
38 45
38 46
38 49
38 50
38 58
38 59
38 67
38 68
38 77
38 78
38 81
38 82
38 88
38 89
38 93
38 94
38 96
38 98
39 41
39 43
39 46
39 47
39 50
39 53
39 55
39 56
39 57
39 60
39 68
39 71
39 72
39 73
39 74
39 77
39 80
39 81
39 82
39 83
39 85
39 86
39 87
39 89
39 91
39 94
39 97
39 98
40 42
40 43
40 44
40 45
40 48
40 49
40 50
40 51
40 52
40 54
40 55
40 56
40 58
40 61
40 64
40 69
40 72
40 75
40 76
40 77
40 79
40 82
40 83
40 85
40 86
40 90
40 92
40 97
40 98
41 42
41 44
41 45
41 55
41 56
41 58
41 60
41 62
41 66
41 72
41 73
41 75
41 82
41 83
41 86
41 87
41 89
41 90
41 95
41 96
41 97
41 99
42 44
42 48
42 49
42 50
42 53
42 55
42 63
42 69
42 71
42 76
42 77
42 80
42 81
42 83
42 91
42 93
42 95
42 96
42 97
42 98
43 44
43 48
43 50
43 52
43 54
43 55
43 61
43 62
43 64
43 65
43 69
43 71
43 72
43 77
43 80
43 84
43 85
43 96
43 97
44 45
44 46
44 48
44 49
44 50
44 53
44 54
44 55
44 57
44 58
44 60
44 65
44 66
44 68
44 70
44 72
44 73
44 75
44 83
44 89
44 91
44 92
44 95
44 97
45 50
45 52
45 55
45 57
45 59
45 61
45 64
45 66
45 67
45 68
45 69
45 75
45 80
45 86
45 90
45 91
45 92
45 97
46 47
46 50
46 51
46 54
46 55
46 56
46 57
46 58
46 59
46 64
46 65
46 66
46 74
46 77
46 79
46 86
46 89
46 90
46 91
46 93
46 96
46 98
47 48
47 49
47 52
47 59
47 61
47 62
47 63
47 64
47 65
47 66
47 68
47 76
47 79
47 81
47 82
47 85
47 92
47 93
47 96
47 98
48 51
48 55
48 57
48 62
48 65
48 68
48 69
48 74
48 75
48 76
48 77
48 78
48 79
48 81
48 82
48 83
48 86
48 89
48 92
48 93
48 94
48 95
48 96
48 97
49 51
49 52
49 54
49 55
49 56
49 59
49 62
49 64
49 68
49 71
49 75
49 80
49 86
49 97
50 52
50 59
50 60
50 61
50 62
50 66
50 69
50 74
50 80
50 81
50 82
50 83
50 84
50 86
50 87
50 91
50 94
50 96
50 99
51 52
51 53
51 54
51 57
51 60
51 61
51 65
51 66
51 68
51 72
51 75
51 78
51 86
51 87
51 91
51 93
51 96
51 97
52 53
52 54
52 56
52 63
52 65
52 68
52 69
52 71
52 74
52 77
52 80
52 81
52 83
52 85
52 86
52 88
52 94
52 95
52 96
52 97
52 98
53 56
53 68
53 69
53 70
53 73
53 79
53 83
53 84
53 86
53 89
53 91
53 92
53 93
53 95
53 99
54 55
54 58
54 59
54 60
54 61
54 65
54 66
54 70
54 77
54 78
54 83
54 89
54 90
54 91
54 97
55 58
55 60
55 63
55 66
55 67
55 68
55 69
55 71
55 72
55 76
55 79
55 80
55 82
55 85
55 86
55 87
55 88
55 90
55 93
55 94
55 95
55 96
56 59
56 60
56 65
56 66
56 67
56 70
56 77
56 84
56 86
56 89
56 93
57 58
57 59
57 60
57 61
57 62
57 65
57 71
57 73
57 80
57 82
57 83
57 84
57 86
57 87
57 88
57 91
58 63
58 65
58 69
58 70
58 72
58 78
58 80
58 85
58 87
58 91
58 92
58 93
58 95
58 97
59 62
59 66
59 67
59 68
59 70
59 71
59 73
59 74
59 76
59 77
59 78
59 81
59 84
59 88
59 89
59 90
59 91
59 96
60 62
60 63
60 64
60 66
60 68
60 69
60 74
60 75
60 80
60 82
60 83
60 84
60 89
60 93
60 94
60 99
61 62
61 66
61 70
61 73
61 75
61 79
61 81
61 83
61 91
61 94
61 96
62 64
62 66
62 67
62 68
62 70
62 71
62 76
62 77
62 81
62 82
62 84
62 85
62 87
62 91
62 93
62 95
62 96
62 97
63 64
63 67
63 70
63 73
63 75
63 77
63 78
63 80
63 82
63 89
63 90
63 92
63 93
63 96
63 97
64 65
64 66
64 70
64 76
64 78
64 80
64 81
64 86
64 89
64 92
64 93
64 96
64 97
64 98
64 99
65 67
65 69
65 71
65 72
65 74
65 76
65 77
65 81
65 83
65 84
65 85
65 90
65 92
65 96
66 67
66 75
66 79
66 81
66 82
66 83
66 84
66 92
66 94
66 95
66 96
67 68
67 69
67 71
67 74
67 78
67 79
67 80
67 82
67 84
67 90
67 91
67 92
67 95
67 97
67 98
67 99
68 70
68 75
68 76
68 78
68 79
68 80
68 81
68 88
68 89
68 90
68 91
68 93
68 98
69 74
69 75
69 79
69 81
69 82
69 83
69 87
69 88
69 92
69 93
69 94
69 96
69 99
70 74
70 75
70 78
70 80
70 84
70 86
70 87
70 89
70 91
70 94
70 96
71 72
71 74
71 75
71 85
71 87
71 90
71 91
71 93
71 95
71 96
71 97
71 98
71 99
72 74
72 80
72 81
72 83
72 88
72 91
72 92
72 93
72 95
72 98
73 75
73 79
73 82
73 83
73 86
73 87
73 89
73 92
73 94
73 95
73 96
73 98
74 77
74 81
74 84
74 86
74 93
74 96
74 97
75 78
75 84
75 90
75 91
75 92
75 96
75 99
76 78
76 80
76 82
76 85
76 86
76 87
76 89
76 90
76 91
76 92
76 93
77 78
77 80
77 82
77 89
77 90
77 93
77 95
77 96
77 97
78 83
78 85
78 86
78 91
78 93
78 94
78 95
78 98
78 99
79 81
79 82
79 84
79 85
79 87
79 88
79 91
79 92
79 95
79 99
80 81
80 86
80 88
80 92
80 93
80 97
80 98
81 83
81 84
81 85
81 86
81 87
81 88
81 92
81 93
81 96
81 98
81 99
82 83
82 84
82 85
82 89
82 90
82 94
82 97
83 84
83 87
83 88
83 89
83 90
83 91
83 93
84 87
84 88
84 91
84 93
84 98
85 90
85 91
85 95
85 96
85 98
86 91
86 92
86 95
86 96
86 97
86 98
86 99
87 88
87 89
87 95
87 98
88 94
89 93
89 96
89 97
90 91
90 92
90 99
91 93
91 96
91 98
93 95
96 99
97 98
98 99
