0 4
0 9
0 19
0 24
0 26
0 28
0 33
0 35
0 40
0 45
0 46
0 47
0 52
0 58
0 63
0 64
0 68
0 72
0 74
0 83
0 84
0 88
0 90
1 3
1 6
1 7
1 8
1 13
1 15
1 17
1 19
1 24
1 25
1 27
1 28
1 31
1 34
1 37
1 41
1 50
1 52
1 54
1 58
1 59
1 62
1 63
1 74
1 81
1 82
1 87
1 90
1 93
1 96
1 98
2 3
2 9
2 13
2 21
2 22
2 26
2 29
2 31
2 33
2 34
2 35
2 39
2 40
2 41
2 47
2 48
2 49
2 51
2 53
2 56
2 57
2 59
2 61
2 63
2 65
2 69
2 70
2 72
2 78
2 79
2 80
2 81
2 82
2 85
2 89
2 91
2 92
2 97
2 99
3 4
3 6
3 8
3 12
3 14
3 22
3 23
3 25
3 26
3 28
3 32
3 35
3 38
3 40
3 41
3 50
3 53
3 57
3 62
3 67
3 68
3 74
3 78
3 82
3 83
3 84
3 86
3 90
3 99
4 6
4 8
4 9
4 18
4 24
4 26
4 28
4 29
4 36
4 37
4 39
4 40
4 41
4 45
4 46
4 51
4 52
4 55
4 56
4 63
4 72
4 73
4 77
4 84
4 85
4 91
4 94
4 95
4 97
4 99
5 12
5 14
5 15
5 18
5 22
5 25
5 26
5 28
5 29
5 33
5 35
5 42
5 53
5 56
5 57
5 62
5 63
5 64
5 65
5 66
5 76
5 79
5 81
5 85
5 88
5 90
5 97
6 7
6 8
6 11
6 12
6 14
6 15
6 17
6 21
6 22
6 23
6 28
6 29
6 33
6 38
6 41
6 44
6 46
6 47
6 52
6 60
6 64
6 68
6 75
6 78
6 81
6 84
6 89
6 92
6 94
7 8
7 16
7 21
7 28
7 30
7 34
7 35
7 37
7 41
7 42
7 46
7 47
7 49
7 53
7 56
7 61
7 63
7 64
7 70
7 72
7 74
7 75
7 76
7 79
7 82
7 83
7 85
7 86
7 90
7 92
7 93
7 95
8 13
8 16
8 17
8 22
8 25
8 27
8 28
8 29
8 30
8 33
8 34
8 37
8 40
8 41
8 52
8 53
8 54
8 55
8 59
8 61
8 62
8 65
8 68
8 69
8 78
8 79
8 80
8 83
8 84
8 85
8 91
8 93
8 95
8 97
9 10
9 11
9 15
9 16
9 17
9 24
9 34
9 36
9 37
9 40
9 41
9 52
9 55
9 57
9 62
9 68
9 69
9 75
9 77
9 79
9 80
9 81
9 82
9 84
9 86
9 87
9 91
9 94
9 98
10 13
10 14
10 16
10 17
10 19
10 22
10 26
10 30
10 32
10 36
10 42
10 44
10 45
10 49
10 50
10 56
10 60
10 62
10 63
10 69
10 71
10 74
10 82
10 85
10 88
10 89
10 93
11 12
11 14
11 19
11 20
11 21
11 22
11 24
11 29
11 30
11 38
11 41
11 42
11 48
11 51
11 54
11 57
11 58
11 62
11 64
11 66
11 75
11 91
11 94
11 96
11 99
12 15
12 16
12 17
12 22
12 23
12 24
12 29
12 30
12 31
12 33
12 36
12 37
12 38
12 41
12 43
12 49
12 50
12 52
12 56
12 57
12 63
12 68
12 69
12 70
12 73
12 74
12 75
12 79
12 82
12 83
12 84
12 86
12 87
12 88
12 93
12 94
12 95
12 97
13 15
13 19
13 22
13 26
13 27
13 29
13 32
13 36
13 38
13 41
13 42
13 43
13 51
13 56
13 61
13 64
13 65
13 66
13 68
13 72
13 81
13 84
13 85
13 91
13 93
13 94
13 96
14 16
14 18
14 19
14 20
14 21
14 22
14 24
14 35
14 36
14 41
14 42
14 43
14 45
14 49
14 56
14 59
14 62
14 66
14 69
14 73
14 76
14 81
14 85
14 86
14 87
14 89
14 91
14 93
14 96
15 16
15 17
15 22
15 25
15 27
15 31
15 36
15 41
15 49
15 64
15 67
15 73
15 76
15 80
15 82
15 83
15 98
16 20
16 26
16 29
16 32
16 33
16 37
16 38
16 41
16 47
16 50
16 51
16 60
16 61
16 65
16 69
16 71
16 74
16 77
16 87
16 92
16 95
16 97
16 99
17 20
17 24
17 27
17 29
17 33
17 38
17 40
17 41
17 44
17 48
17 58
17 59
17 64
17 66
17 69
17 71
17 74
17 79
17 80
17 84
17 85
17 89
17 93
17 97
17 99
18 22
18 36
18 37
18 38
18 41
18 43
18 48
18 55
18 59
18 61
18 64
18 67
18 68
18 70
18 71
18 72
18 83
18 85
18 90
18 92
18 98
19 22
19 24
19 27
19 29
19 31
19 36
19 40
19 48
19 50
19 52
19 60
19 62
19 63
19 66
19 68
19 71
19 81
19 82
19 86
19 90
19 95
19 99
20 21
20 24
20 25
20 33
20 37
20 38
20 44
20 45
20 53
20 65
20 68
20 69
20 74
20 75
20 77
20 79
20 80
20 83
20 84
20 89
20 90
20 92
20 95
21 23
21 25
21 26
21 29
21 33
21 36
21 38
21 39
21 40
21 47
21 61
21 66
21 84
21 90
21 93
21 94
21 97
22 29
22 32
22 36
22 39
22 41
22 42
22 48
22 52
22 54
22 57
22 61
22 64
22 66
22 67
22 68
22 71
22 72
22 73
22 74
22 78
22 80
22 81
22 86
22 91
22 93
22 94
22 96
22 98
23 28
23 35
23 36
23 40
23 44
23 45
23 48
23 49
23 50
23 51
23 58
23 62
23 65
23 67
23 72
23 74
23 75
23 76
23 81
23 82
23 88
23 89
23 92
23 94
23 98
24 25
24 26
24 27
24 32
24 33
24 37
24 41
24 46
24 47
24 48
24 51
24 54
24 58
24 60
24 70
24 72
24 75
24 76
24 77
24 80
24 83
24 88
24 89
24 91
24 93
24 94
24 97
25 29
25 39
25 40
25 42
25 45
25 47
25 48
25 52
25 55
25 58
25 59
25 60
25 65
25 66
25 73
25 74
25 79
25 80
25 84
25 94
25 95
25 98
25 99
26 29
26 30
26 34
26 35
26 38
26 41
26 49
26 55
26 56
26 57
26 66
26 67
26 68
26 71
26 77
26 78
26 79
26 80
26 86
26 87
26 91
27 29
27 39
27 40
27 49
27 52
27 53
27 60
27 63
27 68
27 71
27 75
27 77
27 80
27 82
27 83
27 88
27 90
27 94
27 95
28 32
28 35
28 39
28 45
28 47
28 52
28 55
28 58
28 60
28 65
28 74
28 75
28 81
28 82
28 83
28 85
28 88
28 90
28 96
28 98
29 31
29 32
29 33
29 40
29 43
29 46
29 49
29 53
29 61
29 62
29 63
29 64
29 68
29 69
29 79
29 80
29 81
29 87
29 92
29 93
29 96
29 97
29 99
30 32
30 33
30 35
30 36
30 38
30 39
30 43
30 44
30 48
30 51
30 53
30 61
30 62
30 63
30 64
30 65
30 70
30 72
30 75
30 76
30 80
30 82
30 83
30 85
30 87
30 88
30 89
30 95
30 99
31 32
31 33
31 36
31 49
31 50
31 52
31 53
31 54
31 56
31 57
31 65
31 76
31 77
31 78
31 81
31 83
31 85
31 88
31 92
31 95
31 97
32 33
32 39
32 40
32 42
32 49
32 51
32 52
32 55
32 57
32 66
32 67
32 69
32 73
32 75
32 77
32 83
32 87
32 99
33 35
33 37
33 38
33 41
33 42
33 43
33 45
33 46
33 52
33 54
33 57
33 58
33 59
33 60
33 68
33 70
33 71
33 72
33 79
33 81
33 83
33 86
33 87
33 89
33 91
33 94
33 98
34 38
34 42
34 43
34 45
34 46
34 49
34 54
34 55
34 57
34 58
34 59
34 63
34 70
34 77
34 79
34 80
34 81
34 88
34 92
34 99
35 39
35 42
35 43
35 44
35 45
35 47
35 55
35 56
35 58
35 64
35 68
35 69
35 70
35 76
35 80
35 83
35 85
35 89
36 37
36 38
36 41
36 49
36 51
36 58
36 62
36 66
36 68
36 71
36 73
36 74
36 76
36 77
36 81
36 82
36 83
36 85
36 91
36 92
36 97
36 98
37 43
37 47
37 51
37 52
37 53
37 54
37 56
37 59
37 60
37 62
37 63
37 64
37 66
37 68
37 73
37 76
37 82
37 94
38 39
38 44
38 45
38 47
38 49
38 52
38 61
38 70
38 74
38 75
38 78
38 79
38 80
38 85
38 86
38 91
38 94
38 97
38 99
39 44
39 47
39 48
39 51
39 53
39 56
39 75
39 78
39 79
39 80
39 86
39 87
39 88
39 91
39 96
39 97
40 41
40 46
40 52
40 53
40 58
40 59
40 60
40 63
40 64
40 65
40 68
40 83
40 84
40 94
41 42
41 46
41 50
41 56
41 58
41 63
41 67
41 69
41 70
41 72
41 73
41 74
41 79
41 80
41 90
41 92
41 96
41 98
42 46
42 54
42 58
42 60
42 65
42 66
42 67
42 71
42 73
42 78
42 79
42 80
42 81
42 82
42 83
42 87
42 90
42 98
43 52
43 55
43 56
43 58
43 62
43 67
43 69
43 71
43 74
43 76
43 78
43 79
43 82
43 84
43 86
43 89
43 92
44 46
44 51
44 55
44 60
44 63
44 70
44 71
44 72
44 74
44 77
44 95
44 96
44 97
44 99
45 56
45 57
45 61
45 62
45 67
45 68
45 69
45 72
45 80
45 84
45 85
45 89
45 90
45 92
45 93
46 51
46 52
46 55
46 60
46 64
46 66
46 75
46 77
46 79
46 83
46 85
46 87
46 91
46 92
46 94
47 48
47 58
47 59
47 68
47 71
47 76
47 79
47 84
47 86
47 87
47 90
47 91
47 95
47 97
48 51
48 52
48 60
48 69
48 73
48 74
48 75
48 78
48 79
48 85
48 89
48 91
48 94
48 96
48 98
49 50
49 52
49 54
49 55
49 58
49 59
49 62
49 66
49 67
49 74
49 77
49 80
49 82
49 90
49 91
49 97
50 51
50 53
50 54
50 56
50 66
50 68
50 72
50 75
50 76
50 78
50 81
50 82
50 87
50 88
50 90
50 93
50 98
51 53
51 55
51 58
51 61
51 64
51 65
51 66
51 70
51 75
51 78
51 80
51 82
51 83
51 87
51 91
51 93
51 94
51 96
51 99
52 54
52 58
52 63
52 65
52 66
52 74
52 75
52 88
52 90
52 94
53 55
53 62
53 65
53 67
53 71
53 79
53 80
53 84
53 96
53 97
53 98
54 55
54 57
54 59
54 65
54 70
54 72
54 77
54 78
54 82
54 83
54 86
54 90
54 94
55 58
55 60
55 62
55 63
55 65
55 75
55 77
55 80
55 84
55 90
55 91
55 92
55 94
55 97
55 98
56 63
56 66
56 70
56 73
56 80
56 88
56 90
56 92
56 98
56 99
57 59
57 64
57 68
57 69
57 72
57 77
57 78
57 81
57 84
57 89
57 92
57 95
57 96
57 98
57 99
58 62
58 63
58 69
58 72
58 74
58 79
58 80
58 88
58 89
58 93
58 94
58 96
58 97
58 99
59 62
59 66
59 68
59 74
59 79
59 86
59 88
59 90
59 91
59 96
60 69
60 73
60 77
60 80
60 86
60 90
60 92
60 96
60 98
61 63
61 70
61 75
61 77
61 87
61 89
61 93
61 96
61 98
61 99
62 63
62 66
62 67
62 72
62 74
62 75
62 78
62 79
62 80
62 81
62 87
62 90
62 95
62 98
63 65
63 67
63 69
63 70
63 74
63 77
63 81
63 85
63 86
63 91
63 93
63 95
64 65
64 67
64 70
64 80
64 83
64 84
64 87
64 89
64 97
65 69
65 70
65 73
65 75
65 78
65 97
66 70
66 74
66 75
66 81
66 82
66 84
66 85
66 87
66 93
66 99
67 68
67 69
67 71
67 72
67 74
67 79
67 84
67 85
67 88
67 89
67 93
67 94
68 72
68 78
68 79
68 80
68 81
68 83
68 87
68 88
68 94
68 95
68 98
69 70
69 71
69 73
69 77
69 79
69 80
69 81
69 82
69 87
69 97
69 98
69 99
70 76
70 77
70 78
70 82
70 86
70 90
70 94
70 95
70 97
71 72
71 75
71 76
71 78
71 81
71 85
71 89
71 99
72 80
72 81
72 83
72 90
72 93
72 99
73 76
73 81
73 82
73 85
73 92
73 96
73 99
74 75
74 81
74 82
74 86
74 89
74 92
74 94
74 96
74 97
74 98
74 99
75 78
75 85
75 87
75 89
75 90
75 91
75 94
75 96
76 78
76 79
76 80
76 84
76 88
76 92
76 93
76 96
76 98
77 82
77 84
77 86
77 89
77 92
78 87
78 97
79 80
79 83
79 84
79 87
79 91
79 92
79 95
79 96
79 97
79 99
80 84
80 89
80 92
80 93
80 98
81 82
81 87
81 88
81 91
81 92
81 96
82 83
82 84
82 86
82 91
82 94
82 95
82 98
83 84
83 85
83 86
83 89
83 96
84 86
84 91
84 93
85 86
85 89
85 90
85 94
85 95
85 97
86 91
86 93
87 96
88 89
88 90
88 91
88 94
88 95
88 96
88 97
90 91
90 93
90 96
90 97
90 99
91 92
91 95
91 99
92 95
93 95
93 98
94 95
94 97
94 99
97 98
