0 13
0 14
0 18
0 19
0 22
0 30
0 34
0 37
0 47
0 49
0 56
0 70
0 75
0 88
0 90
1 5
1 16
1 21
1 23
1 25
1 32
1 34
1 44
1 52
1 55
1 59
1 62
1 69
1 97
2 12
2 13
2 14
2 30
2 32
2 44
2 46
2 60
2 62
2 67
2 73
2 82
2 87
2 89
2 91
2 92
2 96
3 10
3 13
3 30
3 32
3 36
3 42
3 51
3 65
3 72
3 78
3 80
3 81
3 85
3 89
3 91
3 97
4 10
4 11
4 16
4 22
4 39
4 46
4 50
4 54
4 73
4 76
4 79
4 85
4 86
4 87
4 98
5 8
5 20
5 25
5 35
5 40
5 42
5 46
5 48
5 49
5 50
5 53
5 56
5 59
5 61
5 69
5 75
5 77
5 78
5 87
5 91
5 92
5 93
5 95
6 7
6 8
6 9
6 11
6 17
6 22
6 26
6 30
6 33
6 40
6 46
6 47
6 48
6 50
6 55
6 58
6 69
6 70
6 73
6 78
6 79
6 83
6 92
7 12
7 14
7 21
7 24
7 28
7 29
7 30
7 39
7 43
7 56
7 64
7 67
7 71
7 74
7 81
7 82
7 88
7 94
8 10
8 16
8 19
8 22
8 24
8 36
8 44
8 57
8 61
8 65
8 67
8 73
8 79
8 84
8 90
9 10
9 13
9 20
9 31
9 33
9 37
9 39
9 43
9 44
9 46
9 50
9 54
9 60
9 66
9 70
9 76
9 77
9 80
9 91
9 94
9 97
10 12
10 13
10 14
10 24
10 25
10 26
10 27
10 39
10 51
10 64
10 74
10 87
10 88
10 99
11 14
11 19
11 22
11 45
11 52
11 54
11 70
11 73
11 74
11 87
11 89
11 92
12 20
12 25
12 29
12 30
12 41
12 43
12 44
12 50
12 52
12 54
12 62
12 70
12 71
12 72
12 75
12 87
12 98
13 17
13 21
13 24
13 31
13 39
13 43
13 44
13 54
13 56
13 60
13 68
13 75
13 79
13 80
13 83
13 86
13 89
13 90
13 91
13 92
13 93
13 94
13 96
14 17
14 20
14 23
14 24
14 25
14 34
14 36
14 40
14 46
14 48
14 54
14 55
14 56
14 59
14 64
14 67
14 68
14 72
14 73
14 79
14 87
14 89
14 97
15 16
15 27
15 33
15 37
15 38
15 45
15 50
15 53
15 55
15 58
15 66
15 77
15 81
15 86
15 93
15 97
16 21
16 22
16 23
16 33
16 53
16 63
16 64
16 70
16 74
16 81
16 87
16 98
16 99
17 21
17 46
17 47
17 49
17 59
17 60
17 63
17 66
17 72
17 75
17 76
17 83
17 89
17 90
17 94
17 96
18 23
18 26
18 27
18 32
18 38
18 42
18 46
18 49
18 58
18 60
18 63
18 66
18 74
18 78
18 83
18 88
18 95
18 96
18 98
19 20
19 27
19 32
19 46
19 52
19 53
19 60
19 62
19 76
19 77
19 81
19 88
19 91
19 93
19 96
19 99
20 22
20 26
20 33
20 34
20 42
20 50
20 52
20 54
20 55
20 59
20 69
20 71
20 73
20 76
20 78
20 82
20 83
20 84
20 86
20 89
20 97
21 25
21 27
21 29
21 31
21 32
21 40
21 43
21 47
21 50
21 51
21 57
21 69
21 78
21 83
21 91
21 94
21 98
22 25
22 29
22 36
22 40
22 62
22 68
22 70
22 78
22 81
23 26
23 35
23 45
23 54
23 58
23 62
23 75
23 78
23 81
23 99
24 27
24 30
24 31
24 34
24 44
24 46
24 47
24 52
24 53
24 58
24 73
24 77
24 90
24 96
25 28
25 29
25 33
25 34
25 36
25 37
25 40
25 42
25 43
25 45
25 52
25 53
25 55
25 56
25 59
25 64
25 66
25 78
25 86
25 93
26 29
26 32
26 42
26 46
26 50
26 52
26 55
26 63
26 68
26 74
26 84
26 86
26 87
27 31
27 32
27 33
27 40
27 41
27 46
27 54
27 56
27 58
27 59
27 61
27 62
27 74
27 77
27 95
27 97
28 29
28 30
28 33
28 34
28 49
28 54
28 64
28 65
28 68
28 72
28 82
28 83
28 88
28 97
29 32
29 33
29 46
29 48
29 49
29 57
29 71
29 72
29 73
29 88
29 96
29 98
29 99
30 40
30 49
30 74
30 75
30 78
30 81
30 84
30 88
30 89
30 90
30 94
30 98
30 99
31 32
31 34
31 36
31 37
31 43
31 45
31 46
31 54
31 55
31 66
31 71
31 79
32 36
32 43
32 46
32 47
32 48
32 52
32 57
32 58
32 60
32 63
32 65
32 66
32 69
32 74
32 78
32 79
32 81
32 85
32 90
32 98
33 39
33 54
33 61
33 62
33 63
33 66
33 71
33 74
33 76
33 79
33 80
33 87
33 93
33 98
34 37
34 38
34 39
34 48
34 50
34 60
34 62
34 64
34 67
34 76
34 79
34 83
34 84
34 88
34 90
34 98
35 39
35 48
35 55
35 57
35 59
35 60
35 65
35 67
35 70
35 71
35 74
35 81
35 92
35 97
36 38
36 43
36 44
36 55
36 64
36 74
36 75
36 88
36 95
36 96
36 99
37 41
37 42
37 51
37 54
37 62
37 65
37 71
37 73
37 82
37 83
37 84
37 90
37 91
37 93
37 94
37 98
38 40
38 43
38 44
38 49
38 50
38 61
38 63
38 65
38 67
38 69
38 87
38 89
39 41
39 44
39 49
39 51
39 52
39 59
39 61
39 68
39 76
39 78
39 80
39 84
39 96
40 41
40 44
40 48
40 54
40 57
40 65
40 67
40 72
40 73
40 74
40 77
40 81
40 87
40 88
40 89
40 90
40 96
41 43
41 45
41 71
41 80
41 88
41 96
42 48
42 49
42 52
42 53
42 55
42 59
42 71
42 77
42 92
42 97
43 72
43 75
43 80
43 90
43 92
43 93
44 45
44 49
44 53
44 55
44 65
44 79
44 93
44 94
44 95
44 98
45 46
45 47
45 49
45 58
45 62
45 65
45 68
45 73
45 76
45 79
45 80
45 81
45 90
45 92
45 95
46 55
46 60
46 70
46 74
46 76
46 79
46 82
46 86
46 89
46 99
47 49
47 54
47 57
47 58
47 65
47 67
47 74
47 75
47 77
47 83
47 88
47 91
47 92
47 99
48 53
48 55
48 57
48 60
48 63
48 74
48 75
48 88
48 89
48 98
49 57
49 58
49 60
49 63
49 64
49 71
49 78
49 82
49 86
50 55
50 62
50 63
50 65
50 70
50 73
50 79
50 82
50 89
50 96
51 53
51 54
51 56
51 63
51 66
51 78
51 80
51 92
51 95
52 63
52 70
52 71
52 77
52 78
52 80
52 93
52 94
52 95
52 97
53 69
53 72
53 78
53 85
53 89
53 96
54 57
54 59
54 61
54 63
54 70
54 71
54 78
54 80
54 84
54 92
54 99
55 56
55 58
55 66
55 72
55 75
55 76
55 83
55 84
55 95
55 96
56 60
56 61
56 64
56 81
56 86
56 92
56 94
57 69
57 73
57 74
57 76
57 79
57 82
57 86
58 62
58 67
58 68
58 74
58 75
58 96
58 97
59 72
59 74
59 77
59 78
59 82
59 90
60 66
60 80
60 83
60 92
60 96
61 64
61 66
61 76
61 78
61 81
61 85
61 86
61 87
61 90
62 66
62 70
62 73
62 75
62 77
62 79
62 81
62 86
62 96
63 76
63 80
63 82
63 89
63 90
63 93
64 65
64 66
64 69
64 76
64 89
64 90
64 97
65 66
65 68
65 79
65 82
65 86
65 89
65 99
66 69
66 71
66 75
66 78
66 86
66 92
66 93
66 98
67 68
67 85
67 90
67 92
67 93
67 96
68 71
68 75
68 82
68 84
68 86
68 91
68 99
69 70
69 73
69 80
69 81
69 82
69 84
69 86
69 88
69 94
69 96
69 97
70 74
70 75
70 84
70 86
70 90
70 94
70 97
70 99
71 76
71 81
71 83
71 84
71 91
71 92
72 74
72 97
72 98
73 78
73 81
73 85
73 95
73 97
74 80
74 85
74 86
74 88
74 94
75 84
75 88
75 98
76 77
76 78
76 85
76 96
77 79
77 93
77 94
77 95
77 99
78 84
78 85
78 86
78 87
78 88
78 93
78 98
79 84
79 87
79 91
79 94
79 95
79 98
80 81
80 89
80 98
81 83
81 84
82 87
82 89
82 96
82 97
83 84
83 88
83 90
83 92
83 95
83 97
83 98
84 93
85 88
85 91
85 93
86 87
86 88
86 89
86 91
86 93
86 96
87 88
87 91
87 96
88 90
88 91
89 90
89 98
90 92
90 95
90 97
92 97
93 97
93 98
95 97
