0 5
0 6
0 8
0 12
0 16
0 17
0 19
0 23
0 28
0 29
0 30
0 31
0 32
0 34
0 35
0 39
0 42
0 46
0 47
0 48
0 50
0 51
0 52
0 55
0 57
0 61
0 63
0 65
0 67
0 69
0 70
0 72
0 77
0 78
0 79
0 83
0 90
0 91
0 96
1 8
1 12
1 13
1 18
1 25
1 26
1 29
1 32
1 33
1 37
1 39
1 40
1 42
1 47
1 49
1 50
1 51
1 52
1 54
1 56
1 57
1 58
1 60
1 61
1 62
1 63
1 64
1 65
1 70
1 72
1 76
1 77
1 80
1 84
1 90
1 94
1 95
1 96
1 97
2 4
2 6
2 12
2 16
2 18
2 19
2 22
2 25
2 26
2 28
2 31
2 34
2 38
2 40
2 43
2 44
2 45
2 47
2 50
2 54
2 55
2 57
2 60
2 62
2 63
2 64
2 66
2 71
2 72
2 74
2 78
2 79
2 80
2 84
2 87
2 89
2 97
3 4
3 5
3 7
3 10
3 11
3 12
3 13
3 16
3 20
3 21
3 22
3 23
3 24
3 27
3 29
3 31
3 33
3 36
3 39
3 42
3 44
3 45
3 48
3 50
3 53
3 56
3 67
3 68
3 71
3 79
3 80
3 82
3 83
3 88
3 89
3 90
3 91
3 93
3 94
3 95
3 96
3 97
3 98
3 99
4 7
4 10
4 11
4 12
4 16
4 17
4 23
4 24
4 29
4 32
4 33
4 35
4 36
4 39
4 44
4 49
4 51
4 53
4 54
4 55
4 57
4 58
4 60
4 63
4 64
4 65
4 67
4 70
4 72
4 73
4 76
4 77
4 79
4 81
4 83
4 84
4 86
4 87
4 90
4 93
4 95
4 97
4 99
5 10
5 11
5 12
5 15
5 18
5 22
5 25
5 26
5 28
5 31
5 37
5 42
5 44
5 46
5 47
5 52
5 56
5 59
5 60
5 66
5 67
5 70
5 71
5 73
5 75
5 80
5 82
5 85
5 86
5 87
5 89
5 92
5 93
5 94
5 95
5 96
5 99
6 10
6 11
6 15
6 16
6 17
6 20
6 21
6 26
6 27
6 31
6 32
6 40
6 41
6 42
6 46
6 50
6 51
6 52
6 53
6 55
6 56
6 58
6 62
6 65
6 66
6 68
6 72
6 74
6 78
6 79
6 80
6 83
6 85
6 90
6 94
6 95
6 99
7 11
7 13
7 14
7 15
7 16
7 18
7 23
7 24
7 26
7 27
7 28
7 33
7 37
7 38
7 39
7 41
7 43
7 50
7 52
7 53
7 54
7 55
7 59
7 60
7 62
7 64
7 66
7 67
7 68
7 70
7 73
7 76
7 78
7 79
7 80
7 83
7 84
7 85
7 86
7 87
7 89
7 93
7 95
7 97
7 99
8 9
8 12
8 13
8 18
8 19
8 22
8 24
8 28
8 29
8 32
8 39
8 41
8 43
8 45
8 48
8 58
8 61
8 64
8 65
8 66
8 70
8 73
8 74
8 78
8 84
8 86
8 87
8 88
8 92
8 96
8 97
9 13
9 15
9 18
9 19
9 20
9 21
9 22
9 23
9 24
9 25
9 31
9 42
9 43
9 46
9 47
9 49
9 52
9 55
9 56
9 57
9 58
9 61
9 63
9 64
9 65
9 67
9 69
9 71
9 73
9 74
9 75
9 76
9 78
9 82
9 83
9 94
9 97
9 99
10 12
10 13
10 14
10 20
10 21
10 22
10 24
10 27
10 33
10 34
10 36
10 37
10 42
10 47
10 48
10 49
10 58
10 59
10 60
10 62
10 68
10 69
10 70
10 73
10 74
10 76
10 79
10 81
10 85
10 87
10 90
10 92
10 93
10 96
10 98
11 12
11 16
11 20
11 21
11 22
11 24
11 26
11 28
11 32
11 33
11 37
11 38
11 40
11 43
11 47
11 48
11 50
11 51
11 54
11 60
11 63
11 64
11 66
11 68
11 72
11 75
11 83
11 85
11 87
11 89
11 93
11 98
12 14
12 19
12 27
12 31
12 32
12 33
12 38
12 40
12 41
12 42
12 43
12 49
12 50
12 51
12 52
12 53
12 55
12 57
12 61
12 63
12 68
12 69
12 71
12 72
12 75
12 76
12 79
12 85
12 86
12 87
12 88
12 91
12 93
12 94
12 95
12 98
13 18
13 19
13 21
13 23
13 25
13 28
13 31
13 32
13 36
13 38
13 39
13 40
13 41
13 43
13 44
13 45
13 46
13 48
13 49
13 50
13 53
13 57
13 58
13 59
13 60
13 61
13 62
13 63
13 71
13 76
13 77
13 78
13 81
13 82
13 83
13 85
13 86
13 89
13 91
13 94
13 95
13 97
14 17
14 18
14 19
14 24
14 28
14 29
14 30
14 32
14 33
14 35
14 36
14 38
14 41
14 42
14 44
14 45
14 46
14 47
14 48
14 50
14 52
14 53
14 57
14 58
14 63
14 64
14 66
14 69
14 71
14 74
14 75
14 76
14 77
14 84
14 87
14 90
14 91
14 95
14 96
14 99
15 16
15 21
15 22
15 24
15 26
15 29
15 31
15 38
15 41
15 43
15 45
15 47
15 52
15 53
15 54
15 58
15 63
15 66
15 67
15 68
15 69
15 72
15 73
15 75
15 77
15 78
15 80
15 87
15 89
15 91
15 96
15 97
15 99
16 25
16 26
16 29
16 32
16 35
16 39
16 43
16 44
16 49
16 50
16 52
16 53
16 56
16 63
16 66
16 67
16 71
16 74
16 77
16 80
16 83
16 85
16 87
16 88
16 93
16 95
16 96
16 97
16 99
17 20
17 27
17 29
17 30
17 35
17 36
17 38
17 40
17 41
17 43
17 44
17 46
17 48
17 50
17 51
17 54
17 60
17 64
17 68
17 70
17 77
17 80
17 81
17 83
17 87
17 88
17 92
17 93
17 97
18 19
18 20
18 21
18 22
18 23
18 25
18 33
18 34
18 43
18 48
18 49
18 50
18 51
18 52
18 56
18 58
18 59
18 62
18 69
18 70
18 72
18 76
18 77
18 80
18 81
18 82
18 83
18 86
18 88
18 92
18 96
18 99
19 20
19 22
19 23
19 24
19 27
19 28
19 31
19 32
19 33
19 36
19 40
19 45
19 49
19 50
19 59
19 65
19 66
19 68
19 69
19 76
19 80
19 82
19 83
19 84
19 93
20 21
20 22
20 23
20 24
20 25
20 30
20 31
20 33
20 36
20 38
20 39
20 40
20 44
20 45
20 46
20 48
20 51
20 53
20 54
20 56
20 59
20 60
20 62
20 63
20 67
20 69
20 70
20 72
20 75
20 76
20 77
20 79
20 85
20 87
20 89
20 96
20 98
20 99
21 24
21 26
21 30
21 31
21 32
21 33
21 34
21 36
21 37
21 40
21 41
21 43
21 47
21 50
21 51
21 55
21 56
21 57
21 58
21 59
21 60
21 62
21 63
21 64
21 65
21 66
21 67
21 68
21 69
21 71
21 77
21 80
21 82
21 84
21 93
21 94
21 98
21 99
22 24
22 25
22 30
22 35
22 36
22 44
22 46
22 48
22 49
22 50
22 51
22 52
22 58
22 59
22 63
22 66
22 69
22 71
22 73
22 75
22 76
22 77
22 78
22 79
22 81
22 83
22 85
22 87
22 95
22 98
22 99
23 24
23 25
23 26
23 28
23 33
23 35
23 37
23 41
23 43
23 48
23 50
23 52
23 55
23 61
23 66
23 67
23 70
23 76
23 81
23 86
23 93
23 96
23 97
24 25
24 31
24 34
24 37
24 39
24 40
24 43
24 50
24 58
24 59
24 60
24 63
24 64
24 65
24 70
24 73
24 75
24 76
24 77
24 78
24 79
24 80
24 83
24 84
24 87
24 93
24 94
24 95
24 96
24 98
25 26
25 32
25 36
25 38
25 40
25 42
25 43
25 44
25 49
25 50
25 59
25 61
25 62
25 64
25 69
25 70
25 73
25 74
25 78
25 79
25 81
25 82
25 88
25 90
25 94
25 95
25 96
25 97
25 99
26 28
26 30
26 33
26 35
26 40
26 42
26 45
26 46
26 47
26 49
26 51
26 52
26 55
26 57
26 60
26 63
26 71
26 72
26 78
26 83
26 84
26 85
26 86
26 88
26 89
26 91
26 92
26 94
26 98
27 29
27 30
27 35
27 37
27 39
27 42
27 45
27 47
27 49
27 51
27 54
27 55
27 57
27 58
27 60
27 64
27 68
27 73
27 74
27 76
27 78
27 83
27 84
27 85
27 86
27 88
27 89
27 90
27 91
27 96
27 97
27 98
27 99
28 30
28 33
28 35
28 36
28 38
28 40
28 41
28 42
28 46
28 47
28 51
28 56
28 59
28 65
28 66
28 67
28 68
28 69
28 73
28 75
28 76
28 77
28 83
28 87
28 91
28 92
28 97
29 34
29 37
29 38
29 44
29 45
29 47
29 49
29 52
29 53
29 55
29 56
29 59
29 60
29 62
29 64
29 69
29 71
29 72
29 73
29 77
29 78
29 79
29 80
29 82
29 90
29 91
29 92
29 94
29 95
29 99
30 33
30 34
30 41
30 42
30 43
30 47
30 48
30 53
30 54
30 57
30 58
30 60
30 61
30 63
30 65
30 69
30 74
30 75
30 83
30 86
30 87
30 88
30 89
30 92
30 95
30 97
30 98
31 36
31 37
31 38
31 40
31 43
31 45
31 48
31 50
31 56
31 57
31 58
31 61
31 62
31 63
31 65
31 67
31 68
31 69
31 72
31 73
31 74
31 75
31 76
31 80
31 82
31 83
31 91
31 94
31 96
31 98
32 35
32 36
32 37
32 40
32 41
32 42
32 44
32 46
32 48
32 50
32 52
32 54
32 55
32 56
32 58
32 63
32 66
32 68
32 71
32 73
32 74
32 75
32 78
32 80
32 81
32 83
32 86
32 88
32 89
32 91
32 92
32 94
32 96
33 36
33 40
33 42
33 44
33 45
33 46
33 47
33 50
33 54
33 55
33 56
33 58
33 61
33 66
33 68
33 74
33 76
33 77
33 79
33 83
33 90
33 93
33 99
34 35
34 38
34 42
34 43
34 48
34 51
34 52
34 55
34 56
34 59
34 61
34 66
34 67
34 69
34 70
34 73
34 74
34 76
34 79
34 82
34 83
34 85
34 87
34 89
34 95
34 97
35 39
35 40
35 41
35 43
35 44
35 46
35 49
35 53
35 55
35 60
35 62
35 65
35 68
35 71
35 73
35 78
35 82
35 85
35 87
35 88
35 93
35 95
35 98
35 99
36 37
36 38
36 39
36 40
36 42
36 43
36 44
36 48
36 49
36 56
36 59
36 63
36 69
36 72
36 73
36 76
36 77
36 78
36 80
36 81
36 82
36 84
36 85
36 86
36 88
36 90
36 93
36 96
36 97
36 98
37 38
37 40
37 42
37 44
37 46
37 47
37 48
37 49
37 50
37 53
37 54
37 55
37 56
37 58
37 59
37 60
37 64
37 66
37 69
37 71
37 74
37 75
37 76
37 78
37 84
37 86
37 90
37 93
37 97
37 98
38 41
38 42
38 45
38 48
38 49
38 51
38 54
38 55
38 56
38 59
38 60
38 65
38 67
38 69
38 75
38 76
38 77
38 79
38 81
38 82
38 83
38 85
38 88
38 89
38 91
38 94
38 95
39 40
39 44
39 49
39 50
39 51
39 52
39 55
39 57
39 62
39 63
39 65
39 67
39 68
39 70
39 77
39 80
39 81
39 82
39 84
39 85
39 86
39 87
39 89
39 90
39 93
39 94
39 96
39 97
39 99
40 42
40 44
40 45
40 47
40 49
40 58
40 61
40 62
40 68
40 69
40 71
40 78
40 80
40 83
40 85
40 86
40 87
40 88
40 89
40 91
40 92
40 93
41 42
41 43
41 44
41 45
41 46
41 47
41 51
41 53
41 54
41 57
41 60
41 61
41 62
41 63
41 67
41 69
41 70
41 72
41 77
41 82
41 84
41 87
41 91
41 92
41 93
41 99
42 48
42 52
42 55
42 57
42 67
42 68
42 73
42 77
42 79
42 82
42 87
42 92
42 93
42 95
42 98
42 99
43 44
43 47
43 49
43 51
43 52
43 53
43 54
43 55
43 62
43 63
43 66
43 68
43 69
43 71
43 74
43 76
43 81
43 85
43 87
43 90
43 91
43 93
43 94
43 96
43 98
43 99
44 49
44 50
44 54
44 56
44 61
44 64
44 67
44 69
44 70
44 74
44 76
44 79
44 81
44 83
44 84
44 85
44 86
44 90
44 91
44 95
44 99
45 63
45 64
45 66
45 67
45 75
45 81
45 82
45 87
45 88
45 94
45 95
45 96
46 50
46 54
46 56
46 62
46 64
46 65
46 67
46 72
46 74
46 75
46 76
46 79
46 80
46 82
46 84
46 86
46 88
46 91
46 92
46 93
46 94
46 98
46 99
47 49
47 53
47 55
47 58
47 61
47 63
47 64
47 65
47 67
47 70
47 76
47 77
47 78
47 82
47 83
47 85
47 86
47 87
47 89
47 90
47 97
47 98
48 49
48 54
48 57
48 61
48 62
48 75
48 78
48 84
48 87
48 92
49 50
49 55
49 58
49 59
49 64
49 69
49 70
49 71
49 72
49 74
49 80
49 81
49 84
49 85
49 86
49 87
49 91
49 92
49 95
49 96
49 99
50 54
50 55
50 57
50 59
50 61
50 63
50 66
50 67
50 69
50 73
50 76
50 77
50 83
50 86
50 87
50 88
50 90
50 91
50 93
50 97
51 58
51 60
51 61
51 63
51 64
51 65
51 67
51 70
51 71
51 72
51 75
51 76
51 78
51 81
51 82
51 84
51 85
51 86
51 88
51 90
51 92
51 97
51 98
51 99
52 54
52 56
52 57
52 58
52 60
52 62
52 63
52 64
52 65
52 66
52 75
52 76
52 77
52 80
52 82
52 89
52 96
52 97
52 98
53 54
53 57
53 59
53 62
53 63
53 65
53 73
53 75
53 76
53 77
53 79
53 81
53 82
53 84
53 85
53 86
53 88
53 89
53 90
53 91
53 92
53 94
53 98
54 55
54 57
54 58
54 61
54 70
54 73
54 78
54 79
54 81
54 86
54 87
54 88
54 89
54 90
54 92
54 93
54 94
54 98
55 56
55 57
55 58
55 61
55 62
55 63
55 68
55 69
55 71
55 75
55 76
55 77
55 79
55 88
55 91
55 93
55 96
56 58
56 60
56 61
56 64
56 67
56 71
56 73
56 79
56 81
56 82
56 83
56 88
56 89
56 90
56 91
56 99
57 64
57 66
57 70
57 74
57 75
57 78
57 79
57 80
57 83
57 85
57 87
57 88
57 90
57 97
57 98
58 59
58 60
58 62
58 65
58 72
58 73
58 76
58 77
58 78
58 79
58 80
58 81
58 82
58 83
58 86
58 87
58 88
58 90
58 92
58 93
58 96
59 60
59 61
59 64
59 65
59 67
59 70
59 83
59 85
59 91
59 94
59 95
59 98
59 99
60 64
60 67
60 68
60 75
60 77
60 78
60 80
60 81
60 83
60 86
60 89
60 91
60 92
60 93
60 94
60 95
60 99
61 62
61 66
61 68
61 72
61 74
61 75
61 79
61 81
61 88
61 90
61 91
61 94
61 95
61 96
61 97
61 98
62 64
62 65
62 66
62 67
62 69
62 72
62 75
62 80
62 82
62 83
62 85
62 88
62 91
62 93
62 97
62 99
63 66
63 70
63 74
63 75
63 76
63 77
63 79
63 80
63 86
63 87
63 88
63 94
63 97
64 65
64 66
64 74
64 75
64 80
64 82
64 85
64 86
64 87
64 88
64 91
64 92
64 93
64 94
64 96
65 66
65 67
65 69
65 70
65 71
65 72
65 77
65 80
65 83
65 84
65 87
65 88
65 89
65 95
65 96
66 69
66 75
66 79
66 81
66 82
66 84
66 85
66 87
66 88
66 91
66 93
66 94
66 95
66 97
67 68
67 69
67 72
67 73
67 74
67 76
67 77
67 80
67 81
67 83
67 90
67 91
67 94
67 95
67 97
68 71
68 75
68 77
68 79
68 81
68 82
68 83
68 84
68 85
68 86
68 88
68 92
68 94
68 97
69 70
69 71
69 73
69 79
69 81
69 86
69 88
69 92
69 93
69 95
69 97
69 99
70 75
70 78
70 91
70 94
70 95
70 97
71 74
71 77
71 81
71 83
71 84
71 88
71 89
71 90
71 98
71 99
72 76
72 77
72 81
72 82
72 83
72 86
72 90
72 93
72 96
72 97
73 76
73 77
73 81
73 85
73 87
73 88
73 89
73 97
73 98
74 76
74 78
74 79
74 81
74 84
74 88
74 89
74 91
74 94
74 95
74 96
74 97
74 99
75 76
75 87
75 88
75 92
75 97
75 99
76 78
76 79
76 81
76 84
76 85
76 86
76 88
76 90
76 97
76 98
77 79
77 81
77 82
77 85
77 87
77 88
77 89
77 90
77 92
77 95
77 96
77 98
77 99
78 79
78 81
78 82
78 83
78 85
78 86
78 90
78 91
78 93
79 80
79 83
79 89
79 92
79 93
79 96
79 98
80 82
80 87
80 94
80 96
81 82
81 83
81 96
81 98
81 99
82 84
82 87
82 88
82 92
82 95
82 97
83 86
83 93
83 94
83 96
83 98
84 88
84 89
84 90
84 93
84 94
84 95
84 97
84 98
85 88
85 90
85 98
86 90
86 96
86 97
86 98
86 99
87 89
87 90
87 95
88 89
88 91
88 92
88 95
89 91
89 94
89 95
89 96
89 99
90 91
90 93
90 94
91 92
91 93
91 98
92 93
92 94
92 98
93 94
93 97
93 98
94 95
94 97
94 99
95 96
95 97
95 98
96 97
96 98
97 98
98 99
