0 4
0 7
0 20
0 29
0 38
0 39
0 40
0 42
0 46
0 55
0 56
0 62
0 68
0 70
0 74
0 86
0 87
0 89
0 92
0 93
0 94
0 96
0 99
1 18
1 19
1 24
1 25
1 27
1 29
1 30
1 32
1 35
1 38
1 41
1 52
1 54
1 58
1 59
1 65
1 66
1 70
1 76
1 77
1 81
1 84
1 86
1 87
1 89
1 91
1 93
1 95
1 96
2 4
2 5
2 6
2 7
2 10
2 11
2 13
2 14
2 21
2 25
2 33
2 34
2 36
2 45
2 49
2 54
2 66
2 67
2 72
2 74
2 81
2 82
2 83
2 92
2 97
2 98
3 5
3 11
3 17
3 18
3 22
3 23
3 24
3 25
3 27
3 32
3 34
3 35
3 36
3 39
3 41
3 43
3 45
3 48
3 49
3 50
3 57
3 61
3 62
3 69
3 76
3 77
3 78
3 81
3 83
3 85
3 94
3 98
4 6
4 12
4 13
4 21
4 22
4 27
4 28
4 29
4 31
4 33
4 39
4 40
4 41
4 43
4 44
4 45
4 46
4 47
4 48
4 51
4 52
4 58
4 60
4 61
4 64
4 69
4 70
4 73
4 77
4 78
4 81
4 83
4 93
4 95
5 7
5 8
5 9
5 18
5 19
5 21
5 24
5 25
5 28
5 34
5 36
5 40
5 44
5 47
5 50
5 54
5 58
5 62
5 69
5 71
5 76
5 79
5 81
5 84
5 87
5 97
6 7
6 9
6 10
6 12
6 16
6 19
6 21
6 23
6 26
6 27
6 30
6 34
6 35
6 37
6 38
6 42
6 47
6 48
6 49
6 50
6 51
6 61
6 63
6 64
6 65
6 67
6 71
6 74
6 76
6 79
6 84
6 90
6 94
7 12
7 15
7 16
7 18
7 19
7 21
7 22
7 29
7 32
7 39
7 41
7 45
7 48
7 50
7 59
7 64
7 67
7 70
7 73
7 74
7 81
7 91
7 93
7 99
8 13
8 14
8 16
8 18
8 22
8 24
8 31
8 36
8 38
8 39
8 44
8 47
8 50
8 53
8 58
8 65
8 66
8 77
8 79
8 80
8 81
8 86
8 89
8 93
8 94
8 96
8 97
9 14
9 16
9 17
9 20
9 24
9 25
9 32
9 33
9 37
9 38
9 39
9 40
9 42
9 44
9 48
9 50
9 59
9 62
9 75
9 77
9 79
9 84
9 85
9 86
9 87
9 88
9 92
9 95
10 12
10 13
10 14
10 15
10 17
10 18
10 23
10 27
10 33
10 34
10 36
10 44
10 47
10 49
10 50
10 51
10 57
10 58
10 61
10 63
10 64
10 71
10 72
10 73
10 76
10 78
10 83
10 88
10 93
10 96
11 15
11 23
11 25
11 29
11 32
11 34
11 39
11 40
11 50
11 51
11 52
11 56
11 65
11 66
11 67
11 69
11 87
11 89
11 91
11 92
11 95
12 13
12 14
12 15
12 19
12 21
12 26
12 27
12 31
12 33
12 34
12 38
12 39
12 41
12 49
12 50
12 51
12 64
12 71
12 72
12 74
12 77
12 78
12 81
12 85
12 86
12 87
12 89
12 92
12 98
13 23
13 27
13 30
13 32
13 34
13 45
13 50
13 52
13 53
13 56
13 59
13 65
13 66
13 67
13 70
13 74
13 77
13 91
13 96
13 98
13 99
14 20
14 34
14 35
14 43
14 44
14 46
14 47
14 50
14 52
14 56
14 59
14 78
14 79
14 80
14 85
14 88
14 89
14 94
14 95
14 96
14 97
15 16
15 18
15 20
15 21
15 26
15 27
15 29
15 54
15 55
15 65
15 66
15 71
15 79
15 81
15 84
15 87
15 91
15 94
15 96
16 23
16 27
16 28
16 29
16 33
16 35
16 43
16 45
16 46
16 48
16 50
16 51
16 52
16 53
16 54
16 55
16 58
16 59
16 62
16 63
16 69
16 73
16 82
16 89
16 95
16 96
16 99
17 20
17 24
17 27
17 28
17 34
17 37
17 41
17 43
17 53
17 55
17 61
17 65
17 66
17 68
17 69
17 89
17 91
17 92
17 95
17 98
17 99
18 20
18 23
18 24
18 31
18 39
18 45
18 49
18 54
18 61
18 65
18 67
18 69
18 72
18 73
18 75
18 76
18 77
18 86
18 90
18 91
18 95
19 20
19 27
19 28
19 32
19 35
19 36
19 43
19 46
19 48
19 49
19 51
19 55
19 56
19 57
19 65
19 67
19 68
19 69
19 70
19 76
19 77
19 78
19 84
19 85
19 88
19 92
19 95
19 96
20 24
20 27
20 44
20 53
20 61
20 65
20 70
20 72
20 73
20 76
20 77
20 79
20 81
20 86
20 89
20 91
20 92
20 99
21 25
21 27
21 41
21 43
21 46
21 47
21 48
21 49
21 55
21 64
21 67
21 68
21 71
21 79
21 81
21 83
21 86
21 97
21 99
22 25
22 27
22 28
22 32
22 37
22 38
22 40
22 44
22 45
22 46
22 49
22 60
22 62
22 70
22 76
22 78
22 81
22 82
22 83
22 85
22 86
22 87
22 88
22 90
22 94
22 95
22 96
22 97
23 24
23 29
23 36
23 40
23 43
23 49
23 52
23 57
23 63
23 71
23 73
23 74
23 76
23 77
23 78
23 81
23 86
24 29
24 31
24 36
24 37
24 42
24 45
24 46
24 50
24 53
24 55
24 59
24 67
24 72
24 73
24 74
24 78
24 79
24 81
24 82
24 89
24 90
24 93
24 94
24 96
25 27
25 29
25 40
25 44
25 47
25 48
25 51
25 55
25 57
25 58
25 60
25 64
25 66
25 68
25 69
25 72
25 73
25 78
25 80
25 81
25 85
25 90
25 93
25 99
26 28
26 29
26 30
26 33
26 39
26 40
26 44
26 45
26 56
26 57
26 69
26 70
26 76
26 80
26 81
26 82
26 84
26 89
26 94
27 28
27 31
27 32
27 34
27 41
27 43
27 46
27 47
27 49
27 50
27 54
27 57
27 59
27 60
27 62
27 63
27 65
27 68
27 72
27 74
27 77
27 84
27 86
27 96
27 98
28 29
28 32
28 35
28 36
28 37
28 39
28 42
28 44
28 47
28 50
28 51
28 55
28 56
28 59
28 61
28 62
28 63
28 68
28 74
28 77
28 78
28 79
28 81
28 87
28 93
28 97
29 31
29 32
29 34
29 41
29 45
29 47
29 49
29 50
29 53
29 61
29 65
29 77
29 84
29 85
29 86
29 87
29 88
29 92
29 94
29 97
30 38
30 40
30 42
30 44
30 51
30 54
30 57
30 60
30 61
30 62
30 71
30 75
30 77
30 82
30 83
30 85
30 87
30 88
30 93
30 94
30 98
31 34
31 35
31 36
31 41
31 45
31 47
31 49
31 51
31 52
31 57
31 58
31 65
31 69
31 71
31 73
31 76
31 89
31 90
31 92
31 94
31 95
32 41
32 46
32 54
32 55
32 58
32 61
32 66
32 69
32 72
32 78
32 82
32 84
32 88
32 89
32 91
33 34
33 39
33 41
33 47
33 48
33 50
33 51
33 52
33 53
33 54
33 58
33 67
33 70
33 72
33 74
33 84
33 87
33 92
33 98
34 36
34 37
34 41
34 42
34 43
34 46
34 50
34 51
34 53
34 54
34 65
34 68
34 71
34 77
34 78
34 80
34 84
34 88
34 89
34 92
34 93
34 94
35 39
35 44
35 50
35 51
35 56
35 57
35 58
35 60
35 61
35 67
35 74
35 75
35 81
35 84
35 89
35 90
35 92
35 93
35 94
35 96
35 99
36 42
36 43
36 45
36 46
36 51
36 53
36 54
36 55
36 58
36 61
36 62
36 76
36 80
36 83
36 87
36 91
36 95
37 38
37 40
37 48
37 49
37 56
37 57
37 59
37 61
37 73
37 77
37 78
37 79
37 80
37 84
37 94
38 39
38 43
38 49
38 54
38 58
38 60
38 63
38 66
38 67
38 74
38 75
38 76
38 84
38 87
38 88
38 89
38 91
38 94
39 43
39 44
39 48
39 50
39 54
39 57
39 58
39 63
39 69
39 70
39 76
39 78
39 82
39 83
39 88
39 90
39 93
39 94
40 43
40 44
40 45
40 47
40 48
40 49
40 52
40 54
40 59
40 60
40 63
40 64
40 68
40 74
40 76
40 80
40 82
40 83
40 84
40 92
40 95
40 98
41 47
41 48
41 58
41 63
41 65
41 71
41 72
41 77
41 79
41 81
41 83
41 86
41 88
41 93
41 99
42 43
42 47
42 52
42 53
42 57
42 58
42 59
42 60
42 62
42 66
42 67
42 72
42 73
42 75
42 76
42 77
42 82
42 83
42 85
42 89
42 92
42 93
42 95
42 96
42 98
42 99
43 45
43 46
43 54
43 56
43 63
43 69
43 70
43 80
43 83
43 85
43 86
43 90
43 92
43 94
44 45
44 51
44 52
44 53
44 55
44 58
44 61
44 67
44 68
44 76
44 77
44 81
44 83
44 85
44 87
44 89
44 91
44 92
44 93
44 94
44 95
44 98
45 46
45 51
45 55
45 57
45 58
45 59
45 63
45 64
45 75
45 76
45 77
45 87
45 96
45 98
46 50
46 54
46 65
46 67
46 75
46 78
46 81
46 83
46 97
47 49
47 54
47 56
47 68
47 72
47 73
47 80
47 81
47 82
47 98
48 50
48 51
48 52
48 61
48 65
48 66
48 67
48 70
48 74
48 75
48 76
48 79
48 86
48 89
48 92
48 95
49 53
49 54
49 57
49 60
49 62
49 65
49 66
49 69
49 70
49 73
49 74
49 82
49 92
49 94
49 97
49 98
50 54
50 56
50 58
50 59
50 65
50 66
50 68
50 74
50 78
50 84
50 94
50 99
51 54
51 55
51 56
51 57
51 59
51 65
51 66
51 72
51 81
51 89
51 90
51 91
51 97
52 54
52 58
52 63
52 73
52 80
52 84
52 86
52 88
52 94
52 97
53 54
53 55
53 56
53 59
53 69
53 70
53 77
53 79
53 81
53 82
53 83
53 85
53 90
53 92
53 98
54 61
54 64
54 67
54 69
54 73
54 76
54 77
54 80
54 84
54 90
54 95
55 59
55 62
55 63
55 72
55 74
55 78
55 83
55 84
55 86
55 90
55 94
55 95
55 96
56 57
56 59
56 60
56 63
56 71
56 73
56 75
56 78
56 79
56 80
56 85
56 86
56 88
56 90
56 92
56 95
57 58
57 59
57 61
57 64
57 65
57 72
57 76
57 79
57 80
57 91
57 94
57 95
58 59
58 69
58 71
58 77
58 78
58 84
58 86
58 88
58 90
58 92
58 93
58 94
58 95
58 98
58 99
59 60
59 61
59 63
59 68
59 74
59 80
59 81
59 88
59 90
59 95
59 98
60 63
60 66
60 78
60 81
60 86
60 90
60 92
60 93
60 96
60 97
61 67
61 71
61 80
61 82
61 84
61 88
61 90
61 95
61 97
62 68
62 72
62 75
62 76
62 82
62 83
62 85
62 92
62 96
62 98
63 70
63 73
63 74
63 75
63 80
63 81
63 89
63 90
63 91
63 94
63 98
63 99
64 65
64 66
64 71
64 72
64 73
64 75
64 77
64 87
64 91
64 95
65 66
65 70
65 72
65 73
65 96
66 71
66 72
66 79
66 82
66 83
66 89
66 94
66 95
66 98
67 72
67 75
67 76
67 78
67 79
67 81
67 82
67 83
67 86
67 89
67 93
67 95
67 98
68 78
68 79
68 81
68 82
68 83
68 84
68 85
68 86
68 87
68 89
68 91
69 76
69 90
69 94
69 96
69 98
69 99
70 71
70 77
70 80
70 81
70 82
70 86
70 93
70 96
70 98
70 99
71 72
71 73
71 74
71 78
71 81
71 85
71 86
71 88
71 94
71 95
71 99
72 73
72 76
72 78
72 82
72 86
72 90
72 98
73 76
73 79
73 85
73 90
74 75
74 78
74 79
74 93
74 95
74 96
75 76
75 78
75 79
75 83
75 88
75 89
75 94
75 95
75 96
76 78
76 82
76 86
76 89
76 98
76 99
77 79
77 85
77 96
77 97
77 98
77 99
78 79
78 85
78 86
78 92
78 93
78 96
78 97
78 98
79 80
79 83
79 86
79 92
79 94
79 97
79 99
80 86
80 89
80 96
80 99
81 87
81 88
81 91
81 94
81 97
81 98
82 83
82 84
82 86
82 88
82 92
82 93
82 97
82 98
83 87
83 92
83 93
84 91
84 94
85 95
86 90
86 99
87 88
87 91
87 93
87 96
87 99
88 89
88 93
88 96
88 99
89 90
89 92
89 95
89 98
89 99
90 93
90 95
90 96
90 98
91 93
91 97
91 98
91 99
92 96
93 94
93 96
94 95
94 96
94 97
95 96
95 97
96 97
96 98
96 99
98 99
