0 2
0 4
0 5
0 8
0 11
0 13
0 16
0 22
0 23
0 28
0 29
0 30
0 32
0 33
0 37
0 40
0 42
0 45
0 48
0 49
0 50
0 51
0 54
0 57
0 58
0 64
0 65
0 66
0 67
0 70
0 71
0 72
0 75
0 79
0 83
0 84
0 85
0 88
0 92
0 93
0 95
0 98
1 5
1 9
1 10
1 12
1 13
1 18
1 19
1 20
1 24
1 25
1 27
1 28
1 31
1 33
1 34
1 36
1 38
1 41
1 42
1 48
1 51
1 52
1 57
1 58
1 59
1 64
1 65
1 66
1 77
1 82
1 84
1 87
1 94
1 96
1 97
1 98
1 99
2 3
2 6
2 11
2 12
2 14
2 17
2 23
2 25
2 28
2 30
2 34
2 36
2 41
2 42
2 47
2 49
2 52
2 54
2 58
2 61
2 67
2 68
2 72
2 74
2 77
2 79
2 80
2 83
2 86
2 87
2 89
2 92
2 95
2 96
2 98
3 5
3 6
3 8
3 9
3 12
3 14
3 17
3 22
3 24
3 25
3 26
3 29
3 32
3 35
3 38
3 40
3 41
3 44
3 46
3 53
3 55
3 59
3 60
3 61
3 63
3 65
3 68
3 72
3 73
3 74
3 77
3 80
3 82
3 83
3 84
3 86
3 89
3 90
3 92
3 94
3 96
3 99
4 9
4 10
4 13
4 14
4 15
4 16
4 17
4 18
4 21
4 23
4 25
4 28
4 29
4 30
4 31
4 34
4 40
4 41
4 44
4 48
4 49
4 50
4 56
4 57
4 58
4 63
4 65
4 69
4 70
4 71
4 74
4 76
4 78
4 79
4 80
4 85
4 92
4 96
5 8
5 9
5 10
5 13
5 15
5 23
5 27
5 31
5 33
5 35
5 49
5 52
5 53
5 56
5 57
5 60
5 66
5 68
5 69
5 72
5 73
5 76
5 79
5 80
5 86
5 87
5 89
5 91
5 92
5 94
5 99
6 7
6 8
6 9
6 10
6 11
6 12
6 13
6 16
6 20
6 23
6 25
6 29
6 30
6 33
6 34
6 35
6 36
6 39
6 47
6 48
6 49
6 50
6 54
6 60
6 61
6 63
6 66
6 67
6 68
6 73
6 74
6 78
6 84
6 85
6 87
6 88
6 90
6 92
6 93
6 94
6 99
7 8
7 9
7 11
7 13
7 18
7 21
7 22
7 25
7 26
7 28
7 30
7 32
7 33
7 35
7 37
7 38
7 40
7 42
7 46
7 48
7 50
7 51
7 54
7 56
7 58
7 60
7 61
7 63
7 66
7 67
7 70
7 75
7 76
7 77
7 80
7 83
7 84
7 89
7 95
7 96
7 97
7 98
8 10
8 11
8 12
8 13
8 19
8 26
8 28
8 31
8 38
8 43
8 46
8 48
8 50
8 52
8 55
8 59
8 64
8 65
8 67
8 68
8 71
8 74
8 78
8 80
8 83
8 84
8 88
8 90
8 92
8 93
8 95
8 98
9 15
9 17
9 20
9 21
9 23
9 28
9 29
9 31
9 34
9 36
9 39
9 41
9 42
9 45
9 46
9 49
9 50
9 56
9 57
9 61
9 62
9 65
9 73
9 76
9 78
9 84
9 85
9 90
9 91
9 92
9 93
9 94
9 95
9 96
9 97
9 98
9 99
10 12
10 13
10 14
10 16
10 17
10 18
10 19
10 21
10 22
10 25
10 26
10 28
10 32
10 34
10 38
10 39
10 41
10 42
10 43
10 45
10 48
10 52
10 57
10 61
10 69
10 71
10 72
10 73
10 74
10 76
10 78
10 83
10 84
10 88
10 91
10 95
10 96
10 97
11 12
11 15
11 19
11 24
11 25
11 28
11 31
11 35
11 37
11 40
11 41
11 47
11 52
11 53
11 56
11 57
11 58
11 59
11 60
11 63
11 64
11 66
11 72
11 74
11 75
11 77
11 78
11 80
11 82
11 83
11 84
11 85
11 86
11 87
11 88
11 92
11 98
11 99
12 14
12 17
12 19
12 20
12 21
12 22
12 26
12 28
12 29
12 30
12 32
12 33
12 34
12 36
12 39
12 40
12 41
12 42
12 43
12 54
12 59
12 60
12 61
12 64
12 65
12 74
12 76
12 77
12 80
12 81
12 87
12 88
12 89
12 90
12 97
12 98
12 99
13 16
13 20
13 25
13 26
13 27
13 34
13 36
13 47
13 48
13 56
13 57
13 58
13 59
13 60
13 62
13 64
13 66
13 68
13 69
13 72
13 73
13 74
13 75
13 77
13 82
13 83
13 85
13 87
13 90
13 93
13 94
13 99
14 15
14 18
14 19
14 24
14 25
14 28
14 32
14 33
14 34
14 36
14 38
14 39
14 40
14 41
14 44
14 47
14 48
14 49
14 55
14 57
14 58
14 61
14 64
14 65
14 67
14 68
14 69
14 70
14 72
14 73
14 78
14 81
14 82
14 84
14 86
14 88
14 90
14 92
14 93
14 95
14 97
15 18
15 21
15 23
15 24
15 25
15 28
15 31
15 33
15 36
15 37
15 43
15 44
15 45
15 46
15 48
15 52
15 55
15 56
15 58
15 61
15 62
15 63
15 68
15 72
15 73
15 74
15 76
15 78
15 79
15 87
15 88
15 89
15 95
15 98
16 19
16 21
16 26
16 28
16 29
16 31
16 32
16 40
16 44
16 46
16 47
16 49
16 53
16 54
16 55
16 57
16 60
16 61
16 62
16 65
16 66
16 67
16 69
16 74
16 76
16 80
16 84
16 92
16 93
16 94
16 95
16 98
16 99
17 18
17 20
17 22
17 24
17 25
17 26
17 27
17 28
17 30
17 34
17 35
17 36
17 37
17 41
17 44
17 45
17 46
17 50
17 56
17 58
17 64
17 65
17 67
17 69
17 73
17 74
17 76
17 77
17 78
17 80
17 81
17 82
17 91
17 93
17 94
17 99
18 20
18 21
18 22
18 26
18 28
18 34
18 37
18 42
18 45
18 46
18 51
18 54
18 55
18 58
18 60
18 62
18 64
18 65
18 67
18 69
18 72
18 73
18 77
18 79
18 80
18 81
18 82
18 83
18 84
18 85
18 89
18 90
18 91
18 92
18 93
18 94
18 95
18 99
19 21
19 22
19 25
19 26
19 28
19 31
19 33
19 34
19 35
19 38
19 39
19 40
19 46
19 47
19 48
19 49
19 51
19 53
19 54
19 60
19 65
19 67
19 70
19 72
19 73
19 77
19 78
19 81
19 85
19 88
19 90
19 92
19 95
20 31
20 35
20 37
20 45
20 47
20 49
20 51
20 53
20 56
20 58
20 61
20 62
20 66
20 67
20 68
20 71
20 75
20 79
20 82
20 84
20 87
20 88
20 94
20 95
20 97
20 99
21 23
21 25
21 26
21 32
21 36
21 37
21 40
21 44
21 45
21 46
21 47
21 48
21 49
21 52
21 54
21 57
21 58
21 63
21 64
21 66
21 67
21 68
21 72
21 75
21 80
21 82
21 83
21 85
21 87
21 88
21 90
21 91
21 93
21 96
22 23
22 24
22 25
22 27
22 29
22 40
22 41
22 42
22 44
22 47
22 49
22 50
22 54
22 57
22 58
22 61
22 62
22 63
22 65
22 70
22 72
22 75
22 79
22 81
22 82
22 85
22 86
22 88
22 94
22 95
22 97
23 25
23 26
23 27
23 28
23 31
23 32
23 34
23 35
23 36
23 37
23 38
23 40
23 41
23 43
23 46
23 49
23 51
23 55
23 58
23 61
23 62
23 65
23 73
23 78
23 80
23 82
23 83
23 85
23 89
23 90
23 91
23 92
23 99
24 25
24 31
24 32
24 38
24 41
24 43
24 44
24 46
24 49
24 50
24 51
24 52
24 53
24 57
24 62
24 72
24 73
24 78
24 79
24 81
24 83
24 85
24 88
24 94
24 95
24 97
24 98
25 27
25 28
25 30
25 34
25 39
25 40
25 41
25 44
25 46
25 52
25 57
25 60
25 68
25 72
25 76
25 79
25 88
25 91
25 94
25 95
25 98
26 27
26 32
26 34
26 40
26 44
26 46
26 48
26 50
26 51
26 52
26 54
26 56
26 58
26 60
26 65
26 67
26 69
26 71
26 73
26 76
26 77
26 81
26 85
26 89
26 93
26 98
26 99
27 28
27 29
27 30
27 33
27 35
27 36
27 38
27 42
27 43
27 45
27 46
27 47
27 60
27 62
27 66
27 72
27 74
27 76
27 77
27 80
27 81
27 83
27 84
27 85
27 90
27 91
27 93
27 96
27 99
28 30
28 34
28 37
28 39
28 42
28 44
28 45
28 53
28 54
28 55
28 57
28 62
28 63
28 64
28 66
28 67
28 69
28 70
28 71
28 75
28 76
28 79
28 80
28 82
28 84
28 91
28 96
29 30
29 32
29 33
29 38
29 39
29 41
29 42
29 44
29 46
29 47
29 50
29 56
29 58
29 64
29 66
29 70
29 72
29 74
29 77
29 79
29 81
29 83
29 84
29 86
29 89
29 91
29 92
29 94
29 95
29 97
29 98
30 36
30 39
30 40
30 42
30 49
30 54
30 62
30 63
30 65
30 66
30 71
30 73
30 74
30 75
30 76
30 79
30 83
30 84
30 87
30 89
30 90
30 92
30 93
30 95
30 96
30 97
30 98
30 99
31 32
31 33
31 35
31 37
31 38
31 42
31 43
31 46
31 50
31 51
31 55
31 60
31 61
31 63
31 64
31 68
31 69
31 70
31 73
31 74
31 79
31 80
31 82
31 85
31 86
31 87
31 89
31 90
31 92
31 95
31 96
32 36
32 37
32 43
32 44
32 46
32 49
32 57
32 66
32 67
32 69
32 70
32 74
32 76
32 77
32 79
32 82
32 83
32 84
32 86
32 88
32 90
32 91
32 93
32 95
32 96
32 98
32 99
33 37
33 38
33 39
33 40
33 41
33 42
33 44
33 45
33 51
33 52
33 56
33 59
33 64
33 68
33 69
33 76
33 80
33 81
33 85
33 87
33 90
33 94
33 95
33 97
33 98
34 38
34 40
34 48
34 50
34 51
34 52
34 53
34 55
34 60
34 62
34 64
34 67
34 70
34 73
34 74
34 75
34 77
34 78
34 79
34 81
34 82
34 84
34 87
34 88
34 89
34 92
34 93
34 94
34 95
34 96
34 97
35 43
35 45
35 47
35 49
35 52
35 54
35 59
35 60
35 61
35 65
35 66
35 68
35 71
35 73
35 76
35 77
35 80
35 82
35 84
35 87
35 89
35 90
36 38
36 46
36 47
36 51
36 52
36 54
36 55
36 56
36 57
36 58
36 60
36 61
36 62
36 64
36 65
36 67
36 69
36 70
36 72
36 73
36 74
36 75
36 76
36 78
36 80
36 81
36 83
36 84
36 85
36 91
36 95
36 97
36 98
36 99
37 42
37 43
37 44
37 46
37 47
37 48
37 50
37 55
37 56
37 58
37 61
37 65
37 70
37 73
37 74
37 75
37 76
37 80
37 81
37 82
37 84
37 89
37 91
37 98
38 39
38 41
38 43
38 47
38 50
38 57
38 58
38 59
38 63
38 64
38 67
38 73
38 77
38 78
38 80
38 83
38 84
38 86
38 88
38 91
38 93
39 41
39 43
39 46
39 48
39 50
39 52
39 54
39 56
39 57
39 59
39 64
39 65
39 69
39 72
39 77
39 80
39 82
39 85
39 90
39 92
39 94
39 95
39 98
39 99
40 41
40 42
40 43
40 46
40 49
40 54
40 57
40 58
40 59
40 62
40 63
40 64
40 67
40 72
40 73
40 78
40 79
40 85
40 86
40 89
40 93
40 94
41 42
41 49
41 50
41 54
41 55
41 56
41 59
41 63
41 66
41 70
41 72
41 74
41 80
41 83
41 84
41 88
41 89
41 90
41 92
41 93
41 94
41 95
41 97
41 98
42 43
42 44
42 48
42 51
42 52
42 54
42 57
42 58
42 61
42 64
42 65
42 66
42 67
42 69
42 76
42 78
42 82
42 83
42 86
42 87
42 88
42 90
42 91
42 94
42 96
42 99
43 47
43 48
43 53
43 59
43 66
43 69
43 70
43 71
43 72
43 76
43 78
43 79
43 83
43 85
43 87
43 90
43 91
43 95
43 99
44 48
44 50
44 51
44 55
44 56
44 59
44 62
44 64
44 65
44 67
44 70
44 71
44 73
44 74
44 76
44 77
44 78
44 81
44 84
44 85
44 87
44 93
44 95
44 96
44 99
45 47
45 50
45 54
45 57
45 58
45 61
45 62
45 65
45 66
45 67
45 71
45 75
45 76
45 78
45 80
45 81
45 83
45 85
45 89
45 90
45 92
45 93
45 95
45 96
45 97
46 47
46 48
46 53
46 56
46 58
46 60
46 69
46 71
46 72
46 75
46 77
46 78
46 82
46 83
46 86
46 88
46 89
46 90
46 92
46 95
46 98
47 49
47 55
47 58
47 59
47 65
47 66
47 67
47 68
47 70
47 71
47 72
47 76
47 78
47 80
47 81
47 87
47 93
47 95
47 99
48 52
48 53
48 59
48 62
48 64
48 66
48 69
48 70
48 73
48 74
48 75
48 77
48 78
48 82
48 83
48 86
48 88
48 90
48 91
48 92
48 94
48 97
48 98
48 99
49 50
49 52
49 53
49 56
49 58
49 60
49 65
49 68
49 69
49 71
49 72
49 74
49 77
49 80
49 89
49 91
49 93
49 96
49 98
50 53
50 54
50 56
50 57
50 59
50 60
50 61
50 68
50 69
50 70
50 71
50 72
50 75
50 76
50 77
50 81
50 82
50 84
50 88
50 96
50 97
51 52
51 54
51 55
51 57
51 60
51 62
51 64
51 67
51 68
51 72
51 75
51 77
51 79
51 81
51 82
51 88
51 91
51 93
51 94
51 98
52 54
52 56
52 58
52 60
52 62
52 67
52 72
52 80
52 82
52 83
52 85
52 86
52 92
52 93
53 55
53 58
53 60
53 62
53 64
53 65
53 66
53 67
53 69
53 70
53 71
53 74
53 76
53 80
53 83
53 84
53 89
53 92
53 96
53 97
54 58
54 59
54 61
54 63
54 66
54 67
54 68
54 72
54 74
54 76
54 77
54 79
54 86
54 87
54 89
54 90
54 91
54 95
54 96
54 98
55 56
55 57
55 58
55 59
55 63
55 65
55 69
55 71
55 72
55 73
55 77
55 79
55 81
55 85
55 86
55 87
55 88
55 92
55 95
56 58
56 59
56 60
56 61
56 62
56 67
56 70
56 71
56 72
56 73
56 74
56 80
56 82
56 84
56 87
56 90
56 91
56 92
56 93
56 96
56 97
57 61
57 62
57 65
57 66
57 67
57 68
57 69
57 78
57 85
57 86
57 92
57 93
57 94
58 59
58 62
58 64
58 66
58 67
58 69
58 74
58 75
58 78
58 85
58 88
58 89
58 91
58 92
58 95
58 96
59 61
59 65
59 66
59 68
59 69
59 70
59 71
59 73
59 79
59 80
59 81
59 83
59 84
59 85
59 87
59 88
59 92
59 93
60 62
60 63
60 65
60 67
60 69
60 72
60 74
60 76
60 77
60 82
60 83
60 85
61 63
61 64
61 65
61 70
61 71
61 72
61 74
61 75
61 76
61 78
61 79
61 81
61 82
61 83
61 84
61 85
61 87
61 90
61 92
61 96
62 67
62 68
62 69
62 70
62 72
62 75
62 78
62 80
62 81
62 84
62 89
62 94
62 97
62 99
63 64
63 65
63 66
63 67
63 69
63 70
63 72
63 73
63 74
63 77
63 82
63 83
63 85
63 87
63 90
63 92
63 95
63 98
63 99
64 74
64 76
64 78
64 80
64 82
64 86
64 89
64 90
64 92
64 94
64 95
64 96
65 66
65 67
65 72
65 77
65 78
65 79
65 81
65 84
65 90
65 93
65 94
65 95
66 69
66 70
66 73
66 74
66 75
66 76
66 80
66 83
66 84
66 85
66 94
66 95
66 97
66 98
66 99
67 70
67 72
67 77
67 78
67 81
67 84
67 89
67 90
67 92
67 96
67 97
68 69
68 70
68 71
68 72
68 74
68 78
68 84
68 85
68 86
68 87
68 97
69 71
69 75
69 80
69 81
69 82
69 83
69 87
69 89
69 94
70 72
70 73
70 74
70 80
70 81
70 83
70 84
70 85
70 88
70 91
70 98
70 99
71 76
71 87
71 91
71 93
71 94
71 95
71 97
71 99
72 73
72 74
72 78
72 79
72 81
72 83
72 85
72 86
72 87
72 89
72 90
72 94
72 97
72 99
73 81
73 82
73 83
73 84
73 89
73 90
73 94
73 96
73 97
74 75
74 77
74 78
74 80
74 82
74 83
74 85
74 87
74 89
74 90
74 95
74 98
75 80
75 82
75 88
75 89
75 92
75 98
75 99
76 80
76 81
76 83
76 91
76 94
77 78
77 79
77 80
77 85
77 87
77 88
77 96
77 97
78 80
78 89
78 90
78 93
78 95
78 96
78 97
78 98
78 99
79 82
79 83
79 96
79 98
80 85
80 88
80 89
80 93
80 95
80 99
81 83
81 84
81 86
81 94
81 97
81 99
82 85
82 87
82 88
82 90
82 92
82 93
82 96
83 85
83 90
83 91
83 92
83 97
83 99
84 85
84 86
84 88
84 92
84 97
85 88
85 89
85 93
85 95
85 98
85 99
86 87
86 91
86 93
86 94
86 97
86 98
87 90
87 94
87 96
88 89
88 90
88 92
88 93
88 94
88 95
88 96
89 90
89 94
89 95
89 97
90 93
90 97
90 98
90 99
91 93
91 95
91 98
92 95
92 99
93 95
94 95
94 96
94 98
94 99
95 96
95 98
95 99
96 97
97 98
98 99
