0 1
0 2
0 4
0 6
0 9
0 10
0 12
0 13
0 17
0 19
0 21
0 23
0 27
0 36
0 37
0 43
0 44
0 47
0 48
0 49
0 51
0 54
0 55
0 56
0 57
0 63
0 64
0 71
0 72
0 74
0 75
0 77
0 78
0 82
0 83
0 85
0 87
0 88
0 89
0 90
0 91
0 94
0 96
0 99
1 4
1 5
1 6
1 10
1 12
1 13
1 14
1 19
1 20
1 23
1 24
1 29
1 33
1 39
1 43
1 46
1 50
1 55
1 58
1 61
1 65
1 71
1 73
1 80
1 85
1 88
1 89
1 90
1 92
1 95
1 96
1 97
2 4
2 6
2 8
2 11
2 12
2 13
2 18
2 19
2 22
2 23
2 24
2 29
2 34
2 36
2 38
2 39
2 43
2 44
2 52
2 55
2 57
2 58
2 59
2 60
2 61
2 66
2 67
2 68
2 71
2 72
2 77
2 80
2 81
2 82
2 85
2 86
2 87
2 91
2 97
2 98
3 4
3 9
3 11
3 12
3 13
3 16
3 19
3 25
3 28
3 29
3 31
3 34
3 35
3 41
3 44
3 46
3 47
3 50
3 52
3 53
3 55
3 56
3 57
3 59
3 62
3 66
3 67
3 68
3 69
3 70
3 72
3 82
3 84
3 85
3 86
3 87
3 88
3 91
3 96
3 98
3 99
4 5
4 8
4 10
4 11
4 13
4 14
4 17
4 18
4 21
4 22
4 24
4 27
4 32
4 33
4 42
4 44
4 47
4 51
4 54
4 58
4 59
4 62
4 64
4 66
4 68
4 69
4 72
4 73
4 75
4 76
4 77
4 79
4 85
4 87
4 89
4 92
4 98
5 6
5 7
5 19
5 22
5 24
5 27
5 28
5 30
5 34
5 39
5 40
5 42
5 43
5 47
5 49
5 50
5 52
5 55
5 56
5 58
5 59
5 61
5 62
5 64
5 66
5 68
5 70
5 71
5 72
5 74
5 75
5 83
5 86
5 89
5 90
5 91
5 92
5 93
5 96
5 97
5 98
6 8
6 9
6 12
6 16
6 17
6 18
6 25
6 26
6 27
6 28
6 32
6 37
6 39
6 42
6 44
6 47
6 49
6 51
6 52
6 57
6 60
6 62
6 70
6 71
6 73
6 75
6 76
6 83
6 90
6 93
6 95
6 98
6 99
7 8
7 11
7 12
7 13
7 16
7 17
7 22
7 27
7 29
7 37
7 43
7 44
7 46
7 49
7 50
7 52
7 54
7 58
7 60
7 62
7 68
7 73
7 74
7 75
7 76
7 81
7 84
7 85
7 88
7 90
7 91
7 92
7 96
7 97
7 98
7 99
8 10
8 16
8 19
8 20
8 21
8 22
8 24
8 25
8 29
8 30
8 32
8 33
8 34
8 35
8 36
8 37
8 43
8 44
8 48
8 50
8 51
8 52
8 57
8 58
8 60
8 68
8 69
8 71
8 74
8 75
8 77
8 78
8 79
8 81
8 82
8 83
8 84
8 86
8 88
8 89
8 90
8 92
8 93
9 10
9 14
9 25
9 28
9 30
9 33
9 36
9 38
9 39
9 42
9 44
9 52
9 53
9 56
9 57
9 61
9 71
9 73
9 74
9 77
9 79
9 84
9 85
9 86
9 87
9 88
9 90
9 91
9 92
9 94
9 97
9 98
10 15
10 18
10 29
10 31
10 32
10 33
10 38
10 40
10 42
10 47
10 49
10 51
10 52
10 55
10 58
10 61
10 65
10 70
10 72
10 74
10 77
10 82
10 83
10 88
10 90
11 14
11 17
11 19
11 20
11 21
11 23
11 26
11 29
11 30
11 31
11 32
11 34
11 35
11 36
11 38
11 41
11 46
11 49
11 53
11 54
11 55
11 57
11 58
11 66
11 68
11 71
11 74
11 75
11 78
11 80
11 81
11 84
11 85
11 86
11 89
11 92
11 95
11 96
11 97
11 98
12 18
12 19
12 21
12 22
12 23
12 28
12 33
12 37
12 38
12 39
12 40
12 42
12 43
12 44
12 47
12 49
12 50
12 54
12 56
12 57
12 58
12 60
12 61
12 62
12 64
12 69
12 73
12 79
12 80
12 83
12 89
12 92
12 94
12 98
12 99
13 15
13 17
13 18
13 23
13 24
13 25
13 26
13 29
13 30
13 32
13 33
13 36
13 38
13 42
13 46
13 50
13 51
13 53
13 54
13 58
13 59
13 60
13 63
13 64
13 66
13 67
13 69
13 70
13 71
13 74
13 75
13 78
13 81
13 89
13 92
13 96
13 98
14 15
14 16
14 18
14 21
14 23
14 24
14 28
14 29
14 32
14 33
14 36
14 40
14 42
14 43
14 45
14 48
14 49
14 50
14 54
14 55
14 56
14 58
14 59
14 60
14 61
14 63
14 67
14 69
14 72
14 73
14 79
14 82
14 87
14 88
14 89
14 93
14 97
15 17
15 21
15 24
15 26
15 29
15 31
15 32
15 34
15 36
15 38
15 41
15 43
15 44
15 47
15 49
15 51
15 53
15 55
15 57
15 58
15 60
15 61
15 63
15 64
15 66
15 68
15 72
15 74
15 75
15 80
15 81
15 82
15 85
15 88
15 91
15 92
15 95
15 98
16 21
16 23
16 26
16 28
16 29
16 31
16 32
16 36
16 42
16 43
16 44
16 48
16 49
16 52
16 53
16 57
16 60
16 61
16 63
16 68
16 69
16 70
16 71
16 72
16 74
16 79
16 80
16 82
16 83
16 84
16 88
16 89
16 91
16 92
16 93
16 99
17 19
17 20
17 24
17 27
17 29
17 32
17 41
17 43
17 44
17 45
17 46
17 48
17 50
17 51
17 52
17 54
17 56
17 57
17 59
17 60
17 63
17 66
17 69
17 70
17 76
17 78
17 81
17 83
17 84
17 85
17 86
17 87
17 90
17 94
18 19
18 20
18 21
18 22
18 23
18 26
18 29
18 30
18 31
18 33
18 34
18 38
18 40
18 43
18 44
18 49
18 50
18 52
18 56
18 57
18 58
18 61
18 63
18 65
18 67
18 68
18 73
18 75
18 86
18 88
18 90
18 91
18 93
18 94
18 95
18 97
18 98
18 99
19 21
19 22
19 23
19 25
19 26
19 27
19 28
19 33
19 34
19 42
19 44
19 46
19 53
19 55
19 59
19 61
19 66
19 67
19 68
19 70
19 78
19 79
19 80
19 81
19 82
19 83
19 84
19 92
19 93
19 94
19 95
19 96
20 24
20 25
20 26
20 27
20 31
20 32
20 37
20 38
20 40
20 42
20 44
20 45
20 47
20 49
20 50
20 51
20 53
20 55
20 58
20 60
20 68
20 69
20 71
20 72
20 73
20 75
20 79
20 80
20 83
20 84
20 87
20 88
20 89
20 92
20 93
20 99
21 22
21 25
21 26
21 30
21 31
21 32
21 36
21 37
21 38
21 41
21 44
21 46
21 48
21 49
21 51
21 53
21 58
21 60
21 64
21 66
21 69
21 70
21 71
21 72
21 73
21 81
21 82
21 83
21 84
21 86
21 87
21 88
21 91
21 92
21 93
21 94
21 96
21 98
22 27
22 28
22 29
22 34
22 36
22 40
22 41
22 42
22 44
22 46
22 51
22 53
22 54
22 56
22 57
22 58
22 59
22 62
22 69
22 73
22 75
22 76
22 78
22 79
22 80
22 81
22 85
22 87
22 89
22 90
22 95
22 98
22 99
23 27
23 29
23 31
23 34
23 35
23 36
23 39
23 41
23 43
23 48
23 54
23 55
23 57
23 59
23 61
23 62
23 63
23 66
23 67
23 68
23 73
23 74
23 76
23 81
23 82
23 83
23 91
23 92
23 96
23 97
24 25
24 26
24 28
24 30
24 31
24 32
24 34
24 35
24 37
24 38
24 39
24 40
24 43
24 44
24 45
24 49
24 50
24 57
24 59
24 61
24 63
24 67
24 70
24 74
24 76
24 80
24 81
24 93
24 94
24 97
24 99
25 28
25 33
25 34
25 37
25 39
25 40
25 41
25 42
25 43
25 45
25 47
25 48
25 52
25 53
25 56
25 67
25 68
25 69
25 70
25 73
25 75
25 76
25 80
25 83
25 85
25 86
25 88
25 89
25 90
25 91
25 93
25 94
25 96
25 98
26 27
26 30
26 31
26 33
26 35
26 38
26 39
26 40
26 41
26 42
26 43
26 46
26 49
26 50
26 51
26 53
26 54
26 55
26 60
26 61
26 65
26 66
26 70
26 72
26 74
26 75
26 78
26 79
26 82
26 83
26 85
26 88
26 89
26 95
26 96
26 98
27 29
27 33
27 37
27 43
27 44
27 47
27 48
27 49
27 50
27 51
27 52
27 56
27 57
27 58
27 59
27 61
27 62
27 63
27 65
27 66
27 69
27 70
27 73
27 74
27 75
27 76
27 77
27 79
27 82
27 83
27 84
27 86
27 90
27 94
27 96
27 98
28 29
28 30
28 32
28 36
28 41
28 42
28 43
28 47
28 52
28 55
28 63
28 64
28 66
28 67
28 70
28 71
28 72
28 81
28 82
28 87
28 96
28 98
29 30
29 31
29 38
29 42
29 47
29 50
29 51
29 52
29 53
29 54
29 57
29 58
29 62
29 63
29 64
29 65
29 67
29 68
29 70
29 71
29 72
29 78
29 79
29 80
29 82
29 85
29 87
29 92
29 93
30 33
30 34
30 35
30 39
30 42
30 44
30 46
30 48
30 49
30 50
30 56
30 60
30 61
30 63
30 64
30 65
30 67
30 68
30 70
30 77
30 79
30 80
30 81
30 82
30 83
30 86
30 90
30 96
30 97
30 98
30 99
31 32
31 33
31 35
31 37
31 38
31 40
31 41
31 42
31 43
31 48
31 49
31 51
31 54
31 55
31 56
31 61
31 68
31 69
31 70
31 74
31 76
31 78
31 79
31 80
31 85
31 89
31 91
31 92
31 97
31 98
31 99
32 34
32 35
32 38
32 39
32 44
32 45
32 51
32 52
32 56
32 57
32 58
32 62
32 67
32 72
32 74
32 76
32 77
32 78
32 80
32 81
32 84
32 85
32 86
32 88
32 89
32 93
32 95
32 97
33 35
33 36
33 38
33 42
33 44
33 48
33 49
33 52
33 60
33 61
33 64
33 65
33 68
33 70
33 71
33 76
33 80
33 81
33 83
33 89
33 90
33 92
33 96
33 97
33 98
33 99
34 36
34 39
34 40
34 41
34 42
34 49
34 50
34 51
34 53
34 55
34 61
34 63
34 70
34 72
34 73
34 76
34 78
34 80
34 81
34 82
34 85
34 87
34 89
34 90
34 94
34 99
35 36
35 39
35 45
35 46
35 47
35 51
35 53
35 60
35 61
35 62
35 63
35 64
35 65
35 66
35 72
35 73
35 76
35 78
35 81
35 83
35 85
35 89
35 90
35 96
35 97
36 39
36 41
36 43
36 45
36 50
36 53
36 56
36 57
36 59
36 66
36 67
36 68
36 72
36 75
36 76
36 77
36 80
36 83
36 85
36 89
36 91
36 93
36 94
36 95
37 38
37 40
37 43
37 44
37 47
37 48
37 54
37 56
37 62
37 64
37 66
37 72
37 74
37 77
37 82
37 94
37 95
37 96
37 99
38 39
38 42
38 44
38 48
38 50
38 51
38 52
38 53
38 54
38 60
38 62
38 63
38 65
38 68
38 70
38 71
38 76
38 80
38 82
38 85
38 86
38 93
38 95
38 97
39 41
39 42
39 43
39 46
39 49
39 50
39 53
39 54
39 56
39 57
39 63
39 66
39 68
39 69
39 70
39 74
39 77
39 78
39 79
39 80
39 82
39 89
39 90
39 93
39 98
40 42
40 46
40 47
40 48
40 52
40 53
40 55
40 56
40 63
40 64
40 69
40 70
40 73
40 74
40 75
40 76
40 82
40 85
40 88
40 90
40 95
40 99
41 44
41 50
41 51
41 53
41 56
41 63
41 70
41 72
41 73
41 75
41 77
41 78
41 87
41 89
41 90
41 93
41 94
41 98
41 99
42 44
42 45
42 46
42 56
42 59
42 61
42 64
42 70
42 73
42 76
42 78
42 79
42 80
42 81
42 82
42 84
42 86
42 87
42 88
42 90
42 92
42 93
42 96
43 49
43 53
43 54
43 58
43 60
43 64
43 66
43 67
43 69
43 71
43 72
43 77
43 79
43 80
43 82
43 85
43 87
43 90
43 92
43 93
43 94
43 97
43 99
44 47
44 48
44 49
44 51
44 53
44 56
44 61
44 63
44 66
44 67
44 69
44 72
44 75
44 76
44 77
44 79
44 80
44 84
44 85
44 88
44 89
44 91
44 92
44 95
44 97
44 98
45 50
45 52
45 56
45 59
45 60
45 63
45 65
45 71
45 73
45 74
45 76
45 77
45 80
45 81
45 86
46 47
46 49
46 54
46 55
46 56
46 58
46 59
46 64
46 66
46 67
46 70
46 71
46 74
46 75
46 76
46 77
46 78
46 79
46 85
46 86
46 91
46 98
46 99
47 50
47 52
47 53
47 54
47 55
47 60
47 62
47 63
47 68
47 70
47 72
47 74
47 75
47 76
47 77
47 79
47 80
47 82
47 83
47 84
47 87
47 95
47 98
48 49
48 52
48 55
48 56
48 59
48 60
48 61
48 63
48 64
48 67
48 73
48 82
48 85
48 91
48 93
48 94
48 96
48 97
49 51
49 57
49 63
49 65
49 67
49 70
49 73
49 75
49 76
49 77
49 78
49 81
49 82
49 84
49 86
49 92
49 93
49 94
49 95
49 99
50 52
50 53
50 55
50 57
50 62
50 63
50 66
50 70
50 74
50 77
50 78
50 79
50 80
50 81
50 82
50 83
50 85
50 87
50 91
50 92
50 94
50 95
50 97
51 52
51 53
51 54
51 56
51 58
51 59
51 60
51 67
51 69
51 71
51 74
51 80
51 81
51 83
51 91
51 94
51 96
51 99
52 54
52 56
52 57
52 58
52 60
52 64
52 69
52 72
52 73
52 75
52 76
52 79
52 80
52 81
52 84
52 87
52 90
52 97
52 99
53 54
53 56
53 59
53 67
53 69
53 74
53 75
53 76
53 77
53 79
53 80
53 82
53 83
53 86
53 87
53 89
53 92
53 93
53 94
53 95
53 97
54 60
54 63
54 64
54 67
54 68
54 69
54 73
54 76
54 79
54 81
54 84
54 88
54 94
54 97
55 57
55 58
55 59
55 60
55 61
55 67
55 68
55 70
55 74
55 77
55 79
55 87
55 89
55 91
55 92
55 93
55 95
55 96
55 97
55 99
56 60
56 62
56 65
56 68
56 74
56 77
56 84
56 89
56 91
56 92
56 93
56 96
56 97
56 98
56 99
57 63
57 68
57 71
57 72
57 73
57 74
57 75
57 76
57 81
57 84
57 93
57 99
58 62
58 66
58 69
58 70
58 74
58 76
58 78
58 82
58 84
58 87
58 89
58 91
58 92
58 95
58 96
58 99
59 61
59 64
59 71
59 72
59 78
59 80
59 81
59 83
59 84
59 86
59 88
59 89
59 91
59 92
59 93
59 94
59 96
60 62
60 65
60 71
60 72
60 74
60 75
60 80
60 81
60 83
60 84
60 89
60 90
60 91
60 94
60 95
60 96
60 97
61 64
61 67
61 69
61 71
61 77
61 78
61 79
61 80
61 81
61 83
61 84
61 86
61 87
62 63
62 66
62 67
62 69
62 71
62 74
62 75
62 83
62 84
62 85
62 86
62 91
62 92
62 95
62 99
63 64
63 66
63 67
63 68
63 70
63 72
63 74
63 75
63 81
63 88
63 89
63 98
63 99
64 66
64 68
64 70
64 72
64 73
64 75
64 77
64 82
64 84
64 85
64 86
64 89
64 91
64 92
64 93
64 94
64 96
64 97
64 98
64 99
65 67
65 69
65 71
65 76
65 81
65 82
65 88
65 92
65 93
65 95
65 97
65 99
66 67
66 68
66 69
66 71
66 72
66 74
66 75
66 78
66 80
66 82
66 84
66 85
66 87
66 92
66 94
66 96
66 97
66 98
67 69
67 70
67 71
67 74
67 75
67 80
67 81
67 85
67 87
67 91
67 92
67 94
67 95
67 97
67 98
67 99
68 69
68 70
68 79
68 80
68 81
68 84
68 85
68 92
68 99
69 72
69 73
69 74
69 76
69 80
69 81
69 82
69 83
69 85
69 87
69 89
69 90
69 92
69 94
69 95
70 71
70 74
70 76
70 85
70 86
70 87
70 88
70 89
70 90
70 91
70 93
70 97
70 98
71 73
71 74
71 76
71 79
71 80
71 81
71 84
71 87
71 90
71 91
71 93
71 96
72 74
72 83
72 84
72 88
72 92
72 93
72 94
72 95
72 96
73 77
73 78
73 81
73 83
73 85
73 87
73 90
73 91
73 93
73 95
73 96
73 99
74 80
74 81
74 83
74 84
74 86
74 89
74 92
74 95
74 97
74 99
75 77
75 78
75 80
75 84
75 87
75 94
75 96
75 99
76 77
76 79
76 84
76 85
76 86
76 88
76 91
76 97
76 98
76 99
77 82
77 83
77 84
77 88
77 90
77 91
77 94
77 96
77 98
78 81
78 82
78 84
78 85
78 86
78 87
78 88
78 93
78 99
79 81
79 83
79 85
79 88
79 90
79 93
79 95
79 97
80 83
80 85
80 86
80 91
80 93
80 94
80 97
81 83
81 84
81 85
81 86
81 88
81 92
81 93
81 94
81 95
82 86
82 93
82 94
82 97
82 99
83 84
83 90
83 94
83 95
84 91
84 93
84 94
84 95
84 96
84 99
85 92
85 94
85 99
86 88
86 89
86 91
86 92
86 93
86 96
86 98
87 92
87 93
87 94
87 97
87 98
88 92
88 93
88 94
88 95
88 97
88 98
89 91
89 92
89 95
89 98
89 99
90 96
90 99
91 95
92 93
92 95
92 97
92 98
92 99
93 94
94 95
94 96
95 96
95 97
95 98
96 97
97 99
98 99
