0 1
0 2
0 3
0 4
0 8
0 9
0 11
0 12
0 15
0 20
0 22
0 23
0 26
0 27
0 29
0 30
0 32
0 33
0 34
0 37
0 40
0 41
0 43
0 45
0 48
0 56
0 60
0 61
0 70
0 71
0 72
0 73
0 74
0 75
0 79
0 81
0 82
0 83
0 84
0 90
0 92
0 93
0 94
0 95
0 97
1 4
1 6
1 7
1 8
1 10
1 15
1 16
1 17
1 18
1 19
1 24
1 29
1 30
1 31
1 33
1 37
1 38
1 40
1 44
1 49
1 51
1 52
1 55
1 56
1 57
1 59
1 60
1 62
1 63
1 65
1 66
1 69
1 72
1 77
1 79
1 83
1 84
1 87
1 89
1 90
1 92
1 93
1 95
1 96
1 97
1 98
2 3
2 9
2 10
2 18
2 20
2 24
2 25
2 26
2 27
2 29
2 30
2 33
2 35
2 37
2 38
2 41
2 43
2 44
2 46
2 47
2 48
2 52
2 53
2 54
2 56
2 58
2 60
2 61
2 62
2 63
2 66
2 69
2 70
2 73
2 74
2 80
2 81
2 83
2 84
2 87
2 88
2 92
2 93
2 95
2 96
2 97
2 98
2 99
3 4
3 6
3 9
3 11
3 13
3 16
3 17
3 21
3 22
3 23
3 26
3 27
3 31
3 33
3 34
3 37
3 42
3 43
3 47
3 49
3 51
3 53
3 54
3 55
3 56
3 58
3 60
3 61
3 63
3 66
3 68
3 70
3 71
3 75
3 76
3 77
3 81
3 82
3 84
3 85
3 87
3 89
3 90
3 91
3 96
3 97
4 5
4 6
4 7
4 8
4 9
4 13
4 14
4 15
4 16
4 19
4 20
4 21
4 25
4 26
4 28
4 29
4 30
4 35
4 40
4 42
4 43
4 49
4 50
4 54
4 55
4 56
4 58
4 59
4 66
4 67
4 69
4 70
4 74
4 76
4 77
4 79
4 80
4 81
4 85
4 86
4 89
4 90
4 91
4 93
4 94
4 96
4 97
4 98
4 99
5 6
5 11
5 12
5 13
5 14
5 15
5 20
5 23
5 28
5 29
5 30
5 31
5 33
5 37
5 38
5 43
5 44
5 45
5 46
5 48
5 50
5 52
5 55
5 58
5 59
5 63
5 66
5 67
5 68
5 69
5 71
5 72
5 73
5 74
5 75
5 78
5 81
5 82
5 85
5 86
5 87
5 89
5 90
5 91
5 95
5 99
6 8
6 11
6 12
6 14
6 15
6 16
6 19
6 22
6 23
6 25
6 27
6 29
6 32
6 41
6 42
6 43
6 45
6 47
6 48
6 49
6 51
6 56
6 57
6 58
6 59
6 62
6 63
6 65
6 66
6 67
6 68
6 69
6 73
6 76
6 79
6 80
6 82
6 86
6 87
6 88
6 90
6 91
6 92
6 94
6 98
7 8
7 11
7 13
7 18
7 19
7 20
7 21
7 24
7 25
7 26
7 27
7 28
7 31
7 38
7 39
7 40
7 41
7 43
7 44
7 48
7 49
7 54
7 55
7 58
7 59
7 65
7 66
7 68
7 72
7 73
7 74
7 75
7 77
7 78
7 81
7 82
7 87
7 89
7 94
7 95
7 96
7 98
7 99
8 10
8 11
8 12
8 16
8 17
8 21
8 22
8 24
8 25
8 26
8 28
8 31
8 37
8 38
8 40
8 41
8 43
8 45
8 46
8 48
8 49
8 50
8 53
8 54
8 59
8 61
8 64
8 66
8 67
8 68
8 72
8 73
8 74
8 76
8 81
8 82
8 83
8 84
8 85
8 86
8 89
8 91
8 92
8 93
8 95
9 10
9 11
9 16
9 17
9 19
9 20
9 21
9 22
9 24
9 26
9 31
9 34
9 35
9 37
9 38
9 41
9 42
9 43
9 45
9 47
9 49
9 50
9 51
9 55
9 57
9 58
9 59
9 66
9 68
9 69
9 70
9 72
9 74
9 75
9 76
9 78
9 82
9 83
9 84
9 86
9 87
9 88
9 89
9 90
9 91
9 93
9 94
9 97
10 11
10 12
10 13
10 14
10 15
10 16
10 17
10 18
10 19
10 20
10 23
10 24
10 25
10 26
10 31
10 33
10 35
10 36
10 38
10 39
10 40
10 41
10 42
10 44
10 45
10 46
10 49
10 54
10 55
10 56
10 59
10 61
10 63
10 65
10 67
10 68
10 69
10 70
10 74
10 76
10 77
10 78
10 79
10 80
10 81
10 83
10 84
10 87
10 88
10 89
10 92
10 94
10 97
11 12
11 13
11 14
11 15
11 19
11 22
11 26
11 27
11 28
11 29
11 33
11 34
11 35
11 36
11 37
11 38
11 39
11 40
11 41
11 42
11 45
11 49
11 50
11 51
11 53
11 54
11 58
11 59
11 62
11 68
11 71
11 73
11 74
11 76
11 79
11 82
11 83
11 84
11 86
11 88
11 90
11 93
11 94
11 98
11 99
12 16
12 17
12 19
12 20
12 22
12 23
12 24
12 28
12 29
12 31
12 33
12 34
12 35
12 36
12 38
12 42
12 43
12 44
12 45
12 47
12 48
12 51
12 52
12 53
12 57
12 60
12 62
12 64
12 65
12 67
12 70
12 71
12 77
12 79
12 82
12 83
12 88
12 89
12 93
12 96
12 98
13 14
13 16
13 19
13 20
13 22
13 23
13 26
13 27
13 30
13 31
13 33
13 34
13 35
13 37
13 38
13 41
13 42
13 43
13 45
13 47
13 49
13 51
13 52
13 53
13 54
13 55
13 56
13 60
13 61
13 62
13 65
13 67
13 68
13 69
13 71
13 72
13 73
13 74
13 76
13 77
13 78
13 81
13 83
13 84
13 88
13 89
13 91
13 92
13 93
13 94
13 95
14 15
14 20
14 22
14 25
14 27
14 32
14 33
14 34
14 35
14 36
14 39
14 40
14 41
14 43
14 46
14 47
14 50
14 51
14 52
14 54
14 55
14 56
14 58
14 65
14 67
14 68
14 74
14 76
14 81
14 82
14 83
14 88
14 91
14 93
14 95
14 97
14 98
14 99
15 16
15 17
15 18
15 20
15 21
15 27
15 28
15 30
15 32
15 34
15 35
15 36
15 40
15 41
15 43
15 45
15 46
15 52
15 56
15 58
15 59
15 60
15 62
15 63
15 67
15 69
15 71
15 74
15 77
15 81
15 82
15 84
15 85
15 86
15 89
15 90
15 92
15 93
15 95
15 96
15 97
15 98
16 20
16 27
16 28
16 29
16 33
16 34
16 35
16 40
16 41
16 48
16 51
16 60
16 63
16 67
16 72
16 74
16 75
16 76
16 77
16 79
16 80
16 85
16 87
16 88
16 89
16 90
16 93
16 96
16 98
17 18
17 19
17 20
17 21
17 22
17 23
17 24
17 27
17 33
17 35
17 36
17 37
17 38
17 43
17 46
17 50
17 51
17 52
17 54
17 55
17 58
17 60
17 62
17 66
17 68
17 69
17 70
17 71
17 72
17 73
17 76
17 77
17 78
17 80
17 82
17 87
17 88
17 89
17 90
17 93
17 94
17 96
17 97
17 98
18 20
18 21
18 22
18 25
18 26
18 30
18 32
18 33
18 34
18 35
18 38
18 39
18 40
18 41
18 42
18 43
18 46
18 48
18 49
18 50
18 51
18 54
18 55
18 56
18 61
18 63
18 65
18 66
18 67
18 70
18 71
18 74
18 76
18 77
18 78
18 82
18 84
18 86
18 87
18 89
18 91
18 92
18 93
18 96
18 97
18 99
19 20
19 23
19 25
19 26
19 27
19 29
19 34
19 35
19 37
19 38
19 39
19 40
19 43
19 44
19 46
19 48
19 49
19 50
19 51
19 53
19 57
19 58
19 59
19 60
19 61
19 63
19 64
19 65
19 66
19 69
19 71
19 73
19 74
19 75
19 79
19 81
19 82
19 83
19 85
19 93
19 99
20 22
20 25
20 27
20 28
20 30
20 35
20 38
20 40
20 42
20 43
20 45
20 48
20 49
20 51
20 52
20 54
20 59
20 61
20 62
20 63
20 65
20 70
20 71
20 72
20 73
20 74
20 76
20 77
20 78
20 79
20 82
20 84
20 89
20 93
20 96
20 99
21 30
21 31
21 32
21 33
21 34
21 36
21 37
21 41
21 42
21 44
21 45
21 47
21 50
21 51
21 52
21 57
21 59
21 60
21 65
21 66
21 67
21 71
21 73
21 75
21 76
21 81
21 82
21 83
21 85
21 88
21 90
21 93
21 94
21 96
21 97
22 25
22 27
22 32
22 37
22 39
22 41
22 47
22 48
22 49
22 50
22 51
22 53
22 54
22 61
22 66
22 67
22 68
22 76
22 77
22 79
22 86
22 93
22 94
22 98
22 99
23 24
23 25
23 27
23 28
23 30
23 31
23 32
23 33
23 34
23 36
23 39
23 42
23 43
23 45
23 46
23 47
23 49
23 51
23 53
23 54
23 56
23 57
23 60
23 61
23 62
23 64
23 66
23 67
23 68
23 71
23 75
23 76
23 78
23 81
23 82
23 84
23 85
23 86
23 87
23 89
23 93
23 95
23 96
23 97
23 98
23 99
24 26
24 28
24 30
24 32
24 33
24 36
24 37
24 40
24 42
24 43
24 48
24 49
24 54
24 56
24 57
24 59
24 61
24 63
24 64
24 65
24 70
24 73
24 74
24 75
24 76
24 78
24 80
24 82
24 84
24 85
24 88
24 89
24 91
24 94
24 95
24 96
24 97
25 26
25 27
25 30
25 36
25 37
25 41
25 44
25 46
25 47
25 49
25 50
25 51
25 52
25 53
25 54
25 57
25 58
25 61
25 63
25 64
25 65
25 66
25 67
25 70
25 76
25 77
25 80
25 81
25 82
25 83
25 86
25 88
25 92
25 97
25 98
26 27
26 28
26 30
26 31
26 32
26 33
26 34
26 35
26 38
26 39
26 41
26 45
26 47
26 48
26 49
26 50
26 51
26 52
26 54
26 55
26 57
26 63
26 64
26 65
26 66
26 67
26 70
26 71
26 73
26 74
26 75
26 76
26 81
26 82
26 83
26 86
26 87
26 88
26 92
26 93
26 97
26 99
27 29
27 32
27 35
27 38
27 39
27 40
27 41
27 42
27 45
27 46
27 49
27 52
27 58
27 59
27 60
27 61
27 62
27 66
27 69
27 70
27 71
27 75
27 79
27 83
27 84
27 87
27 92
27 93
27 94
27 95
27 97
27 98
28 32
28 33
28 34
28 35
28 36
28 37
28 38
28 39
28 41
28 42
28 44
28 45
28 46
28 48
28 49
28 51
28 52
28 53
28 54
28 55
28 57
28 59
28 63
28 67
28 70
28 75
28 78
28 79
28 80
28 81
28 83
28 84
28 85
28 91
28 92
28 94
28 97
28 98
28 99
29 34
29 35
29 38
29 39
29 43
29 44
29 45
29 46
29 48
29 50
29 51
29 52
29 54
29 55
29 56
29 57
29 59
29 64
29 65
29 67
29 74
29 75
29 76
29 78
29 79
29 81
29 85
29 87
29 88
29 90
29 96
29 99
30 31
30 35
30 36
30 37
30 39
30 40
30 41
30 42
30 43
30 45
30 51
30 55
30 56
30 57
30 58
30 59
30 61
30 63
30 66
30 67
30 68
30 69
30 71
30 74
30 75
30 76
30 79
30 83
30 84
30 85
30 88
30 90
30 91
30 92
30 94
30 95
30 97
30 98
30 99
31 34
31 35
31 36
31 38
31 39
31 44
31 50
31 52
31 54
31 58
31 60
31 61
31 62
31 66
31 67
31 68
31 71
31 72
31 73
31 75
31 84
31 85
31 86
31 87
31 88
31 92
31 93
31 95
31 96
31 97
31 99
32 34
32 38
32 41
32 43
32 44
32 45
32 48
32 50
32 51
32 53
32 59
32 61
32 63
32 64
32 65
32 67
32 68
32 69
32 74
32 76
32 77
32 78
32 80
32 81
32 82
32 85
32 87
32 91
32 93
32 96
32 97
32 98
32 99
33 35
33 36
33 38
33 39
33 40
33 43
33 44
33 45
33 46
33 49
33 50
33 51
33 55
33 56
33 57
33 58
33 59
33 65
33 67
33 69
33 73
33 74
33 76
33 79
33 82
33 83
33 84
33 88
33 89
33 90
33 91
33 92
33 94
33 96
33 97
33 98
33 99
34 38
34 39
34 43
34 45
34 48
34 50
34 51
34 56
34 58
34 59
34 60
34 61
34 65
34 66
34 69
34 71
34 74
34 76
34 79
34 81
34 82
34 83
34 84
34 86
34 87
34 89
34 90
34 91
34 93
34 98
34 99
35 36
35 38
35 41
35 43
35 44
35 45
35 47
35 48
35 50
35 52
35 54
35 56
35 57
35 58
35 61
35 63
35 64
35 70
35 72
35 75
35 76
35 77
35 85
35 86
35 88
35 94
35 95
35 96
35 98
36 37
36 40
36 41
36 44
36 45
36 46
36 49
36 52
36 55
36 58
36 59
36 60
36 61
36 62
36 64
36 65
36 66
36 68
36 71
36 73
36 74
36 75
36 76
36 77
36 79
36 80
36 81
36 82
36 83
36 84
36 85
36 86
36 87
36 88
36 89
36 91
36 93
36 96
36 99
37 39
37 43
37 44
37 45
37 50
37 52
37 54
37 59
37 60
37 61
37 62
37 63
37 66
37 67
37 69
37 70
37 73
37 74
37 75
37 78
37 79
37 81
37 82
37 83
37 84
37 90
37 91
37 94
37 96
37 97
38 39
38 40
38 42
38 43
38 45
38 46
38 48
38 49
38 52
38 54
38 56
38 58
38 62
38 64
38 65
38 67
38 70
38 71
38 72
38 73
38 77
38 78
38 79
38 80
38 81
38 82
38 88
38 93
38 95
38 96
38 97
39 41
39 42
39 43
39 45
39 47
39 48
39 49
39 52
39 55
39 56
39 58
39 59
39 60
39 61
39 62
39 65
39 66
39 67
39 69
39 72
39 73
39 74
39 75
39 76
39 77
39 80
39 81
39 82
39 83
39 84
39 85
39 88
39 90
39 92
39 94
39 96
39 98
39 99
40 41
40 42
40 43
40 45
40 46
40 47
40 48
40 50
40 55
40 56
40 57
40 59
40 60
40 64
40 69
40 72
40 73
40 75
40 79
40 83
40 84
40 85
40 89
40 93
40 94
40 96
40 99
41 44
41 45
41 46
41 47
41 48
41 49
41 51
41 54
41 55
41 56
41 57
41 60
41 61
41 62
41 63
41 64
41 65
41 68
41 71
41 72
41 77
41 78
41 79
41 84
41 86
41 88
41 91
41 92
42 43
42 44
42 46
42 47
42 49
42 50
42 52
42 53
42 54
42 56
42 58
42 59
42 61
42 62
42 64
42 66
42 67
42 69
42 70
42 71
42 74
42 76
42 77
42 80
42 83
42 84
42 88
42 89
42 91
42 93
42 94
42 97
42 99
43 44
43 47
43 48
43 53
43 54
43 58
43 62
43 63
43 67
43 70
43 71
43 73
43 74
43 75
43 76
43 78
43 79
43 82
43 83
43 84
43 91
43 93
43 95
43 97
43 98
44 45
44 47
44 48
44 49
44 54
44 55
44 59
44 61
44 63
44 65
44 66
44 68
44 69
44 71
44 76
44 77
44 79
44 83
44 85
44 87
44 88
44 90
44 92
44 93
44 94
44 95
45 46
45 47
45 48
45 49
45 50
45 53
45 56
45 59
45 60
45 62
45 63
45 64
45 66
45 67
45 70
45 72
45 73
45 74
45 75
45 76
45 83
45 84
45 86
45 87
45 88
45 90
45 92
45 93
45 94
45 95
45 96
45 97
45 99
46 48
46 56
46 57
46 60
46 63
46 64
46 67
46 69
46 70
46 76
46 78
46 79
46 86
46 87
46 88
46 89
46 91
46 92
46 93
46 95
47 48
47 49
47 51
47 53
47 54
47 58
47 61
47 66
47 69
47 71
47 75
47 77
47 78
47 79
47 80
47 83
47 84
47 86
47 87
47 88
47 89
47 90
47 94
47 95
47 96
47 98
48 51
48 52
48 54
48 55
48 57
48 59
48 64
48 66
48 73
48 76
48 78
48 79
48 80
48 81
48 83
48 84
48 85
48 86
48 87
48 88
48 89
48 94
48 96
48 98
48 99
49 52
49 54
49 56
49 59
49 63
49 64
49 68
49 69
49 70
49 71
49 72
49 78
49 79
49 80
49 82
49 83
49 85
49 86
49 87
49 88
49 90
49 94
49 95
49 97
49 98
50 51
50 52
50 53
50 54
50 55
50 56
50 57
50 59
50 60
50 63
50 64
50 69
50 70
50 72
50 74
50 76
50 77
50 81
50 83
50 85
50 87
50 90
50 91
50 95
50 97
51 56
51 58
51 60
51 62
51 63
51 64
51 67
51 72
51 75
51 78
51 80
51 82
51 88
51 89
51 90
51 91
51 95
51 96
51 97
51 98
51 99
52 53
52 56
52 57
52 62
52 63
52 64
52 68
52 69
52 70
52 71
52 72
52 75
52 76
52 77
52 79
52 80
52 84
52 86
52 88
52 91
52 93
52 94
52 96
52 97
52 99
53 55
53 56
53 57
53 60
53 61
53 64
53 65
53 66
53 69
53 70
53 71
53 72
53 74
53 75
53 77
53 78
53 79
53 84
53 86
53 87
53 88
53 91
53 92
53 93
53 97
53 99
54 56
54 59
54 61
54 64
54 67
54 70
54 71
54 72
54 73
54 75
54 77
54 78
54 80
54 81
54 82
54 85
54 87
54 88
54 89
54 91
54 92
54 95
54 98
54 99
55 57
55 59
55 60
55 63
55 68
55 69
55 72
55 74
55 75
55 76
55 81
55 82
55 83
55 84
55 89
55 90
55 94
55 95
55 96
55 98
56 58
56 62
56 65
56 66
56 73
56 77
56 78
56 80
56 84
56 85
56 86
56 87
56 89
56 90
56 92
56 93
56 94
56 95
56 96
56 97
57 59
57 61
57 63
57 64
57 65
57 67
57 68
57 69
57 71
57 72
57 73
57 75
57 76
57 78
57 80
57 81
57 82
57 83
57 85
57 86
57 94
57 96
57 97
58 59
58 62
58 65
58 72
58 75
58 78
58 79
58 80
58 82
58 84
58 85
58 86
58 87
58 90
58 92
58 94
58 95
58 96
58 98
58 99
59 60
59 61
59 64
59 65
59 69
59 72
59 74
59 75
59 76
59 78
59 79
59 80
59 83
59 85
59 86
59 88
59 90
59 93
59 94
59 95
59 96
59 99
60 61
60 62
60 63
60 64
60 68
60 71
60 73
60 79
60 80
60 83
60 84
60 88
60 89
60 90
60 92
60 93
60 96
60 98
61 62
61 65
61 66
61 67
61 68
61 69
61 70
61 71
61 74
61 80
61 84
61 88
61 91
61 92
61 93
61 95
61 96
61 97
61 98
61 99
62 64
62 66
62 68
62 70
62 71
62 77
62 78
62 80
62 81
62 86
62 87
62 90
62 93
62 97
63 66
63 67
63 71
63 74
63 75
63 76
63 80
63 81
63 82
63 83
63 85
63 87
63 88
63 89
63 94
63 95
63 96
63 97
64 66
64 67
64 69
64 71
64 78
64 81
64 87
64 91
64 93
64 95
64 96
64 98
64 99
65 66
65 67
65 71
65 74
65 75
65 77
65 78
65 79
65 81
65 82
65 83
65 84
65 85
65 86
65 89
65 90
65 91
65 92
65 94
65 95
65 99
66 67
66 69
66 72
66 73
66 77
66 80
66 84
66 85
66 86
66 88
66 91
66 92
66 93
66 97
66 98
66 99
67 72
67 76
67 79
67 80
67 81
67 82
67 83
67 84
67 85
67 86
67 87
67 89
67 92
67 94
67 95
67 96
67 97
68 72
68 74
68 75
68 76
68 78
68 79
68 80
68 84
68 85
68 87
68 89
68 90
68 92
68 93
68 96
68 97
68 99
69 70
69 72
69 75
69 77
69 78
69 79
69 80
69 82
69 83
69 85
69 86
69 87
69 89
69 90
69 94
69 95
69 96
69 99
70 71
70 73
70 74
70 83
70 84
70 86
70 88
70 89
70 92
70 94
70 95
70 96
70 97
70 98
70 99
71 74
71 75
71 76
71 77
71 78
71 82
71 83
71 84
71 85
71 86
71 87
71 89
71 90
71 91
71 93
71 94
71 96
71 98
72 75
72 76
72 78
72 81
72 83
72 84
72 86
72 88
72 90
72 92
72 98
73 74
73 76
73 80
73 82
73 86
73 89
73 91
73 92
73 94
73 96
73 97
74 75
74 76
74 77
74 78
74 79
74 81
74 83
74 90
74 96
74 99
75 76
75 78
75 79
75 82
75 87
75 88
75 90
75 92
75 93
75 95
75 96
75 98
75 99
76 79
76 82
76 87
76 89
76 90
76 96
77 78
77 79
77 81
77 86
77 87
77 88
77 90
77 92
77 93
77 94
77 95
77 97
77 98
77 99
78 79
78 83
78 84
78 85
78 87
78 91
78 93
78 94
78 95
78 96
78 97
78 98
78 99
79 82
79 85
79 86
79 88
79 89
79 90
79 91
79 92
79 94
79 95
79 97
80 81
80 83
80 84
80 86
80 87
80 88
80 90
80 93
80 94
80 95
80 96
80 97
80 98
80 99
81 82
81 84
81 85
81 93
81 94
81 95
81 98
81 99
82 84
82 85
82 86
82 87
82 88
82 89
82 90
82 91
82 92
82 94
82 96
82 98
83 88
83 92
83 94
83 96
84 86
84 87
84 88
84 89
84 93
84 94
84 95
84 96
84 97
85 86
85 87
85 91
85 92
85 94
85 95
85 97
86 87
86 89
86 94
86 95
86 96
87 91
87 92
87 93
87 95
87 96
88 89
88 92
88 93
88 94
88 98
88 99
89 90
89 92
89 93
89 94
89 97
90 93
90 95
90 96
90 97
90 98
90 99
91 94
91 97
92 95
92 96
92 97
92 98
92 99
93 95
93 99
94 99
95 98
95 99
96 97
96 98
