0 2
0 6
0 8
0 9
0 10
0 11
0 13
0 14
0 21
0 25
0 31
0 35
0 37
0 39
0 41
0 42
0 43
0 52
0 54
0 56
0 57
0 59
0 60
0 62
0 66
0 67
0 69
0 70
0 78
0 80
0 88
0 89
0 91
0 92
0 95
0 98
0 99
1 4
1 5
1 10
1 11
1 12
1 13
1 14
1 17
1 19
1 20
1 22
1 24
1 26
1 28
1 30
1 32
1 40
1 41
1 43
1 49
1 52
1 54
1 57
1 59
1 60
1 62
1 63
1 71
1 73
1 79
1 80
1 83
1 84
1 86
1 94
2 4
2 5
2 6
2 12
2 15
2 16
2 19
2 21
2 22
2 30
2 37
2 43
2 45
2 57
2 61
2 63
2 65
2 75
2 82
2 83
2 86
2 94
2 96
3 7
3 10
3 13
3 14
3 20
3 21
3 22
3 24
3 26
3 34
3 36
3 43
3 51
3 53
3 56
3 61
3 62
3 63
3 68
3 69
3 71
3 72
3 74
3 78
3 80
3 87
3 91
3 94
4 5
4 6
4 10
4 13
4 16
4 18
4 19
4 20
4 26
4 27
4 30
4 34
4 35
4 38
4 47
4 48
4 51
4 53
4 61
4 64
4 66
4 70
4 75
4 81
4 83
4 86
4 88
4 90
4 96
4 99
5 7
5 8
5 12
5 14
5 15
5 18
5 21
5 24
5 26
5 27
5 28
5 30
5 36
5 40
5 42
5 43
5 44
5 51
5 52
5 53
5 54
5 59
5 62
5 70
5 74
5 81
5 82
5 83
5 84
5 86
5 88
5 97
5 98
6 11
6 13
6 21
6 23
6 24
6 26
6 28
6 30
6 35
6 36
6 42
6 44
6 46
6 51
6 58
6 62
6 63
6 71
6 74
6 75
6 81
6 85
6 88
6 92
6 96
6 98
6 99
7 9
7 13
7 14
7 19
7 20
7 22
7 24
7 25
7 26
7 28
7 29
7 32
7 40
7 46
7 47
7 49
7 50
7 51
7 55
7 61
7 65
7 66
7 71
7 90
7 91
7 92
7 94
7 98
8 10
8 11
8 12
8 13
8 14
8 20
8 22
8 25
8 28
8 30
8 34
8 36
8 43
8 44
8 45
8 49
8 50
8 55
8 60
8 64
8 66
8 76
8 81
8 83
8 84
8 93
8 95
8 98
8 99
9 13
9 20
9 21
9 24
9 31
9 35
9 39
9 40
9 45
9 47
9 49
9 54
9 59
9 62
9 63
9 71
9 76
9 77
9 82
9 83
9 85
9 87
9 94
10 11
10 18
10 19
10 22
10 26
10 30
10 31
10 36
10 43
10 46
10 47
10 49
10 59
10 60
10 61
10 62
10 65
10 70
10 72
10 83
10 84
10 86
10 88
10 98
11 15
11 17
11 20
11 28
11 30
11 32
11 36
11 40
11 44
11 45
11 46
11 58
11 59
11 62
11 63
11 71
11 73
11 77
11 81
11 86
11 87
11 90
11 97
12 13
12 14
12 19
12 21
12 22
12 27
12 35
12 37
12 45
12 54
12 56
12 57
12 60
12 64
12 68
12 69
12 72
12 76
12 77
12 78
12 80
12 83
12 87
12 91
12 92
12 98
12 99
13 14
13 15
13 16
13 19
13 21
13 25
13 31
13 34
13 35
13 37
13 38
13 40
13 42
13 46
13 51
13 54
13 55
13 57
13 62
13 64
13 68
13 70
13 72
13 73
13 78
13 79
13 89
13 91
13 92
14 17
14 21
14 23
14 34
14 38
14 44
14 46
14 53
14 54
14 56
14 69
14 71
14 72
14 73
14 76
14 77
14 78
14 80
14 89
14 90
14 92
14 94
14 95
14 96
15 17
15 22
15 28
15 32
15 35
15 39
15 43
15 46
15 50
15 53
15 54
15 59
15 60
15 62
15 68
15 69
15 72
15 74
15 78
15 81
15 82
15 85
15 87
15 97
15 99
16 18
16 19
16 21
16 26
16 31
16 36
16 38
16 39
16 42
16 52
16 53
16 54
16 62
16 68
16 82
16 84
16 86
16 87
16 88
16 89
16 93
16 99
17 18
17 19
17 24
17 25
17 28
17 29
17 31
17 32
17 33
17 36
17 43
17 45
17 58
17 59
17 67
17 68
17 72
17 79
17 83
17 86
17 87
17 89
17 92
17 99
18 22
18 40
18 51
18 56
18 57
18 60
18 63
18 67
18 71
18 73
18 74
18 75
18 80
18 81
18 83
18 88
18 95
19 21
19 31
19 36
19 43
19 47
19 48
19 51
19 52
19 62
19 66
19 68
19 75
19 79
19 80
19 81
19 82
19 84
19 86
19 92
19 96
19 98
20 29
20 30
20 33
20 34
20 43
20 45
20 46
20 48
20 49
20 56
20 60
20 67
20 68
20 71
20 73
20 74
20 81
20 85
20 91
20 94
21 28
21 31
21 33
21 34
21 36
21 41
21 42
21 43
21 47
21 50
21 57
21 62
21 63
21 64
21 76
21 77
21 81
21 91
22 24
22 25
22 26
22 27
22 28
22 30
22 35
22 36
22 38
22 42
22 44
22 48
22 50
22 55
22 58
22 61
22 64
22 65
22 68
22 69
22 74
22 76
22 78
22 81
22 85
22 86
22 89
22 91
22 94
22 97
22 99
23 24
23 29
23 31
23 33
23 37
23 39
23 40
23 47
23 49
23 50
23 52
23 54
23 71
23 76
23 78
23 79
23 81
23 94
23 97
24 26
24 30
24 36
24 38
24 42
24 46
24 47
24 48
24 52
24 55
24 57
24 59
24 60
24 61
24 67
24 71
24 74
24 75
24 79
24 80
24 81
24 82
24 83
24 84
24 86
24 87
24 90
24 92
24 95
24 97
25 26
25 28
25 30
25 34
25 37
25 44
25 49
25 57
25 58
25 60
25 61
25 62
25 63
25 65
25 66
25 67
25 68
25 70
25 73
25 79
25 80
25 84
25 86
25 87
25 89
25 90
25 98
26 38
26 46
26 49
26 51
26 55
26 56
26 57
26 67
26 68
26 74
26 75
26 80
26 81
26 86
26 88
26 89
26 90
26 91
26 95
26 96
26 98
27 31
27 32
27 40
27 42
27 43
27 44
27 48
27 51
27 67
27 69
27 77
27 78
27 79
27 84
27 85
27 91
27 99
28 35
28 38
28 45
28 46
28 51
28 55
28 57
28 64
28 84
28 86
28 88
28 92
28 95
28 96
28 97
28 98
29 30
29 40
29 45
29 47
29 49
29 51
29 57
29 62
29 64
29 66
29 71
29 73
29 74
29 76
29 81
29 91
29 92
30 31
30 32
30 35
30 41
30 42
30 45
30 53
30 60
30 62
30 63
30 65
30 71
30 74
30 75
30 80
30 87
30 88
30 94
30 96
30 97
30 98
30 99
31 32
31 35
31 46
31 47
31 50
31 52
31 54
31 59
31 60
31 61
31 62
31 63
31 66
31 69
31 70
31 73
31 75
31 80
31 82
31 88
31 91
31 96
31 97
31 99
32 34
32 39
32 40
32 42
32 43
32 45
32 47
32 54
32 62
32 66
32 75
32 78
32 81
32 82
32 88
32 89
32 91
32 95
32 96
32 97
32 98
32 99
33 36
33 46
33 48
33 50
33 52
33 57
33 63
33 71
33 72
33 73
33 75
33 83
33 89
33 90
33 97
33 98
34 35
34 36
34 42
34 44
34 46
34 54
34 55
34 59
34 64
34 66
34 70
34 72
34 73
34 74
34 75
34 80
34 83
34 87
34 89
34 95
34 96
34 99
35 40
35 43
35 47
35 48
35 55
35 65
35 71
35 74
35 81
35 83
35 84
35 87
35 93
35 94
35 97
36 39
36 41
36 54
36 57
36 58
36 60
36 63
36 64
36 65
36 66
36 71
36 73
36 79
36 81
36 83
36 88
36 91
36 93
36 95
36 97
36 98
36 99
37 38
37 49
37 51
37 57
37 58
37 59
37 60
37 72
37 73
37 74
37 75
37 77
37 78
37 79
37 82
37 84
37 86
37 87
37 89
37 94
37 99
38 41
38 44
38 48
38 51
38 54
38 55
38 58
38 60
38 61
38 63
38 65
38 66
38 72
38 81
38 83
38 86
38 88
38 96
38 97
39 41
39 47
39 49
39 50
39 52
39 56
39 57
39 61
39 62
39 65
39 66
39 69
39 71
39 74
39 76
39 78
39 80
39 83
39 86
39 87
39 90
39 93
39 95
39 96
39 97
39 99
40 51
40 52
40 53
40 56
40 67
40 68
40 71
40 73
40 79
40 80
40 84
40 88
40 94
40 95
40 96
41 45
41 49
41 52
41 53
41 54
41 55
41 62
41 64
41 69
41 73
41 83
41 90
41 91
41 93
42 47
42 49
42 50
42 54
42 56
42 57
42 59
42 63
42 65
42 66
42 67
42 69
42 71
42 72
42 74
42 75
42 84
42 86
42 90
42 92
42 93
42 95
43 44
43 46
43 51
43 53
43 71
43 72
43 73
43 82
43 83
43 87
43 96
44 46
44 48
44 49
44 53
44 55
44 60
44 68
44 69
44 70
44 71
44 79
44 82
44 83
44 85
44 87
44 88
44 90
44 91
44 95
44 96
44 97
44 99
45 46
45 47
45 53
45 55
45 60
45 65
45 69
45 70
45 71
45 72
45 73
45 75
45 77
45 78
45 81
45 83
45 86
45 90
45 92
45 94
45 97
46 49
46 50
46 51
46 54
46 60
46 61
46 64
46 75
46 80
46 84
46 85
46 86
46 88
46 89
46 92
46 93
46 95
46 96
47 49
47 50
47 54
47 56
47 61
47 70
47 73
47 74
47 78
47 79
47 80
47 83
47 84
47 92
47 93
47 94
48 50
48 51
48 56
48 57
48 61
48 74
48 77
48 79
48 81
48 86
48 89
48 91
48 93
48 95
48 99
49 50
49 54
49 57
49 64
49 66
49 80
49 81
49 82
49 85
49 86
49 87
49 89
49 92
49 94
50 57
50 58
50 59
50 60
50 62
50 63
50 64
50 70
50 72
50 76
50 77
50 80
50 82
50 84
50 88
50 91
50 92
50 93
50 95
50 98
50 99
51 58
51 59
51 60
51 65
51 66
51 67
51 70
51 71
51 72
51 79
51 84
51 85
51 86
51 91
51 94
51 96
51 98
51 99
52 58
52 61
52 63
52 69
52 71
52 75
52 78
52 79
52 86
52 89
52 91
52 94
52 96
52 97
52 99
53 54
53 61
53 62
53 63
53 65
53 66
53 71
53 72
53 82
53 85
53 89
53 96
53 99
54 59
54 62
54 63
54 64
54 71
54 73
54 77
54 79
54 85
54 87
54 89
54 90
54 91
54 94
54 96
55 63
55 67
55 68
55 71
55 72
55 73
55 77
55 80
55 83
55 85
55 91
55 92
55 94
55 99
56 60
56 68
56 69
56 71
56 76
56 77
56 84
56 88
56 90
56 93
56 94
57 59
57 67
57 68
57 69
57 70
57 72
57 80
57 82
57 84
57 85
57 86
57 88
57 93
57 97
57 99
58 64
58 66
58 68
58 74
58 75
58 78
58 89
58 90
58 96
58 97
58 98
59 64
59 74
59 79
59 81
59 84
59 89
59 91
59 95
60 61
60 63
60 64
60 73
60 75
60 77
60 79
60 85
60 86
60 87
60 96
60 97
61 63
61 64
61 70
61 80
61 87
61 89
61 90
62 64
62 67
62 69
62 71
62 76
62 77
62 79
62 80
62 91
62 95
62 99
63 70
63 81
63 89
63 93
63 97
63 99
64 65
64 67
64 68
64 69
64 72
64 74
64 80
64 83
64 85
64 86
64 89
64 97
65 67
65 70
65 71
65 72
65 74
65 76
65 80
65 91
65 94
65 97
66 76
66 78
66 79
66 83
66 85
66 88
66 91
67 71
67 73
67 82
67 84
67 87
67 89
67 92
67 97
67 99
68 73
68 74
68 75
68 79
68 81
68 83
68 84
68 90
68 94
68 97
69 71
69 73
69 83
69 85
69 88
69 90
69 93
70 73
70 75
70 78
70 81
70 82
70 83
70 91
70 93
71 76
71 80
71 82
71 85
71 86
71 88
72 74
72 76
72 77
72 82
72 83
72 92
72 94
72 95
73 77
73 83
73 91
73 95
74 77
74 83
74 86
74 93
74 94
74 96
74 97
74 98
75 89
75 97
75 98
76 79
76 83
76 85
76 86
76 87
76 90
76 95
76 98
77 79
77 81
77 84
77 86
77 87
77 90
77 94
77 98
78 79
78 80
78 87
78 90
78 91
78 98
79 81
79 83
79 87
79 93
80 81
80 93
81 83
81 86
81 88
81 89
81 91
81 94
82 87
82 89
82 92
82 93
82 97
82 99
83 86
83 87
83 93
83 95
83 96
84 91
84 92
84 94
84 95
84 98
84 99
85 86
85 88
85 92
86 88
86 95
87 88
87 92
87 99
88 92
88 93
88 94
88 99
89 92
89 97
90 93
90 94
90 96
90 97
91 93
91 94
91 99
92 96
93 95
93 98
94 98
94 99
95 99
96 98
98 99
