0 2
0 3
0 4
0 5
0 7
0 8
0 10
0 12
0 13
0 14
0 15
0 16
0 17
0 18
0 19
0 20
0 23
0 25
0 27
0 29
0 30
0 32
0 33
0 34
0 36
0 37
0 38
0 39
0 40
0 41
0 42
0 43
0 44
0 46
0 48
0 49
0 50
0 53
0 54
0 55
0 56
0 57
0 58
0 60
0 61
0 62
0 63
0 64
0 65
0 66
0 67
0 69
0 70
0 71
0 72
0 73
0 74
0 75
0 76
0 77
0 79
0 80
0 82
0 83
0 85
0 88
0 90
0 92
0 93
0 94
0 95
0 96
0 98
0 99
1 2
1 3
1 4
1 6
1 8
1 9
1 11
1 14
1 15
1 16
1 18
1 19
1 23
1 24
1 25
1 27
1 28
1 29
1 32
1 33
1 35
1 39
1 40
1 41
1 42
1 43
1 46
1 47
1 48
1 49
1 50
1 52
1 54
1 55
1 57
1 58
1 60
1 61
1 62
1 63
1 66
1 68
1 70
1 71
1 73
1 74
1 75
1 76
1 77
1 79
1 82
1 85
1 86
1 87
1 90
1 92
1 94
1 96
1 99
2 3
2 5
2 6
2 7
2 9
2 11
2 14
2 16
2 18
2 19
2 20
2 21
2 23
2 26
2 27
2 28
2 30
2 31
2 32
2 35
2 36
2 37
2 38
2 40
2 41
2 44
2 45
2 46
2 48
2 50
2 53
2 54
2 55
2 56
2 58
2 59
2 62
2 64
2 65
2 67
2 68
2 69
2 70
2 71
2 74
2 77
2 80
2 82
2 83
2 84
2 85
2 87
2 89
2 91
2 92
2 93
2 94
2 95
2 98
3 6
3 7
3 8
3 9
3 10
3 12
3 14
3 16
3 18
3 19
3 21
3 22
3 23
3 24
3 25
3 26
3 27
3 28
3 29
3 30
3 31
3 32
3 33
3 34
3 37
3 39
3 40
3 42
3 44
3 45
3 46
3 47
3 48
3 49
3 50
3 51
3 52
3 53
3 55
3 56
3 57
3 58
3 59
3 60
3 64
3 65
3 67
3 68
3 72
3 75
3 76
3 77
3 78
3 79
3 81
3 82
3 84
3 85
3 89
3 90
3 91
3 95
3 96
3 97
4 5
4 6
4 9
4 11
4 12
4 13
4 14
4 16
4 17
4 19
4 20
4 23
4 25
4 27
4 30
4 32
4 33
4 34
4 36
4 37
4 40
4 41
4 44
4 46
4 47
4 48
4 51
4 52
4 54
4 57
4 58
4 63
4 64
4 68
4 69
4 70
4 71
4 72
4 73
4 74
4 76
4 77
4 79
4 80
4 82
4 83
4 84
4 85
4 86
4 87
4 92
4 93
4 94
4 96
4 97
4 98
5 8
5 10
5 12
5 13
5 14
5 16
5 17
5 20
5 21
5 23
5 24
5 28
5 29
5 31
5 32
5 33
5 34
5 39
5 40
5 41
5 42
5 44
5 46
5 47
5 48
5 49
5 50
5 51
5 52
5 54
5 55
5 57
5 60
5 62
5 63
5 65
5 66
5 68
5 70
5 76
5 77
5 79
5 81
5 83
5 85
5 86
5 87
5 89
5 91
5 92
5 94
5 98
5 99
6 7
6 8
6 10
6 11
6 12
6 13
6 14
6 15
6 19
6 22
6 23
6 24
6 27
6 29
6 32
6 33
6 35
6 38
6 41
6 43
6 44
6 46
6 47
6 48
6 49
6 51
6 53
6 56
6 57
6 58
6 64
6 66
6 67
6 68
6 69
6 72
6 73
6 75
6 81
6 82
6 84
6 88
6 89
6 90
6 91
6 92
6 93
6 94
6 95
6 96
7 9
7 10
7 14
7 15
7 17
7 19
7 20
7 21
7 22
7 25
7 26
7 28
7 29
7 31
7 32
7 33
7 34
7 35
7 37
7 39
7 40
7 43
7 46
7 47
7 49
7 51
7 53
7 54
7 55
7 57
7 59
7 60
7 62
7 63
7 65
7 66
7 68
7 70
7 71
7 74
7 75
7 76
7 77
7 79
7 80
7 81
7 84
7 86
7 87
7 89
7 90
7 91
7 95
7 99
8 9
8 10
8 11
8 12
8 13
8 14
8 15
8 16
8 19
8 21
8 22
8 24
8 25
8 27
8 28
8 32
8 33
8 34
8 35
8 36
8 37
8 38
8 39
8 40
8 41
8 42
8 45
8 46
8 49
8 51
8 52
8 53
8 55
8 56
8 57
8 58
8 61
8 62
8 66
8 67
8 69
8 70
8 71
8 72
8 73
8 76
8 77
8 78
8 79
8 80
8 81
8 82
8 83
8 84
8 86
8 90
8 91
8 92
8 93
8 96
8 99
9 10
9 11
9 13
9 15
9 16
9 17
9 18
9 19
9 20
9 21
9 24
9 25
9 28
9 29
9 30
9 31
9 34
9 41
9 42
9 43
9 44
9 46
9 48
9 49
9 51
9 52
9 55
9 59
9 60
9 62
9 63
9 64
9 66
9 69
9 70
9 71
9 74
9 75
9 76
9 77
9 79
9 80
9 82
9 85
9 87
9 88
9 89
9 90
9 91
9 92
9 94
9 96
9 97
9 98
10 11
10 12
10 13
10 14
10 15
10 16
10 20
10 21
10 27
10 28
10 29
10 31
10 34
10 36
10 42
10 43
10 44
10 45
10 46
10 47
10 49
10 50
10 51
10 52
10 54
10 56
10 60
10 61
10 62
10 63
10 64
10 65
10 66
10 67
10 68
10 69
10 71
10 74
10 75
10 76
10 77
10 80
10 81
10 82
10 84
10 88
10 91
10 93
10 95
10 96
10 97
10 98
11 14
11 18
11 19
11 20
11 21
11 22
11 24
11 25
11 26
11 29
11 31
11 32
11 34
11 35
11 36
11 37
11 38
11 39
11 40
11 41
11 42
11 43
11 45
11 46
11 48
11 53
11 55
11 56
11 58
11 59
11 60
11 63
11 64
11 65
11 66
11 68
11 71
11 73
11 74
11 77
11 79
11 81
11 82
11 83
11 84
11 86
11 87
11 88
11 89
11 90
11 93
11 94
11 95
11 96
11 98
11 99
12 14
12 15
12 17
12 18
12 20
12 21
12 22
12 24
12 27
12 28
12 29
12 30
12 31
12 33
12 34
12 35
12 36
12 40
12 42
12 45
12 47
12 48
12 49
12 50
12 52
12 54
12 56
12 58
12 59
12 61
12 64
12 65
12 68
12 69
12 70
12 72
12 73
12 74
12 76
12 78
12 79
12 82
12 83
12 86
12 87
12 88
12 90
12 91
12 92
12 95
12 96
12 97
13 15
13 16
13 17
13 18
13 19
13 21
13 26
13 28
13 29
13 32
13 33
13 36
13 37
13 38
13 39
13 40
13 42
13 44
13 45
13 46
13 47
13 48
13 49
13 53
13 54
13 59
13 62
13 63
13 64
13 65
13 67
13 68
13 70
13 73
13 74
13 75
13 76
13 77
13 79
13 83
13 84
13 85
13 86
13 87
13 88
13 89
13 90
13 91
13 92
13 94
13 96
13 98
13 99
14 15
14 17
14 20
14 22
14 23
14 24
14 25
14 27
14 29
14 32
14 33
14 34
14 41
14 48
14 51
14 52
14 54
14 56
14 57
14 58
14 60
14 61
14 63
14 64
14 65
14 67
14 68
14 73
14 74
14 75
14 78
14 80
14 81
14 82
14 83
14 86
14 87
14 88
14 89
14 92
14 94
14 96
14 98
14 99
15 16
15 18
15 20
15 24
15 25
15 31
15 32
15 33
15 34
15 35
15 37
15 38
15 40
15 41
15 43
15 45
15 46
15 53
15 54
15 55
15 57
15 58
15 60
15 61
15 62
15 65
15 67
15 72
15 73
15 74
15 77
15 79
15 80
15 81
15 82
15 84
15 86
15 87
15 89
15 92
15 93
15 97
15 98
16 18
16 19
16 23
16 24
16 25
16 28
16 30
16 31
16 33
16 34
16 35
16 36
16 38
16 39
16 40
16 44
16 45
16 47
16 48
16 49
16 51
16 53
16 55
16 56
16 57
16 58
16 60
16 61
16 64
16 65
16 66
16 67
16 68
16 69
16 73
16 74
16 77
16 79
16 80
16 82
16 84
16 85
16 87
16 89
16 90
16 92
16 94
16 95
16 96
16 97
16 98
16 99
17 18
17 19
17 21
17 24
17 27
17 30
17 31
17 32
17 33
17 35
17 37
17 40
17 42
17 43
17 44
17 45
17 46
17 49
17 51
17 53
17 54
17 55
17 56
17 58
17 59
17 61
17 63
17 64
17 65
17 66
17 67
17 68
17 73
17 75
17 79
17 80
17 82
17 85
17 86
17 87
17 88
17 89
17 91
17 92
17 93
17 94
17 95
17 96
17 97
17 98
17 99
18 19
18 20
18 21
18 22
18 23
18 24
18 27
18 28
18 29
18 31
18 32
18 33
18 34
18 35
18 36
18 39
18 41
18 42
18 51
18 54
18 55
18 57
18 58
18 59
18 60
18 61
18 66
18 67
18 68
18 69
18 70
18 71
18 72
18 73
18 74
18 77
18 78
18 80
18 81
18 82
18 87
18 91
18 92
18 93
18 95
18 96
18 99
19 20
19 23
19 25
19 26
19 27
19 28
19 29
19 34
19 35
19 36
19 38
19 39
19 42
19 44
19 46
19 47
19 48
19 50
19 52
19 54
19 55
19 56
19 57
19 59
19 60
19 62
19 64
19 65
19 67
19 71
19 72
19 73
19 74
19 75
19 77
19 78
19 79
19 80
19 82
19 83
19 84
19 86
19 93
19 95
19 96
19 97
20 21
20 22
20 24
20 25
20 26
20 27
20 29
20 31
20 33
20 34
20 35
20 36
20 37
20 38
20 39
20 40
20 42
20 44
20 45
20 48
20 49
20 50
20 51
20 54
20 55
20 56
20 57
20 60
20 61
20 63
20 65
20 66
20 67
20 68
20 69
20 70
20 74
20 75
20 77
20 79
20 81
20 82
20 83
20 84
20 85
20 86
20 87
20 95
20 96
20 99
21 22
21 23
21 24
21 25
21 26
21 28
21 31
21 39
21 41
21 42
21 44
21 46
21 47
21 48
21 50
21 52
21 53
21 55
21 56
21 57
21 59
21 60
21 61
21 64
21 65
21 66
21 67
21 68
21 71
21 74
21 75
21 77
21 80
21 81
21 82
21 83
21 87
21 88
21 91
21 92
21 93
21 94
21 97
21 98
21 99
22 23
22 25
22 26
22 32
22 33
22 35
22 36
22 40
22 41
22 42
22 43
22 51
22 52
22 53
22 57
22 61
22 62
22 63
22 64
22 68
22 69
22 71
22 73
22 74
22 78
22 82
22 84
22 85
22 86
22 87
22 88
22 90
22 93
22 95
22 97
22 99
23 24
23 25
23 26
23 27
23 28
23 30
23 31
23 32
23 35
23 36
23 37
23 38
23 39
23 41
23 42
23 43
23 45
23 46
23 47
23 48
23 49
23 50
23 51
23 52
23 54
23 55
23 56
23 57
23 58
23 61
23 62
23 63
23 64
23 65
23 67
23 68
23 69
23 71
23 72
23 73
23 74
23 75
23 76
23 77
23 78
23 81
23 82
23 83
23 84
23 85
23 86
23 87
23 89
23 90
23 91
23 94
23 95
24 25
24 26
24 27
24 28
24 30
24 31
24 34
24 36
24 39
24 41
24 43
24 44
24 45
24 46
24 47
24 51
24 52
24 54
24 55
24 57
24 58
24 59
24 62
24 66
24 67
24 68
24 69
24 72
24 73
24 75
24 78
24 79
24 80
24 82
24 84
24 86
24 87
24 88
24 89
24 91
24 92
24 93
24 94
24 96
24 97
25 27
25 28
25 29
25 30
25 33
25 38
25 39
25 40
25 41
25 43
25 45
25 48
25 49
25 50
25 54
25 56
25 60
25 62
25 63
25 64
25 66
25 68
25 70
25 72
25 73
25 76
25 77
25 78
25 79
25 82
25 83
25 85
25 90
25 94
26 27
26 29
26 30
26 33
26 34
26 37
26 38
26 39
26 43
26 44
26 45
26 47
26 48
26 49
26 51
26 52
26 53
26 55
26 56
26 57
26 58
26 59
26 60
26 66
26 70
26 73
26 75
26 78
26 80
26 82
26 84
26 85
26 87
26 89
26 90
26 91
26 98
26 99
27 28
27 29
27 30
27 34
27 35
27 37
27 38
27 39
27 40
27 41
27 43
27 47
27 48
27 49
27 50
27 51
27 52
27 53
27 54
27 55
27 56
27 57
27 58
27 64
27 65
27 66
27 67
27 68
27 69
27 70
27 71
27 72
27 73
27 75
27 77
27 78
27 81
27 82
27 85
27 86
27 88
27 89
27 91
27 92
27 93
27 95
27 96
27 97
27 98
28 29
28 30
28 31
28 32
28 33
28 34
28 35
28 36
28 37
28 38
28 39
28 41
28 42
28 44
28 47
28 49
28 50
28 51
28 52
28 54
28 56
28 57
28 61
28 62
28 63
28 64
28 68
28 69
28 70
28 73
28 79
28 80
28 82
28 83
28 84
28 87
28 88
28 90
28 91
28 96
28 97
29 30
29 31
29 32
29 35
29 37
29 38
29 39
29 41
29 42
29 44
29 46
29 49
29 50
29 53
29 57
29 59
29 60
29 62
29 64
29 65
29 69
29 71
29 72
29 73
29 74
29 75
29 76
29 77
29 78
29 79
29 80
29 82
29 83
29 84
29 85
29 86
29 87
29 88
29 91
29 92
29 94
29 95
29 96
29 97
29 98
30 34
30 35
30 39
30 40
30 41
30 43
30 44
30 45
30 49
30 50
30 51
30 56
30 57
30 58
30 60
30 65
30 66
30 67
30 68
30 69
30 70
30 75
30 76
30 77
30 79
30 82
30 84
30 86
30 87
30 90
30 91
30 92
30 93
30 95
30 96
30 97
30 99
31 34
31 36
31 40
31 41
31 43
31 44
31 45
31 46
31 47
31 52
31 53
31 54
31 56
31 57
31 58
31 60
31 61
31 63
31 64
31 65
31 66
31 67
31 68
31 72
31 73
31 74
31 76
31 78
31 79
31 80
31 83
31 84
31 88
31 89
31 91
31 92
31 99
32 34
32 35
32 36
32 37
32 38
32 39
32 40
32 42
32 44
32 45
32 46
32 50
32 51
32 52
32 53
32 54
32 55
32 57
32 60
32 61
32 62
32 64
32 66
32 67
32 68
32 71
32 73
32 74
32 75
32 77
32 80
32 81
32 84
32 86
32 87
32 88
32 90
32 92
32 93
32 94
32 96
32 97
32 98
33 34
33 35
33 36
33 37
33 39
33 40
33 41
33 42
33 43
33 45
33 46
33 47
33 48
33 50
33 52
33 55
33 56
33 57
33 58
33 59
33 60
33 62
33 63
33 64
33 66
33 67
33 68
33 69
33 72
33 77
33 78
33 82
33 83
33 84
33 86
33 87
33 90
33 91
33 93
33 96
33 97
33 98
34 37
34 38
34 39
34 42
34 43
34 44
34 45
34 49
34 50
34 51
34 52
34 53
34 55
34 56
34 57
34 58
34 59
34 60
34 61
34 62
34 65
34 66
34 68
34 69
34 70
34 72
34 76
34 77
34 79
34 80
34 82
34 83
34 84
34 86
34 88
34 90
34 92
34 97
35 36
35 37
35 38
35 39
35 41
35 42
35 43
35 44
35 45
35 46
35 47
35 48
35 51
35 52
35 54
35 55
35 57
35 58
35 59
35 60
35 62
35 63
35 64
35 65
35 66
35 68
35 69
35 74
35 75
35 76
35 77
35 78
35 79
35 82
35 84
35 85
35 87
35 89
35 90
35 93
35 95
35 97
35 98
36 37
36 38
36 40
36 42
36 43
36 44
36 45
36 46
36 48
36 49
36 50
36 53
36 54
36 55
36 56
36 57
36 61
36 62
36 64
36 65
36 66
36 69
36 70
36 73
36 75
36 76
36 77
36 78
36 80
36 81
36 82
36 83
36 84
36 85
36 86
36 88
36 89
36 90
36 92
36 94
36 95
36 96
36 97
36 98
37 38
37 39
37 40
37 41
37 42
37 43
37 45
37 46
37 47
37 48
37 49
37 50
37 51
37 52
37 53
37 54
37 55
37 56
37 57
37 59
37 60
37 62
37 63
37 64
37 65
37 66
37 67
37 68
37 69
37 71
37 72
37 74
37 76
37 78
37 80
37 82
37 86
37 87
37 88
37 92
37 93
37 94
37 95
37 96
37 97
37 98
37 99
38 39
38 40
38 41
38 42
38 43
38 44
38 45
38 46
38 48
38 49
38 51
38 52
38 59
38 60
38 62
38 64
38 65
38 66
38 67
38 69
38 70
38 71
38 72
38 75
38 78
38 79
38 80
38 81
38 83
38 84
38 85
38 86
38 87
38 88
38 89
38 92
38 93
38 95
38 96
38 97
38 98
38 99
39 41
39 42
39 43
39 46
39 48
39 50
39 51
39 54
39 56
39 57
39 60
39 63
39 64
39 67
39 71
39 73
39 74
39 75
39 76
39 77
39 80
39 81
39 82
39 83
39 84
39 87
39 89
39 90
39 91
39 92
39 93
39 94
39 95
39 97
39 98
39 99
40 41
40 42
40 43
40 44
40 46
40 49
40 50
40 51
40 52
40 53
40 55
40 56
40 58
40 59
40 60
40 61
40 62
40 63
40 64
40 65
40 67
40 68
40 69
40 70
40 71
40 72
40 73
40 75
40 76
40 77
40 78
40 79
40 80
40 82
40 83
40 88
40 89
40 90
40 91
40 93
40 95
40 96
40 97
40 98
40 99
41 42
41 44
41 48
41 50
41 51
41 52
41 53
41 55
41 57
41 58
41 61
41 62
41 64
41 66
41 67
41 68
41 70
41 75
41 77
41 78
41 79
41 80
41 81
41 83
41 85
41 86
41 88
41 89
41 92
41 93
41 94
41 95
41 97
41 98
41 99
42 43
42 44
42 45
42 46
42 47
42 48
42 50
42 51
42 52
42 53
42 55
42 56
42 57
42 59
42 60
42 61
42 63
42 66
42 68
42 69
42 70
42 71
42 72
42 73
42 75
42 76
42 77
42 78
42 80
42 81
42 82
42 84
42 85
42 92
42 93
42 94
42 95
42 97
42 99
43 44
43 46
43 48
43 49
43 50
43 51
43 53
43 54
43 55
43 56
43 57
43 59
43 60
43 61
43 62
43 64
43 65
43 66
43 67
43 68
43 69
43 70
43 72
43 73
43 74
43 76
43 79
43 82
43 84
43 85
43 87
43 88
43 89
43 91
43 92
43 95
43 96
43 97
43 98
43 99
44 46
44 47
44 48
44 52
44 55
44 56
44 57
44 59
44 60
44 61
44 66
44 67
44 70
44 71
44 73
44 74
44 78
44 79
44 80
44 82
44 83
44 85
44 86
44 88
44 94
44 96
44 98
44 99
45 46
45 48
45 49
45 53
45 54
45 55
45 56
45 58
45 60
45 61
45 62
45 66
45 68
45 69
45 70
45 71
45 74
45 77
45 78
45 79
45 82
45 85
45 87
45 91
45 94
45 97
45 99
46 47
46 48
46 50
46 52
46 53
46 54
46 55
46 58
46 59
46 60
46 61
46 62
46 63
46 64
46 68
46 70
46 71
46 73
46 75
46 78
46 79
46 81
46 82
46 83
46 86
46 87
46 88
46 91
46 92
46 93
46 95
46 96
46 99
47 49
47 50
47 52
47 54
47 55
47 58
47 59
47 60
47 61
47 63
47 66
47 68
47 70
47 71
47 74
47 78
47 85
47 87
47 89
47 91
47 93
47 95
47 96
47 97
47 98
47 99
48 49
48 50
48 51
48 52
48 53
48 54
48 55
48 57
48 58
48 59
48 60
48 61
48 65
48 66
48 70
48 71
48 72
48 73
48 76
48 78
48 79
48 80
48 83
48 84
48 85
48 86
48 87
48 88
48 90
48 91
48 95
48 97
48 98
48 99
49 50
49 52
49 54
49 56
49 57
49 58
49 61
49 62
49 64
49 66
49 67
49 68
49 69
49 70
49 71
49 72
49 74
49 77
49 79
49 80
49 81
49 84
49 85
49 86
49 87
49 88
49 89
49 91
49 93
49 94
49 97
50 51
50 53
50 55
50 58
50 59
50 60
50 61
50 62
50 63
50 65
50 68
50 70
50 71
50 72
50 73
50 74
50 75
50 77
50 81
50 82
50 83
50 84
50 85
50 86
50 87
50 89
50 90
50 91
50 92
50 93
50 96
50 98
50 99
51 52
51 53
51 55
51 57
51 58
51 60
51 61
51 62
51 63
51 65
51 66
51 67
51 68
51 69
51 71
51 80
51 82
51 83
51 84
51 87
51 88
51 89
51 90
51 92
51 93
51 95
51 96
51 97
51 98
51 99
52 54
52 56
52 57
52 58
52 59
52 63
52 65
52 68
52 69
52 70
52 71
52 73
52 74
52 75
52 77
52 78
52 79
52 80
52 81
52 84
52 85
52 90
52 93
52 94
52 95
52 96
52 97
52 98
52 99
53 54
53 56
53 57
53 61
53 63
53 64
53 70
53 72
53 75
53 78
53 80
53 81
53 82
53 83
53 84
53 87
53 90
53 91
53 92
53 93
53 94
53 95
53 99
54 56
54 57
54 61
54 66
54 67
54 68
54 69
54 70
54 71
54 72
54 73
54 74
54 76
54 77
54 80
54 81
54 82
54 83
54 84
54 87
54 88
54 89
54 90
54 91
54 93
54 94
55 56
55 58
55 59
55 60
55 62
55 63
55 64
55 65
55 66
55 68
55 73
55 74
55 76
55 77
55 80
55 83
55 84
55 85
55 86
55 88
55 89
55 90
55 93
55 96
55 97
56 61
56 63
56 66
56 67
56 69
56 70
56 71
56 72
56 73
56 75
56 76
56 77
56 80
56 83
56 88
56 89
56 90
56 91
56 92
56 94
56 97
56 98
56 99
57 58
57 59
57 67
57 68
57 70
57 71
57 72
57 74
57 75
57 76
57 77
57 78
57 79
57 80
57 81
57 83
57 84
57 86
57 88
57 89
57 92
57 93
57 94
57 95
57 96
57 97
57 98
57 99
58 61
58 62
58 63
58 65
58 66
58 67
58 69
58 70
58 72
58 74
58 78
58 79
58 80
58 81
58 82
58 83
58 84
58 85
58 87
58 88
58 90
58 92
58 94
58 95
58 96
58 97
59 60
59 62
59 63
59 65
59 67
59 69
59 70
59 71
59 72
59 75
59 76
59 80
59 81
59 85
59 87
59 89
59 92
59 93
59 94
59 97
59 98
59 99
60 64
60 68
60 70
60 72
60 76
60 77
60 78
60 79
60 80
60 81
60 84
60 85
60 86
60 87
60 91
60 92
60 93
60 97
60 98
60 99
61 62
61 63
61 64
61 66
61 67
61 68
61 70
61 71
61 73
61 75
61 76
61 78
61 80
61 81
61 83
61 84
61 85
61 86
61 87
61 90
61 91
61 95
61 96
61 97
61 98
61 99
62 63
62 64
62 65
62 66
62 67
62 68
62 69
62 74
62 75
62 76
62 77
62 79
62 80
62 82
62 83
62 87
62 91
62 92
62 93
62 94
62 95
62 97
62 98
62 99
63 67
63 68
63 69
63 70
63 73
63 74
63 81
63 82
63 85
63 87
63 88
63 89
63 93
63 95
63 96
63 98
63 99
64 65
64 67
64 68
64 69
64 70
64 72
64 76
64 77
64 78
64 80
64 81
64 82
64 85
64 88
64 89
64 90
64 92
64 94
64 95
64 96
64 99
65 66
65 67
65 68
65 69
65 70
65 75
65 79
65 80
65 81
65 83
65 85
65 90
65 93
65 94
65 96
65 99
66 68
66 70
66 71
66 72
66 73
66 74
66 77
66 79
66 80
66 84
66 85
66 86
66 87
66 89
66 94
66 97
67 68
67 69
67 70
67 71
67 72
67 75
67 76
67 77
67 78
67 79
67 80
67 81
67 82
67 83
67 85
67 86
67 88
67 89
67 91
67 92
67 93
67 97
67 98
67 99
68 69
68 70
68 72
68 73
68 78
68 79
68 80
68 81
68 83
68 84
68 87
68 90
68 91
68 92
68 93
68 95
68 99
69 70
69 72
69 73
69 75
69 76
69 78
69 80
69 82
69 83
69 84
69 85
69 87
69 89
69 93
69 94
69 95
69 97
69 99
70 71
70 72
70 74
70 75
70 77
70 80
70 82
70 84
70 85
70 86
70 87
70 89
70 92
70 95
70 96
70 98
70 99
71 72
71 74
71 75
71 76
71 77
71 78
71 79
71 80
71 82
71 84
71 86
71 87
71 88
71 90
71 92
71 93
71 94
71 95
71 96
71 98
71 99
72 73
72 74
72 75
72 78
72 79
72 80
72 82
72 83
72 84
72 85
72 88
72 91
72 95
72 97
72 99
73 76
73 78
73 79
73 80
73 81
73 82
73 84
73 87
73 91
73 92
73 94
73 95
73 97
73 98
74 75
74 80
74 83
74 84
74 85
74 86
74 87
74 88
74 89
74 92
74 93
74 94
74 95
74 96
74 97
74 99
75 76
75 77
75 79
75 80
75 81
75 82
75 83
75 84
75 85
75 86
75 87
75 91
75 93
75 94
75 95
75 96
75 97
75 99
76 78
76 79
76 80
76 81
76 82
76 83
76 84
76 86
76 87
76 89
76 90
76 92
76 94
76 95
76 97
77 78
77 79
77 82
77 83
77 84
77 85
77 88
77 89
77 90
77 91
77 92
77 93
77 95
77 96
77 97
77 98
77 99
78 80
78 81
78 82
78 83
78 84
78 85
78 86
78 87
78 88
78 91
78 92
78 94
78 95
78 97
78 98
79 80
79 81
79 82
79 83
79 84
79 85
79 88
79 90
79 92
79 95
79 96
79 97
79 98
79 99
80 84
80 85
80 89
80 93
80 95
80 96
80 98
80 99
81 83
81 86
81 87
81 88
81 89
81 90
81 92
81 93
81 96
81 97
81 98
81 99
82 83
82 85
82 86
82 88
82 89
82 90
82 91
82 92
82 96
82 98
82 99
83 84
83 87
83 88
83 90
83 91
83 92
83 94
83 95
84 87
84 90
84 92
84 93
84 94
84 95
84 96
84 98
85 87
85 88
85 90
85 91
85 92
85 94
85 95
85 97
85 98
85 99
86 87
86 88
86 89
86 91
86 93
86 97
86 99
87 88
87 89
87 90
87 91
87 92
87 93
87 96
87 97
87 99
88 90
88 93
88 95
88 96
88 97
88 98
89 95
89 96
89 99
90 94
90 95
90 97
90 99
91 92
91 95
91 96
91 99
92 95
92 98
92 99
93 94
93 95
93 97
93 99
94 97
94 98
94 99
95 97
95 99
96 97
96 99
97 99
98 99
