0 3
0 4
0 7
0 15
0 16
0 17
0 22
0 33
0 34
0 55
0 60
0 61
0 75
0 77
0 82
0 85
0 89
0 91
0 92
0 96
0 97
1 5
1 9
1 32
1 43
1 46
1 72
1 79
1 87
1 91
1 92
1 94
1 96
1 98
2 3
2 12
2 14
2 23
2 24
2 27
2 33
2 35
2 39
2 42
2 45
2 53
2 62
2 67
2 68
2 71
2 78
2 86
3 4
3 5
3 8
3 9
3 11
3 13
3 19
3 31
3 33
3 43
3 44
3 48
3 53
3 58
3 61
3 66
3 75
3 94
4 6
4 7
4 20
4 27
4 44
4 50
4 54
4 57
4 58
4 64
4 65
4 70
4 75
4 77
4 83
4 86
4 97
5 14
5 22
5 27
5 30
5 51
5 54
5 57
5 58
5 63
5 72
5 74
5 77
5 78
5 95
5 97
5 98
6 7
6 8
6 12
6 22
6 31
6 40
6 43
6 44
6 47
6 52
6 70
6 72
6 74
6 78
6 82
6 91
6 94
7 16
7 21
7 24
7 25
7 28
7 30
7 40
7 41
7 44
7 46
7 53
7 61
7 82
7 87
7 90
7 92
7 94
7 96
7 98
8 12
8 16
8 29
8 30
8 31
8 34
8 36
8 37
8 47
8 63
8 70
8 71
8 72
8 75
8 77
8 80
8 81
8 85
8 99
9 12
9 14
9 15
9 22
9 24
9 27
9 28
9 33
9 41
9 46
9 49
9 80
9 92
9 94
10 26
10 30
10 39
10 43
10 59
10 61
10 65
10 70
10 77
10 83
10 88
10 99
11 12
11 18
11 21
11 25
11 32
11 37
11 39
11 41
11 45
11 49
11 50
11 53
11 55
11 58
11 72
11 83
11 97
12 20
12 23
12 24
12 25
12 32
12 34
12 38
12 41
12 47
12 49
12 50
12 51
12 55
12 60
12 63
12 66
12 75
12 80
12 81
12 84
12 98
12 99
13 34
13 38
13 62
13 63
13 65
13 67
13 72
13 90
13 98
14 18
14 19
14 24
14 26
14 29
14 32
14 33
14 34
14 37
14 48
14 50
14 56
14 58
14 71
14 83
14 91
15 16
15 17
15 18
15 19
15 23
15 36
15 39
15 59
15 83
15 97
16 24
16 30
16 31
16 32
16 40
16 42
16 58
16 60
16 62
16 70
16 71
16 77
16 89
17 25
17 30
17 36
17 39
17 41
17 42
17 43
17 53
17 61
17 62
17 67
17 75
17 78
17 82
17 85
17 88
17 94
18 22
18 23
18 25
18 31
18 33
18 35
18 43
18 44
18 50
18 57
18 59
18 70
18 73
18 74
18 77
18 78
18 79
18 86
18 87
18 88
18 91
18 95
19 21
19 30
19 32
19 37
19 38
19 43
19 50
19 52
19 62
19 64
19 65
19 75
19 83
19 97
20 21
20 41
20 48
20 51
20 56
20 61
20 62
20 63
20 69
20 70
20 74
20 75
20 78
20 89
20 96
21 23
21 42
21 45
21 53
21 57
21 60
21 72
21 73
21 79
21 81
21 83
21 84
21 87
21 89
21 91
22 24
22 28
22 41
22 44
22 48
22 57
22 63
22 67
22 77
22 89
22 90
23 24
23 28
23 35
23 39
23 40
23 53
23 59
23 61
23 63
23 66
23 67
23 72
23 77
23 83
23 84
23 88
24 29
24 31
24 33
24 34
24 43
24 50
24 51
24 54
24 59
24 61
24 64
24 68
24 74
24 76
24 87
24 91
24 93
24 97
25 28
25 29
25 31
25 35
25 36
25 42
25 57
25 64
25 81
25 85
25 90
25 95
25 98
26 27
26 32
26 33
26 35
26 36
26 38
26 54
26 55
26 59
26 61
26 62
26 65
26 66
26 71
26 79
26 80
26 81
26 83
26 86
26 88
26 94
26 95
26 96
27 29
27 35
27 38
27 39
27 46
27 49
27 52
27 59
27 61
27 62
27 67
27 72
27 73
27 74
27 75
27 80
27 82
27 83
27 87
27 93
27 98
28 33
28 39
28 48
28 53
28 70
28 86
28 87
28 94
28 97
29 31
29 33
29 34
29 49
29 50
29 58
29 71
29 81
29 89
30 33
30 34
30 36
30 43
30 47
30 58
30 59
30 77
30 78
30 79
30 80
30 81
30 88
30 93
30 94
31 32
31 37
31 44
31 51
31 52
31 62
31 79
31 84
31 87
31 91
31 92
32 36
32 37
32 38
32 42
32 45
32 48
32 49
32 52
32 53
32 62
32 73
32 75
32 82
32 83
32 93
32 98
33 46
33 58
33 65
33 66
33 67
33 73
33 75
33 80
33 82
33 83
33 87
33 90
33 93
33 97
34 35
34 42
34 44
34 45
34 52
34 53
34 54
34 55
34 63
34 66
34 72
34 73
34 92
35 36
35 49
35 51
35 55
35 59
35 68
35 78
35 81
35 82
35 85
35 94
36 40
36 42
36 43
36 50
36 57
36 68
36 70
36 73
36 74
36 78
36 93
36 96
37 58
37 62
37 63
37 68
37 70
37 71
37 74
37 89
37 99
38 42
38 43
38 59
38 69
38 81
38 89
38 93
38 94
39 50
39 54
39 62
39 65
39 85
39 87
39 93
39 95
39 96
39 99
40 46
40 62
40 68
40 70
40 74
40 80
40 82
40 90
40 97
40 99
41 42
41 57
41 58
41 62
41 63
41 71
41 72
41 79
41 84
41 87
41 97
42 50
42 52
42 62
42 65
42 68
42 75
42 77
42 86
42 87
42 93
42 97
43 49
43 62
43 63
43 71
43 75
43 79
43 80
43 96
43 99
44 62
44 63
44 68
44 74
44 75
44 76
44 79
44 84
44 96
45 50
45 56
45 68
45 78
45 83
45 84
45 97
46 48
46 54
46 55
46 61
46 65
46 74
46 76
46 78
46 84
46 94
46 97
47 51
47 52
47 59
47 62
47 63
47 64
47 66
47 79
47 84
47 90
47 99
48 51
48 53
48 71
48 74
48 78
48 80
48 83
48 87
48 89
48 95
49 50
49 55
49 69
49 74
49 76
49 80
49 83
49 89
49 91
49 92
49 97
50 57
50 58
50 60
50 65
50 69
50 72
50 77
50 80
50 81
50 84
50 85
51 55
51 56
51 60
51 66
51 81
51 86
51 90
51 94
52 61
52 62
52 68
52 71
52 72
52 76
52 77
52 85
52 93
52 97
53 72
53 74
53 80
53 81
53 82
53 83
53 84
53 86
53 90
53 95
54 64
54 66
54 68
54 70
54 84
54 85
54 98
55 57
55 58
55 65
55 66
55 70
55 76
55 83
55 85
55 87
55 93
56 57
56 59
56 61
56 70
56 71
56 72
56 93
56 94
57 58
57 67
57 77
57 88
57 89
57 95
57 98
58 66
58 68
58 74
58 87
58 95
59 60
59 64
59 69
59 73
59 84
59 87
59 89
59 93
59 95
59 98
60 62
60 79
60 82
60 96
61 77
61 80
61 81
61 84
61 87
61 88
61 91
61 92
61 93
61 97
62 67
62 71
62 85
63 66
63 67
63 71
63 77
63 80
63 90
63 91
63 98
63 99
64 65
64 71
64 72
64 78
64 79
64 82
64 84
64 86
64 89
64 92
64 97
65 68
65 96
65 97
65 98
66 74
66 75
66 86
67 69
67 76
67 83
67 86
67 88
67 99
68 71
68 76
68 77
68 78
68 81
68 82
68 83
68 87
68 89
68 90
68 96
68 97
68 98
69 70
70 71
70 79
70 80
70 91
70 95
71 76
71 78
71 79
71 90
71 92
71 93
71 94
72 79
72 80
73 74
73 76
73 80
73 81
73 84
73 98
74 81
74 86
74 91
74 93
74 94
74 95
75 76
75 82
75 88
75 95
75 96
76 77
76 80
76 86
76 92
76 96
76 97
77 78
77 91
78 92
78 97
79 86
79 95
80 84
80 85
80 89
80 90
81 84
81 93
81 96
81 97
82 84
82 86
83 87
83 89
83 90
83 91
83 94
84 86
84 91
84 92
85 86
85 89
85 92
85 96
85 98
86 87
87 89
87 91
87 93
88 89
89 92
91 94
92 99
93 98
96 97
98 99
