0 1
0 2
0 3
0 5
0 8
0 9
0 11
0 13
0 14
0 17
0 18
0 19
0 20
0 22
0 23
0 25
0 26
0 30
0 33
0 35
0 37
0 40
0 41
0 42
0 44
0 46
0 47
0 48
0 49
0 51
0 52
0 54
0 57
0 59
0 61
0 62
0 63
0 64
0 65
0 66
0 67
0 68
0 69
0 70
0 71
0 73
0 74
0 75
0 81
0 82
0 87
0 88
0 89
0 93
0 94
0 95
0 96
0 97
0 98
1 3
1 6
1 9
1 10
1 12
1 14
1 15
1 16
1 19
1 20
1 21
1 23
1 24
1 25
1 27
1 30
1 32
1 35
1 36
1 37
1 39
1 40
1 43
1 44
1 46
1 47
1 48
1 49
1 50
1 52
1 54
1 55
1 56
1 57
1 59
1 61
1 63
1 64
1 66
1 69
1 72
1 74
1 77
1 81
1 83
1 90
1 91
1 93
1 94
1 98
1 99
2 3
2 4
2 5
2 6
2 7
2 9
2 14
2 15
2 17
2 18
2 19
2 20
2 22
2 23
2 26
2 31
2 34
2 37
2 41
2 42
2 43
2 44
2 45
2 46
2 47
2 49
2 50
2 53
2 54
2 56
2 58
2 59
2 60
2 61
2 65
2 66
2 71
2 73
2 74
2 75
2 76
2 77
2 80
2 81
2 83
2 84
2 86
2 88
2 91
2 92
2 93
2 94
2 95
2 96
2 97
2 98
2 99
3 4
3 7
3 8
3 9
3 10
3 11
3 12
3 13
3 17
3 20
3 23
3 26
3 27
3 29
3 31
3 35
3 36
3 39
3 41
3 42
3 46
3 51
3 52
3 53
3 54
3 57
3 58
3 61
3 64
3 65
3 71
3 75
3 77
3 80
3 84
3 85
3 86
3 87
3 96
3 97
4 5
4 7
4 8
4 9
4 12
4 13
4 14
4 15
4 16
4 17
4 18
4 19
4 21
4 22
4 23
4 28
4 30
4 31
4 35
4 38
4 40
4 42
4 47
4 48
4 49
4 51
4 54
4 56
4 60
4 61
4 62
4 63
4 64
4 67
4 68
4 69
4 70
4 71
4 72
4 74
4 77
4 78
4 79
4 81
4 83
4 86
4 90
4 93
4 95
4 96
5 7
5 11
5 13
5 15
5 17
5 18
5 22
5 23
5 26
5 28
5 31
5 35
5 37
5 41
5 42
5 43
5 48
5 49
5 51
5 53
5 54
5 57
5 65
5 68
5 69
5 73
5 75
5 76
5 78
5 80
5 82
5 83
5 84
5 87
5 92
5 96
5 97
5 99
6 7
6 8
6 9
6 10
6 12
6 14
6 18
6 19
6 20
6 21
6 23
6 25
6 27
6 28
6 30
6 31
6 32
6 33
6 38
6 40
6 41
6 45
6 50
6 51
6 52
6 54
6 56
6 57
6 59
6 63
6 65
6 67
6 68
6 72
6 73
6 75
6 77
6 78
6 80
6 81
6 82
6 84
6 87
6 90
6 94
6 95
6 96
6 98
7 10
7 11
7 12
7 15
7 16
7 17
7 18
7 19
7 23
7 24
7 26
7 27
7 28
7 29
7 31
7 32
7 36
7 39
7 40
7 41
7 43
7 44
7 45
7 47
7 50
7 51
7 52
7 53
7 57
7 58
7 62
7 67
7 70
7 71
7 74
7 79
7 80
7 81
7 82
7 83
7 84
7 86
7 87
7 88
7 89
7 92
7 93
7 94
7 98
8 9
8 13
8 16
8 18
8 19
8 21
8 22
8 25
8 27
8 28
8 29
8 32
8 33
8 34
8 35
8 36
8 37
8 38
8 44
8 46
8 49
8 50
8 52
8 56
8 57
8 58
8 59
8 60
8 61
8 62
8 64
8 66
8 67
8 68
8 74
8 76
8 78
8 79
8 80
8 83
8 84
8 85
8 87
8 91
8 97
8 98
8 99
9 10
9 11
9 12
9 14
9 16
9 17
9 20
9 21
9 24
9 25
9 26
9 27
9 31
9 33
9 36
9 38
9 41
9 43
9 44
9 47
9 50
9 52
9 54
9 57
9 58
9 59
9 60
9 61
9 62
9 63
9 64
9 65
9 66
9 68
9 69
9 70
9 72
9 75
9 77
9 82
9 83
9 85
9 89
9 90
9 93
9 97
9 99
10 11
10 13
10 14
10 15
10 17
10 19
10 20
10 22
10 28
10 29
10 32
10 34
10 35
10 37
10 38
10 39
10 40
10 43
10 47
10 48
10 50
10 55
10 56
10 57
10 58
10 59
10 63
10 65
10 70
10 72
10 73
10 74
10 75
10 76
10 77
10 81
10 84
10 85
10 86
10 92
10 93
10 94
10 98
11 15
11 16
11 18
11 20
11 22
11 23
11 25
11 27
11 29
11 31
11 33
11 34
11 35
11 38
11 39
11 41
11 42
11 44
11 48
11 49
11 51
11 54
11 56
11 58
11 63
11 64
11 66
11 67
11 68
11 73
11 78
11 79
11 81
11 84
11 86
11 87
11 88
11 89
11 90
11 92
11 93
11 95
11 96
11 98
12 16
12 17
12 19
12 21
12 22
12 23
12 24
12 28
12 29
12 30
12 31
12 32
12 33
12 35
12 37
12 40
12 42
12 45
12 46
12 50
12 52
12 56
12 59
12 61
12 65
12 72
12 73
12 76
12 79
12 80
12 81
12 82
12 84
12 86
12 88
12 90
12 91
12 92
12 94
12 96
13 16
13 17
13 19
13 21
13 28
13 29
13 31
13 32
13 35
13 36
13 37
13 40
13 41
13 42
13 44
13 45
13 46
13 48
13 52
13 55
13 57
13 59
13 60
13 63
13 64
13 65
13 68
13 70
13 71
13 72
13 73
13 74
13 75
13 76
13 77
13 78
13 79
13 85
13 88
13 93
13 94
13 99
14 15
14 17
14 18
14 19
14 20
14 25
14 27
14 28
14 29
14 31
14 39
14 41
14 42
14 43
14 44
14 46
14 47
14 51
14 52
14 53
14 56
14 59
14 62
14 65
14 67
14 69
14 70
14 73
14 74
14 75
14 77
14 80
14 81
14 82
14 83
14 85
14 88
14 89
14 90
14 92
14 98
14 99
15 17
15 18
15 20
15 22
15 28
15 30
15 31
15 36
15 38
15 41
15 43
15 44
15 48
15 51
15 54
15 60
15 63
15 65
15 66
15 67
15 68
15 73
15 77
15 79
15 80
15 81
15 82
15 83
15 87
15 92
15 94
15 95
15 96
15 97
15 99
16 17
16 21
16 23
16 24
16 26
16 27
16 29
16 31
16 32
16 33
16 35
16 40
16 41
16 44
16 46
16 47
16 55
16 56
16 60
16 62
16 64
16 66
16 70
16 71
16 72
16 73
16 74
16 77
16 79
16 80
16 82
16 83
16 85
16 88
16 90
16 91
16 93
16 94
17 19
17 20
17 21
17 23
17 27
17 29
17 32
17 36
17 42
17 43
17 44
17 49
17 50
17 51
17 52
17 54
17 56
17 57
17 58
17 61
17 62
17 63
17 65
17 66
17 71
17 73
17 74
17 75
17 76
17 78
17 80
17 82
17 83
17 84
17 85
17 87
17 88
17 90
17 91
17 95
17 96
17 97
17 98
18 20
18 25
18 27
18 32
18 35
18 36
18 37
18 40
18 42
18 43
18 45
18 46
18 47
18 48
18 49
18 50
18 53
18 56
18 58
18 59
18 61
18 63
18 64
18 69
18 70
18 73
18 78
18 80
18 81
18 82
18 83
18 84
18 86
18 89
18 90
18 94
18 96
18 98
19 26
19 28
19 29
19 30
19 34
19 38
19 40
19 42
19 44
19 45
19 47
19 48
19 49
19 50
19 51
19 52
19 54
19 57
19 58
19 59
19 62
19 63
19 69
19 70
19 71
19 76
19 78
19 80
19 83
19 86
19 87
19 90
19 93
19 94
19 95
19 96
19 97
19 98
20 22
20 25
20 27
20 28
20 30
20 32
20 36
20 37
20 41
20 45
20 46
20 51
20 52
20 60
20 61
20 62
20 63
20 67
20 69
20 70
20 78
20 79
20 82
20 83
20 84
20 85
20 86
20 87
20 89
20 91
20 92
20 93
20 94
20 95
20 96
20 97
20 99
21 22
21 23
21 25
21 27
21 28
21 29
21 32
21 33
21 34
21 35
21 37
21 39
21 44
21 46
21 54
21 56
21 58
21 60
21 61
21 63
21 64
21 65
21 66
21 68
21 69
21 73
21 75
21 76
21 78
21 81
21 83
21 87
21 88
21 92
21 95
21 97
21 98
22 24
22 27
22 29
22 32
22 33
22 36
22 39
22 40
22 43
22 46
22 47
22 50
22 51
22 52
22 58
22 62
22 66
22 67
22 70
22 72
22 73
22 74
22 75
22 76
22 79
22 82
22 83
22 85
22 87
22 88
22 89
22 93
22 94
22 95
22 98
23 26
23 29
23 32
23 33
23 34
23 35
23 36
23 37
23 39
23 41
23 44
23 45
23 49
23 52
23 53
23 55
23 56
23 58
23 62
23 69
23 75
23 77
23 79
23 80
23 81
23 82
23 83
23 86
23 87
23 88
23 89
23 90
23 95
23 99
24 29
24 30
24 31
24 33
24 37
24 38
24 39
24 41
24 43
24 44
24 47
24 48
24 50
24 55
24 56
24 58
24 61
24 62
24 63
24 67
24 68
24 69
24 71
24 76
24 78
24 79
24 80
24 81
24 83
24 84
24 86
24 90
24 94
24 97
24 98
25 26
25 28
25 29
25 30
25 33
25 34
25 37
25 39
25 40
25 41
25 43
25 44
25 45
25 46
25 47
25 48
25 50
25 51
25 52
25 53
25 54
25 55
25 56
25 58
25 62
25 63
25 66
25 67
25 68
25 69
25 70
25 72
25 73
25 75
25 82
25 83
25 85
25 86
25 87
25 91
25 92
25 97
26 28
26 31
26 34
26 37
26 39
26 40
26 44
26 48
26 49
26 50
26 56
26 57
26 60
26 62
26 63
26 66
26 67
26 68
26 69
26 73
26 75
26 77
26 79
26 81
26 84
26 85
26 86
26 88
26 89
26 90
26 96
26 98
27 29
27 33
27 34
27 40
27 41
27 44
27 51
27 52
27 57
27 59
27 60
27 63
27 69
27 70
27 71
27 72
27 73
27 77
27 78
27 81
27 82
27 84
27 85
27 86
27 87
27 90
27 91
27 94
27 95
27 99
28 32
28 34
28 35
28 38
28 39
28 43
28 44
28 45
28 46
28 47
28 49
28 54
28 56
28 59
28 60
28 61
28 66
28 67
28 68
28 70
28 71
28 77
28 81
28 84
28 85
28 86
28 88
28 97
28 98
29 30
29 32
29 33
29 34
29 35
29 36
29 37
29 39
29 40
29 42
29 43
29 44
29 48
29 50
29 53
29 58
29 59
29 60
29 61
29 64
29 67
29 68
29 71
29 72
29 74
29 75
29 76
29 77
29 78
29 80
29 82
29 83
29 84
29 87
29 88
29 89
29 91
29 92
29 93
29 95
29 96
29 98
29 99
30 31
30 32
30 34
30 35
30 36
30 37
30 38
30 39
30 44
30 45
30 46
30 47
30 48
30 49
30 50
30 51
30 54
30 55
30 61
30 63
30 65
30 66
30 68
30 69
30 70
30 72
30 73
30 74
30 75
30 77
30 79
30 83
30 84
30 89
30 90
30 91
30 93
30 95
30 98
30 99
31 34
31 37
31 41
31 51
31 52
31 53
31 54
31 55
31 56
31 57
31 59
31 60
31 62
31 63
31 64
31 66
31 68
31 69
31 70
31 72
31 74
31 75
31 76
31 77
31 78
31 82
31 83
31 85
31 86
31 87
31 89
31 90
31 92
31 94
31 96
32 33
32 36
32 38
32 39
32 40
32 42
32 45
32 46
32 48
32 50
32 51
32 54
32 55
32 56
32 58
32 60
32 61
32 62
32 64
32 65
32 68
32 69
32 73
32 75
32 77
32 78
32 79
32 81
32 83
32 84
32 85
32 86
32 87
32 96
32 97
32 99
33 35
33 37
33 41
33 42
33 43
33 44
33 46
33 47
33 48
33 51
33 54
33 55
33 56
33 58
33 62
33 63
33 64
33 65
33 69
33 72
33 75
33 76
33 80
33 87
33 88
33 91
33 94
33 95
33 96
34 36
34 37
34 38
34 39
34 40
34 42
34 43
34 48
34 49
34 50
34 56
34 57
34 61
34 62
34 64
34 65
34 66
34 68
34 70
34 71
34 73
34 75
34 77
34 81
34 82
34 88
34 90
34 91
34 94
34 97
35 40
35 46
35 47
35 49
35 50
35 52
35 56
35 58
35 59
35 60
35 62
35 63
35 64
35 65
35 70
35 71
35 76
35 77
35 78
35 79
35 80
35 81
35 82
35 83
35 84
35 85
35 87
35 88
35 89
35 90
35 91
35 94
35 95
35 96
35 98
36 44
36 48
36 49
36 51
36 54
36 55
36 56
36 57
36 58
36 61
36 62
36 63
36 64
36 67
36 75
36 76
36 77
36 78
36 80
36 82
36 86
36 87
36 88
36 89
36 93
36 95
36 96
36 98
36 99
37 43
37 44
37 47
37 48
37 52
37 55
37 57
37 58
37 61
37 62
37 63
37 66
37 68
37 71
37 72
37 76
37 77
37 79
37 80
37 82
37 83
37 84
37 88
37 89
37 91
37 97
37 98
38 40
38 46
38 49
38 51
38 52
38 53
38 54
38 55
38 56
38 58
38 59
38 61
38 62
38 66
38 68
38 69
38 71
38 72
38 73
38 75
38 78
38 82
38 84
38 87
38 88
38 89
38 93
38 96
38 97
39 40
39 41
39 48
39 51
39 52
39 54
39 56
39 57
39 58
39 59
39 60
39 61
39 62
39 63
39 64
39 67
39 69
39 70
39 72
39 76
39 79
39 81
39 82
39 84
39 87
39 88
39 91
39 93
39 96
39 97
39 98
39 99
40 41
40 42
40 45
40 47
40 49
40 51
40 53
40 54
40 55
40 57
40 58
40 60
40 64
40 66
40 68
40 71
40 72
40 74
40 75
40 83
40 84
40 85
40 87
40 89
40 90
40 91
40 92
40 94
40 99
41 44
41 51
41 53
41 54
41 55
41 56
41 57
41 62
41 65
41 66
41 69
41 70
41 71
41 72
41 73
41 75
41 76
41 77
41 80
41 81
41 82
41 83
41 84
41 86
41 87
41 88
41 89
41 90
41 92
41 93
41 96
42 43
42 44
42 46
42 48
42 50
42 53
42 54
42 56
42 57
42 58
42 60
42 61
42 62
42 70
42 71
42 76
42 77
42 78
42 79
42 81
42 83
42 84
42 88
42 89
42 90
42 94
42 95
42 96
42 97
42 98
42 99
43 45
43 49
43 50
43 51
43 53
43 54
43 57
43 58
43 60
43 61
43 63
43 67
43 68
43 72
43 74
43 75
43 77
43 81
43 82
43 86
43 88
43 89
43 90
43 92
43 93
43 94
43 96
43 97
43 98
44 47
44 48
44 50
44 52
44 57
44 58
44 60
44 67
44 68
44 78
44 80
44 83
44 84
44 85
44 87
44 88
44 89
44 91
44 92
44 95
44 96
45 46
45 47
45 48
45 50
45 53
45 54
45 55
45 56
45 57
45 59
45 62
45 64
45 66
45 69
45 70
45 71
45 73
45 76
45 77
45 78
45 79
45 81
45 83
45 84
45 88
45 89
45 93
45 98
46 48
46 49
46 50
46 54
46 55
46 56
46 58
46 59
46 61
46 63
46 66
46 70
46 71
46 74
46 77
46 78
46 79
46 81
46 82
46 83
46 84
46 85
46 86
46 89
46 91
46 94
46 96
46 98
47 48
47 49
47 52
47 55
47 58
47 60
47 61
47 62
47 63
47 66
47 68
47 70
47 73
47 74
47 79
47 83
47 85
47 89
47 92
47 94
47 95
47 97
47 98
48 50
48 55
48 56
48 58
48 59
48 60
48 61
48 62
48 64
48 66
48 67
48 68
48 70
48 71
48 74
48 75
48 77
48 85
48 98
49 50
49 51
49 52
49 53
49 55
49 57
49 58
49 60
49 62
49 66
49 67
49 68
49 72
49 73
49 76
49 77
49 78
49 79
49 80
49 82
49 83
49 85
49 86
49 87
49 92
49 94
49 95
49 97
49 98
49 99
50 52
50 62
50 64
50 65
50 66
50 67
50 69
50 74
50 76
50 78
50 80
50 82
50 83
50 88
50 89
50 92
50 93
50 95
51 53
51 54
51 56
51 59
51 60
51 61
51 62
51 63
51 66
51 71
51 72
51 75
51 78
51 81
51 83
51 84
51 85
51 86
51 87
51 97
51 98
52 54
52 55
52 56
52 57
52 58
52 67
52 69
52 71
52 72
52 73
52 74
52 77
52 78
52 80
52 81
52 88
52 90
52 92
52 93
52 94
52 96
52 97
52 99
53 54
53 60
53 61
53 63
53 64
53 66
53 69
53 70
53 74
53 76
53 79
53 80
53 81
53 83
53 87
53 88
53 90
53 91
53 92
53 93
53 96
54 57
54 60
54 61
54 63
54 64
54 71
54 72
54 73
54 76
54 77
54 79
54 80
54 81
54 82
54 83
54 85
54 88
54 91
54 92
54 93
54 96
54 97
55 57
55 59
55 60
55 61
55 64
55 65
55 67
55 69
55 70
55 71
55 73
55 74
55 75
55 78
55 79
55 80
55 81
55 82
55 83
55 84
55 85
55 87
55 90
55 95
55 99
56 57
56 59
56 61
56 66
56 67
56 68
56 69
56 70
56 72
56 73
56 74
56 76
56 77
56 81
56 82
56 86
56 88
56 89
56 90
56 91
56 97
56 98
56 99
57 58
57 61
57 67
57 68
57 71
57 73
57 75
57 78
57 79
57 82
57 83
57 85
57 86
57 89
57 93
57 94
57 97
57 98
58 60
58 62
58 63
58 64
58 69
58 74
58 76
58 77
58 84
58 85
58 86
58 87
58 90
58 91
58 92
58 95
58 96
58 97
58 98
59 63
59 64
59 65
59 68
59 69
59 72
59 73
59 74
59 76
59 78
59 79
59 82
59 83
59 84
59 86
59 88
59 89
59 91
59 93
59 94
59 95
59 97
59 98
59 99
60 61
60 62
60 64
60 65
60 66
60 67
60 71
60 72
60 76
60 77
60 80
60 82
60 84
60 86
60 87
60 89
60 90
60 91
60 92
60 93
60 94
60 95
60 96
60 97
60 98
61 62
61 65
61 68
61 71
61 72
61 73
61 75
61 78
61 81
61 85
61 90
61 91
61 92
61 95
61 97
61 98
61 99
62 63
62 66
62 70
62 73
62 76
62 79
62 81
62 83
62 84
62 87
62 88
62 89
62 90
62 92
62 93
62 94
62 96
62 97
63 64
63 65
63 66
63 68
63 69
63 70
63 71
63 72
63 73
63 74
63 76
63 77
63 79
63 80
63 82
63 86
63 87
63 89
63 91
63 92
63 95
63 96
63 97
63 98
63 99
64 68
64 69
64 70
64 71
64 72
64 73
64 74
64 75
64 76
64 80
64 82
64 84
64 86
64 87
64 88
64 89
64 92
64 93
64 94
64 96
64 97
64 98
64 99
65 68
65 72
65 76
65 77
65 82
65 86
65 89
65 92
65 94
65 95
66 69
66 71
66 73
66 75
66 81
66 82
66 84
66 85
66 88
66 90
66 91
66 92
66 96
67 68
67 69
67 70
67 72
67 77
67 81
67 82
67 83
67 85
67 86
67 89
67 90
67 91
67 93
67 94
67 95
67 96
67 97
67 99
68 71
68 75
68 77
68 80
68 81
68 83
68 85
68 87
68 88
68 90
68 92
68 93
68 94
68 96
68 98
68 99
69 70
69 72
69 74
69 75
69 77
69 79
69 82
69 84
69 85
69 86
69 88
69 90
69 91
69 94
69 98
70 71
70 72
70 73
70 75
70 76
70 78
70 79
70 80
70 83
70 84
70 85
70 88
70 89
70 90
70 91
70 95
70 96
70 98
71 73
71 74
71 76
71 79
71 80
71 81
71 83
71 84
71 85
71 86
71 88
71 90
71 92
71 93
71 99
72 73
72 75
72 76
72 80
72 82
72 84
72 89
72 90
72 93
72 94
73 74
73 76
73 78
73 79
73 80
73 81
73 82
73 83
73 87
73 88
73 90
73 91
73 95
73 96
73 97
73 99
74 75
74 76
74 77
74 79
74 80
74 81
74 83
74 84
74 86
74 87
74 89
74 90
74 91
74 93
74 94
74 96
74 97
74 99
75 78
75 80
75 86
75 87
75 88
75 90
75 91
75 92
75 93
75 94
75 98
76 77
76 79
76 82
76 85
76 88
76 89
76 91
76 93
76 94
76 95
76 98
77 79
77 80
77 81
77 82
77 83
77 84
77 85
77 87
77 89
77 92
77 96
77 97
78 79
78 80
78 81
78 82
78 84
78 86
78 87
78 89
78 90
78 93
78 94
78 95
78 97
78 99
79 81
79 83
79 89
79 94
79 95
79 96
79 97
79 98
80 81
80 82
80 83
80 85
80 86
80 88
80 91
80 95
80 96
80 97
80 98
81 83
81 84
81 85
81 87
81 88
81 90
81 91
81 93
81 94
81 95
81 96
81 98
81 99
82 83
82 84
82 87
82 88
82 90
82 91
82 93
82 94
82 95
82 97
82 98
83 85
83 86
83 87
83 93
83 94
83 95
83 96
83 97
83 98
83 99
84 85
84 89
84 91
84 92
84 97
84 99
85 86
85 88
85 89
85 92
85 93
85 94
85 95
85 96
85 97
85 98
85 99
86 87
86 89
86 90
86 92
86 94
86 95
86 96
86 97
86 99
87 91
87 92
87 93
87 94
87 98
88 90
88 91
88 92
88 93
88 94
88 96
88 97
89 90
89 92
89 95
89 98
90 91
90 92
90 93
90 98
91 92
91 98
92 94
93 99
94 98
94 99
95 96
95 97
95 98
95 99
96 98
97 98
97 99
98 99
