0 1
0 5
0 13
0 14
0 17
0 19
0 24
0 32
0 35
0 36
0 37
0 43
0 44
0 47
0 51
0 52
0 57
0 64
0 65
0 68
0 69
0 75
0 82
0 88
0 89
0 93
0 98
1 8
1 10
1 15
1 20
1 23
1 25
1 27
1 28
1 30
1 31
1 33
1 39
1 43
1 46
1 47
1 48
1 52
1 56
1 60
1 64
1 66
1 67
1 68
1 69
1 70
1 71
1 72
1 75
1 78
1 80
1 90
1 94
1 95
1 97
1 98
2 3
2 7
2 10
2 13
2 16
2 17
2 18
2 20
2 26
2 28
2 30
2 34
2 35
2 38
2 43
2 44
2 48
2 51
2 54
2 57
2 59
2 60
2 63
2 64
2 67
2 73
2 80
2 81
2 86
2 88
2 94
2 98
2 99
3 4
3 5
3 6
3 8
3 13
3 15
3 19
3 23
3 26
3 35
3 36
3 37
3 41
3 42
3 44
3 45
3 46
3 48
3 63
3 65
3 68
3 73
3 78
3 82
3 84
3 90
4 5
4 9
4 12
4 14
4 15
4 16
4 17
4 19
4 22
4 23
4 24
4 25
4 35
4 38
4 43
4 45
4 46
4 47
4 49
4 52
4 57
4 58
4 60
4 64
4 68
4 69
4 72
4 78
4 79
4 81
4 84
4 85
4 86
4 97
4 99
5 6
5 7
5 8
5 9
5 15
5 17
5 22
5 25
5 27
5 29
5 35
5 41
5 46
5 47
5 51
5 52
5 54
5 55
5 58
5 63
5 66
5 67
5 70
5 85
5 88
5 93
5 95
5 96
5 97
5 98
6 11
6 12
6 13
6 14
6 16
6 22
6 31
6 34
6 36
6 38
6 39
6 44
6 45
6 48
6 51
6 55
6 56
6 58
6 59
6 63
6 64
6 67
6 69
6 70
6 78
6 79
6 82
6 85
6 86
6 87
6 90
7 14
7 16
7 17
7 22
7 27
7 29
7 33
7 36
7 37
7 42
7 45
7 47
7 48
7 49
7 57
7 59
7 61
7 64
7 74
7 77
7 78
7 82
7 84
7 92
7 93
7 96
7 98
7 99
8 11
8 14
8 15
8 16
8 23
8 25
8 26
8 27
8 31
8 33
8 34
8 35
8 37
8 41
8 43
8 45
8 46
8 52
8 55
8 58
8 59
8 64
8 67
8 68
8 69
8 71
8 73
8 75
8 76
8 79
8 80
8 81
8 90
8 91
8 92
9 10
9 13
9 14
9 15
9 17
9 18
9 28
9 29
9 33
9 36
9 39
9 40
9 44
9 51
9 55
9 56
9 61
9 62
9 63
9 64
9 70
9 73
9 75
9 76
9 80
9 83
9 85
9 86
9 88
9 90
9 91
9 93
10 14
10 21
10 26
10 27
10 29
10 30
10 31
10 32
10 33
10 38
10 39
10 42
10 43
10 49
10 50
10 52
10 53
10 55
10 59
10 60
10 61
10 66
10 72
10 77
10 83
11 28
11 29
11 33
11 35
11 36
11 37
11 45
11 46
11 48
11 49
11 51
11 53
11 68
11 75
11 76
11 81
11 82
11 86
11 87
11 88
11 91
11 93
11 94
11 97
11 99
12 14
12 15
12 16
12 18
12 22
12 24
12 33
12 35
12 39
12 40
12 47
12 48
12 55
12 61
12 63
12 64
12 65
12 68
12 76
12 77
12 78
12 79
12 80
12 83
12 87
12 88
12 90
12 91
12 92
12 93
12 94
12 97
13 19
13 20
13 24
13 26
13 27
13 31
13 33
13 34
13 39
13 41
13 44
13 48
13 49
13 51
13 54
13 55
13 57
13 62
13 66
13 67
13 74
13 75
13 81
13 84
13 90
13 91
13 98
14 18
14 20
14 23
14 28
14 30
14 31
14 34
14 39
14 40
14 41
14 46
14 56
14 59
14 60
14 61
14 72
14 73
14 80
14 81
14 83
15 29
15 37
15 38
15 39
15 40
15 41
15 43
15 44
15 51
15 53
15 55
15 57
15 59
15 67
15 69
15 71
15 79
15 80
15 81
15 91
15 99
16 17
16 18
16 20
16 22
16 23
16 30
16 33
16 37
16 39
16 40
16 41
16 52
16 54
16 56
16 59
16 60
16 62
16 63
16 66
16 72
16 74
16 80
16 83
16 86
16 91
16 92
16 93
17 18
17 24
17 28
17 29
17 32
17 35
17 36
17 38
17 39
17 47
17 48
17 58
17 59
17 62
17 64
17 67
17 72
17 76
17 79
17 83
17 87
17 88
17 91
17 94
17 96
17 97
17 98
17 99
18 24
18 31
18 33
18 34
18 38
18 43
18 52
18 55
18 56
18 59
18 63
18 64
18 65
18 73
18 76
18 77
18 80
18 85
18 86
18 89
18 90
18 91
18 92
19 25
19 35
19 40
19 43
19 47
19 50
19 51
19 52
19 61
19 63
19 67
19 69
19 73
19 79
19 81
19 82
19 84
19 85
19 86
19 89
20 22
20 28
20 29
20 32
20 33
20 35
20 37
20 40
20 42
20 45
20 47
20 49
20 50
20 51
20 52
20 53
20 56
20 59
20 61
20 62
20 66
20 68
20 74
20 78
20 81
20 87
20 89
20 90
20 92
20 97
20 99
21 25
21 28
21 34
21 37
21 44
21 45
21 51
21 53
21 60
21 61
21 62
21 63
21 65
21 70
21 71
21 77
21 80
21 81
21 83
21 86
21 89
21 92
21 94
21 97
21 98
22 29
22 30
22 38
22 41
22 44
22 47
22 51
22 53
22 58
22 60
22 61
22 63
22 65
22 71
22 72
22 73
22 80
22 90
23 25
23 28
23 32
23 34
23 35
23 37
23 39
23 40
23 43
23 46
23 47
23 48
23 50
23 51
23 53
23 65
23 69
23 70
23 71
23 75
23 76
23 92
23 93
24 27
24 31
24 32
24 36
24 40
24 41
24 44
24 53
24 57
24 59
24 61
24 69
24 70
24 71
24 76
24 79
24 81
24 83
24 84
24 85
24 88
24 91
24 95
24 96
24 98
25 30
25 31
25 33
25 37
25 40
25 45
25 46
25 48
25 49
25 53
25 55
25 60
25 63
25 64
25 67
25 69
25 71
25 73
25 76
25 77
25 80
25 84
25 86
25 88
25 89
26 27
26 30
26 31
26 33
26 34
26 37
26 39
26 43
26 46
26 47
26 52
26 57
26 63
26 64
26 65
26 69
26 71
26 73
26 74
26 75
26 77
26 78
26 79
26 81
26 83
26 89
26 91
26 92
26 98
27 28
27 30
27 33
27 34
27 37
27 38
27 41
27 42
27 44
27 47
27 51
27 54
27 58
27 60
27 62
27 70
27 74
27 75
27 77
27 78
27 82
27 85
27 86
28 30
28 31
28 33
28 34
28 35
28 37
28 41
28 43
28 48
28 51
28 54
28 55
28 56
28 64
28 68
28 72
28 75
28 76
28 77
28 78
28 82
28 87
28 90
28 94
28 98
29 30
29 34
29 35
29 37
29 40
29 41
29 47
29 48
29 51
29 52
29 54
29 55
29 56
29 58
29 66
29 70
29 72
29 74
29 75
29 79
29 82
29 92
29 95
30 32
30 36
30 37
30 38
30 39
30 40
30 41
30 42
30 44
30 46
30 50
30 51
30 52
30 53
30 58
30 66
30 70
30 76
30 77
30 78
30 85
30 87
30 89
30 92
30 98
31 33
31 34
31 36
31 39
31 40
31 44
31 47
31 49
31 52
31 55
31 57
31 60
31 63
31 64
31 66
31 72
31 74
31 76
31 82
31 86
31 87
31 90
31 91
31 93
31 97
32 33
32 49
32 63
32 66
32 67
32 68
32 71
32 75
32 76
32 78
32 79
32 80
32 84
32 86
32 90
32 94
32 95
32 99
33 36
33 39
33 40
33 45
33 47
33 52
33 61
33 62
33 65
33 66
33 68
33 71
33 79
33 82
33 84
33 86
33 90
33 91
33 92
33 93
34 35
34 36
34 49
34 52
34 56
34 57
34 65
34 68
34 72
34 73
34 83
34 86
34 88
34 90
34 91
34 94
34 95
35 37
35 41
35 42
35 51
35 53
35 56
35 66
35 67
35 69
35 76
35 78
35 79
35 80
35 81
35 82
35 85
35 92
35 95
35 96
36 38
36 43
36 44
36 48
36 58
36 60
36 62
36 65
36 66
36 68
36 70
36 72
36 73
36 77
36 79
36 81
36 82
36 87
36 97
37 41
37 42
37 43
37 50
37 53
37 55
37 60
37 67
37 68
37 70
37 71
37 74
37 77
37 81
37 83
37 87
37 94
37 96
37 98
37 99
38 39
38 40
38 42
38 44
38 45
38 50
38 52
38 55
38 62
38 63
38 64
38 66
38 68
38 70
38 71
38 72
38 73
38 77
38 78
38 86
38 91
38 93
38 95
38 96
39 41
39 42
39 46
39 52
39 53
39 56
39 58
39 61
39 68
39 69
39 79
39 80
39 88
39 89
39 92
39 93
39 98
40 44
40 47
40 49
40 51
40 57
40 62
40 64
40 66
40 67
40 69
40 70
40 73
40 79
40 81
40 82
40 87
40 89
40 90
40 93
40 95
40 96
40 97
40 99
41 43
41 52
41 55
41 58
41 61
41 62
41 67
41 71
41 72
41 75
41 76
41 83
41 84
41 87
41 91
41 92
41 93
41 94
41 95
41 96
42 44
42 50
42 55
42 57
42 59
42 62
42 64
42 67
42 70
42 74
42 76
42 89
42 90
42 91
42 92
42 93
42 94
42 99
43 44
43 45
43 46
43 52
43 60
43 61
43 69
43 72
43 73
43 74
43 77
43 81
43 83
43 91
43 92
43 95
43 97
44 46
44 48
44 50
44 58
44 61
44 64
44 65
44 67
44 71
44 74
44 86
44 87
44 90
44 96
44 97
44 98
45 53
45 58
45 73
45 76
45 77
45 79
45 81
45 84
45 86
45 92
45 93
45 95
45 97
46 48
46 49
46 50
46 54
46 57
46 60
46 61
46 64
46 68
46 71
46 72
46 73
46 75
46 91
46 94
46 97
47 48
47 53
47 54
47 56
47 57
47 58
47 59
47 69
47 73
47 76
47 80
47 82
47 86
47 88
47 96
47 99
48 52
48 53
48 54
48 55
48 57
48 58
48 63
48 65
48 67
48 78
48 83
48 85
48 86
48 93
48 96
48 97
48 98
49 51
49 53
49 55
49 56
49 60
49 62
49 64
49 65
49 66
49 67
49 69
49 74
49 87
49 99
50 52
50 57
50 61
50 64
50 65
50 72
50 74
50 75
50 76
50 78
50 88
50 89
50 90
50 91
50 93
50 97
50 99
51 52
51 53
51 56
51 57
51 60
51 62
51 63
51 69
51 70
51 77
51 78
51 82
51 84
51 85
51 91
51 93
51 95
51 96
51 97
51 98
52 59
52 63
52 66
52 70
52 77
52 85
52 87
52 88
52 89
52 95
53 54
53 56
53 57
53 61
53 62
53 63
53 64
53 68
53 70
53 75
53 78
53 79
53 90
54 55
54 56
54 63
54 66
54 68
54 70
54 74
54 77
54 81
54 82
54 85
54 90
54 95
54 96
54 98
55 67
55 69
55 71
55 72
55 73
55 76
55 77
55 78
55 80
55 81
55 82
55 86
55 92
55 94
55 95
55 98
56 65
56 71
56 72
56 77
56 78
56 80
56 82
56 86
56 93
56 96
57 58
57 66
57 67
57 72
57 76
57 78
57 79
57 84
57 86
57 91
57 92
57 94
57 97
58 61
58 62
58 64
58 70
58 72
58 73
58 78
58 80
58 88
58 89
58 93
58 96
58 99
59 61
59 68
59 69
59 72
59 74
59 75
59 79
59 83
59 86
59 88
59 91
60 61
60 63
60 72
60 74
60 78
60 82
60 84
60 86
60 88
60 90
60 92
61 71
61 77
61 81
61 91
61 95
61 96
62 66
62 69
62 71
62 72
62 73
62 74
62 76
62 81
62 88
62 92
62 93
63 66
63 69
63 71
63 72
63 73
63 74
63 76
63 80
63 83
63 84
63 87
63 91
63 92
63 94
64 66
64 72
64 76
64 80
64 82
64 83
64 86
64 88
64 94
65 66
65 68
65 73
65 83
65 84
65 94
65 95
65 98
66 68
66 70
66 71
66 72
66 74
66 83
66 86
66 88
66 89
66 90
66 91
66 95
66 97
67 70
67 71
67 72
67 73
67 75
67 84
67 93
67 97
67 98
68 69
68 76
68 77
68 80
68 88
68 92
68 96
68 98
68 99
69 71
69 73
69 80
69 81
69 82
69 83
69 84
69 96
70 73
70 74
70 80
70 82
70 87
70 89
70 93
70 94
70 95
70 99
71 75
71 77
71 83
71 89
71 91
72 75
72 77
72 78
72 80
72 84
72 87
72 93
72 95
72 97
72 98
73 74
73 77
73 79
73 86
73 88
73 92
73 96
74 81
74 84
74 88
74 90
74 93
74 94
74 97
74 98
74 99
75 78
75 80
75 86
75 92
75 96
75 98
76 78
76 84
76 88
76 91
76 93
76 99
77 79
77 81
77 82
77 85
77 87
77 88
77 90
77 91
78 82
78 83
78 84
78 85
78 92
78 95
78 98
79 80
79 86
79 87
79 98
80 81
80 86
80 88
80 91
80 94
80 95
80 97
81 86
81 88
81 89
81 90
81 92
81 93
81 96
81 97
82 83
82 84
82 86
82 92
82 94
82 99
83 84
83 91
83 92
84 86
84 87
84 90
84 91
84 92
84 97
84 99
85 92
85 94
85 95
85 97
86 87
86 88
86 96
86 99
87 89
87 92
87 93
87 97
88 92
88 93
88 94
88 97
88 98
89 91
89 96
89 98
90 92
90 94
90 97
91 99
92 94
92 96
93 97
94 95
94 98
94 99
95 98
95 99
96 98
97 99
