0 1
0 2
0 3
0 5
0 7
0 8
0 9
0 10
0 11
0 15
0 16
0 17
0 19
0 20
0 21
0 25
0 29
0 31
0 32
0 33
0 35
0 36
0 38
0 40
0 45
0 46
0 47
0 48
0 49
0 50
0 54
0 55
0 56
0 57
0 58
0 61
0 62
0 63
0 64
0 65
0 67
0 68
0 70
0 72
0 73
0 74
0 76
0 78
0 80
0 81
0 83
0 84
0 85
0 87
0 88
0 89
0 90
0 93
0 95
0 96
0 99
1 2
1 3
1 4
1 5
1 6
1 7
1 8
1 10
1 11
1 12
1 13
1 14
1 15
1 16
1 17
1 18
1 19
1 20
1 21
1 22
1 23
1 24
1 26
1 27
1 29
1 30
1 31
1 32
1 34
1 35
1 37
1 38
1 40
1 41
1 42
1 43
1 45
1 46
1 48
1 50
1 52
1 54
1 55
1 62
1 63
1 64
1 65
1 66
1 67
1 68
1 69
1 70
1 71
1 72
1 73
1 74
1 77
1 78
1 80
1 82
1 84
1 85
1 87
1 88
1 90
1 94
1 96
1 99
2 4
2 5
2 6
2 9
2 10
2 11
2 12
2 18
2 19
2 20
2 22
2 23
2 28
2 29
2 30
2 32
2 33
2 34
2 35
2 36
2 37
2 38
2 41
2 43
2 44
2 45
2 46
2 47
2 48
2 49
2 51
2 52
2 55
2 56
2 57
2 58
2 59
2 60
2 61
2 62
2 63
2 66
2 68
2 69
2 70
2 71
2 72
2 75
2 78
2 84
2 85
2 86
2 88
2 90
2 97
2 98
3 5
3 8
3 10
3 11
3 12
3 13
3 15
3 16
3 17
3 18
3 19
3 20
3 23
3 24
3 28
3 31
3 32
3 33
3 34
3 35
3 37
3 38
3 40
3 41
3 42
3 43
3 44
3 45
3 46
3 47
3 49
3 50
3 51
3 53
3 54
3 55
3 57
3 60
3 62
3 64
3 66
3 67
3 70
3 71
3 72
3 74
3 76
3 79
3 80
3 83
3 85
3 86
3 87
3 88
3 90
3 92
3 94
3 99
4 5
4 6
4 7
4 8
4 10
4 11
4 14
4 15
4 18
4 19
4 25
4 26
4 29
4 30
4 36
4 39
4 43
4 46
4 50
4 51
4 52
4 55
4 56
4 57
4 61
4 62
4 65
4 66
4 71
4 72
4 73
4 74
4 75
4 76
4 77
4 78
4 82
4 83
4 85
4 86
4 87
4 88
4 89
4 90
4 92
4 94
4 95
4 96
4 97
4 98
4 99
5 6
5 8
5 9
5 10
5 11
5 13
5 14
5 15
5 19
5 20
5 21
5 22
5 23
5 25
5 27
5 28
5 29
5 32
5 33
5 34
5 35
5 36
5 42
5 44
5 46
5 47
5 49
5 50
5 51
5 52
5 54
5 55
5 57
5 58
5 59
5 61
5 62
5 64
5 65
5 66
5 70
5 71
5 72
5 73
5 75
5 76
5 77
5 78
5 79
5 81
5 84
5 90
5 91
5 93
5 94
5 95
5 96
5 99
6 7
6 8
6 11
6 13
6 15
6 16
6 19
6 20
6 21
6 22
6 23
6 24
6 25
6 27
6 28
6 29
6 30
6 31
6 32
6 34
6 35
6 36
6 39
6 40
6 45
6 46
6 47
6 49
6 51
6 53
6 54
6 56
6 57
6 60
6 62
6 64
6 66
6 67
6 70
6 72
6 73
6 74
6 75
6 76
6 77
6 80
6 81
6 82
6 84
6 85
6 88
6 89
6 90
6 93
6 94
6 97
6 98
6 99
7 8
7 9
7 11
7 14
7 15
7 16
7 17
7 19
7 22
7 23
7 25
7 26
7 28
7 29
7 30
7 31
7 32
7 33
7 34
7 35
7 36
7 37
7 38
7 39
7 40
7 41
7 42
7 44
7 45
7 46
7 48
7 50
7 51
7 53
7 54
7 56
7 57
7 58
7 59
7 60
7 61
7 62
7 63
7 64
7 65
7 66
7 67
7 68
7 70
7 72
7 76
7 78
7 79
7 80
7 82
7 83
7 84
7 86
7 87
7 89
7 92
7 94
7 95
7 96
7 97
7 98
7 99
8 9
8 10
8 11
8 13
8 14
8 15
8 16
8 17
8 18
8 19
8 20
8 21
8 23
8 24
8 25
8 27
8 30
8 31
8 32
8 38
8 39
8 40
8 41
8 42
8 46
8 48
8 52
8 54
8 57
8 59
8 61
8 62
8 64
8 68
8 73
8 75
8 77
8 78
8 79
8 80
8 83
8 85
8 88
8 90
8 92
8 93
8 96
8 97
8 98
9 10
9 11
9 13
9 16
9 17
9 20
9 21
9 22
9 23
9 24
9 26
9 28
9 30
9 31
9 32
9 35
9 36
9 37
9 39
9 40
9 43
9 44
9 45
9 48
9 49
9 50
9 52
9 56
9 57
9 58
9 59
9 60
9 61
9 62
9 63
9 64
9 67
9 68
9 70
9 71
9 72
9 73
9 77
9 79
9 84
9 85
9 87
9 88
9 90
9 91
9 93
9 95
9 96
9 97
9 99
10 11
10 12
10 13
10 14
10 15
10 18
10 19
10 20
10 21
10 22
10 23
10 24
10 25
10 27
10 30
10 31
10 32
10 33
10 34
10 38
10 39
10 41
10 42
10 43
10 44
10 47
10 48
10 51
10 52
10 53
10 54
10 56
10 57
10 58
10 59
10 60
10 62
10 63
10 64
10 65
10 67
10 69
10 70
10 71
10 73
10 74
10 75
10 76
10 78
10 81
10 83
10 85
10 86
10 87
10 88
10 89
10 90
10 91
10 92
10 94
10 95
10 97
10 98
10 99
11 13
11 14
11 16
11 18
11 20
11 21
11 22
11 23
11 26
11 28
11 29
11 31
11 32
11 33
11 34
11 37
11 38
11 40
11 41
11 43
11 45
11 46
11 47
11 48
11 50
11 52
11 55
11 56
11 57
11 58
11 59
11 61
11 62
11 63
11 66
11 71
11 73
11 74
11 77
11 78
11 79
11 80
11 82
11 83
11 84
11 87
11 89
11 90
11 91
11 93
11 96
11 97
11 98
11 99
12 14
12 15
12 16
12 19
12 21
12 22
12 25
12 26
12 27
12 28
12 29
12 31
12 35
12 36
12 37
12 38
12 40
12 43
12 45
12 46
12 47
12 48
12 51
12 52
12 54
12 55
12 57
12 59
12 60
12 65
12 66
12 70
12 72
12 73
12 74
12 75
12 77
12 78
12 79
12 81
12 84
12 85
12 86
12 88
12 89
12 90
12 91
12 92
12 94
12 95
12 96
12 98
12 99
13 14
13 15
13 16
13 18
13 20
13 23
13 26
13 28
13 34
13 35
13 36
13 37
13 39
13 41
13 42
13 43
13 44
13 45
13 47
13 51
13 52
13 54
13 60
13 62
13 64
13 65
13 69
13 71
13 73
13 75
13 77
13 79
13 81
13 82
13 84
13 86
13 87
13 88
13 89
13 90
13 91
13 92
13 94
13 95
13 97
13 98
14 16
14 18
14 19
14 21
14 25
14 27
14 28
14 30
14 31
14 32
14 35
14 37
14 38
14 40
14 43
14 44
14 45
14 46
14 47
14 49
14 51
14 52
14 57
14 58
14 59
14 61
14 65
14 67
14 68
14 69
14 71
14 73
14 74
14 78
14 79
14 80
14 81
14 83
14 84
14 86
14 87
14 88
14 89
14 90
14 91
14 92
14 93
14 95
15 16
15 17
15 19
15 20
15 22
15 23
15 33
15 34
15 35
15 36
15 38
15 42
15 46
15 47
15 48
15 51
15 52
15 54
15 56
15 58
15 59
15 60
15 62
15 66
15 67
15 70
15 71
15 72
15 74
15 75
15 77
15 78
15 79
15 80
15 81
15 84
15 86
15 87
15 88
15 89
15 90
15 91
15 92
15 93
15 97
16 17
16 18
16 19
16 20
16 22
16 23
16 24
16 27
16 32
16 33
16 34
16 35
16 36
16 38
16 42
16 43
16 45
16 48
16 49
16 50
16 55
16 58
16 62
16 63
16 64
16 65
16 67
16 69
16 71
16 73
16 74
16 75
16 76
16 78
16 79
16 81
16 83
16 84
16 86
16 87
16 90
16 91
16 93
16 94
16 95
16 99
17 18
17 19
17 21
17 22
17 23
17 24
17 25
17 26
17 28
17 29
17 31
17 32
17 34
17 35
17 36
17 37
17 38
17 39
17 40
17 46
17 47
17 50
17 53
17 54
17 55
17 58
17 61
17 63
17 64
17 65
17 66
17 67
17 71
17 72
17 73
17 74
17 75
17 76
17 77
17 79
17 80
17 81
17 82
17 83
17 84
17 85
17 87
17 88
17 90
17 91
17 95
17 96
17 97
17 98
18 19
18 21
18 22
18 27
18 30
18 31
18 32
18 33
18 34
18 35
18 36
18 38
18 40
18 41
18 42
18 43
18 44
18 45
18 46
18 47
18 48
18 51
18 52
18 53
18 54
18 55
18 56
18 57
18 58
18 60
18 61
18 69
18 70
18 73
18 74
18 78
18 79
18 81
18 84
18 85
18 86
18 87
18 88
18 91
18 92
18 93
18 94
18 95
18 96
18 97
18 98
19 22
19 23
19 25
19 26
19 27
19 30
19 31
19 32
19 33
19 41
19 46
19 49
19 51
19 55
19 56
19 58
19 61
19 62
19 63
19 64
19 66
19 68
19 70
19 71
19 74
19 76
19 78
19 80
19 81
19 82
19 83
19 84
19 85
19 86
19 90
19 93
19 94
19 95
19 96
19 98
19 99
20 21
20 23
20 24
20 26
20 29
20 30
20 32
20 35
20 37
20 38
20 39
20 40
20 43
20 46
20 48
20 49
20 50
20 52
20 53
20 54
20 56
20 59
20 60
20 61
20 62
20 64
20 66
20 67
20 71
20 72
20 73
20 76
20 77
20 78
20 80
20 81
20 83
20 88
20 89
20 91
20 92
20 94
20 96
20 97
21 22
21 27
21 28
21 29
21 30
21 33
21 34
21 35
21 36
21 37
21 38
21 39
21 40
21 41
21 42
21 43
21 44
21 47
21 49
21 50
21 54
21 59
21 60
21 63
21 64
21 65
21 66
21 67
21 68
21 72
21 74
21 75
21 79
21 81
21 82
21 83
21 84
21 85
21 86
21 88
21 92
21 93
21 94
21 95
21 96
21 97
21 98
22 24
22 25
22 27
22 28
22 31
22 32
22 33
22 34
22 35
22 37
22 38
22 39
22 40
22 41
22 45
22 46
22 47
22 48
22 49
22 50
22 51
22 52
22 53
22 54
22 56
22 57
22 58
22 60
22 61
22 63
22 65
22 66
22 67
22 68
22 70
22 71
22 72
22 73
22 74
22 76
22 77
22 78
22 79
22 80
22 81
22 82
22 83
22 84
22 85
22 86
22 89
22 92
22 93
22 96
22 97
22 99
23 24
23 26
23 28
23 30
23 31
23 32
23 33
23 34
23 36
23 38
23 39
23 41
23 42
23 44
23 45
23 47
23 48
23 52
23 53
23 54
23 55
23 56
23 58
23 59
23 60
23 62
23 64
23 66
23 67
23 68
23 72
23 74
23 76
23 78
23 79
23 81
23 82
23 83
23 86
23 87
23 88
23 89
23 90
23 91
23 92
23 94
23 96
24 25
24 28
24 30
24 31
24 32
24 33
24 34
24 35
24 37
24 39
24 40
24 42
24 43
24 44
24 46
24 48
24 49
24 50
24 51
24 54
24 55
24 57
24 61
24 62
24 64
24 65
24 66
24 67
24 68
24 69
24 72
24 73
24 75
24 77
24 78
24 79
24 80
24 85
24 86
24 87
24 88
24 89
24 91
24 93
24 95
24 97
25 26
25 27
25 29
25 30
25 31
25 32
25 34
25 36
25 37
25 39
25 42
25 43
25 44
25 47
25 48
25 49
25 50
25 51
25 53
25 56
25 58
25 60
25 61
25 62
25 63
25 64
25 66
25 67
25 71
25 73
25 74
25 76
25 77
25 78
25 79
25 80
25 82
25 83
25 84
25 85
25 86
25 87
25 88
25 91
25 92
25 93
25 94
25 95
26 28
26 29
26 30
26 31
26 32
26 34
26 35
26 36
26 38
26 40
26 41
26 42
26 44
26 45
26 46
26 48
26 49
26 50
26 52
26 53
26 54
26 55
26 56
26 57
26 58
26 59
26 61
26 62
26 63
26 64
26 65
26 66
26 67
26 68
26 69
26 70
26 71
26 72
26 73
26 74
26 76
26 77
26 80
26 81
26 82
26 84
26 87
26 91
26 94
26 96
26 97
26 98
26 99
27 29
27 31
27 32
27 33
27 37
27 39
27 40
27 41
27 44
27 45
27 46
27 47
27 48
27 49
27 50
27 52
27 53
27 54
27 55
27 57
27 59
27 61
27 62
27 63
27 65
27 67
27 70
27 74
27 75
27 76
27 77
27 78
27 79
27 82
27 85
27 86
27 87
27 88
27 89
27 90
27 92
27 93
27 94
27 95
27 96
27 97
27 98
27 99
28 29
28 31
28 34
28 35
28 37
28 39
28 40
28 42
28 46
28 47
28 48
28 49
28 52
28 53
28 54
28 55
28 57
28 59
28 60
28 61
28 63
28 64
28 66
28 68
28 69
28 70
28 72
28 73
28 74
28 75
28 76
28 77
28 78
28 79
28 81
28 83
28 84
28 85
28 86
28 87
28 88
28 89
28 90
28 92
28 93
28 94
28 95
28 96
28 99
29 31
29 36
29 38
29 39
29 40
29 41
29 42
29 43
29 46
29 47
29 49
29 50
29 52
29 54
29 55
29 57
29 58
29 59
29 62
29 63
29 65
29 66
29 68
29 69
29 70
29 72
29 73
29 74
29 75
29 76
29 78
29 82
29 83
29 84
29 86
29 87
29 89
29 90
29 91
29 92
29 93
29 94
29 97
29 99
30 32
30 36
30 37
30 38
30 39
30 40
30 42
30 43
30 44
30 47
30 48
30 49
30 50
30 51
30 52
30 53
30 56
30 57
30 58
30 62
30 63
30 64
30 65
30 66
30 68
30 69
30 70
30 71
30 73
30 77
30 78
30 79
30 80
30 81
30 83
30 84
30 85
30 87
30 90
30 91
30 93
30 95
30 97
31 32
31 33
31 34
31 35
31 37
31 38
31 40
31 44
31 46
31 48
31 50
31 51
31 52
31 54
31 55
31 59
31 60
31 61
31 62
31 63
31 66
31 71
31 72
31 73
31 74
31 76
31 77
31 78
31 81
31 82
31 83
31 84
31 88
31 90
31 93
31 94
31 98
31 99
32 34
32 35
32 38
32 39
32 43
32 47
32 48
32 50
32 51
32 52
32 53
32 54
32 56
32 57
32 59
32 61
32 64
32 65
32 66
32 68
32 69
32 70
32 72
32 73
32 75
32 77
32 78
32 80
32 84
32 85
32 86
32 87
32 88
32 89
32 91
32 93
32 95
32 97
32 98
32 99
33 34
33 35
33 37
33 41
33 44
33 47
33 49
33 50
33 51
33 54
33 58
33 59
33 62
33 63
33 64
33 65
33 66
33 68
33 70
33 72
33 74
33 77
33 78
33 80
33 81
33 82
33 84
33 85
33 86
33 89
33 90
33 91
33 92
33 93
33 94
33 95
33 96
34 35
34 41
34 44
34 45
34 46
34 47
34 49
34 50
34 52
34 53
34 54
34 55
34 56
34 57
34 61
34 62
34 63
34 64
34 65
34 67
34 69
34 70
34 71
34 74
34 76
34 78
34 80
34 81
34 82
34 83
34 85
34 89
34 90
34 92
34 93
34 96
34 97
35 36
35 38
35 40
35 42
35 43
35 45
35 46
35 47
35 49
35 51
35 55
35 56
35 57
35 58
35 59
35 60
35 61
35 64
35 67
35 68
35 69
35 70
35 71
35 73
35 74
35 75
35 77
35 79
35 81
35 82
35 83
35 84
35 85
35 86
35 88
35 90
35 91
35 92
35 94
35 95
35 96
35 97
36 37
36 38
36 39
36 41
36 42
36 44
36 45
36 46
36 47
36 49
36 53
36 54
36 55
36 57
36 58
36 59
36 60
36 61
36 63
36 65
36 69
36 71
36 72
36 73
36 74
36 78
36 80
36 81
36 83
36 86
36 87
36 88
36 92
36 93
36 96
36 97
36 98
36 99
37 38
37 41
37 42
37 43
37 44
37 45
37 46
37 47
37 52
37 53
37 57
37 59
37 64
37 65
37 66
37 67
37 68
37 69
37 70
37 72
37 73
37 75
37 79
37 83
37 84
37 87
37 88
37 89
37 90
37 91
37 93
37 94
37 95
37 96
37 99
38 41
38 42
38 44
38 45
38 46
38 47
38 48
38 49
38 50
38 51
38 53
38 54
38 55
38 56
38 58
38 59
38 61
38 62
38 63
38 65
38 67
38 69
38 71
38 72
38 75
38 76
38 77
38 78
38 81
38 83
38 86
38 88
38 90
38 91
38 92
38 93
38 97
38 98
38 99
39 40
39 42
39 48
39 49
39 51
39 52
39 53
39 54
39 55
39 58
39 59
39 61
39 63
39 64
39 65
39 66
39 67
39 68
39 69
39 71
39 72
39 74
39 76
39 79
39 80
39 83
39 85
39 86
39 88
39 91
39 92
39 93
39 94
39 96
39 97
39 98
39 99
40 41
40 42
40 43
40 44
40 45
40 47
40 48
40 49
40 51
40 53
40 54
40 56
40 57
40 62
40 65
40 69
40 70
40 72
40 75
40 76
40 77
40 78
40 80
40 81
40 82
40 84
40 85
40 86
40 88
40 91
40 92
40 93
40 96
40 97
41 42
41 45
41 48
41 49
41 51
41 52
41 53
41 57
41 60
41 61
41 63
41 65
41 67
41 72
41 73
41 74
41 75
41 76
41 77
41 78
41 80
41 81
41 83
41 84
41 86
41 88
41 89
41 91
41 93
41 95
41 96
41 97
41 98
41 99
42 45
42 46
42 48
42 50
42 51
42 52
42 54
42 55
42 56
42 58
42 59
42 60
42 62
42 63
42 68
42 69
42 71
42 72
42 73
42 74
42 75
42 76
42 77
42 78
42 79
42 80
42 82
42 83
42 84
42 85
42 87
42 88
42 90
42 92
42 93
42 96
43 45
43 46
43 48
43 52
43 54
43 56
43 59
43 60
43 63
43 64
43 66
43 67
43 68
43 69
43 70
43 71
43 74
43 75
43 76
43 78
43 79
43 80
43 81
43 82
43 83
43 85
43 86
43 87
43 88
43 92
43 95
43 96
43 98
43 99
44 45
44 46
44 48
44 52
44 56
44 58
44 60
44 62
44 64
44 65
44 66
44 67
44 70
44 71
44 72
44 73
44 74
44 75
44 79
44 80
44 81
44 82
44 84
44 86
44 87
44 88
44 92
44 94
44 95
44 97
44 98
45 48
45 49
45 50
45 51
45 55
45 56
45 59
45 61
45 62
45 63
45 65
45 67
45 68
45 69
45 71
45 72
45 73
45 75
45 78
45 79
45 80
45 82
45 83
45 85
45 86
45 88
45 89
45 90
45 92
45 93
45 97
45 98
45 99
46 47
46 48
46 51
46 52
46 55
46 56
46 58
46 61
46 63
46 65
46 66
46 67
46 70
46 71
46 72
46 73
46 75
46 77
46 79
46 81
46 82
46 83
46 84
46 85
46 87
46 88
46 89
46 90
46 93
46 94
46 95
46 97
46 99
47 51
47 52
47 53
47 54
47 55
47 57
47 58
47 59
47 61
47 62
47 63
47 64
47 65
47 67
47 68
47 69
47 70
47 71
47 72
47 79
47 80
47 81
47 82
47 83
47 85
47 86
47 87
47 88
47 89
47 92
47 94
47 95
47 96
47 97
47 98
47 99
48 49
48 51
48 54
48 57
48 58
48 59
48 62
48 64
48 65
48 70
48 71
48 72
48 75
48 76
48 77
48 79
48 81
48 84
48 85
48 87
48 88
48 90
48 91
48 92
48 94
48 97
49 50
49 52
49 53
49 54
49 55
49 57
49 59
49 60
49 61
49 62
49 63
49 64
49 65
49 67
49 69
49 70
49 72
49 73
49 74
49 76
49 79
49 83
49 85
49 87
49 90
49 92
49 93
49 94
49 95
49 96
49 97
49 99
50 51
50 52
50 54
50 57
50 58
50 59
50 60
50 62
50 63
50 64
50 65
50 66
50 68
50 70
50 73
50 75
50 76
50 77
50 78
50 80
50 81
50 82
50 83
50 84
50 85
50 89
50 90
50 92
50 95
50 96
50 97
50 98
50 99
51 54
51 55
51 56
51 57
51 59
51 64
51 66
51 69
51 70
51 71
51 72
51 73
51 75
51 76
51 77
51 82
51 83
51 84
51 85
51 86
51 87
51 88
51 89
51 92
51 93
51 94
51 95
51 96
51 98
51 99
52 53
52 54
52 57
52 58
52 60
52 61
52 64
52 65
52 66
52 67
52 70
52 72
52 73
52 74
52 79
52 80
52 81
52 87
52 88
52 92
52 94
52 95
52 97
52 99
53 54
53 56
53 57
53 58
53 59
53 60
53 61
53 64
53 66
53 67
53 70
53 71
53 72
53 73
53 74
53 75
53 76
53 78
53 79
53 80
53 81
53 82
53 83
53 85
53 89
53 91
53 93
53 94
53 95
53 96
53 97
53 98
54 56
54 58
54 59
54 60
54 63
54 66
54 67
54 68
54 70
54 71
54 72
54 73
54 77
54 78
54 79
54 83
54 85
54 87
54 90
54 91
54 92
54 93
54 95
54 97
55 56
55 57
55 58
55 62
55 63
55 66
55 67
55 68
55 70
55 72
55 73
55 74
55 75
55 78
55 80
55 81
55 82
55 83
55 87
55 89
55 90
55 91
55 92
55 93
55 95
55 96
55 99
56 58
56 59
56 61
56 62
56 64
56 65
56 66
56 67
56 69
56 72
56 73
56 74
56 75
56 76
56 77
56 78
56 80
56 83
56 87
56 88
56 93
56 97
56 98
56 99
57 58
57 63
57 64
57 66
57 67
57 69
57 70
57 71
57 72
57 73
57 74
57 75
57 77
57 78
57 80
57 81
57 83
57 84
57 86
57 87
57 88
57 89
57 90
57 93
57 96
58 60
58 63
58 64
58 65
58 68
58 69
58 70
58 71
58 72
58 75
58 78
58 80
58 81
58 83
58 85
58 86
58 87
58 88
58 90
58 91
58 94
58 96
58 97
58 98
58 99
59 60
59 62
59 63
59 64
59 65
59 67
59 68
59 69
59 70
59 71
59 73
59 76
59 79
59 80
59 82
59 83
59 85
59 87
59 88
59 92
59 93
59 95
59 98
59 99
60 61
60 64
60 65
60 66
60 68
60 69
60 71
60 75
60 76
60 77
60 79
60 81
60 82
60 83
60 84
60 86
60 88
60 89
60 91
60 93
60 94
60 97
60 98
60 99
61 62
61 66
61 67
61 68
61 71
61 72
61 74
61 76
61 77
61 78
61 79
61 81
61 82
61 83
61 84
61 85
61 88
61 91
61 92
61 93
61 94
61 95
61 98
61 99
62 64
62 68
62 70
62 71
62 72
62 73
62 75
62 76
62 77
62 79
62 80
62 81
62 82
62 83
62 86
62 87
62 88
62 89
62 91
62 92
62 94
62 95
62 99
63 64
63 65
63 66
63 70
63 75
63 77
63 79
63 80
63 81
63 83
63 86
63 87
63 90
63 91
63 92
63 94
63 96
63 97
63 99
64 66
64 68
64 69
64 70
64 71
64 72
64 73
64 74
64 75
64 79
64 81
64 83
64 84
64 85
64 86
64 87
64 89
64 90
64 93
64 94
64 96
64 97
64 99
65 66
65 67
65 72
65 75
65 77
65 78
65 80
65 81
65 82
65 85
65 86
65 87
65 89
65 90
65 91
65 92
65 94
65 95
65 96
65 99
66 67
66 69
66 70
66 71
66 72
66 73
66 75
66 76
66 77
66 79
66 82
66 84
66 85
66 86
66 87
66 89
66 90
66 92
66 93
66 94
66 95
66 97
66 98
66 99
67 68
67 69
67 70
67 72
67 75
67 76
67 77
67 78
67 80
67 85
67 86
67 87
67 88
67 89
67 90
67 92
67 94
67 97
67 99
68 69
68 70
68 71
68 72
68 73
68 75
68 76
68 77
68 78
68 79
68 82
68 84
68 85
68 87
68 88
68 89
68 90
68 91
68 92
68 93
68 95
68 97
68 98
69 71
69 72
69 73
69 76
69 77
69 80
69 81
69 83
69 84
69 85
69 86
69 87
69 88
69 89
69 90
69 91
69 95
69 96
70 71
70 72
70 73
70 74
70 75
70 76
70 77
70 78
70 79
70 80
70 81
70 82
70 84
70 85
70 86
70 87
70 90
70 91
70 92
70 93
70 94
70 95
70 96
70 97
70 98
71 72
71 73
71 78
71 79
71 80
71 82
71 84
71 85
71 87
71 88
71 89
71 92
71 93
71 94
71 98
72 74
72 76
72 77
72 79
72 84
72 86
72 87
72 90
72 92
72 95
73 74
73 75
73 79
73 82
73 85
73 86
73 88
73 92
73 93
73 95
73 97
73 99
74 77
74 78
74 81
74 82
74 83
74 84
74 85
74 87
74 88
74 89
74 90
74 91
74 95
74 96
74 97
74 98
74 99
75 76
75 78
75 81
75 83
75 84
75 86
75 87
75 88
75 89
75 90
75 91
75 92
75 93
75 95
75 97
76 78
76 80
76 82
76 83
76 84
76 85
76 88
76 89
76 92
76 94
76 96
76 98
77 80
77 81
77 82
77 83
77 85
77 88
77 90
77 91
77 92
77 97
77 98
78 80
78 83
78 84
78 87
78 88
78 90
78 92
78 94
78 95
78 97
78 98
78 99
79 81
79 83
79 84
79 85
79 86
79 88
79 89
79 93
79 95
79 96
80 81
80 83
80 86
80 87
80 89
80 90
80 91
80 92
80 93
80 94
80 95
80 98
80 99
81 82
81 83
81 86
81 87
81 88
81 89
81 90
81 91
81 92
81 93
81 97
81 98
81 99
82 84
82 86
82 89
82 91
82 92
82 93
82 94
82 95
82 96
82 98
82 99
83 85
83 87
83 90
83 96
83 97
83 98
84 85
84 86
84 87
84 88
84 90
84 92
84 93
84 95
84 96
85 87
85 89
85 90
85 91
85 92
85 93
85 95
85 97
85 98
86 87
86 88
86 89
86 91
86 92
86 93
86 94
86 96
86 99
87 88
87 89
87 90
87 91
87 92
87 94
87 96
87 97
87 98
87 99
88 90
88 91
88 92
88 93
88 95
88 96
89 90
89 92
89 94
89 95
89 97
89 98
89 99
90 91
90 92
90 93
90 95
90 97
90 98
91 92
91 93
91 95
91 97
91 98
91 99
92 93
92 95
92 96
92 97
92 98
92 99
93 95
93 97
93 99
94 95
94 96
94 97
94 99
95 96
95 98
95 99
96 97
96 98
96 99
97 98
