0 4
0 7
0 9
0 15
0 21
0 23
0 33
0 47
0 48
0 51
0 53
0 59
0 61
0 62
0 64
0 66
0 67
0 73
0 91
1 15
1 27
1 31
1 49
1 50
1 57
1 68
1 69
1 75
1 78
1 84
1 88
1 95
1 97
2 10
2 13
2 14
2 18
2 23
2 24
2 25
2 26
2 30
2 33
2 40
2 42
2 43
2 48
2 50
2 61
2 62
2 64
2 66
2 67
2 69
2 70
2 76
2 77
2 80
2 92
2 99
3 9
3 12
3 14
3 27
3 31
3 34
3 35
3 37
3 41
3 46
3 58
3 59
3 61
3 62
3 65
3 77
3 90
3 96
4 8
4 12
4 19
4 24
4 27
4 28
4 31
4 60
4 62
4 72
4 74
4 75
4 80
4 87
4 89
4 96
5 9
5 15
5 27
5 35
5 47
5 48
5 51
5 60
5 63
5 68
5 71
5 72
5 74
5 75
6 8
6 14
6 15
6 18
6 20
6 29
6 34
6 49
6 52
6 53
6 63
6 66
6 70
6 73
6 74
6 84
6 86
6 87
6 93
7 9
7 10
7 14
7 15
7 17
7 23
7 28
7 30
7 31
7 32
7 33
7 40
7 41
7 44
7 48
7 55
7 62
7 71
7 72
7 73
7 83
7 99
8 11
8 13
8 24
8 25
8 37
8 40
8 50
8 53
8 54
8 56
8 59
8 68
8 72
8 80
8 81
8 93
8 98
8 99
9 15
9 16
9 17
9 21
9 30
9 35
9 36
9 43
9 51
9 52
9 58
9 59
9 61
9 62
9 65
9 66
9 67
9 69
9 70
9 73
9 75
9 78
9 80
9 83
10 19
10 30
10 35
10 38
10 41
10 58
10 63
10 71
10 76
10 78
10 79
11 18
11 20
11 24
11 31
11 45
11 49
11 52
11 58
11 60
11 67
11 71
11 75
11 83
11 88
11 97
11 98
12 23
12 29
12 41
12 43
12 51
12 52
12 53
12 54
12 56
12 57
12 64
12 70
12 77
12 81
12 86
12 92
13 14
13 19
13 22
13 23
13 26
13 38
13 39
13 52
13 54
13 59
13 61
13 65
13 68
13 70
13 71
13 81
13 82
13 96
14 31
14 37
14 38
14 42
14 53
14 55
14 57
14 72
14 81
14 83
14 93
14 97
14 99
15 21
15 24
15 27
15 28
15 29
15 33
15 34
15 40
15 45
15 52
15 55
15 58
15 61
15 63
15 68
15 75
15 76
15 80
15 84
16 19
16 20
16 21
16 23
16 29
16 41
16 42
16 45
16 48
16 53
16 54
16 61
16 67
16 93
17 18
17 19
17 22
17 26
17 27
17 38
17 40
17 46
17 54
17 57
17 63
17 64
17 65
17 86
17 92
17 94
17 97
17 98
18 19
18 27
18 37
18 51
18 60
18 61
18 62
18 64
18 73
18 78
18 91
18 96
19 23
19 28
19 32
19 37
19 40
19 46
19 47
19 48
19 49
19 59
19 63
19 69
19 74
19 78
19 80
19 97
20 21
20 23
20 27
20 31
20 46
20 50
20 53
20 55
20 57
20 58
20 62
20 64
20 68
20 71
20 79
20 85
21 22
21 30
21 34
21 41
21 46
21 48
21 51
21 53
21 55
21 59
21 74
21 76
21 78
21 81
21 86
21 97
22 23
22 29
22 37
22 47
22 50
22 72
22 73
22 74
22 76
22 86
22 87
22 96
22 98
23 27
23 32
23 33
23 34
23 58
23 69
23 73
23 76
23 79
23 80
23 86
23 91
23 92
23 97
24 29
24 32
24 35
24 38
24 42
24 46
24 52
24 56
24 58
24 59
24 85
24 86
24 88
24 90
24 91
24 93
25 40
25 42
25 53
25 56
25 74
25 79
25 81
25 86
25 88
26 33
26 37
26 38
26 53
26 54
26 56
26 57
26 62
26 68
26 69
26 75
26 76
26 83
26 85
26 86
26 94
26 99
27 45
27 48
27 49
27 55
27 63
27 69
27 70
27 84
27 88
27 90
27 93
28 30
28 36
28 39
28 49
28 51
28 60
28 61
28 65
28 67
28 68
28 75
28 80
28 82
29 32
29 33
29 39
29 41
29 44
29 52
29 53
29 59
29 61
29 67
29 77
29 78
29 81
29 88
29 90
29 91
29 92
30 34
30 35
30 37
30 51
30 52
30 53
30 57
30 63
30 79
30 80
30 85
30 88
30 90
30 99
31 35
31 47
31 58
31 62
31 67
31 68
31 83
31 84
31 87
31 94
31 96
32 34
32 38
32 40
32 44
32 64
32 85
32 89
32 93
32 97
32 98
32 99
33 34
33 35
33 39
33 42
33 49
33 52
33 55
33 61
33 64
33 78
33 83
33 88
34 36
34 43
34 45
34 47
34 51
34 53
34 72
34 73
34 79
34 81
34 91
34 93
35 44
35 47
35 51
35 54
35 56
35 58
35 64
35 65
35 67
35 71
35 75
35 77
35 84
35 87
36 45
36 49
36 61
36 67
37 42
37 51
37 57
37 60
37 66
37 68
38 42
38 58
38 61
38 63
38 64
38 67
38 76
38 77
38 79
38 81
38 92
38 97
39 43
39 45
39 50
39 57
39 58
39 64
39 68
39 75
39 79
39 81
39 84
39 85
39 88
40 41
40 43
40 59
40 63
40 69
40 80
40 85
40 92
40 93
40 95
40 98
41 42
41 44
41 45
41 54
41 68
41 76
41 77
41 79
41 92
41 97
41 99
42 47
42 51
42 54
42 62
42 66
42 72
42 85
43 49
43 54
43 60
43 61
43 70
43 72
43 74
43 75
44 52
44 53
44 55
44 64
44 67
44 73
44 76
44 87
44 91
44 93
44 95
44 96
44 97
45 47
45 49
45 52
45 54
45 56
45 65
45 69
45 75
45 77
45 88
45 91
45 94
46 48
46 49
46 51
46 55
46 57
46 67
46 68
46 70
46 84
46 87
46 96
47 50
47 55
47 56
47 58
47 64
47 67
47 73
47 74
47 80
47 84
47 86
47 89
47 92
47 98
48 50
48 52
48 54
48 56
48 58
48 65
48 69
48 91
48 92
48 95
48 96
48 99
49 59
49 65
49 70
49 73
49 75
49 78
49 82
49 83
49 90
49 91
49 92
49 99
50 54
50 58
50 62
50 63
50 70
50 74
50 84
50 95
51 66
51 69
51 76
51 84
51 89
51 93
51 95
51 96
51 99
52 57
52 68
52 69
52 71
52 81
52 89
52 90
52 97
52 98
53 56
53 57
53 58
53 59
53 64
53 65
53 74
53 76
53 81
53 83
53 87
53 92
54 62
54 68
54 73
54 76
54 77
54 79
54 80
54 90
54 93
54 94
55 69
55 78
55 79
55 80
55 81
55 87
55 89
55 90
55 92
55 98
56 58
56 62
56 63
56 67
56 68
56 73
56 75
56 77
56 85
56 91
56 95
56 97
57 60
57 64
57 65
57 70
57 75
57 81
57 82
57 88
57 94
57 96
58 66
58 77
58 87
58 89
58 91
59 65
59 73
59 80
59 84
59 85
59 86
59 92
59 97
60 63
60 69
60 75
60 77
60 79
60 82
60 89
60 90
60 92
60 93
60 94
60 99
61 63
61 72
61 76
61 79
61 92
62 72
62 76
62 78
62 88
62 93
62 95
63 83
63 89
63 92
63 93
63 95
64 66
64 81
64 87
64 90
64 92
64 93
65 70
65 71
65 78
65 83
65 89
65 97
65 99
66 67
66 82
66 93
66 97
67 71
67 77
67 83
67 89
67 90
67 91
67 93
67 94
67 95
67 96
68 74
68 79
68 86
68 88
68 90
68 93
69 70
69 71
69 73
69 76
69 78
69 80
69 82
69 84
69 94
70 73
70 82
70 92
70 94
70 95
70 98
70 99
71 74
71 76
71 77
71 78
71 80
71 81
71 83
71 86
71 89
71 90
71 95
72 76
72 77
72 78
72 80
72 84
72 89
72 91
72 92
72 94
73 75
73 80
73 82
73 87
73 93
73 94
73 98
73 99
74 75
74 76
74 78
74 79
74 82
74 85
74 87
74 96
74 97
75 76
75 77
75 82
75 89
76 84
76 86
76 93
77 90
77 94
78 86
78 87
78 90
78 93
79 86
79 91
79 99
80 91
80 92
80 93
80 98
80 99
81 85
82 83
82 87
82 93
82 96
83 87
83 93
83 98
84 87
84 88
84 89
84 92
84 95
85 92
85 97
86 91
87 88
87 91
87 99
88 97
89 92
89 93
89 96
91 96
91 99
92 99
93 95
93 98
96 99
