0 2
0 3
0 4
0 6
0 12
0 13
0 15
0 20
0 25
0 26
0 29
0 38
0 43
0 46
0 50
0 52
0 55
0 62
0 65
0 67
0 68
0 69
0 72
0 76
0 78
0 80
0 84
0 86
0 88
0 90
0 91
1 2
1 8
1 18
1 20
1 27
1 35
1 37
1 42
1 50
1 51
1 54
1 57
1 59
1 60
1 63
1 64
1 65
1 67
1 71
1 78
1 79
1 81
1 82
1 90
1 93
1 94
1 98
2 4
2 5
2 7
2 15
2 16
2 22
2 23
2 27
2 30
2 31
2 35
2 37
2 39
2 40
2 45
2 46
2 47
2 53
2 54
2 56
2 57
2 61
2 62
2 65
2 72
2 73
2 74
2 80
2 81
2 84
2 87
2 89
2 92
2 95
2 98
3 10
3 14
3 16
3 18
3 22
3 23
3 27
3 30
3 33
3 35
3 39
3 40
3 41
3 45
3 48
3 52
3 58
3 60
3 67
3 69
3 70
3 78
3 81
3 83
3 87
3 91
3 92
3 97
3 98
3 99
4 5
4 16
4 19
4 20
4 22
4 23
4 25
4 27
4 29
4 32
4 33
4 37
4 39
4 40
4 41
4 46
4 50
4 55
4 58
4 71
4 78
4 86
4 88
4 89
4 90
4 91
4 94
4 97
4 99
5 6
5 11
5 13
5 20
5 24
5 30
5 33
5 34
5 35
5 38
5 45
5 47
5 52
5 55
5 58
5 65
5 68
5 73
5 79
5 80
5 83
5 95
5 98
6 8
6 9
6 14
6 15
6 16
6 17
6 21
6 25
6 28
6 29
6 30
6 34
6 35
6 37
6 38
6 41
6 42
6 43
6 48
6 53
6 54
6 58
6 59
6 64
6 65
6 77
6 78
6 84
6 86
6 90
6 93
6 95
6 96
7 9
7 19
7 23
7 24
7 25
7 26
7 27
7 30
7 34
7 38
7 44
7 46
7 48
7 50
7 51
7 52
7 54
7 56
7 58
7 59
7 60
7 62
7 63
7 67
7 69
7 70
7 73
7 74
7 77
7 78
7 79
7 83
7 86
7 87
7 90
7 92
7 94
7 95
7 97
8 11
8 12
8 15
8 26
8 37
8 40
8 41
8 45
8 51
8 52
8 53
8 63
8 72
8 73
8 76
8 81
8 82
8 83
8 87
8 89
8 93
9 10
9 12
9 14
9 18
9 19
9 21
9 23
9 24
9 34
9 37
9 42
9 47
9 58
9 62
9 65
9 68
9 72
9 74
9 78
9 80
9 85
9 92
9 93
9 94
9 99
10 24
10 30
10 36
10 37
10 38
10 39
10 40
10 48
10 51
10 53
10 56
10 57
10 58
10 61
10 64
10 65
10 68
10 71
10 82
10 83
10 85
10 89
10 94
10 95
10 97
10 99
11 12
11 17
11 19
11 22
11 23
11 25
11 26
11 30
11 32
11 35
11 37
11 47
11 58
11 66
11 69
11 70
11 76
11 83
11 84
11 85
11 89
11 95
12 22
12 24
12 25
12 26
12 28
12 35
12 39
12 42
12 44
12 46
12 50
12 56
12 57
12 61
12 62
12 71
12 73
12 76
12 77
12 79
12 87
12 89
12 91
12 94
12 96
12 97
12 98
13 15
13 17
13 18
13 19
13 25
13 30
13 35
13 36
13 40
13 50
13 51
13 54
13 57
13 58
13 64
13 71
13 78
13 81
13 87
13 90
13 99
14 15
14 17
14 21
14 22
14 32
14 34
14 38
14 40
14 42
14 44
14 46
14 52
14 55
14 59
14 61
14 63
14 67
14 68
14 70
14 76
14 78
14 79
14 85
14 89
14 90
14 97
14 98
14 99
15 20
15 21
15 22
15 28
15 29
15 31
15 34
15 43
15 44
15 50
15 52
15 55
15 60
15 68
15 70
15 72
15 77
15 79
15 80
15 81
15 91
15 94
16 19
16 22
16 25
16 29
16 30
16 35
16 36
16 37
16 41
16 46
16 47
16 51
16 53
16 56
16 58
16 59
16 62
16 63
16 71
16 72
16 79
16 81
16 85
16 86
16 90
16 92
16 94
16 96
17 18
17 19
17 22
17 24
17 26
17 31
17 32
17 34
17 38
17 39
17 40
17 41
17 46
17 47
17 49
17 52
17 55
17 56
17 59
17 62
17 71
17 72
17 73
17 74
17 80
17 81
17 84
17 85
17 90
17 92
17 93
17 97
18 20
18 28
18 34
18 40
18 46
18 47
18 48
18 50
18 52
18 55
18 73
18 82
18 85
18 88
18 91
18 93
18 96
19 24
19 25
19 27
19 29
19 33
19 34
19 35
19 36
19 39
19 40
19 56
19 58
19 66
19 68
19 69
19 73
19 74
19 77
19 83
19 85
19 86
19 91
19 92
19 95
19 98
19 99
20 21
20 22
20 24
20 25
20 26
20 30
20 35
20 41
20 47
20 48
20 55
20 57
20 59
20 61
20 63
20 73
20 78
20 80
20 86
20 89
21 33
21 35
21 40
21 41
21 45
21 49
21 52
21 54
21 55
21 57
21 58
21 59
21 70
21 77
21 80
21 81
21 84
21 85
21 89
21 92
22 26
22 29
22 30
22 37
22 47
22 48
22 50
22 56
22 57
22 58
22 62
22 64
22 72
22 73
22 80
22 84
22 85
22 89
22 91
22 93
22 97
22 98
23 25
23 33
23 34
23 39
23 44
23 46
23 48
23 49
23 51
23 52
23 55
23 56
23 63
23 64
23 67
23 68
23 75
23 77
23 84
23 85
23 87
23 92
23 99
24 25
24 26
24 42
24 44
24 45
24 46
24 50
24 53
24 54
24 55
24 56
24 60
24 64
24 66
24 71
24 81
24 82
24 84
24 87
24 88
24 92
24 94
24 96
24 97
25 26
25 27
25 31
25 33
25 36
25 37
25 41
25 42
25 44
25 46
25 55
25 58
25 64
25 68
25 72
25 73
25 74
25 79
25 81
25 84
25 88
25 99
26 31
26 34
26 40
26 41
26 47
26 48
26 52
26 58
26 64
26 65
26 68
26 69
26 72
26 73
26 74
26 78
26 79
26 85
26 87
26 88
26 90
26 91
27 28
27 32
27 36
27 37
27 38
27 41
27 45
27 48
27 49
27 53
27 56
27 57
27 58
27 74
27 75
27 79
27 83
27 85
27 88
28 30
28 31
28 36
28 38
28 41
28 43
28 47
28 48
28 50
28 52
28 54
28 55
28 57
28 59
28 60
28 63
28 64
28 68
28 71
28 74
28 75
28 77
28 78
28 85
28 86
28 87
28 88
28 91
28 94
28 96
28 98
28 99
29 33
29 35
29 41
29 42
29 44
29 46
29 50
29 60
29 62
29 68
29 73
29 74
29 76
29 77
29 79
29 81
29 82
29 90
29 92
29 93
29 95
29 97
30 34
30 47
30 52
30 53
30 54
30 57
30 61
30 62
30 71
30 76
30 78
30 82
30 87
30 89
30 91
30 93
30 95
30 96
31 33
31 34
31 35
31 38
31 40
31 47
31 53
31 56
31 59
31 61
31 62
31 65
31 68
31 87
31 90
31 92
31 98
31 99
32 34
32 37
32 44
32 45
32 46
32 48
32 50
32 51
32 55
32 58
32 60
32 63
32 66
32 67
32 70
32 72
32 74
32 89
32 90
32 91
32 92
32 93
32 94
32 96
32 97
32 99
33 35
33 41
33 42
33 44
33 45
33 46
33 48
33 55
33 57
33 58
33 65
33 67
33 70
33 71
33 73
33 75
33 79
33 80
33 82
33 87
33 88
33 93
34 37
34 41
34 44
34 47
34 50
34 61
34 63
34 66
34 68
34 70
34 77
34 78
34 82
34 91
34 93
34 97
35 45
35 46
35 58
35 63
35 66
35 68
35 71
35 73
35 75
35 79
35 83
35 86
35 87
35 98
35 99
36 38
36 43
36 44
36 49
36 52
36 53
36 57
36 62
36 64
36 66
36 67
36 70
36 71
36 72
36 78
36 79
36 83
36 87
36 88
36 89
36 96
36 98
37 38
37 42
37 47
37 50
37 51
37 53
37 55
37 60
37 61
37 62
37 65
37 68
37 69
37 71
37 72
37 75
37 77
37 85
37 90
37 91
37 93
37 95
37 99
38 40
38 41
38 45
38 47
38 52
38 57
38 63
38 72
38 74
38 75
38 76
38 77
38 78
38 79
38 80
38 82
38 83
38 89
38 92
38 94
38 96
39 40
39 42
39 43
39 46
39 51
39 54
39 56
39 58
39 59
39 60
39 62
39 66
39 68
39 71
39 73
39 74
39 76
39 81
39 86
39 90
39 92
39 93
39 97
39 98
40 46
40 57
40 60
40 61
40 63
40 65
40 67
40 68
40 69
40 73
40 74
40 76
40 79
40 81
40 82
40 89
40 93
40 99
41 42
41 44
41 45
41 49
41 50
41 56
41 58
41 62
41 63
41 64
41 68
41 73
41 78
41 80
41 82
41 83
41 84
41 86
41 92
41 95
42 48
42 50
42 51
42 53
42 55
42 61
42 62
42 64
42 70
42 71
42 72
42 73
42 75
42 78
42 81
42 82
42 83
42 87
42 90
42 94
42 95
43 49
43 52
43 54
43 55
43 60
43 62
43 63
43 66
43 67
43 69
43 70
43 71
43 73
43 81
43 83
43 84
43 86
43 87
43 88
43 90
43 95
43 96
44 45
44 46
44 47
44 49
44 50
44 53
44 54
44 57
44 63
44 66
44 79
44 88
44 89
44 92
44 95
44 99
45 49
45 50
45 51
45 54
45 56
45 57
45 58
45 60
45 61
45 63
45 64
45 67
45 70
45 77
45 91
45 94
45 95
45 97
45 98
46 47
46 50
46 52
46 53
46 54
46 56
46 57
46 60
46 62
46 67
46 68
46 73
46 74
46 83
46 86
46 88
46 90
46 94
46 97
46 99
47 51
47 56
47 57
47 58
47 59
47 62
47 63
47 65
47 74
47 77
47 86
47 90
47 92
47 94
47 97
48 51
48 53
48 56
48 59
48 61
48 62
48 71
48 77
48 80
48 81
48 83
48 84
48 92
48 93
48 95
49 55
49 56
49 60
49 69
49 70
49 78
49 86
49 87
49 88
49 89
49 94
49 95
49 97
49 99
50 51
50 53
50 56
50 58
50 59
50 61
50 62
50 64
50 67
50 69
50 70
50 73
50 80
50 83
50 92
51 52
51 55
51 56
51 59
51 60
51 64
51 66
51 68
51 70
51 73
51 75
51 87
51 92
51 97
52 62
52 64
52 65
52 66
52 70
52 74
52 81
52 90
52 93
52 94
52 96
52 98
53 56
53 57
53 66
53 70
53 72
53 77
53 79
53 81
53 86
53 87
53 88
53 90
53 95
54 57
54 64
54 65
54 66
54 67
54 72
54 73
54 80
54 84
54 89
54 90
54 91
54 93
55 64
55 65
55 68
55 75
55 80
55 83
55 84
55 87
55 91
55 95
55 96
55 97
56 58
56 59
56 61
56 62
56 63
56 66
56 67
56 71
56 75
56 77
56 80
56 81
56 83
56 88
56 89
56 91
56 92
57 61
57 63
57 67
57 68
57 70
57 73
57 74
57 78
57 79
57 82
57 85
57 88
57 89
57 98
58 60
58 61
58 64
58 65
58 67
58 69
58 71
58 72
58 73
58 74
58 77
58 79
58 81
58 88
58 91
58 92
59 64
59 68
59 70
59 72
59 76
59 79
59 88
60 62
60 63
60 70
60 71
60 77
60 78
60 81
60 86
60 92
60 93
60 94
60 96
60 99
61 62
61 64
61 68
61 70
61 71
61 76
61 78
61 82
61 83
61 86
61 88
61 89
61 92
61 98
62 67
62 68
62 71
62 78
62 84
62 89
62 94
62 95
62 98
62 99
63 64
63 65
63 72
63 77
63 79
63 80
63 84
63 85
63 89
63 95
63 96
63 98
63 99
64 65
64 69
64 73
64 84
64 86
64 87
64 89
64 90
64 93
64 95
64 96
64 97
64 98
65 67
65 70
65 71
65 73
65 74
65 77
65 79
65 80
65 85
65 87
65 97
65 98
66 68
66 71
66 73
66 74
66 76
66 78
66 80
66 81
66 82
66 85
66 88
66 90
66 93
66 99
67 73
67 74
67 78
67 83
67 84
67 88
67 92
67 95
67 96
67 98
67 99
68 69
68 90
68 93
68 96
68 97
69 72
69 74
69 76
69 77
69 83
69 93
70 71
70 72
70 75
70 76
70 78
70 79
70 81
70 82
70 85
70 87
70 88
70 92
70 96
70 98
71 72
71 74
71 79
71 88
71 96
71 99
72 76
72 81
72 85
72 87
72 90
72 95
73 76
73 77
73 78
73 83
73 91
73 93
73 94
74 78
74 79
74 82
74 83
74 84
74 86
74 94
75 79
75 80
75 89
75 91
75 93
75 94
75 95
75 97
75 99
76 77
76 78
76 80
76 85
76 88
76 93
76 95
76 96
76 97
76 98
76 99
77 83
77 85
77 97
78 80
78 86
78 88
78 90
78 96
79 87
79 88
79 93
79 94
79 99
80 83
80 87
80 93
80 95
81 82
81 87
81 88
81 89
82 89
82 91
82 97
83 84
83 85
83 88
83 94
83 96
84 87
84 89
84 96
84 97
84 98
85 87
85 88
85 92
85 94
86 89
86 92
86 93
86 95
86 96
86 97
86 98
86 99
87 89
87 93
87 98
88 89
88 95
88 97
88 99
89 93
89 95
89 98
90 92
91 95
91 96
91 99
92 97
92 98
92 99
93 95
94 95
95 99
