0 7
0 9
0 13
0 14
0 15
0 16
0 17
0 18
0 24
0 26
0 27
0 28
0 32
0 37
0 40
0 42
0 43
0 45
0 47
0 51
0 52
0 53
0 57
0 59
0 60
0 61
0 63
0 67
0 68
0 70
0 71
0 72
0 74
0 75
0 77
0 78
0 81
0 82
0 86
0 87
0 88
0 89
0 91
0 92
0 98
0 99
1 4
1 5
1 8
1 13
1 14
1 15
1 16
1 18
1 20
1 22
1 24
1 25
1 26
1 28
1 30
1 32
1 33
1 38
1 41
1 42
1 44
1 48
1 50
1 52
1 53
1 54
1 56
1 59
1 61
1 62
1 63
1 64
1 65
1 66
1 68
1 70
1 72
1 73
1 74
1 75
1 77
1 78
1 79
1 80
1 83
1 84
1 87
1 89
1 90
1 91
1 93
1 97
1 99
2 3
2 5
2 7
2 10
2 15
2 18
2 20
2 23
2 27
2 28
2 29
2 30
2 31
2 33
2 34
2 37
2 38
2 40
2 44
2 48
2 49
2 52
2 53
2 54
2 55
2 56
2 58
2 59
2 60
2 62
2 63
2 66
2 67
2 72
2 73
2 78
2 82
2 83
2 86
2 88
2 89
2 91
2 92
2 94
3 4
3 7
3 8
3 9
3 10
3 11
3 12
3 14
3 15
3 16
3 20
3 24
3 28
3 30
3 32
3 34
3 35
3 38
3 41
3 43
3 45
3 49
3 50
3 53
3 54
3 56
3 57
3 58
3 59
3 63
3 67
3 68
3 69
3 73
3 74
3 75
3 77
3 79
3 80
3 85
3 87
3 88
3 89
3 90
3 91
3 94
3 95
4 7
4 10
4 12
4 13
4 14
4 15
4 16
4 19
4 20
4 21
4 22
4 24
4 25
4 26
4 27
4 28
4 29
4 30
4 35
4 36
4 38
4 40
4 41
4 42
4 46
4 48
4 49
4 51
4 54
4 56
4 57
4 59
4 62
4 66
4 68
4 70
4 73
4 77
4 80
4 81
4 84
4 86
4 89
4 92
4 95
4 96
4 97
4 98
5 6
5 7
5 9
5 12
5 16
5 18
5 19
5 20
5 25
5 26
5 28
5 29
5 31
5 32
5 39
5 40
5 41
5 44
5 45
5 50
5 53
5 54
5 56
5 57
5 58
5 59
5 60
5 61
5 62
5 63
5 64
5 66
5 67
5 68
5 70
5 71
5 72
5 73
5 74
5 75
5 76
5 78
5 80
5 81
5 88
5 93
5 95
5 96
5 98
5 99
6 7
6 8
6 9
6 11
6 12
6 13
6 16
6 19
6 23
6 24
6 25
6 27
6 30
6 33
6 34
6 35
6 37
6 40
6 41
6 44
6 45
6 46
6 47
6 52
6 53
6 56
6 59
6 60
6 64
6 65
6 68
6 69
6 72
6 75
6 78
6 79
6 81
6 85
6 88
6 91
6 92
6 93
6 94
6 95
6 97
7 10
7 13
7 14
7 16
7 19
7 22
7 23
7 24
7 25
7 28
7 31
7 33
7 34
7 39
7 40
7 41
7 46
7 47
7 48
7 53
7 54
7 55
7 57
7 58
7 59
7 60
7 61
7 62
7 63
7 65
7 66
7 67
7 69
7 70
7 73
7 74
7 75
7 76
7 78
7 80
7 81
7 82
7 83
7 84
7 88
7 89
7 90
7 92
7 93
7 97
7 98
7 99
8 9
8 11
8 12
8 16
8 23
8 24
8 25
8 26
8 27
8 28
8 29
8 31
8 33
8 40
8 42
8 43
8 45
8 47
8 49
8 51
8 55
8 56
8 57
8 60
8 61
8 63
8 66
8 71
8 72
8 74
8 76
8 78
8 79
8 80
8 83
8 84
8 85
8 87
8 89
8 92
8 94
8 96
8 97
8 98
9 10
9 11
9 12
9 13
9 14
9 17
9 22
9 24
9 25
9 26
9 28
9 30
9 32
9 33
9 34
9 36
9 37
9 39
9 41
9 42
9 43
9 44
9 45
9 47
9 48
9 51
9 53
9 59
9 60
9 63
9 64
9 67
9 68
9 69
9 72
9 74
9 81
9 82
9 83
9 85
9 86
9 88
9 91
9 92
9 93
9 94
9 95
9 97
9 99
10 11
10 12
10 13
10 14
10 15
10 20
10 27
10 30
10 31
10 33
10 34
10 36
10 37
10 38
10 39
10 42
10 44
10 45
10 47
10 49
10 50
10 51
10 56
10 62
10 67
10 69
10 70
10 72
10 74
10 75
10 76
10 77
10 78
10 79
10 80
10 82
10 83
10 84
10 85
10 88
10 89
10 90
10 91
10 92
10 93
10 97
11 15
11 17
11 19
11 24
11 25
11 27
11 29
11 30
11 31
11 32
11 35
11 36
11 38
11 42
11 43
11 44
11 45
11 46
11 48
11 50
11 52
11 55
11 56
11 60
11 63
11 65
11 66
11 70
11 71
11 73
11 74
11 77
11 78
11 82
11 83
11 86
11 88
11 90
11 91
11 92
11 97
11 98
12 14
12 16
12 17
12 20
12 21
12 24
12 28
12 29
12 30
12 31
12 34
12 36
12 37
12 41
12 43
12 44
12 45
12 46
12 47
12 51
12 55
12 57
12 59
12 61
12 62
12 63
12 66
12 70
12 72
12 74
12 77
12 78
12 79
12 82
12 84
12 89
12 91
12 92
12 95
12 98
13 14
13 15
13 16
13 17
13 18
13 20
13 21
13 22
13 23
13 25
13 26
13 31
13 32
13 33
13 40
13 43
13 44
13 45
13 46
13 48
13 49
13 51
13 53
13 57
13 60
13 61
13 66
13 69
13 72
13 73
13 74
13 75
13 76
13 77
13 78
13 79
13 80
13 84
13 86
13 87
13 88
13 90
13 91
13 93
13 94
13 96
13 99
14 15
14 18
14 19
14 23
14 24
14 27
14 28
14 30
14 33
14 35
14 38
14 40
14 43
14 45
14 46
14 48
14 49
14 51
14 54
14 55
14 63
14 64
14 65
14 66
14 71
14 72
14 74
14 75
14 76
14 78
14 79
14 82
14 84
14 89
14 90
14 91
14 92
14 93
14 94
14 95
14 96
14 99
15 17
15 18
15 21
15 22
15 25
15 28
15 29
15 31
15 34
15 36
15 37
15 38
15 43
15 46
15 47
15 48
15 50
15 51
15 53
15 54
15 57
15 58
15 66
15 67
15 69
15 70
15 71
15 72
15 73
15 74
15 79
15 80
15 82
15 83
15 85
15 86
15 87
15 88
15 89
15 90
15 92
15 93
15 94
15 96
15 97
16 19
16 25
16 26
16 27
16 28
16 29
16 30
16 31
16 32
16 33
16 36
16 37
16 39
16 40
16 41
16 42
16 43
16 44
16 45
16 49
16 50
16 51
16 54
16 55
16 56
16 60
16 61
16 63
16 64
16 65
16 67
16 68
16 69
16 70
16 72
16 77
16 78
16 83
16 84
16 86
16 87
16 89
16 92
16 93
16 95
16 96
16 99
17 18
17 21
17 22
17 27
17 36
17 37
17 39
17 43
17 44
17 47
17 48
17 49
17 50
17 51
17 53
17 55
17 56
17 61
17 62
17 64
17 65
17 66
17 67
17 71
17 73
17 74
17 75
17 78
17 79
17 81
17 83
17 84
17 87
17 90
17 91
17 92
17 94
17 95
17 97
17 99
18 19
18 20
18 24
18 26
18 29
18 33
18 38
18 40
18 41
18 43
18 45
18 46
18 48
18 53
18 59
18 61
18 63
18 65
18 68
18 72
18 73
18 74
18 75
18 78
18 80
18 82
18 85
18 86
18 87
18 90
18 93
18 94
18 96
18 97
18 98
19 22
19 25
19 26
19 27
19 30
19 32
19 34
19 35
19 37
19 41
19 42
19 43
19 44
19 45
19 46
19 49
19 52
19 55
19 56
19 59
19 60
19 61
19 63
19 66
19 68
19 71
19 74
19 77
19 79
19 82
19 84
19 85
19 86
19 87
19 88
19 89
19 90
19 92
19 93
19 94
19 96
19 97
20 21
20 23
20 24
20 28
20 31
20 33
20 34
20 35
20 36
20 38
20 41
20 43
20 46
20 47
20 49
20 50
20 51
20 52
20 57
20 60
20 61
20 65
20 66
20 70
20 72
20 73
20 75
20 78
20 79
20 85
20 88
20 91
20 92
20 93
21 22
21 24
21 25
21 28
21 29
21 34
21 37
21 38
21 39
21 40
21 42
21 47
21 49
21 52
21 53
21 59
21 61
21 62
21 63
21 64
21 65
21 67
21 68
21 69
21 71
21 74
21 75
21 79
21 83
21 84
21 85
21 88
21 90
21 91
21 92
21 93
21 97
21 99
22 25
22 27
22 28
22 29
22 30
22 32
22 33
22 34
22 35
22 38
22 41
22 44
22 50
22 55
22 56
22 57
22 59
22 60
22 62
22 64
22 67
22 71
22 73
22 76
22 77
22 79
22 82
22 85
22 86
22 89
22 91
22 93
22 94
22 96
22 97
23 24
23 25
23 29
23 33
23 34
23 35
23 37
23 38
23 41
23 43
23 44
23 45
23 47
23 50
23 52
23 53
23 54
23 55
23 56
23 58
23 59
23 60
23 62
23 63
23 64
23 65
23 66
23 67
23 68
23 70
23 71
23 73
23 79
23 82
23 83
23 88
23 89
23 91
23 92
23 93
23 95
23 98
24 25
24 28
24 29
24 33
24 35
24 36
24 38
24 39
24 42
24 43
24 45
24 46
24 49
24 52
24 53
24 54
24 55
24 56
24 57
24 59
24 60
24 62
24 63
24 65
24 66
24 67
24 68
24 70
24 72
24 74
24 79
24 80
24 81
24 82
24 85
24 87
24 90
24 91
24 95
24 98
24 99
25 27
25 28
25 29
25 31
25 35
25 36
25 37
25 40
25 45
25 48
25 52
25 58
25 63
25 64
25 65
25 66
25 70
25 75
25 76
25 77
25 79
25 80
25 81
25 83
25 87
25 88
25 89
25 90
25 93
25 96
25 97
25 98
25 99
26 27
26 29
26 31
26 33
26 36
26 38
26 39
26 41
26 42
26 45
26 46
26 47
26 50
26 52
26 53
26 59
26 60
26 61
26 62
26 63
26 64
26 65
26 66
26 67
26 68
26 69
26 72
26 74
26 75
26 79
26 80
26 81
26 82
26 84
26 85
26 86
26 88
26 93
26 95
26 97
26 99
27 28
27 30
27 32
27 37
27 38
27 39
27 41
27 42
27 43
27 44
27 45
27 46
27 48
27 51
27 52
27 53
27 54
27 59
27 60
27 62
27 66
27 67
27 69
27 70
27 72
27 74
27 75
27 76
27 79
27 83
27 85
27 87
27 89
27 90
27 92
27 93
27 95
27 96
27 97
27 98
28 29
28 31
28 35
28 36
28 37
28 38
28 40
28 44
28 46
28 48
28 50
28 53
28 58
28 59
28 60
28 61
28 64
28 67
28 70
28 75
28 76
28 77
28 79
28 80
28 81
28 83
28 84
28 89
28 92
28 95
29 30
29 31
29 33
29 34
29 39
29 41
29 42
29 43
29 47
29 48
29 49
29 53
29 56
29 58
29 59
29 60
29 62
29 66
29 68
29 69
29 70
29 71
29 73
29 75
29 79
29 83
29 85
29 86
29 87
29 88
29 89
29 90
29 91
29 95
29 97
29 98
29 99
30 31
30 32
30 33
30 36
30 37
30 39
30 40
30 41
30 42
30 44
30 45
30 46
30 49
30 51
30 52
30 56
30 58
30 59
30 64
30 65
30 66
30 72
30 76
30 78
30 79
30 84
30 85
30 86
30 88
30 90
30 91
30 92
30 96
31 32
31 33
31 37
31 38
31 41
31 44
31 46
31 52
31 53
31 54
31 55
31 57
31 58
31 61
31 64
31 74
31 75
31 77
31 78
31 80
31 82
31 83
31 88
31 91
31 96
31 97
31 98
32 33
32 34
32 36
32 39
32 40
32 41
32 43
32 45
32 46
32 47
32 48
32 49
32 50
32 51
32 53
32 56
32 57
32 58
32 62
32 63
32 67
32 73
32 74
32 78
32 80
32 81
32 84
32 85
32 86
32 90
32 92
32 93
32 95
32 96
33 34
33 35
33 36
33 38
33 39
33 40
33 42
33 44
33 45
33 48
33 49
33 50
33 52
33 53
33 54
33 55
33 57
33 58
33 63
33 64
33 65
33 66
33 68
33 69
33 70
33 72
33 75
33 76
33 78
33 81
33 83
33 84
33 85
33 87
33 88
33 89
33 91
33 92
33 94
33 96
33 97
33 98
34 37
34 38
34 40
34 42
34 43
34 44
34 46
34 47
34 48
34 49
34 52
34 54
34 55
34 56
34 59
34 60
34 61
34 62
34 63
34 66
34 68
34 69
34 70
34 73
34 76
34 77
34 78
34 80
34 81
34 85
34 86
34 89
34 90
34 91
34 94
34 95
34 96
34 97
34 98
35 36
35 38
35 41
35 43
35 45
35 48
35 49
35 50
35 51
35 52
35 53
35 54
35 58
35 62
35 65
35 68
35 69
35 72
35 73
35 74
35 77
35 78
35 79
35 80
35 81
35 84
35 85
35 86
35 88
35 89
35 91
35 92
35 93
35 95
35 97
35 98
35 99
36 42
36 44
36 45
36 46
36 54
36 55
36 61
36 66
36 69
36 70
36 72
36 73
36 74
36 78
36 80
36 81
36 88
36 89
36 92
36 93
36 95
36 96
36 98
37 38
37 39
37 40
37 42
37 43
37 45
37 48
37 50
37 54
37 56
37 60
37 62
37 63
37 64
37 66
37 68
37 74
37 76
37 81
37 82
37 83
37 84
37 87
37 88
37 92
37 94
37 96
37 98
38 39
38 43
38 46
38 47
38 54
38 55
38 58
38 60
38 61
38 64
38 65
38 66
38 67
38 68
38 69
38 70
38 72
38 73
38 74
38 76
38 78
38 79
38 83
38 85
38 89
38 93
38 94
38 95
38 96
39 41
39 43
39 45
39 50
39 51
39 53
39 54
39 57
39 58
39 59
39 66
39 68
39 70
39 73
39 75
39 76
39 80
39 81
39 82
39 83
39 84
39 85
39 87
39 89
39 90
39 91
39 92
39 94
39 96
39 97
39 98
39 99
40 44
40 45
40 46
40 51
40 53
40 55
40 56
40 57
40 58
40 59
40 60
40 61
40 67
40 68
40 69
40 75
40 80
40 83
40 84
40 86
40 87
40 91
40 92
40 94
40 99
41 42
41 45
41 46
41 47
41 48
41 50
41 52
41 53
41 54
41 55
41 56
41 59
41 60
41 62
41 65
41 66
41 68
41 70
41 71
41 72
41 74
41 75
41 76
41 77
41 78
41 79
41 80
41 85
41 86
41 87
41 88
41 91
41 92
41 96
41 97
42 43
42 47
42 48
42 49
42 50
42 51
42 58
42 61
42 64
42 65
42 66
42 69
42 71
42 73
42 76
42 77
42 78
42 79
42 80
42 81
42 88
42 91
42 92
42 97
42 99
43 45
43 46
43 50
43 51
43 52
43 55
43 57
43 60
43 62
43 64
43 65
43 66
43 67
43 70
43 71
43 73
43 74
43 77
43 79
43 81
43 83
43 86
43 87
43 92
43 93
43 95
43 97
43 98
43 99
44 46
44 48
44 49
44 50
44 52
44 54
44 56
44 57
44 60
44 61
44 62
44 63
44 64
44 65
44 67
44 70
44 71
44 75
44 80
44 81
44 82
44 85
44 87
44 88
44 90
44 91
44 93
44 94
44 96
44 99
45 46
45 49
45 52
45 54
45 57
45 60
45 62
45 63
45 64
45 65
45 67
45 69
45 70
45 72
45 73
45 74
45 77
45 78
45 79
45 80
45 82
45 83
45 86
45 87
45 89
45 90
45 92
45 93
45 96
45 97
45 99
46 47
46 49
46 50
46 51
46 54
46 59
46 60
46 63
46 64
46 65
46 67
46 68
46 74
46 76
46 78
46 82
46 83
46 87
46 88
46 90
46 92
46 95
46 96
46 97
46 99
47 52
47 53
47 54
47 55
47 58
47 59
47 60
47 62
47 63
47 64
47 65
47 66
47 67
47 69
47 70
47 71
47 72
47 73
47 74
47 76
47 77
47 78
47 79
47 83
47 84
47 85
47 88
47 90
47 91
47 92
47 94
47 95
47 97
48 54
48 62
48 63
48 64
48 65
48 67
48 68
48 69
48 70
48 75
48 79
48 80
48 81
48 82
48 86
48 87
48 88
48 89
48 90
48 92
48 93
48 95
48 97
48 98
49 51
49 53
49 55
49 56
49 58
49 59
49 60
49 63
49 66
49 67
49 71
49 73
49 74
49 75
49 76
49 77
49 80
49 82
49 83
49 84
49 87
49 88
49 89
49 92
49 96
49 98
50 51
50 52
50 53
50 55
50 56
50 57
50 61
50 63
50 64
50 66
50 69
50 70
50 71
50 73
50 76
50 77
50 78
50 79
50 81
50 82
50 83
50 84
50 85
50 86
50 87
50 88
50 90
50 93
50 94
50 95
50 96
50 99
51 52
51 55
51 57
51 58
51 60
51 62
51 63
51 64
51 66
51 68
51 75
51 77
51 82
51 83
51 84
51 86
51 87
51 88
51 89
51 90
51 92
51 94
51 95
51 98
51 99
52 53
52 57
52 58
52 59
52 60
52 62
52 63
52 64
52 65
52 66
52 67
52 69
52 71
52 72
52 74
52 77
52 82
52 83
52 87
52 88
52 89
52 93
52 95
52 96
52 99
53 54
53 58
53 59
53 61
53 62
53 63
53 68
53 69
53 73
53 75
53 76
53 78
53 79
53 80
53 82
53 83
53 87
53 89
53 92
53 93
53 94
53 96
53 98
54 56
54 57
54 60
54 62
54 66
54 67
54 68
54 70
54 71
54 72
54 73
54 75
54 77
54 78
54 80
54 84
54 86
54 87
54 92
54 93
54 94
54 95
54 96
55 58
55 59
55 60
55 61
55 66
55 68
55 69
55 71
55 72
55 76
55 78
55 80
55 81
55 83
55 85
55 86
55 88
55 89
55 90
55 91
55 95
55 97
55 98
55 99
56 59
56 60
56 63
56 64
56 67
56 68
56 69
56 71
56 72
56 75
56 80
56 81
56 83
56 85
56 88
56 91
56 92
56 93
56 97
56 99
57 58
57 59
57 60
57 61
57 62
57 63
57 64
57 65
57 66
57 69
57 70
57 72
57 73
57 78
57 80
57 81
57 82
57 83
57 84
57 85
57 91
57 93
57 99
58 60
58 61
58 62
58 63
58 64
58 67
58 69
58 72
58 73
58 74
58 75
58 78
58 81
58 83
58 88
58 90
58 91
58 92
58 93
58 94
58 96
58 98
58 99
59 61
59 63
59 66
59 67
59 69
59 71
59 73
59 76
59 77
59 78
59 81
59 86
59 88
59 89
59 94
59 95
59 96
60 61
60 63
60 64
60 66
60 67
60 69
60 72
60 73
60 75
60 76
60 83
60 85
60 87
60 88
60 91
60 92
60 93
60 94
60 96
60 98
61 62
61 64
61 65
61 67
61 68
61 70
61 71
61 72
61 73
61 77
61 78
61 80
61 82
61 88
61 89
61 96
61 97
61 98
62 64
62 65
62 66
62 68
62 73
62 74
62 75
62 77
62 79
62 83
62 85
62 86
62 88
62 91
62 93
62 97
62 99
63 64
63 67
63 70
63 73
63 74
63 76
63 79
63 82
63 83
63 85
63 88
63 89
63 90
63 94
63 95
63 96
63 97
64 67
64 69
64 70
64 71
64 73
64 76
64 77
64 79
64 80
64 81
64 82
64 83
64 86
64 87
64 88
64 91
64 92
64 94
64 96
64 99
65 68
65 69
65 70
65 72
65 76
65 77
65 78
65 80
65 82
65 87
65 89
65 93
65 94
65 95
65 98
66 67
66 68
66 69
66 70
66 72
66 73
66 74
66 75
66 77
66 78
66 81
66 82
66 85
66 86
66 87
66 88
66 90
66 91
66 92
66 94
66 96
66 97
66 98
67 70
67 71
67 72
67 74
67 76
67 77
67 78
67 82
67 87
67 88
67 90
67 92
67 94
67 95
67 96
67 98
67 99
68 71
68 73
68 74
68 76
68 77
68 78
68 79
68 81
68 82
68 83
68 84
68 85
68 86
68 89
68 90
68 93
68 94
68 98
69 71
69 72
69 73
69 74
69 75
69 76
69 79
69 80
69 81
69 82
69 84
69 85
69 87
69 88
69 89
69 90
69 91
69 94
69 97
69 99
70 72
70 74
70 76
70 77
70 78
70 81
70 83
70 86
70 88
70 96
70 98
71 72
71 74
71 75
71 76
71 80
71 81
71 82
71 83
71 85
71 87
71 88
71 93
71 94
71 95
71 97
71 98
71 99
72 75
72 76
72 79
72 81
72 82
72 87
72 88
72 92
72 93
72 95
72 98
72 99
73 74
73 75
73 76
73 79
73 82
73 83
73 84
73 89
73 92
73 93
73 95
73 98
73 99
74 77
74 78
74 82
74 87
74 91
74 92
74 93
74 97
74 98
74 99
75 76
75 77
75 78
75 79
75 80
75 81
75 82
75 83
75 85
75 86
75 87
75 88
75 89
75 90
75 91
75 92
75 94
75 96
75 98
76 83
76 84
76 86
76 87
76 88
76 90
76 92
76 95
77 79
77 80
77 83
77 85
77 86
77 88
77 89
77 91
77 92
77 93
77 96
77 98
77 99
78 80
78 82
78 86
78 87
78 90
78 93
78 94
78 96
78 99
79 80
79 90
79 91
79 93
79 94
79 95
79 96
79 98
79 99
80 85
80 86
80 91
80 94
80 95
80 96
80 97
80 98
80 99
81 83
81 85
81 89
81 90
81 93
81 95
81 96
81 97
82 85
82 86
82 87
82 88
82 90
82 93
82 94
82 95
82 97
82 99
83 86
83 87
83 88
83 93
83 94
83 96
83 97
84 85
84 89
84 90
84 93
84 94
84 97
84 98
84 99
85 87
85 89
85 90
85 91
85 92
85 93
85 96
85 97
86 88
86 89
86 93
86 96
86 99
87 89
87 94
87 95
87 96
87 98
87 99
88 89
88 90
88 97
88 98
89 94
89 96
89 97
89 99
90 91
90 92
90 94
90 95
90 99
91 92
91 93
91 94
91 98
91 99
92 95
92 97
92 98
92 99
93 96
93 97
93 99
94 95
94 96
95 97
95 98
96 98
97 98
97 99
98 99
