0 18
0 23
0 36
0 42
0 50
0 73
0 96
0 98
1 7
1 18
1 20
1 32
1 34
1 49
1 52
1 57
1 62
1 89
1 97
2 5
2 33
2 39
2 45
2 52
2 54
2 62
2 72
2 90
2 98
3 9
3 13
3 19
3 32
3 34
3 37
3 47
3 49
3 63
3 74
3 97
3 99
4 50
4 60
4 69
4 70
4 74
4 84
4 85
4 89
4 93
4 98
5 6
5 7
5 9
5 18
5 41
5 50
5 85
5 88
5 96
6 15
6 22
6 41
6 50
6 91
7 8
7 33
7 41
7 72
7 90
7 93
7 97
8 14
8 31
8 33
8 56
8 59
8 71
8 76
8 81
8 85
8 93
9 13
9 35
9 47
9 55
9 58
10 17
10 42
10 54
10 63
10 68
10 72
10 87
10 95
10 98
10 99
11 71
11 75
11 86
11 93
12 13
12 15
12 20
12 31
12 35
12 41
12 64
12 73
12 75
12 86
12 89
12 94
13 20
13 26
13 31
13 42
13 65
13 67
13 72
13 83
14 28
14 35
14 37
14 42
14 45
14 54
14 60
14 78
14 79
14 87
14 89
14 93
14 94
15 31
15 33
15 88
16 17
16 27
16 56
16 57
16 68
16 90
16 91
16 94
17 52
17 66
17 72
17 73
17 82
17 84
17 92
18 22
18 30
18 45
18 74
18 88
18 99
19 22
19 24
19 38
19 43
19 78
19 86
20 28
20 48
20 52
21 24
21 38
21 41
21 44
21 52
21 60
21 61
21 63
21 91
22 28
22 44
22 60
22 69
22 70
22 76
22 78
22 92
23 31
23 65
23 77
23 81
23 82
23 83
23 91
23 93
24 40
24 59
24 64
24 73
24 76
24 87
24 94
24 96
25 31
25 32
25 36
25 43
25 52
25 66
25 69
25 73
25 75
25 91
26 27
26 30
26 31
26 41
26 48
26 51
26 61
26 81
26 92
27 34
27 67
27 75
27 85
27 96
28 36
28 45
28 56
28 59
28 67
28 70
28 85
28 89
28 99
30 38
30 39
30 55
30 60
30 73
30 80
30 81
30 83
30 92
30 94
30 96
30 97
31 40
31 56
31 57
31 75
31 78
32 57
32 60
32 63
32 68
32 76
32 77
32 78
33 36
33 72
33 74
33 85
33 91
33 94
34 58
34 60
34 65
34 79
34 83
34 87
34 91
35 44
35 60
35 63
35 75
35 86
35 89
35 93
35 98
36 40
36 41
36 46
36 61
36 63
36 69
36 75
36 76
36 77
37 55
37 66
37 69
37 74
37 76
37 80
37 89
37 90
37 91
37 97
38 45
38 67
38 79
38 82
38 90
38 91
38 95
39 47
39 72
39 94
40 65
40 86
40 90
40 98
41 46
41 48
41 52
41 53
41 54
41 62
41 64
41 82
41 95
41 96
42 44
42 55
42 80
42 83
42 86
43 52
43 61
43 65
43 67
43 68
43 74
43 83
43 95
44 52
44 63
44 69
44 79
44 83
44 84
44 88
45 47
45 56
45 57
45 70
45 71
45 83
45 95
46 47
46 48
46 53
46 57
46 59
46 63
46 64
46 65
46 69
46 73
46 75
46 90
46 95
47 52
47 56
47 64
47 73
47 80
47 83
47 98
48 58
48 59
48 77
48 83
48 87
48 91
48 99
49 54
49 60
49 63
49 90
49 95
50 54
50 55
50 62
50 73
50 85
50 86
50 88
51 53
51 65
51 73
51 84
51 86
52 54
52 62
52 66
53 54
53 56
53 63
53 64
53 74
53 82
53 90
53 91
54 74
54 79
55 63
55 70
55 71
55 75
55 79
55 82
56 58
56 70
56 76
57 66
57 79
57 83
57 84
57 88
58 74
59 62
59 69
59 70
59 74
60 64
60 70
60 75
60 76
60 78
61 65
61 73
61 91
62 70
62 83
62 86
62 89
63 77
64 67
64 77
65 73
65 87
65 96
66 68
66 90
67 71
67 72
67 77
67 78
67 82
68 72
68 74
68 85
68 96
69 72
69 95
70 74
70 89
70 91
71 85
71 92
72 79
72 88
72 89
73 75
73 76
74 75
74 77
74 88
74 90
76 81
76 88
77 98
78 82
78 86
78 88
79 96
81 85
81 91
81 92
81 97
84 95
84 98
85 86
85 92
85 93
86 89
86 90
86 92
86 94
88 90
88 93
88 97
88 99
93 98
94 97
97 98
