0 2
0 4
0 5
0 8
0 10
0 11
0 12
0 16
0 18
0 19
0 20
0 21
0 31
0 32
0 34
0 35
0 38
0 39
0 41
0 44
0 46
0 47
0 48
0 49
0 51
0 52
0 56
0 59
0 60
0 64
0 66
0 67
0 69
0 70
0 71
0 74
0 75
0 76
0 77
0 78
0 81
0 89
0 90
0 91
0 92
0 93
0 95
0 96
0 97
0 98
1 2
1 6
1 8
1 10
1 12
1 14
1 15
1 17
1 22
1 23
1 25
1 26
1 27
1 28
1 30
1 32
1 34
1 36
1 37
1 39
1 40
1 41
1 42
1 46
1 52
1 53
1 54
1 55
1 56
1 57
1 60
1 65
1 68
1 71
1 73
1 74
1 79
1 80
1 81
1 86
1 87
1 88
1 90
1 93
1 94
1 96
1 99
2 3
2 4
2 6
2 7
2 9
2 12
2 13
2 15
2 17
2 18
2 20
2 21
2 25
2 27
2 29
2 30
2 31
2 33
2 34
2 35
2 36
2 37
2 39
2 40
2 41
2 44
2 46
2 47
2 48
2 53
2 54
2 55
2 56
2 59
2 61
2 62
2 63
2 65
2 70
2 73
2 74
2 76
2 80
2 81
2 82
2 83
2 87
2 88
2 90
2 95
2 96
3 5
3 6
3 7
3 8
3 11
3 12
3 14
3 15
3 16
3 17
3 20
3 24
3 25
3 27
3 29
3 30
3 31
3 34
3 36
3 39
3 40
3 41
3 43
3 44
3 45
3 47
3 51
3 53
3 54
3 55
3 56
3 59
3 61
3 65
3 66
3 68
3 69
3 73
3 74
3 75
3 76
3 77
3 79
3 80
3 81
3 82
3 83
3 86
3 87
3 90
3 93
3 94
3 95
3 99
4 5
4 6
4 7
4 9
4 11
4 12
4 13
4 14
4 16
4 18
4 20
4 22
4 23
4 26
4 27
4 28
4 29
4 31
4 32
4 33
4 35
4 38
4 39
4 42
4 44
4 49
4 53
4 54
4 56
4 59
4 64
4 65
4 68
4 70
4 74
4 76
4 80
4 81
4 83
4 86
4 87
4 91
4 92
4 93
5 6
5 9
5 11
5 13
5 15
5 16
5 17
5 19
5 20
5 26
5 28
5 29
5 30
5 32
5 34
5 35
5 38
5 40
5 41
5 42
5 43
5 49
5 50
5 52
5 55
5 56
5 58
5 62
5 63
5 64
5 66
5 67
5 69
5 72
5 74
5 77
5 78
5 79
5 80
5 82
5 85
5 89
5 93
5 99
6 8
6 9
6 10
6 11
6 15
6 18
6 20
6 21
6 24
6 27
6 28
6 32
6 36
6 37
6 39
6 41
6 42
6 44
6 53
6 56
6 60
6 65
6 68
6 70
6 72
6 75
6 78
6 79
6 80
6 82
6 84
6 85
6 86
6 89
6 90
6 92
6 95
6 97
7 8
7 9
7 16
7 20
7 21
7 22
7 23
7 24
7 27
7 28
7 30
7 35
7 38
7 40
7 43
7 44
7 45
7 47
7 50
7 51
7 53
7 55
7 56
7 57
7 59
7 60
7 61
7 62
7 64
7 66
7 68
7 69
7 70
7 71
7 75
7 76
7 78
7 79
7 80
7 81
7 82
7 83
7 85
7 86
7 87
7 88
7 90
7 95
7 96
7 98
8 11
8 13
8 16
8 19
8 20
8 21
8 22
8 24
8 31
8 33
8 35
8 36
8 37
8 39
8 40
8 42
8 43
8 47
8 49
8 50
8 53
8 61
8 63
8 64
8 67
8 69
8 75
8 78
8 79
8 86
8 88
8 89
8 95
8 96
8 97
8 98
8 99
9 11
9 13
9 15
9 16
9 19
9 21
9 24
9 25
9 28
9 30
9 33
9 36
9 37
9 39
9 41
9 42
9 43
9 44
9 45
9 47
9 55
9 57
9 58
9 59
9 61
9 63
9 64
9 66
9 68
9 69
9 70
9 71
9 73
9 74
9 75
9 76
9 77
9 78
9 79
9 82
9 83
9 84
9 86
9 89
9 96
9 97
9 98
10 12
10 16
10 18
10 22
10 24
10 25
10 29
10 31
10 33
10 34
10 35
10 39
10 40
10 41
10 43
10 46
10 47
10 48
10 50
10 54
10 56
10 58
10 59
10 60
10 62
10 63
10 65
10 66
10 77
10 80
10 81
10 83
10 84
10 86
10 89
10 96
10 97
10 98
11 13
11 16
11 19
11 21
11 22
11 27
11 29
11 30
11 32
11 36
11 38
11 42
11 44
11 47
11 48
11 49
11 50
11 51
11 52
11 54
11 55
11 57
11 58
11 59
11 63
11 65
11 69
11 71
11 72
11 73
11 74
11 75
11 76
11 77
11 78
11 79
11 80
11 82
11 88
11 89
11 91
11 93
11 94
11 97
11 99
12 15
12 18
12 20
12 22
12 25
12 26
12 27
12 28
12 35
12 37
12 39
12 42
12 47
12 49
12 50
12 51
12 53
12 54
12 57
12 59
12 60
12 62
12 64
12 65
12 67
12 68
12 71
12 73
12 74
12 80
12 81
12 82
12 83
12 86
12 88
12 90
12 91
12 95
12 96
12 97
13 16
13 17
13 19
13 20
13 22
13 23
13 28
13 29
13 30
13 31
13 32
13 36
13 38
13 40
13 43
13 46
13 48
13 49
13 50
13 52
13 53
13 55
13 57
13 58
13 60
13 61
13 62
13 67
13 69
13 71
13 73
13 74
13 75
13 76
13 78
13 80
13 82
13 83
13 85
13 89
13 90
13 91
13 93
13 97
13 98
13 99
14 15
14 16
14 18
14 24
14 25
14 27
14 28
14 29
14 31
14 36
14 37
14 43
14 46
14 47
14 48
14 50
14 52
14 53
14 55
14 56
14 57
14 58
14 60
14 61
14 62
14 63
14 64
14 67
14 68
14 69
14 71
14 73
14 74
14 76
14 77
14 78
14 82
14 84
14 85
14 86
14 91
14 92
14 94
14 97
15 16
15 17
15 19
15 21
15 24
15 26
15 28
15 30
15 31
15 37
15 39
15 40
15 42
15 44
15 45
15 46
15 47
15 50
15 51
15 54
15 55
15 56
15 59
15 60
15 63
15 64
15 65
15 66
15 67
15 74
15 78
15 80
15 82
15 84
15 85
15 88
15 91
15 93
15 94
15 95
15 96
16 18
16 20
16 21
16 22
16 24
16 25
16 27
16 28
16 29
16 30
16 32
16 33
16 36
16 39
16 41
16 43
16 45
16 47
16 48
16 52
16 53
16 54
16 56
16 58
16 62
16 65
16 67
16 73
16 74
16 76
16 77
16 80
16 84
16 86
16 87
16 88
16 90
16 91
16 92
16 93
16 96
16 97
16 99
17 18
17 23
17 24
17 25
17 27
17 28
17 29
17 34
17 35
17 36
17 38
17 40
17 41
17 42
17 46
17 47
17 48
17 54
17 55
17 57
17 59
17 61
17 62
17 63
17 65
17 67
17 68
17 71
17 72
17 74
17 75
17 76
17 77
17 78
17 81
17 83
17 85
17 89
17 90
17 91
17 93
17 94
17 96
18 19
18 20
18 21
18 23
18 28
18 30
18 35
18 37
18 38
18 41
18 43
18 45
18 47
18 48
18 49
18 54
18 56
18 57
18 59
18 60
18 62
18 69
18 73
18 74
18 77
18 78
18 81
18 82
18 83
18 85
18 86
18 87
18 88
18 89
18 91
18 94
18 96
18 97
18 99
19 22
19 25
19 27
19 28
19 31
19 32
19 34
19 35
19 36
19 37
19 38
19 39
19 42
19 43
19 44
19 47
19 48
19 49
19 53
19 54
19 55
19 56
19 57
19 59
19 61
19 64
19 67
19 68
19 69
19 71
19 74
19 75
19 76
19 77
19 78
19 79
19 80
19 81
19 82
19 84
19 85
19 91
19 93
19 94
19 95
19 96
19 97
19 98
20 21
20 22
20 24
20 27
20 29
20 30
20 36
20 37
20 38
20 39
20 41
20 46
20 47
20 49
20 52
20 53
20 56
20 59
20 60
20 61
20 64
20 65
20 67
20 71
20 75
20 77
20 78
20 79
20 80
20 81
20 82
20 83
20 84
20 85
20 88
20 90
20 94
20 98
21 22
21 24
21 27
21 28
21 29
21 31
21 32
21 33
21 35
21 36
21 39
21 40
21 44
21 45
21 50
21 52
21 54
21 56
21 57
21 62
21 65
21 66
21 69
21 70
21 71
21 74
21 78
21 79
21 82
21 83
21 87
21 90
21 91
21 93
21 95
21 99
22 23
22 24
22 30
22 32
22 37
22 40
22 42
22 43
22 45
22 47
22 49
22 50
22 52
22 54
22 55
22 61
22 62
22 66
22 67
22 68
22 69
22 70
22 71
22 73
22 74
22 78
22 80
22 81
22 82
22 83
22 84
22 85
22 88
22 92
22 93
22 95
22 96
22 98
22 99
23 24
23 25
23 26
23 27
23 28
23 30
23 34
23 35
23 37
23 40
23 41
23 43
23 44
23 45
23 47
23 51
23 52
23 53
23 54
23 62
23 63
23 65
23 66
23 68
23 69
23 71
23 72
23 73
23 78
23 80
23 81
23 84
23 85
23 86
23 88
23 90
23 91
23 97
24 26
24 27
24 29
24 32
24 33
24 36
24 39
24 42
24 47
24 53
24 55
24 57
24 59
24 61
24 64
24 66
24 67
24 68
24 69
24 73
24 76
24 78
24 79
24 81
24 85
24 90
24 91
24 95
24 96
24 97
24 98
25 26
25 28
25 30
25 31
25 33
25 34
25 35
25 36
25 37
25 38
25 39
25 41
25 42
25 44
25 46
25 47
25 52
25 54
25 57
25 58
25 67
25 69
25 73
25 74
25 75
25 76
25 79
25 80
25 82
25 83
25 86
25 90
25 91
25 92
25 93
25 95
25 98
25 99
26 27
26 28
26 29
26 30
26 31
26 32
26 35
26 36
26 37
26 39
26 41
26 43
26 44
26 45
26 46
26 47
26 49
26 50
26 51
26 52
26 55
26 59
26 60
26 62
26 65
26 66
26 67
26 71
26 72
26 74
26 75
26 78
26 79
26 82
26 83
26 84
26 85
26 87
26 88
26 89
26 90
26 92
26 96
26 99
27 30
27 31
27 32
27 34
27 38
27 45
27 46
27 50
27 51
27 52
27 53
27 55
27 57
27 60
27 61
27 62
27 63
27 64
27 65
27 67
27 69
27 71
27 72
27 77
27 78
27 79
27 83
27 86
27 87
27 89
27 91
27 93
27 94
27 97
28 29
28 30
28 31
28 33
28 34
28 36
28 38
28 43
28 45
28 46
28 47
28 48
28 49
28 53
28 57
28 60
28 61
28 62
28 67
28 68
28 71
28 78
28 79
28 80
28 81
28 82
28 86
28 88
28 89
28 90
28 91
28 92
28 93
28 94
28 96
28 98
29 30
29 31
29 32
29 36
29 39
29 40
29 43
29 44
29 45
29 47
29 48
29 49
29 52
29 54
29 57
29 61
29 66
29 69
29 70
29 71
29 76
29 77
29 79
29 80
29 81
29 90
29 91
29 94
29 97
29 98
29 99
30 34
30 35
30 36
30 40
30 41
30 45
30 46
30 49
30 50
30 53
30 56
30 59
30 62
30 65
30 67
30 68
30 70
30 71
30 72
30 75
30 76
30 77
30 78
30 80
30 82
30 83
30 84
30 85
30 86
30 87
30 89
30 90
30 96
30 97
31 32
31 35
31 37
31 39
31 40
31 41
31 45
31 51
31 52
31 55
31 56
31 60
31 62
31 63
31 66
31 69
31 71
31 72
31 73
31 74
31 76
31 80
31 81
31 82
31 83
31 84
31 86
31 90
31 91
31 92
31 94
31 95
31 96
31 98
31 99
32 33
32 34
32 40
32 46
32 47
32 48
32 50
32 52
32 56
32 57
32 58
32 59
32 60
32 61
32 62
32 64
32 65
32 67
32 68
32 69
32 70
32 76
32 77
32 79
32 84
32 92
32 93
32 96
32 99
33 35
33 42
33 43
33 44
33 46
33 48
33 52
33 55
33 57
33 59
33 60
33 61
33 66
33 68
33 70
33 74
33 75
33 76
33 77
33 78
33 79
33 81
33 84
33 87
33 89
33 93
33 95
33 96
33 97
34 35
34 36
34 37
34 41
34 42
34 44
34 47
34 48
34 51
34 52
34 53
34 54
34 57
34 61
34 62
34 63
34 66
34 67
34 68
34 71
34 73
34 77
34 78
34 80
34 82
34 83
34 84
34 85
34 86
34 88
34 91
34 92
34 94
34 95
34 96
34 97
34 99
35 41
35 43
35 45
35 47
35 48
35 50
35 54
35 57
35 60
35 64
35 65
35 67
35 69
35 71
35 77
35 78
35 79
35 80
35 82
35 83
35 84
35 86
35 88
35 89
35 91
35 93
35 99
36 38
36 40
36 42
36 44
36 45
36 46
36 49
36 53
36 56
36 58
36 59
36 69
36 70
36 71
36 72
36 75
36 76
36 79
36 80
36 82
36 83
36 85
36 88
36 89
36 91
36 93
36 94
36 95
36 96
36 97
37 41
37 43
37 44
37 45
37 48
37 49
37 50
37 51
37 53
37 54
37 57
37 58
37 61
37 62
37 63
37 64
37 65
37 66
37 67
37 68
37 69
37 70
37 71
37 73
37 74
37 75
37 78
37 80
37 81
37 82
37 83
37 84
37 87
37 90
37 92
37 95
37 96
37 97
38 39
38 40
38 42
38 44
38 45
38 46
38 50
38 51
38 52
38 53
38 55
38 60
38 61
38 62
38 66
38 67
38 73
38 75
38 77
38 82
38 85
38 86
38 87
38 88
38 90
38 91
38 93
38 94
38 96
38 97
38 98
38 99
39 43
39 52
39 54
39 57
39 58
39 61
39 65
39 67
39 71
39 79
39 80
39 82
39 84
39 85
39 88
39 91
39 92
39 93
39 96
40 43
40 44
40 46
40 47
40 48
40 50
40 53
40 56
40 58
40 61
40 66
40 68
40 70
40 71
40 74
40 75
40 76
40 77
40 78
40 79
40 80
40 83
40 84
40 85
40 89
40 90
40 91
40 92
40 93
40 94
40 96
40 98
40 99
41 42
41 44
41 46
41 49
41 51
41 52
41 53
41 56
41 57
41 60
41 61
41 66
41 68
41 70
41 72
41 73
41 78
41 79
41 81
41 82
41 83
41 84
41 85
41 89
41 90
41 93
41 94
41 95
41 96
41 97
41 98
41 99
42 45
42 47
42 50
42 53
42 54
42 56
42 57
42 58
42 59
42 61
42 64
42 65
42 66
42 70
42 72
42 73
42 74
42 75
42 76
42 78
42 83
42 84
42 86
42 87
42 91
42 94
42 95
42 98
42 99
43 44
43 45
43 47
43 48
43 51
43 54
43 55
43 57
43 61
43 62
43 64
43 68
43 70
43 71
43 72
43 73
43 74
43 76
43 77
43 79
43 85
43 86
43 87
43 89
43 90
43 93
43 95
43 96
44 45
44 49
44 50
44 52
44 54
44 56
44 57
44 60
44 62
44 68
44 69
44 71
44 72
44 73
44 80
44 83
44 84
44 86
44 87
44 89
44 91
44 93
44 95
44 99
45 46
45 48
45 50
45 52
45 53
45 56
45 57
45 58
45 59
45 60
45 61
45 63
45 64
45 65
45 68
45 70
45 72
45 73
45 75
45 76
45 78
45 79
45 81
45 89
45 91
45 94
45 96
45 97
45 98
46 48
46 49
46 51
46 53
46 56
46 58
46 60
46 66
46 67
46 68
46 69
46 71
46 72
46 75
46 79
46 82
46 86
46 87
46 88
46 90
46 91
46 97
46 98
47 49
47 50
47 51
47 52
47 53
47 54
47 56
47 57
47 58
47 60
47 62
47 64
47 65
47 66
47 68
47 69
47 71
47 76
47 80
47 81
47 84
47 86
47 89
47 90
47 96
47 97
47 98
47 99
48 50
48 59
48 61
48 62
48 63
48 64
48 65
48 67
48 68
48 72
48 74
48 82
48 88
48 91
48 92
48 94
48 96
48 97
49 50
49 51
49 52
49 55
49 58
49 59
49 61
49 63
49 66
49 68
49 70
49 72
49 73
49 75
49 79
49 80
49 82
49 83
49 84
49 85
49 86
49 88
49 90
49 94
49 95
49 97
49 98
49 99
50 52
50 53
50 54
50 56
50 60
50 62
50 63
50 64
50 68
50 69
50 72
50 76
50 78
50 80
50 82
50 85
50 89
50 90
50 91
50 92
50 94
50 96
50 98
50 99
51 52
51 54
51 57
51 58
51 62
51 63
51 64
51 66
51 69
51 70
51 72
51 77
51 79
51 80
51 81
51 84
51 87
51 88
51 89
51 90
51 92
51 96
51 99
52 54
52 56
52 58
52 60
52 61
52 63
52 64
52 65
52 66
52 67
52 68
52 70
52 72
52 74
52 77
52 78
52 80
52 81
52 82
52 85
52 87
52 93
52 95
52 96
52 97
53 59
53 60
53 61
53 62
53 63
53 64
53 65
53 66
53 70
53 73
53 76
53 80
53 81
53 86
53 89
53 92
53 93
53 94
53 96
53 97
54 55
54 62
54 67
54 68
54 71
54 72
54 76
54 77
54 78
54 81
54 82
54 83
54 88
54 90
54 96
54 98
55 58
55 62
55 63
55 64
55 66
55 67
55 68
55 70
55 71
55 73
55 74
55 77
55 78
55 81
55 83
55 84
55 86
55 87
55 88
55 89
55 90
55 93
55 94
55 98
56 58
56 59
56 61
56 63
56 66
56 69
56 70
56 71
56 76
56 77
56 78
56 79
56 81
56 82
56 83
56 84
56 85
56 87
56 88
56 89
56 90
56 91
56 92
56 93
56 94
56 97
56 99
57 61
57 62
57 63
57 65
57 66
57 67
57 68
57 72
57 74
57 76
57 79
57 80
57 81
57 82
57 85
57 89
57 90
57 92
57 98
57 99
58 59
58 60
58 61
58 62
58 63
58 65
58 68
58 69
58 72
58 74
58 77
58 79
58 80
58 86
58 90
58 93
58 98
59 60
59 61
59 62
59 63
59 66
59 67
59 69
59 70
59 71
59 73
59 74
59 76
59 77
59 78
59 81
59 83
59 84
59 87
59 91
59 93
59 94
59 97
59 98
59 99
60 63
60 64
60 68
60 69
60 71
60 75
60 76
60 79
60 81
60 82
60 83
60 84
60 85
60 87
60 90
60 91
60 93
60 94
60 95
60 98
61 62
61 64
61 65
61 69
61 70
61 73
61 80
61 82
61 84
61 85
61 86
61 87
61 93
61 95
61 96
61 97
62 63
62 66
62 67
62 68
62 73
62 74
62 75
62 76
62 79
62 80
62 81
62 84
62 86
62 87
62 88
62 90
62 92
62 93
62 96
62 98
62 99
63 69
63 70
63 75
63 76
63 79
63 82
63 83
63 86
63 89
63 91
63 92
63 93
63 94
63 96
63 99
64 66
64 67
64 68
64 69
64 70
64 71
64 75
64 77
64 78
64 81
64 85
64 86
64 87
64 88
64 90
64 97
64 99
65 66
65 67
65 68
65 71
65 72
65 74
65 76
65 83
65 86
65 87
65 89
65 95
65 96
65 97
66 67
66 71
66 72
66 74
66 75
66 77
66 78
66 79
66 80
66 81
66 83
66 87
66 88
66 89
66 90
66 92
66 95
66 97
67 68
67 69
67 70
67 73
67 76
67 79
67 84
67 85
67 88
67 89
67 91
67 93
67 95
67 96
67 97
67 98
68 71
68 72
68 73
68 75
68 76
68 77
68 78
68 79
68 80
68 83
68 84
68 86
68 87
68 88
68 89
68 91
68 92
69 72
69 73
69 74
69 75
69 77
69 79
69 80
69 83
69 84
69 87
69 88
69 89
69 95
69 97
69 98
69 99
70 71
70 72
70 73
70 75
70 76
70 79
70 82
70 84
70 85
70 87
70 90
70 91
70 92
70 93
70 94
70 95
70 96
70 97
70 99
71 72
71 73
71 74
71 78
71 83
71 84
71 85
71 90
71 92
71 93
71 94
71 95
71 96
71 99
72 73
72 77
72 78
72 80
72 82
72 83
72 84
72 86
72 87
72 92
72 93
72 94
72 98
73 74
73 75
73 79
73 80
73 81
73 82
73 84
73 85
73 89
73 90
73 91
73 92
73 93
73 94
73 95
73 96
73 97
74 75
74 76
74 79
74 80
74 81
74 83
74 84
74 87
74 88
74 91
74 93
74 95
74 97
75 78
75 79
75 80
75 81
75 83
75 84
75 88
75 90
75 93
75 97
75 99
76 78
76 79
76 82
76 84
76 86
76 89
76 90
76 91
76 92
76 93
76 95
76 97
76 98
77 78
77 79
77 82
77 83
77 84
77 87
77 90
77 91
77 92
77 94
77 96
77 98
78 81
78 83
78 85
78 86
78 88
78 89
78 90
78 93
78 94
78 95
78 96
78 98
78 99
79 82
79 84
79 85
79 86
79 88
79 90
79 94
79 95
79 99
80 82
80 83
80 84
80 87
80 91
80 93
80 94
80 97
81 85
81 86
81 88
81 89
81 91
81 92
81 94
81 96
81 97
81 98
82 85
82 90
82 96
82 97
82 98
82 99
83 88
83 89
83 91
83 92
83 94
83 99
84 85
84 86
84 87
84 88
84 90
84 94
84 98
85 87
85 91
85 92
85 93
85 94
85 99
86 87
86 88
86 90
86 92
86 93
86 95
86 98
87 88
87 97
88 91
88 92
88 96
88 98
89 92
89 93
89 95
89 97
89 98
90 91
90 92
90 93
90 94
90 95
90 98
91 94
91 98
91 99
92 93
92 94
93 94
93 96
93 97
93 98
94 96
94 98
94 99
96 99
97 99
98 99
