0 1
0 6
0 9
0 10
0 11
0 13
0 14
0 15
0 16
0 18
0 20
0 21
0 22
0 24
0 29
0 31
0 32
0 33
0 34
0 38
0 39
0 41
0 43
0 44
0 45
0 47
0 49
0 52
0 53
0 55
0 57
0 63
0 64
0 65
0 67
0 69
0 70
0 75
0 77
0 79
0 81
0 82
0 84
0 86
0 93
0 97
0 99
1 3
1 4
1 5
1 8
1 9
1 11
1 12
1 14
1 15
1 16
1 18
1 20
1 22
1 24
1 25
1 27
1 29
1 31
1 33
1 37
1 38
1 39
1 41
1 43
1 44
1 45
1 46
1 48
1 54
1 57
1 59
1 62
1 65
1 67
1 68
1 69
1 73
1 74
1 78
1 79
1 80
1 81
1 82
1 83
1 88
1 89
1 91
1 92
1 93
1 94
1 96
1 98
2 4
2 6
2 12
2 13
2 15
2 16
2 21
2 25
2 28
2 30
2 33
2 34
2 38
2 39
2 40
2 41
2 42
2 44
2 45
2 46
2 51
2 53
2 56
2 58
2 59
2 60
2 63
2 66
2 67
2 69
2 71
2 72
2 74
2 75
2 78
2 80
2 88
2 90
2 92
2 93
2 94
2 95
2 96
2 98
3 4
3 7
3 9
3 10
3 11
3 12
3 14
3 17
3 19
3 20
3 22
3 25
3 30
3 32
3 33
3 35
3 36
3 38
3 39
3 42
3 48
3 50
3 52
3 58
3 60
3 64
3 65
3 66
3 69
3 70
3 72
3 75
3 76
3 77
3 81
3 83
3 84
3 89
3 93
3 94
3 95
3 96
4 6
4 7
4 12
4 13
4 14
4 15
4 19
4 22
4 23
4 27
4 28
4 30
4 31
4 33
4 34
4 38
4 40
4 41
4 42
4 44
4 49
4 51
4 53
4 54
4 58
4 59
4 61
4 62
4 63
4 66
4 70
4 71
4 72
4 74
4 77
4 78
4 79
4 89
4 92
4 93
4 95
4 96
4 97
5 6
5 12
5 15
5 16
5 19
5 20
5 22
5 23
5 24
5 31
5 34
5 35
5 37
5 38
5 42
5 43
5 45
5 48
5 50
5 51
5 55
5 56
5 58
5 60
5 62
5 66
5 67
5 69
5 70
5 72
5 73
5 76
5 78
5 80
5 83
5 84
5 88
5 90
5 91
5 92
5 93
5 95
5 97
6 10
6 13
6 14
6 15
6 16
6 18
6 22
6 23
6 24
6 27
6 28
6 29
6 30
6 31
6 32
6 34
6 35
6 37
6 39
6 41
6 43
6 44
6 49
6 50
6 54
6 56
6 60
6 64
6 67
6 69
6 71
6 74
6 77
6 78
6 84
6 85
6 86
6 87
6 88
6 89
6 91
6 92
6 93
6 95
6 97
7 9
7 10
7 11
7 13
7 17
7 21
7 23
7 29
7 31
7 38
7 41
7 42
7 46
7 49
7 51
7 52
7 53
7 54
7 61
7 64
7 66
7 67
7 69
7 70
7 72
7 73
7 76
7 77
7 81
7 82
7 83
7 87
7 88
7 89
7 93
7 95
8 12
8 13
8 16
8 17
8 18
8 19
8 21
8 22
8 24
8 25
8 26
8 27
8 33
8 35
8 36
8 37
8 41
8 47
8 48
8 50
8 51
8 52
8 54
8 55
8 58
8 59
8 62
8 63
8 64
8 67
8 70
8 74
8 77
8 78
8 80
8 86
8 94
8 95
8 96
8 97
9 15
9 16
9 17
9 19
9 22
9 23
9 24
9 32
9 34
9 35
9 36
9 37
9 38
9 42
9 43
9 46
9 49
9 51
9 52
9 55
9 59
9 60
9 62
9 64
9 68
9 71
9 74
9 75
9 76
9 79
9 82
9 84
9 85
9 86
9 87
9 88
9 90
9 92
9 95
9 96
9 97
9 98
10 11
10 13
10 14
10 15
10 16
10 17
10 19
10 20
10 23
10 27
10 31
10 32
10 34
10 35
10 36
10 37
10 38
10 40
10 41
10 43
10 44
10 45
10 46
10 47
10 50
10 53
10 54
10 55
10 56
10 57
10 59
10 60
10 61
10 63
10 64
10 67
10 68
10 69
10 72
10 74
10 76
10 78
10 80
10 81
10 83
10 88
10 89
10 91
10 93
10 94
10 95
10 98
11 12
11 13
11 14
11 15
11 16
11 17
11 18
11 20
11 21
11 26
11 28
11 29
11 30
11 31
11 36
11 38
11 39
11 42
11 45
11 46
11 48
11 49
11 51
11 52
11 53
11 58
11 59
11 60
11 61
11 63
11 65
11 66
11 67
11 68
11 70
11 74
11 76
11 77
11 78
11 79
11 80
11 81
11 87
11 93
11 95
11 97
11 98
11 99
12 14
12 17
12 18
12 19
12 20
12 21
12 22
12 26
12 27
12 28
12 29
12 30
12 31
12 32
12 33
12 34
12 35
12 36
12 37
12 39
12 41
12 44
12 45
12 46
12 48
12 52
12 53
12 54
12 57
12 63
12 64
12 66
12 68
12 71
12 73
12 74
12 75
12 76
12 77
12 78
12 81
12 85
12 91
12 93
12 96
12 97
12 98
12 99
13 14
13 16
13 17
13 18
13 20
13 21
13 26
13 29
13 30
13 33
13 34
13 38
13 39
13 40
13 41
13 42
13 43
13 44
13 46
13 50
13 52
13 54
13 56
13 59
13 60
13 66
13 68
13 70
13 71
13 74
13 83
13 86
13 89
13 90
13 91
13 93
13 94
13 95
13 97
14 15
14 16
14 17
14 23
14 25
14 26
14 31
14 33
14 34
14 35
14 39
14 41
14 42
14 45
14 46
14 49
14 50
14 51
14 52
14 53
14 54
14 55
14 56
14 65
14 68
14 71
14 72
14 73
14 74
14 76
14 77
14 80
14 81
14 82
14 84
14 85
14 86
14 89
14 91
14 97
14 98
15 17
15 20
15 21
15 22
15 23
15 24
15 26
15 28
15 29
15 30
15 34
15 36
15 38
15 40
15 43
15 45
15 46
15 48
15 50
15 53
15 55
15 58
15 62
15 64
15 65
15 68
15 72
15 73
15 74
15 78
15 81
15 82
15 83
15 89
15 90
15 91
15 93
15 96
15 97
15 98
16 18
16 19
16 21
16 24
16 25
16 27
16 28
16 29
16 31
16 32
16 33
16 34
16 38
16 40
16 44
16 46
16 51
16 55
16 58
16 61
16 62
16 63
16 64
16 66
16 68
16 69
16 73
16 75
16 76
16 77
16 79
16 85
16 86
16 87
16 88
16 89
16 92
16 93
16 94
16 99
17 18
17 21
17 22
17 25
17 27
17 28
17 29
17 30
17 33
17 34
17 38
17 42
17 45
17 46
17 47
17 48
17 49
17 50
17 51
17 53
17 57
17 60
17 64
17 66
17 69
17 70
17 71
17 72
17 77
17 78
17 79
17 83
17 84
17 85
17 86
17 88
17 89
17 91
17 94
17 95
17 98
18 19
18 20
18 21
18 24
18 25
18 27
18 31
18 32
18 35
18 38
18 40
18 41
18 42
18 46
18 49
18 50
18 51
18 52
18 53
18 58
18 62
18 63
18 67
18 68
18 71
18 72
18 73
18 74
18 79
18 82
18 83
18 86
18 92
18 94
18 95
18 96
18 98
19 23
19 25
19 27
19 28
19 29
19 32
19 37
19 40
19 41
19 42
19 44
19 46
19 47
19 48
19 49
19 52
19 53
19 54
19 55
19 57
19 58
19 59
19 60
19 61
19 62
19 63
19 65
19 67
19 68
19 69
19 73
19 77
19 82
19 83
19 85
19 86
19 87
19 91
19 92
19 93
19 96
19 97
19 98
19 99
20 23
20 26
20 27
20 28
20 29
20 30
20 32
20 33
20 34
20 37
20 38
20 39
20 45
20 48
20 51
20 52
20 53
20 54
20 55
20 57
20 58
20 60
20 62
20 64
20 65
20 67
20 68
20 69
20 70
20 72
20 73
20 74
20 77
20 78
20 80
20 81
20 82
20 83
20 87
20 90
20 92
20 94
20 96
20 99
21 22
21 28
21 29
21 32
21 34
21 37
21 38
21 39
21 41
21 43
21 45
21 46
21 49
21 50
21 51
21 53
21 54
21 55
21 57
21 59
21 60
21 61
21 62
21 63
21 64
21 66
21 69
21 72
21 73
21 74
21 76
21 79
21 80
21 81
21 84
21 85
21 89
21 92
21 93
21 94
21 96
21 98
21 99
22 24
22 25
22 26
22 29
22 30
22 31
22 32
22 33
22 34
22 38
22 39
22 40
22 42
22 44
22 46
22 47
22 51
22 52
22 53
22 55
22 56
22 61
22 63
22 64
22 65
22 67
22 70
22 72
22 73
22 75
22 77
22 79
22 80
22 85
22 86
22 88
22 90
22 91
22 93
22 96
22 97
22 98
23 25
23 26
23 28
23 31
23 32
23 33
23 34
23 35
23 36
23 37
23 38
23 42
23 43
23 45
23 47
23 49
23 51
23 52
23 54
23 56
23 57
23 58
23 61
23 62
23 63
23 64
23 66
23 71
23 72
23 79
23 82
23 83
23 84
23 85
23 87
23 95
23 98
24 25
24 26
24 27
24 29
24 31
24 32
24 34
24 35
24 36
24 37
24 38
24 40
24 41
24 42
24 43
24 44
24 46
24 47
24 50
24 52
24 55
24 56
24 57
24 58
24 59
24 60
24 61
24 62
24 63
24 64
24 65
24 66
24 67
24 68
24 69
24 70
24 74
24 75
24 76
24 81
24 86
24 87
24 91
24 94
24 95
24 96
24 98
24 99
25 27
25 28
25 29
25 31
25 33
25 34
25 39
25 40
25 43
25 44
25 45
25 46
25 47
25 51
25 54
25 55
25 58
25 59
25 60
25 63
25 64
25 65
25 68
25 70
25 71
25 74
25 76
25 77
25 79
25 80
25 83
25 86
25 87
25 91
25 94
25 95
26 27
26 28
26 30
26 33
26 34
26 38
26 39
26 41
26 43
26 44
26 45
26 46
26 51
26 54
26 55
26 63
26 65
26 67
26 68
26 73
26 74
26 75
26 77
26 78
26 79
26 80
26 81
26 82
26 84
26 85
26 87
26 88
26 89
26 92
26 93
26 94
26 96
26 99
27 28
27 29
27 31
27 33
27 34
27 39
27 40
27 41
27 44
27 47
27 49
27 52
27 54
27 60
27 64
27 65
27 66
27 71
27 74
27 75
27 79
27 80
27 81
27 86
27 87
27 89
27 96
28 32
28 33
28 35
28 36
28 40
28 46
28 47
28 49
28 52
28 53
28 55
28 57
28 61
28 62
28 64
28 65
28 67
28 69
28 70
28 72
28 74
28 76
28 78
28 80
28 87
28 90
28 91
28 92
28 93
28 94
28 97
28 98
29 30
29 31
29 35
29 36
29 39
29 40
29 41
29 43
29 45
29 47
29 51
29 54
29 57
29 60
29 66
29 67
29 69
29 71
29 75
29 78
29 79
29 83
29 84
29 89
29 95
29 98
30 31
30 33
30 34
30 35
30 36
30 37
30 39
30 40
30 41
30 42
30 44
30 46
30 47
30 51
30 53
30 54
30 57
30 59
30 61
30 62
30 63
30 64
30 65
30 67
30 69
30 72
30 73
30 74
30 75
30 76
30 81
30 83
30 85
30 86
30 87
30 90
30 91
30 93
30 94
30 96
30 98
31 33
31 34
31 35
31 36
31 37
31 38
31 40
31 42
31 43
31 46
31 47
31 48
31 49
31 51
31 53
31 54
31 55
31 58
31 59
31 63
31 64
31 67
31 68
31 70
31 71
31 76
31 77
31 81
31 85
31 86
31 87
31 88
31 89
31 97
32 35
32 37
32 41
32 42
32 43
32 49
32 50
32 51
32 53
32 55
32 56
32 58
32 60
32 63
32 64
32 65
32 67
32 70
32 73
32 74
32 76
32 78
32 79
32 80
32 83
32 84
32 85
32 91
32 92
32 98
32 99
33 40
33 41
33 42
33 43
33 45
33 47
33 48
33 49
33 50
33 53
33 54
33 55
33 56
33 57
33 58
33 63
33 64
33 66
33 67
33 70
33 74
33 75
33 77
33 79
33 81
33 84
33 85
33 87
33 90
33 91
33 93
33 94
33 99
34 35
34 37
34 38
34 41
34 43
34 44
34 45
34 46
34 47
34 49
34 52
34 55
34 58
34 59
34 60
34 63
34 64
34 66
34 71
34 72
34 74
34 80
34 82
34 86
34 88
34 89
34 90
34 92
34 96
34 98
35 37
35 40
35 41
35 43
35 45
35 46
35 47
35 48
35 49
35 50
35 51
35 53
35 54
35 56
35 57
35 58
35 60
35 62
35 65
35 67
35 68
35 69
35 72
35 73
35 75
35 77
35 78
35 79
35 80
35 82
35 84
35 91
35 92
35 93
35 94
35 96
35 97
35 98
35 99
36 37
36 38
36 45
36 46
36 47
36 51
36 53
36 54
36 55
36 56
36 57
36 58
36 59
36 61
36 62
36 63
36 66
36 68
36 69
36 70
36 71
36 72
36 73
36 74
36 76
36 77
36 78
36 79
36 80
36 81
36 85
36 86
36 87
36 88
36 90
36 92
36 93
36 94
36 97
36 99
37 38
37 40
37 42
37 43
37 44
37 46
37 51
37 52
37 53
37 56
37 57
37 60
37 61
37 62
37 63
37 64
37 65
37 66
37 67
37 74
37 75
37 76
37 77
37 80
37 81
37 82
37 83
37 86
37 88
37 92
37 93
37 95
37 96
37 98
38 46
38 47
38 48
38 49
38 51
38 54
38 55
38 58
38 59
38 60
38 61
38 63
38 67
38 71
38 75
38 79
38 82
38 83
38 85
38 87
38 88
38 89
38 91
38 96
38 97
38 98
39 40
39 42
39 43
39 45
39 49
39 52
39 53
39 55
39 56
39 60
39 63
39 64
39 65
39 67
39 68
39 70
39 72
39 75
39 78
39 79
39 82
39 84
39 86
39 87
39 88
39 89
39 90
39 93
39 94
39 95
39 97
39 98
40 42
40 43
40 44
40 45
40 46
40 47
40 48
40 49
40 52
40 54
40 56
40 58
40 59
40 60
40 62
40 63
40 64
40 65
40 69
40 70
40 74
40 81
40 82
40 83
40 84
40 85
40 88
40 89
40 91
40 92
40 94
40 95
40 97
40 99
41 43
41 44
41 45
41 46
41 47
41 49
41 50
41 55
41 56
41 59
41 61
41 63
41 64
41 67
41 68
41 69
41 72
41 75
41 78
41 79
41 83
41 85
41 88
41 90
41 91
41 95
41 97
42 43
42 44
42 45
42 48
42 49
42 52
42 54
42 55
42 56
42 62
42 65
42 66
42 67
42 68
42 69
42 73
42 76
42 77
42 78
42 79
42 85
42 86
42 87
42 88
42 89
42 90
42 93
42 94
43 44
43 45
43 47
43 48
43 52
43 54
43 58
43 59
43 60
43 61
43 64
43 66
43 68
43 69
43 70
43 71
43 72
43 73
43 75
43 77
43 83
43 85
43 86
43 87
43 89
43 91
43 92
43 96
43 97
44 47
44 49
44 53
44 55
44 56
44 58
44 59
44 63
44 66
44 68
44 72
44 73
44 75
44 76
44 77
44 78
44 81
44 82
44 84
44 85
44 86
44 88
44 89
44 93
44 94
44 97
44 98
44 99
45 51
45 55
45 61
45 62
45 64
45 66
45 68
45 69
45 71
45 72
45 75
45 79
45 80
45 81
45 82
45 87
45 88
45 92
45 93
45 95
45 96
45 97
46 48
46 49
46 54
46 57
46 59
46 60
46 61
46 62
46 65
46 66
46 67
46 69
46 73
46 74
46 76
46 77
46 78
46 80
46 82
46 83
46 90
46 92
46 93
47 50
47 54
47 55
47 56
47 57
47 58
47 59
47 60
47 64
47 68
47 70
47 71
47 73
47 74
47 76
47 78
47 80
47 83
47 85
47 90
47 91
47 92
47 95
47 98
48 49
48 52
48 55
48 59
48 61
48 65
48 66
48 68
48 69
48 73
48 74
48 75
48 79
48 80
48 81
48 83
48 85
48 90
48 92
48 93
48 95
48 96
48 97
48 98
48 99
49 51
49 60
49 63
49 70
49 71
49 73
49 74
49 78
49 79
49 81
49 82
49 84
49 86
49 87
49 89
49 90
49 92
49 94
49 97
49 99
50 51
50 54
50 55
50 56
50 59
50 61
50 66
50 67
50 68
50 70
50 72
50 74
50 75
50 77
50 79
50 82
50 84
50 85
50 87
50 88
50 91
50 92
50 93
50 94
50 95
51 52
51 53
51 54
51 56
51 57
51 60
51 61
51 62
51 63
51 64
51 66
51 67
51 80
51 81
51 82
51 83
51 86
51 87
51 88
51 92
51 93
51 94
51 96
51 99
52 60
52 64
52 65
52 69
52 70
52 71
52 72
52 73
52 76
52 77
52 80
52 81
52 82
52 83
52 85
52 86
52 87
52 90
52 92
52 95
52 97
52 99
53 55
53 57
53 58
53 60
53 62
53 64
53 66
53 75
53 77
53 79
53 81
53 82
53 87
53 90
53 92
53 93
53 94
53 95
53 96
53 99
54 56
54 57
54 58
54 62
54 65
54 66
54 68
54 69
54 74
54 75
54 76
54 78
54 79
54 82
54 86
54 93
54 94
54 95
54 97
55 56
55 57
55 58
55 59
55 60
55 61
55 63
55 65
55 66
55 69
55 70
55 71
55 72
55 73
55 75
55 76
55 77
55 78
55 79
55 81
55 83
55 85
55 87
55 89
55 90
55 91
55 92
55 98
56 60
56 63
56 64
56 65
56 70
56 71
56 72
56 73
56 74
56 77
56 78
56 79
56 80
56 82
56 84
56 85
56 89
56 90
56 93
56 94
56 96
56 98
57 63
57 64
57 65
57 72
57 73
57 74
57 76
57 78
57 80
57 81
57 83
57 86
57 89
57 90
57 91
57 94
57 96
58 62
58 64
58 65
58 68
58 70
58 71
58 72
58 73
58 76
58 77
58 79
58 82
58 83
58 84
58 85
58 92
58 93
58 94
58 96
58 97
58 98
58 99
59 61
59 63
59 64
59 65
59 70
59 73
59 74
59 78
59 81
59 82
59 83
59 84
59 86
59 87
59 90
59 92
59 95
59 96
60 61
60 63
60 69
60 72
60 76
60 77
60 78
60 81
60 82
60 83
60 84
60 85
60 86
60 88
60 91
60 92
60 97
60 98
60 99
61 64
61 67
61 68
61 69
61 70
61 72
61 73
61 75
61 76
61 78
61 79
61 80
61 81
61 82
61 86
61 90
61 91
61 92
61 95
61 96
61 98
62 64
62 68
62 69
62 71
62 72
62 73
62 74
62 77
62 78
62 79
62 80
62 81
62 84
62 85
62 89
62 91
62 92
62 93
62 95
62 96
62 97
62 98
63 64
63 65
63 66
63 69
63 70
63 71
63 73
63 74
63 75
63 77
63 80
63 81
63 85
63 86
63 87
63 89
63 90
63 91
63 92
63 93
63 97
63 98
64 65
64 66
64 69
64 70
64 73
64 75
64 77
64 78
64 80
64 82
64 84
64 85
64 86
64 89
64 91
64 93
64 95
64 96
64 97
65 66
65 70
65 71
65 74
65 75
65 80
65 82
65 83
65 84
65 85
65 86
65 88
65 90
65 96
65 97
65 98
65 99
66 68
66 69
66 70
66 71
66 73
66 78
66 81
66 84
66 87
66 88
66 90
66 93
66 94
66 95
66 97
66 99
67 68
67 69
67 70
67 71
67 74
67 75
67 77
67 79
67 81
67 84
67 88
67 89
67 93
67 94
67 95
67 97
67 98
67 99
68 69
68 70
68 71
68 72
68 77
68 78
68 81
68 90
68 92
68 96
68 98
68 99
69 70
69 71
69 72
69 74
69 75
69 76
69 82
69 84
69 89
69 90
69 92
69 99
70 71
70 72
70 73
70 74
70 75
70 76
70 79
70 80
70 82
70 85
70 88
70 89
70 90
70 91
70 92
70 93
70 94
70 95
70 96
70 97
70 99
71 74
71 76
71 77
71 78
71 81
71 86
71 88
71 90
71 91
71 93
71 95
72 77
72 78
72 80
72 84
72 85
72 86
72 89
72 96
72 97
72 98
73 74
73 76
73 80
73 83
73 84
73 85
73 86
73 88
73 89
73 92
73 93
73 94
73 95
73 97
73 98
74 75
74 77
74 78
74 80
74 82
74 83
74 84
74 85
74 86
74 87
74 88
74 92
74 94
74 97
74 98
75 77
75 78
75 80
75 85
75 86
75 87
75 88
75 91
75 93
75 98
76 77
76 78
76 80
76 81
76 83
76 86
76 87
76 89
76 91
76 93
76 94
76 95
76 97
76 99
77 79
77 84
77 85
77 86
77 87
77 88
77 90
77 94
77 96
77 97
77 99
78 80
78 81
78 83
78 85
78 86
78 87
78 88
78 89
78 91
78 95
78 98
79 81
79 85
79 88
79 90
79 93
79 95
79 98
79 99
80 82
80 87
80 89
80 92
80 93
80 96
80 98
81 82
81 85
81 87
81 91
81 92
81 93
81 94
81 95
81 98
81 99
82 85
82 87
82 88
82 89
82 90
82 93
82 97
83 86
83 87
83 89
83 91
83 96
83 98
84 87
84 88
84 89
84 90
84 92
84 93
84 96
84 97
85 86
85 87
85 94
85 95
85 97
85 99
86 91
86 93
86 94
86 95
86 96
86 97
86 98
86 99
87 91
87 92
87 96
88 89
88 90
88 91
88 98
89 91
89 92
89 94
89 95
89 97
89 98
90 91
90 92
90 93
90 95
90 97
90 98
91 92
91 93
91 94
91 95
91 96
91 97
91 98
91 99
92 94
92 96
92 97
93 95
93 96
93 97
94 96
94 98
94 99
95 96
95 97
95 98
96 97
96 98
96 99
