0 6
0 14
0 17
0 18
0 25
0 28
0 29
0 31
0 32
0 33
0 36
0 37
0 38
0 39
0 40
0 44
0 45
0 47
0 48
0 57
0 58
0 59
0 61
0 62
0 67
0 68
0 70
0 72
0 73
0 74
0 75
0 76
0 79
0 84
0 90
0 91
0 94
0 95
0 97
1 6
1 7
1 9
1 10
1 12
1 14
1 15
1 18
1 25
1 26
1 30
1 31
1 36
1 37
1 41
1 43
1 47
1 50
1 51
1 52
1 53
1 56
1 62
1 65
1 70
1 71
1 72
1 73
1 74
1 77
1 81
1 82
1 86
1 90
1 91
2 9
2 10
2 12
2 16
2 19
2 22
2 25
2 27
2 32
2 33
2 34
2 35
2 36
2 40
2 41
2 42
2 43
2 44
2 45
2 47
2 51
2 59
2 60
2 61
2 64
2 65
2 66
2 67
2 68
2 71
2 72
2 85
2 86
2 88
2 92
2 93
2 95
2 99
3 4
3 11
3 19
3 20
3 26
3 27
3 28
3 30
3 33
3 34
3 38
3 39
3 40
3 42
3 51
3 52
3 54
3 56
3 57
3 60
3 64
3 65
3 67
3 71
3 73
3 74
3 75
3 78
3 83
3 87
3 88
3 93
3 95
3 98
4 6
4 7
4 8
4 14
4 15
4 17
4 20
4 21
4 23
4 24
4 26
4 27
4 28
4 29
4 30
4 34
4 35
4 36
4 37
4 42
4 44
4 48
4 50
4 51
4 53
4 55
4 59
4 63
4 64
4 69
4 71
4 77
4 78
4 79
4 80
4 84
4 87
4 88
4 90
4 91
4 92
4 94
4 96
4 97
5 7
5 8
5 10
5 14
5 19
5 20
5 22
5 24
5 25
5 26
5 28
5 30
5 31
5 33
5 34
5 37
5 40
5 42
5 43
5 44
5 47
5 48
5 49
5 51
5 56
5 59
5 60
5 63
5 73
5 76
5 81
5 87
5 89
5 90
5 91
5 97
5 99
6 9
6 10
6 14
6 17
6 22
6 24
6 25
6 27
6 28
6 29
6 32
6 35
6 37
6 38
6 39
6 42
6 46
6 47
6 49
6 51
6 55
6 56
6 57
6 59
6 61
6 64
6 66
6 67
6 69
6 72
6 74
6 80
6 83
6 85
6 86
6 88
6 89
6 90
6 95
6 96
6 99
7 9
7 10
7 11
7 15
7 17
7 20
7 22
7 23
7 24
7 25
7 28
7 31
7 36
7 40
7 42
7 45
7 47
7 52
7 63
7 69
7 73
7 78
7 79
7 81
7 82
7 87
7 89
7 92
7 95
8 9
8 12
8 14
8 15
8 18
8 20
8 22
8 23
8 25
8 26
8 29
8 31
8 39
8 40
8 41
8 42
8 44
8 45
8 47
8 48
8 52
8 57
8 60
8 61
8 70
8 71
8 72
8 82
8 84
8 85
8 87
8 90
8 91
8 92
8 93
8 94
8 95
8 98
9 10
9 13
9 14
9 18
9 21
9 24
9 27
9 28
9 33
9 34
9 36
9 37
9 38
9 39
9 40
9 45
9 47
9 48
9 53
9 54
9 60
9 61
9 65
9 66
9 70
9 71
9 73
9 75
9 76
9 77
9 78
9 80
9 82
9 84
9 88
9 89
9 92
9 95
10 12
10 14
10 15
10 17
10 18
10 21
10 23
10 25
10 28
10 29
10 34
10 35
10 37
10 39
10 44
10 47
10 48
10 53
10 54
10 58
10 66
10 68
10 69
10 74
10 75
10 80
10 81
10 82
10 84
10 86
10 90
10 94
11 14
11 15
11 19
11 20
11 23
11 28
11 30
11 32
11 35
11 39
11 41
11 43
11 47
11 54
11 58
11 60
11 61
11 63
11 67
11 72
11 73
11 76
11 78
11 79
11 81
11 84
11 85
11 86
11 88
11 89
11 94
11 96
12 13
12 14
12 17
12 20
12 24
12 25
12 27
12 32
12 39
12 41
12 42
12 43
12 45
12 46
12 49
12 51
12 52
12 58
12 59
12 60
12 61
12 69
12 71
12 72
12 74
12 76
12 77
12 78
12 80
12 88
12 89
12 92
12 93
12 94
12 95
12 96
13 15
13 19
13 22
13 23
13 25
13 26
13 31
13 33
13 34
13 36
13 38
13 39
13 43
13 45
13 46
13 47
13 49
13 50
13 51
13 52
13 55
13 58
13 62
13 63
13 65
13 67
13 69
13 73
13 76
13 77
13 78
13 79
13 83
13 87
13 90
13 91
13 92
13 97
14 16
14 17
14 21
14 22
14 26
14 29
14 38
14 39
14 40
14 41
14 42
14 44
14 50
14 52
14 57
14 59
14 61
14 62
14 66
14 67
14 70
14 74
14 77
14 78
14 80
14 84
14 85
14 86
14 88
14 91
14 93
14 97
14 98
15 16
15 18
15 19
15 21
15 24
15 28
15 33
15 34
15 36
15 38
15 39
15 42
15 46
15 47
15 49
15 51
15 54
15 59
15 66
15 70
15 80
15 82
15 84
15 85
15 86
15 87
15 88
15 94
15 98
16 17
16 18
16 20
16 22
16 24
16 31
16 32
16 35
16 41
16 42
16 43
16 46
16 48
16 51
16 59
16 61
16 62
16 64
16 66
16 68
16 69
16 73
16 78
16 85
16 88
16 89
16 92
16 94
16 98
17 18
17 19
17 23
17 32
17 33
17 34
17 35
17 36
17 39
17 45
17 46
17 48
17 49
17 50
17 54
17 57
17 59
17 60
17 66
17 69
17 71
17 73
17 78
17 81
17 84
17 86
17 97
17 98
18 23
18 25
18 27
18 30
18 31
18 32
18 34
18 36
18 38
18 39
18 49
18 56
18 58
18 59
18 60
18 63
18 68
18 69
18 70
18 72
18 75
18 76
18 77
18 78
18 79
18 80
18 84
18 85
18 87
18 90
18 92
18 94
18 95
18 99
19 23
19 25
19 26
19 27
19 28
19 33
19 35
19 36
19 38
19 40
19 42
19 43
19 45
19 47
19 53
19 55
19 59
19 60
19 63
19 64
19 65
19 66
19 70
19 71
19 72
19 75
19 79
19 81
19 84
19 86
19 93
19 94
19 95
19 96
19 99
20 21
20 23
20 24
20 28
20 29
20 30
20 31
20 32
20 34
20 35
20 36
20 38
20 41
20 42
20 44
20 45
20 46
20 50
20 53
20 55
20 59
20 60
20 61
20 64
20 65
20 67
20 72
20 75
20 79
20 80
20 86
20 88
20 90
20 91
20 93
20 94
20 95
20 96
21 22
21 25
21 26
21 27
21 28
21 32
21 33
21 34
21 39
21 40
21 41
21 46
21 49
21 52
21 57
21 59
21 61
21 62
21 63
21 65
21 74
21 81
21 86
21 87
21 89
21 94
21 96
22 27
22 29
22 34
22 39
22 40
22 41
22 43
22 48
22 49
22 53
22 56
22 60
22 67
22 68
22 75
22 82
22 84
22 85
22 87
22 88
22 89
22 93
22 96
22 97
22 98
22 99
23 29
23 30
23 31
23 39
23 42
23 44
23 45
23 49
23 51
23 53
23 54
23 56
23 63
23 64
23 65
23 66
23 67
23 69
23 71
23 73
23 75
23 76
23 80
23 82
23 85
23 86
23 87
23 88
23 90
23 94
23 96
24 25
24 28
24 36
24 42
24 45
24 46
24 47
24 51
24 54
24 55
24 62
24 64
24 73
24 74
24 75
24 77
24 79
24 84
24 85
24 86
24 89
24 93
24 94
24 98
25 28
25 30
25 32
25 34
25 36
25 38
25 39
25 40
25 41
25 45
25 48
25 53
25 55
25 56
25 57
25 59
25 60
25 64
25 65
25 66
25 67
25 68
25 70
25 71
25 72
25 73
25 74
25 75
25 77
25 81
25 83
25 85
25 87
25 89
25 91
25 92
25 96
25 97
25 99
26 27
26 37
26 38
26 39
26 40
26 42
26 44
26 45
26 46
26 49
26 51
26 52
26 53
26 56
26 61
26 63
26 65
26 66
26 69
26 73
26 76
26 79
26 85
26 89
26 91
26 92
26 93
26 94
26 95
26 96
27 29
27 30
27 31
27 32
27 33
27 36
27 38
27 39
27 40
27 41
27 43
27 44
27 54
27 55
27 64
27 66
27 69
27 70
27 74
27 77
27 79
27 81
27 82
27 84
27 89
27 91
27 92
27 93
27 95
27 99
28 30
28 33
28 34
28 38
28 39
28 44
28 45
28 48
28 50
28 52
28 54
28 56
28 57
28 61
28 62
28 64
28 65
28 69
28 71
28 77
28 80
28 84
28 86
28 87
28 89
28 90
28 91
28 93
28 95
29 30
29 34
29 36
29 39
29 41
29 43
29 45
29 46
29 49
29 54
29 55
29 57
29 58
29 62
29 65
29 67
29 68
29 71
29 72
29 73
29 81
29 82
29 83
29 86
29 90
29 91
29 92
29 94
29 96
29 97
29 98
29 99
30 31
30 36
30 38
30 43
30 44
30 45
30 48
30 50
30 52
30 55
30 57
30 60
30 63
30 64
30 71
30 75
30 76
30 77
30 81
30 84
30 86
30 87
30 90
30 92
30 95
30 96
30 97
30 98
30 99
31 32
31 35
31 37
31 38
31 41
31 43
31 44
31 45
31 47
31 49
31 50
31 55
31 57
31 60
31 64
31 66
31 67
31 68
31 69
31 73
31 74
31 75
31 76
31 78
31 79
31 80
31 81
31 85
31 86
31 90
31 91
31 92
31 93
31 94
31 99
32 34
32 35
32 37
32 41
32 43
32 46
32 47
32 51
32 52
32 55
32 62
32 63
32 65
32 66
32 69
32 72
32 73
32 74
32 75
32 76
32 79
32 80
32 81
32 83
32 86
32 88
32 90
32 93
32 94
32 97
32 99
33 34
33 35
33 38
33 41
33 44
33 52
33 53
33 60
33 61
33 66
33 67
33 70
33 74
33 75
33 76
33 77
33 79
33 80
33 84
33 85
33 86
33 88
33 94
33 97
34 37
34 38
34 39
34 46
34 48
34 50
34 57
34 58
34 62
34 63
34 65
34 70
34 73
34 74
34 75
34 84
34 86
34 88
34 92
34 93
34 96
34 97
34 99
35 36
35 37
35 38
35 40
35 41
35 43
35 47
35 50
35 52
35 58
35 59
35 65
35 67
35 70
35 75
35 78
35 84
35 85
35 88
35 89
35 90
35 94
35 96
35 98
36 37
36 40
36 41
36 42
36 43
36 45
36 50
36 51
36 53
36 54
36 56
36 59
36 62
36 66
36 67
36 70
36 72
36 79
36 80
36 83
36 89
36 91
36 92
36 94
36 95
36 96
36 97
36 98
37 38
37 42
37 44
37 48
37 53
37 54
37 55
37 56
37 60
37 63
37 64
37 68
37 71
37 72
37 75
37 78
37 79
37 81
37 83
37 85
37 90
37 91
37 95
37 96
38 39
38 40
38 41
38 51
38 52
38 53
38 56
38 58
38 59
38 60
38 61
38 66
38 69
38 72
38 85
38 86
38 87
38 89
38 90
38 94
38 95
39 41
39 47
39 50
39 53
39 54
39 55
39 57
39 58
39 60
39 65
39 66
39 67
39 70
39 72
39 73
39 78
39 79
39 80
39 81
39 84
39 85
39 88
39 92
39 93
39 96
39 98
39 99
40 41
40 42
40 44
40 48
40 50
40 51
40 53
40 54
40 55
40 56
40 58
40 59
40 60
40 63
40 64
40 66
40 68
40 71
40 73
40 74
40 77
40 79
40 80
40 81
40 83
40 87
40 90
40 93
40 95
40 96
40 97
40 99
41 42
41 44
41 51
41 56
41 61
41 63
41 64
41 70
41 71
41 72
41 74
41 76
41 85
41 87
41 89
41 98
42 47
42 52
42 53
42 54
42 59
42 66
42 67
42 68
42 70
42 71
42 72
42 74
42 75
42 76
42 77
42 79
42 80
42 83
42 86
42 88
42 89
42 95
43 44
43 47
43 49
43 52
43 53
43 54
43 56
43 59
43 64
43 67
43 70
43 72
43 74
43 77
43 81
43 83
43 85
43 86
43 87
43 88
43 90
43 94
43 96
43 97
43 98
44 46
44 50
44 51
44 53
44 54
44 55
44 56
44 64
44 65
44 66
44 68
44 69
44 70
44 73
44 76
44 77
44 78
44 80
44 87
44 91
44 92
44 93
44 95
44 96
44 99
45 47
45 52
45 53
45 55
45 65
45 67
45 71
45 74
45 75
45 79
45 81
45 84
45 93
46 53
46 57
46 62
46 66
46 68
46 70
46 72
46 79
46 81
46 82
46 84
46 88
46 89
46 91
46 95
46 98
47 48
47 53
47 62
47 67
47 69
47 71
47 73
47 75
47 78
47 79
47 80
47 81
47 85
47 87
47 88
47 89
47 90
47 93
47 95
47 97
48 50
48 53
48 56
48 59
48 61
48 66
48 68
48 70
48 72
48 75
48 77
48 81
48 85
48 87
48 91
48 95
48 97
48 98
49 51
49 53
49 54
49 58
49 60
49 62
49 63
49 64
49 67
49 68
49 69
49 70
49 73
49 76
49 78
49 80
49 83
49 85
49 88
49 91
49 96
49 97
49 98
50 51
50 53
50 54
50 55
50 57
50 59
50 61
50 68
50 69
50 72
50 74
50 75
50 77
50 78
50 83
50 84
50 86
50 88
50 89
50 90
50 91
50 93
50 94
50 97
50 99
51 54
51 55
51 56
51 57
51 58
51 59
51 62
51 65
51 67
51 69
51 70
51 72
51 78
51 79
51 81
51 83
51 85
51 86
51 88
51 89
51 95
52 53
52 54
52 59
52 60
52 61
52 63
52 64
52 65
52 67
52 70
52 72
52 82
52 85
52 86
52 90
52 91
52 93
52 96
52 97
52 98
53 54
53 56
53 57
53 62
53 63
53 64
53 66
53 69
53 71
53 73
53 74
53 75
53 78
53 79
53 80
53 82
53 83
53 85
53 87
53 88
53 89
53 94
53 99
54 56
54 58
54 59
54 60
54 69
54 71
54 78
54 80
54 83
54 86
54 89
54 91
54 92
54 94
54 96
55 59
55 66
55 69
55 70
55 71
55 73
55 76
55 79
55 80
55 86
55 90
55 95
55 96
56 60
56 67
56 68
56 70
56 77
56 83
56 85
56 88
56 91
56 95
56 97
56 98
57 59
57 60
57 61
57 63
57 64
57 65
57 66
57 74
57 75
57 80
57 81
57 83
57 84
57 85
57 86
57 88
57 89
57 91
57 92
57 95
57 96
58 59
58 61
58 64
58 66
58 67
58 68
58 70
58 71
58 74
58 75
58 78
58 80
58 82
58 86
58 90
58 91
58 93
58 94
58 95
58 97
59 66
59 67
59 69
59 70
59 71
59 72
59 73
59 76
59 77
59 80
59 85
59 90
59 92
59 93
59 97
59 99
60 63
60 64
60 66
60 70
60 83
60 86
60 91
60 92
60 97
61 64
61 65
61 67
61 68
61 69
61 74
61 79
61 80
61 81
61 82
61 83
61 86
61 87
61 89
61 94
61 99
62 64
62 65
62 67
62 68
62 70
62 72
62 76
62 77
62 84
62 85
62 89
62 91
62 95
62 96
63 65
63 69
63 70
63 71
63 74
63 75
63 82
63 85
63 91
63 92
63 94
63 98
64 76
64 79
64 81
64 82
64 83
64 85
64 88
64 90
64 98
65 66
65 67
65 74
65 76
65 81
65 82
65 84
65 89
65 92
65 95
65 99
66 67
66 70
66 71
66 72
66 74
66 77
66 81
66 83
66 84
66 91
66 92
66 94
66 95
67 71
67 72
67 73
67 74
67 75
67 80
67 81
67 82
67 83
67 84
67 89
67 94
67 98
68 69
68 72
68 77
68 81
68 82
68 83
68 86
68 88
68 91
68 93
68 94
68 96
68 97
69 70
69 74
69 75
69 79
69 80
69 81
69 82
69 83
69 84
69 85
69 86
69 91
69 94
69 95
69 96
69 99
70 72
70 73
70 74
70 83
70 89
70 90
70 91
70 93
70 95
70 99
71 74
71 76
71 79
71 81
71 84
71 87
71 89
71 92
71 97
71 99
72 73
72 74
72 81
72 82
72 83
72 84
72 88
72 89
72 91
72 97
73 79
73 82
73 94
73 98
74 77
74 80
74 81
74 87
74 89
74 91
74 93
74 95
75 76
75 77
75 78
75 82
75 83
75 88
75 91
75 92
75 97
75 98
75 99
76 80
76 82
76 83
76 91
76 94
76 99
77 79
77 81
77 84
77 88
77 95
77 97
77 98
77 99
78 79
78 81
78 83
78 85
78 86
78 88
78 89
78 90
78 93
78 94
78 97
79 80
79 81
79 82
79 83
79 85
79 86
79 88
79 89
79 91
79 92
79 93
79 94
79 96
79 99
80 81
80 82
80 83
80 86
80 87
80 89
80 91
80 99
81 82
81 84
81 85
81 86
81 89
81 91
81 93
81 96
81 97
82 84
82 85
82 86
82 88
82 90
83 86
83 87
83 93
83 99
84 90
84 96
84 97
84 99
85 88
85 89
85 91
85 92
85 93
85 97
86 87
86 88
86 94
86 96
86 97
86 98
87 90
87 91
87 93
87 96
87 98
87 99
88 91
88 93
88 94
88 95
88 99
89 92
89 94
89 95
89 96
90 91
90 97
91 93
91 95
91 97
91 99
92 93
92 94
92 95
92 96
92 98
93 95
93 99
94 96
94 97
95 96
95 98
96 97
97 98
97 99
