0 1
0 3
0 4
0 14
0 15
0 17
0 18
0 19
0 25
0 27
0 29
0 30
0 32
0 33
0 36
0 37
0 38
0 40
0 41
0 42
0 44
0 49
0 51
0 56
0 59
0 62
0 63
0 66
0 67
0 69
0 71
0 74
0 77
0 78
0 82
0 88
0 90
0 92
0 97
1 2
1 3
1 5
1 6
1 7
1 8
1 10
1 12
1 14
1 15
1 20
1 21
1 22
1 23
1 27
1 34
1 35
1 36
1 37
1 39
1 42
1 43
1 44
1 46
1 47
1 56
1 59
1 60
1 61
1 63
1 68
1 69
1 70
1 72
1 74
1 81
1 86
1 94
2 3
2 5
2 7
2 11
2 12
2 13
2 14
2 15
2 17
2 18
2 19
2 20
2 22
2 26
2 30
2 31
2 33
2 38
2 39
2 45
2 47
2 50
2 51
2 53
2 55
2 56
2 59
2 60
2 62
2 66
2 67
2 68
2 71
2 73
2 75
2 77
2 79
2 83
2 84
2 85
2 90
2 92
2 93
2 99
3 7
3 8
3 13
3 18
3 22
3 28
3 32
3 34
3 36
3 37
3 38
3 40
3 44
3 48
3 50
3 53
3 54
3 55
3 56
3 59
3 62
3 63
3 65
3 67
3 71
3 73
3 76
3 79
3 80
3 81
3 82
3 87
3 88
3 89
3 92
3 93
3 95
3 97
4 26
4 27
4 33
4 37
4 38
4 40
4 42
4 43
4 44
4 46
4 50
4 51
4 52
4 55
4 57
4 58
4 60
4 61
4 63
4 65
4 66
4 67
4 68
4 69
4 72
4 81
4 82
4 89
4 92
4 95
4 97
4 99
5 6
5 8
5 11
5 14
5 15
5 29
5 32
5 41
5 44
5 47
5 48
5 53
5 56
5 61
5 63
5 64
5 65
5 66
5 67
5 70
5 71
5 72
5 74
5 80
5 81
5 83
5 85
5 86
5 88
5 90
5 91
5 92
6 9
6 11
6 12
6 14
6 17
6 18
6 19
6 25
6 26
6 27
6 30
6 31
6 33
6 35
6 36
6 37
6 38
6 41
6 45
6 55
6 65
6 68
6 73
6 76
6 78
6 82
6 84
6 92
6 93
6 95
6 96
7 8
7 9
7 10
7 14
7 16
7 18
7 19
7 22
7 23
7 24
7 25
7 30
7 32
7 36
7 37
7 39
7 41
7 42
7 52
7 59
7 61
7 62
7 63
7 64
7 65
7 66
7 67
7 68
7 69
7 74
7 75
7 78
7 83
7 89
7 93
7 98
7 99
8 9
8 12
8 13
8 17
8 18
8 20
8 23
8 27
8 28
8 32
8 34
8 35
8 38
8 39
8 40
8 41
8 42
8 43
8 45
8 47
8 49
8 51
8 52
8 53
8 55
8 59
8 67
8 73
8 74
8 77
8 82
8 83
8 85
8 87
8 89
8 92
8 93
9 10
9 11
9 14
9 18
9 20
9 21
9 23
9 24
9 25
9 26
9 27
9 30
9 38
9 39
9 41
9 43
9 44
9 46
9 48
9 49
9 55
9 56
9 59
9 60
9 62
9 65
9 66
9 68
9 70
9 73
9 76
9 80
9 82
9 85
9 86
9 88
9 90
9 92
9 95
9 96
9 97
10 15
10 17
10 19
10 23
10 28
10 29
10 30
10 31
10 35
10 44
10 47
10 48
10 49
10 53
10 54
10 56
10 57
10 58
10 59
10 61
10 65
10 66
10 67
10 71
10 72
10 73
10 77
10 85
10 99
11 12
11 13
11 14
11 19
11 22
11 25
11 26
11 27
11 29
11 31
11 33
11 34
11 36
11 37
11 39
11 41
11 43
11 44
11 48
11 49
11 50
11 51
11 53
11 54
11 58
11 61
11 63
11 65
11 66
11 70
11 71
11 73
11 74
11 75
11 78
11 80
11 81
11 82
11 84
11 89
11 91
11 98
12 15
12 16
12 17
12 21
12 24
12 26
12 28
12 30
12 32
12 33
12 34
12 36
12 37
12 39
12 41
12 43
12 45
12 46
12 47
12 50
12 52
12 59
12 60
12 63
12 65
12 68
12 70
12 73
12 77
12 80
12 81
12 83
12 85
12 86
12 87
12 92
12 94
12 95
12 96
12 99
13 15
13 22
13 25
13 28
13 36
13 38
13 41
13 42
13 44
13 46
13 51
13 59
13 65
13 66
13 68
13 70
13 71
13 73
13 75
13 76
13 77
13 79
13 82
13 83
13 84
13 85
13 86
13 90
13 91
13 92
13 95
13 97
13 98
14 16
14 22
14 25
14 29
14 31
14 33
14 35
14 38
14 39
14 43
14 45
14 47
14 51
14 52
14 57
14 58
14 59
14 63
14 64
14 67
14 72
14 73
14 77
14 78
14 84
14 89
14 90
14 91
14 94
15 16
15 20
15 21
15 22
15 23
15 24
15 26
15 27
15 29
15 31
15 32
15 33
15 34
15 36
15 40
15 41
15 42
15 43
15 44
15 46
15 49
15 51
15 52
15 53
15 56
15 57
15 66
15 67
15 69
15 74
15 76
15 79
15 80
15 84
15 85
15 87
15 91
15 92
15 94
15 96
15 97
16 18
16 19
16 20
16 21
16 23
16 25
16 30
16 32
16 37
16 41
16 42
16 43
16 44
16 46
16 47
16 50
16 51
16 52
16 53
16 57
16 60
16 61
16 63
16 66
16 67
16 68
16 69
16 81
16 85
16 88
16 92
16 96
16 97
17 18
17 20
17 22
17 28
17 30
17 33
17 34
17 36
17 38
17 39
17 40
17 42
17 43
17 45
17 46
17 51
17 54
17 56
17 58
17 61
17 62
17 64
17 69
17 70
17 74
17 79
17 80
17 81
17 82
17 84
17 85
17 86
17 87
17 88
17 90
17 92
17 95
17 96
17 98
18 21
18 23
18 25
18 28
18 30
18 31
18 32
18 34
18 35
18 39
18 41
18 42
18 43
18 49
18 54
18 59
18 61
18 62
18 63
18 65
18 70
18 73
18 77
18 79
18 80
18 82
18 84
18 87
18 91
19 20
19 28
19 30
19 38
19 42
19 43
19 48
19 50
19 51
19 52
19 54
19 57
19 58
19 75
19 78
19 85
19 86
19 91
19 94
20 23
20 24
20 25
20 26
20 31
20 35
20 40
20 41
20 42
20 46
20 48
20 51
20 54
20 55
20 56
20 58
20 59
20 66
20 67
20 73
20 76
20 78
20 80
20 84
20 89
20 90
20 91
20 94
20 96
20 98
20 99
21 23
21 27
21 39
21 41
21 42
21 43
21 44
21 50
21 51
21 52
21 54
21 55
21 57
21 58
21 60
21 63
21 65
21 66
21 68
21 70
21 71
21 72
21 78
21 80
21 85
21 86
21 87
21 92
21 94
21 97
21 99
22 24
22 27
22 28
22 31
22 32
22 33
22 36
22 39
22 40
22 44
22 45
22 47
22 50
22 51
22 52
22 56
22 58
22 59
22 61
22 63
22 65
22 67
22 69
22 70
22 72
22 74
22 76
22 77
22 78
22 81
22 84
22 86
22 87
22 90
22 91
22 92
22 98
23 24
23 29
23 31
23 33
23 34
23 39
23 42
23 44
23 45
23 46
23 47
23 50
23 52
23 53
23 54
23 58
23 61
23 63
23 68
23 73
23 75
23 77
23 78
23 80
23 81
23 82
23 87
23 90
23 91
23 94
23 95
23 96
23 97
23 98
24 25
24 28
24 30
24 31
24 32
24 34
24 36
24 37
24 39
24 43
24 45
24 46
24 53
24 54
24 56
24 58
24 62
24 67
24 71
24 73
24 74
24 77
24 79
24 81
24 83
24 84
24 86
24 88
24 89
24 91
24 93
24 97
24 99
25 26
25 27
25 29
25 33
25 38
25 44
25 46
25 48
25 49
25 55
25 56
25 57
25 59
25 62
25 68
25 70
25 78
25 81
25 84
25 85
25 89
25 91
25 94
25 95
25 96
25 99
26 30
26 32
26 33
26 34
26 36
26 37
26 41
26 42
26 44
26 50
26 51
26 52
26 54
26 56
26 57
26 61
26 62
26 63
26 64
26 68
26 69
26 77
26 78
26 81
26 82
26 85
26 88
26 89
26 93
26 94
26 97
26 98
27 28
27 31
27 35
27 39
27 40
27 42
27 50
27 51
27 52
27 55
27 60
27 63
27 64
27 65
27 67
27 70
27 74
27 79
27 81
27 82
27 85
27 88
27 97
28 29
28 30
28 32
28 35
28 57
28 58
28 62
28 64
28 65
28 68
28 69
28 71
28 73
28 74
28 75
28 79
28 80
28 82
28 87
28 89
28 92
28 95
28 98
28 99
29 33
29 35
29 37
29 39
29 41
29 45
29 47
29 50
29 51
29 52
29 53
29 55
29 60
29 62
29 67
29 68
29 72
29 78
29 81
29 82
29 84
29 86
29 87
29 88
29 92
29 95
29 97
30 32
30 36
30 40
30 44
30 47
30 50
30 56
30 58
30 60
30 62
30 65
30 66
30 67
30 73
30 76
30 78
30 80
30 81
30 83
30 87
30 88
30 93
30 94
30 98
30 99
31 32
31 39
31 41
31 43
31 48
31 49
31 50
31 51
31 54
31 62
31 64
31 66
31 67
31 69
31 70
31 74
31 75
31 78
31 79
31 81
31 85
31 89
31 94
31 98
31 99
32 34
32 37
32 42
32 43
32 44
32 45
32 47
32 48
32 51
32 55
32 57
32 58
32 60
32 62
32 65
32 67
32 71
32 79
32 84
32 88
32 91
32 94
32 96
32 97
32 99
33 34
33 35
33 36
33 40
33 41
33 45
33 46
33 47
33 49
33 50
33 52
33 54
33 59
33 62
33 66
33 67
33 68
33 70
33 71
33 72
33 74
33 76
33 80
33 81
33 85
33 87
33 88
33 90
33 92
33 94
33 95
33 96
34 36
34 38
34 40
34 42
34 43
34 45
34 46
34 48
34 49
34 52
34 60
34 63
34 64
34 65
34 66
34 68
34 69
34 71
34 73
34 77
34 79
34 80
34 84
34 85
34 91
34 92
34 95
34 96
35 37
35 38
35 43
35 46
35 48
35 49
35 52
35 53
35 57
35 58
35 60
35 63
35 64
35 68
35 70
35 76
35 77
35 78
35 79
35 81
35 86
35 87
35 91
35 96
35 98
35 99
36 37
36 38
36 39
36 42
36 51
36 52
36 54
36 57
36 58
36 66
36 67
36 68
36 69
36 70
36 72
36 73
36 75
36 77
36 79
36 80
36 82
36 83
36 84
36 87
36 88
36 89
36 93
36 95
37 38
37 39
37 41
37 42
37 45
37 49
37 51
37 53
37 58
37 59
37 67
37 68
37 77
37 78
37 79
37 80
37 82
37 86
37 87
37 90
37 94
37 95
37 98
38 40
38 41
38 42
38 43
38 44
38 46
38 47
38 48
38 49
38 54
38 56
38 58
38 61
38 62
38 63
38 64
38 65
38 66
38 69
38 70
38 76
38 83
38 85
38 86
38 87
38 89
38 97
38 99
39 41
39 42
39 44
39 48
39 49
39 52
39 54
39 59
39 63
39 68
39 69
39 75
39 76
39 81
39 83
39 87
39 89
39 94
39 95
40 41
40 45
40 46
40 52
40 55
40 58
40 59
40 64
40 65
40 66
40 67
40 68
40 69
40 71
40 73
40 75
40 76
40 78
40 80
40 83
40 84
40 85
40 86
40 89
40 90
40 91
40 92
40 93
40 94
40 96
40 97
40 98
40 99
41 43
41 45
41 47
41 49
41 51
41 53
41 54
41 55
41 57
41 58
41 61
41 65
41 71
41 72
41 73
41 74
41 75
41 76
41 77
41 78
41 80
41 82
41 84
41 86
41 88
41 91
41 93
41 94
41 98
42 43
42 45
42 46
42 49
42 50
42 53
42 55
42 56
42 60
42 61
42 62
42 63
42 64
42 65
42 68
42 77
42 79
42 82
42 84
42 85
42 88
42 89
42 90
42 94
42 95
42 97
42 98
42 99
43 44
43 46
43 52
43 53
43 57
43 62
43 63
43 65
43 72
43 76
43 78
43 82
43 83
43 84
43 86
43 89
43 95
43 98
44 45
44 50
44 53
44 55
44 56
44 58
44 59
44 62
44 63
44 74
44 75
44 78
44 80
44 84
44 86
44 89
44 90
44 92
44 94
44 95
44 98
45 55
45 56
45 57
45 59
45 60
45 64
45 68
45 70
45 71
45 74
45 75
45 78
45 80
45 81
45 83
45 87
45 90
45 93
45 94
45 95
45 96
45 98
46 51
46 56
46 57
46 61
46 65
46 66
46 70
46 72
46 79
46 80
46 82
46 83
46 86
46 88
46 90
46 91
46 95
47 48
47 49
47 51
47 53
47 56
47 57
47 62
47 70
47 71
47 72
47 74
47 76
47 77
47 78
47 79
47 82
47 92
47 93
47 96
48 50
48 51
48 52
48 53
48 60
48 61
48 64
48 66
48 70
48 73
48 76
48 84
48 87
48 88
48 90
48 93
48 94
48 95
48 98
49 52
49 58
49 59
49 61
49 63
49 70
49 72
49 73
49 75
49 78
49 82
49 84
49 89
49 91
49 94
49 97
49 99
50 51
50 55
50 58
50 59
50 61
50 64
50 65
50 69
50 72
50 73
50 76
50 77
50 78
50 80
50 84
50 88
50 90
50 93
50 94
50 95
50 97
51 52
51 55
51 56
51 59
51 60
51 61
51 62
51 66
51 69
51 72
51 81
51 82
51 83
51 84
51 87
51 89
51 90
51 91
51 97
51 98
52 60
52 66
52 67
52 72
52 77
52 78
52 79
52 83
52 86
52 95
52 96
52 97
52 98
52 99
53 55
53 57
53 58
53 59
53 60
53 63
53 66
53 67
53 71
53 77
53 78
53 81
53 89
53 90
53 96
53 97
53 98
53 99
54 56
54 57
54 58
54 64
54 69
54 70
54 71
54 74
54 76
54 80
54 85
54 86
54 91
54 95
54 96
54 99
55 60
55 64
55 67
55 70
55 71
55 77
55 79
55 80
55 81
55 83
55 84
55 85
55 89
55 94
55 95
55 96
56 61
56 62
56 70
56 73
56 75
56 78
56 82
56 83
56 86
56 88
56 90
56 93
56 94
56 96
56 97
57 59
57 60
57 62
57 66
57 67
57 68
57 69
57 72
57 79
57 82
57 84
57 86
57 88
57 89
57 94
57 95
57 98
58 61
58 64
58 66
58 71
58 72
58 73
58 75
58 76
58 77
58 80
58 82
58 84
58 87
58 88
58 89
58 92
58 96
58 97
58 98
58 99
59 62
59 63
59 64
59 65
59 66
59 68
59 69
59 71
59 73
59 75
59 78
59 79
59 81
59 82
59 83
59 84
59 86
59 87
59 88
59 92
59 93
59 94
59 98
59 99
60 63
60 66
60 67
60 68
60 69
60 71
60 74
60 81
60 83
60 84
60 85
60 88
60 90
60 91
60 94
60 97
61 62
61 64
61 68
61 70
61 75
61 77
61 84
61 88
61 90
61 91
61 94
61 95
61 96
61 98
61 99
62 65
62 66
62 67
62 69
62 70
62 76
62 80
62 85
62 88
62 89
62 90
62 94
62 98
63 65
63 67
63 69
63 71
63 72
63 74
63 75
63 77
63 80
63 83
63 85
63 86
63 88
63 91
63 94
63 95
64 68
64 74
64 78
64 79
64 84
64 85
64 95
65 67
65 71
65 75
65 84
65 87
65 88
65 91
65 92
65 94
65 95
65 99
66 67
66 69
66 73
66 75
66 80
66 81
66 83
66 85
66 86
66 87
66 89
66 92
66 96
66 97
66 99
67 68
67 71
67 74
67 79
67 81
67 83
67 86
67 89
67 91
67 92
67 93
67 94
67 96
67 99
68 69
68 72
68 75
68 77
68 81
68 84
68 85
68 86
68 88
68 94
69 70
69 74
69 75
69 77
69 80
69 82
69 85
69 88
69 89
69 90
69 93
69 96
70 77
70 79
70 81
70 82
70 83
70 84
70 86
70 89
70 94
70 95
70 96
71 74
71 75
71 76
71 77
71 81
71 83
71 84
71 86
71 87
71 89
71 91
71 93
71 94
72 74
72 79
72 82
72 85
72 86
72 87
72 89
72 91
73 76
73 77
73 79
73 80
73 81
73 83
73 84
73 85
73 86
73 89
73 90
73 95
73 96
74 78
74 79
74 83
74 84
74 86
74 89
74 90
74 91
74 93
74 99
75 77
75 78
75 79
75 80
75 82
75 93
75 96
75 98
75 99
76 78
76 79
76 80
76 81
76 84
76 87
76 89
76 90
76 92
76 98
77 84
77 86
77 88
77 89
77 90
77 91
77 92
77 93
77 94
77 99
78 79
78 80
78 84
78 86
78 87
78 90
78 93
78 95
78 99
79 81
79 82
79 83
79 85
79 86
79 90
79 92
79 93
79 98
79 99
80 84
80 85
80 91
80 93
80 95
80 96
80 97
80 98
81 82
81 85
81 87
81 88
81 92
81 97
81 98
82 85
82 87
82 88
82 89
82 93
82 94
82 99
83 84
83 90
83 91
83 92
83 93
83 94
83 95
84 90
84 91
84 94
85 87
85 89
85 90
85 91
85 93
85 94
85 98
85 99
86 92
86 93
86 94
87 88
87 90
87 91
87 94
87 95
87 97
87 98
87 99
88 89
88 90
88 96
89 92
89 94
90 94
90 95
90 96
90 99
91 92
91 93
92 93
92 95
93 94
93 97
94 96
94 98
95 98
95 99
96 98
96 99
97 98
97 99
98 99
