0 2
0 10
0 11
0 19
0 20
0 23
0 26
0 30
0 37
0 38
0 39
0 42
0 51
0 58
0 61
0 69
0 71
0 74
0 75
0 76
0 77
0 80
0 85
0 86
0 92
0 95
0 96
0 98
1 6
1 8
1 9
1 14
1 17
1 21
1 24
1 25
1 27
1 28
1 29
1 30
1 38
1 48
1 49
1 52
1 59
1 63
1 64
1 65
1 66
1 67
1 72
1 79
1 80
1 83
1 86
1 87
1 95
2 6
2 10
2 15
2 20
2 23
2 28
2 36
2 44
2 47
2 54
2 55
2 56
2 58
2 60
2 63
2 64
2 65
2 67
2 72
2 73
2 78
2 81
2 84
2 85
2 88
2 91
2 95
2 96
3 5
3 6
3 7
3 8
3 9
3 10
3 12
3 15
3 16
3 19
3 22
3 23
3 26
3 30
3 35
3 36
3 39
3 40
3 44
3 46
3 50
3 52
3 59
3 66
3 71
3 83
3 86
3 96
4 5
4 6
4 7
4 10
4 13
4 14
4 17
4 19
4 22
4 28
4 29
4 38
4 44
4 45
4 55
4 57
4 69
4 79
4 80
4 81
4 84
4 86
4 88
4 89
5 9
5 14
5 17
5 23
5 24
5 29
5 32
5 34
5 35
5 42
5 46
5 50
5 54
5 56
5 58
5 63
5 73
5 75
5 76
5 77
5 79
5 80
5 82
5 84
5 86
5 87
5 88
5 93
5 94
6 11
6 12
6 13
6 17
6 18
6 22
6 23
6 27
6 29
6 32
6 33
6 35
6 36
6 37
6 43
6 48
6 49
6 52
6 53
6 57
6 64
6 68
6 71
6 72
6 79
6 88
6 90
6 92
7 12
7 18
7 23
7 25
7 27
7 42
7 44
7 47
7 49
7 51
7 55
7 57
7 59
7 60
7 61
7 62
7 63
7 64
7 71
7 73
7 79
7 84
7 85
7 87
7 88
7 90
7 93
7 94
7 96
8 11
8 12
8 13
8 16
8 18
8 20
8 23
8 26
8 27
8 33
8 36
8 38
8 43
8 55
8 61
8 62
8 68
8 70
8 80
8 86
8 87
8 89
8 91
8 92
8 95
8 99
9 20
9 22
9 25
9 27
9 33
9 34
9 35
9 37
9 48
9 50
9 54
9 57
9 60
9 64
9 65
9 70
9 73
9 76
9 77
9 79
9 80
9 82
9 83
9 84
9 88
9 96
10 23
10 24
10 34
10 35
10 36
10 39
10 48
10 49
10 52
10 53
10 54
10 55
10 56
10 58
10 60
10 70
10 71
10 74
10 75
10 77
10 78
10 80
10 83
10 85
10 87
10 88
10 89
10 91
10 92
10 97
11 12
11 15
11 17
11 19
11 24
11 28
11 31
11 35
11 36
11 37
11 40
11 43
11 44
11 46
11 54
11 57
11 59
11 60
11 61
11 63
11 65
11 73
11 76
11 77
11 78
11 80
11 85
11 87
11 93
11 94
11 95
11 99
12 15
12 23
12 27
12 29
12 31
12 36
12 38
12 44
12 45
12 58
12 59
12 62
12 65
12 69
12 73
12 74
12 75
12 76
12 77
12 82
12 84
12 86
12 87
12 90
12 93
12 95
12 96
12 99
13 17
13 19
13 21
13 29
13 35
13 41
13 49
13 51
13 56
13 64
13 65
13 72
13 74
13 75
13 79
13 88
13 90
13 91
13 93
14 18
14 20
14 21
14 27
14 32
14 37
14 38
14 49
14 50
14 53
14 54
14 60
14 68
14 72
14 77
14 80
14 83
14 85
14 87
14 91
14 98
14 99
15 18
15 22
15 24
15 25
15 29
15 31
15 35
15 39
15 42
15 43
15 52
15 54
15 55
15 57
15 64
15 66
15 67
15 70
15 74
15 75
15 82
15 84
15 86
15 87
15 89
15 91
15 92
15 94
16 22
16 23
16 26
16 28
16 31
16 36
16 39
16 45
16 50
16 51
16 54
16 55
16 58
16 63
16 68
16 69
16 70
16 72
16 76
16 84
16 87
16 88
16 91
16 94
16 96
17 23
17 24
17 26
17 28
17 29
17 31
17 32
17 33
17 34
17 36
17 37
17 38
17 40
17 44
17 56
17 63
17 64
17 65
17 67
17 68
17 71
17 80
17 84
17 94
17 95
17 96
17 97
18 22
18 25
18 27
18 28
18 29
18 30
18 31
18 32
18 33
18 40
18 46
18 50
18 54
18 55
18 59
18 63
18 65
18 71
18 72
18 73
18 77
18 80
18 81
18 82
18 84
18 87
18 88
18 98
19 20
19 21
19 22
19 29
19 30
19 36
19 37
19 38
19 40
19 42
19 44
19 45
19 49
19 51
19 54
19 56
19 61
19 62
19 63
19 66
19 67
19 72
19 73
19 74
19 75
19 81
19 83
19 84
19 87
19 92
19 96
20 21
20 22
20 23
20 29
20 31
20 38
20 41
20 43
20 50
20 52
20 54
20 57
20 58
20 60
20 69
20 72
20 73
20 75
20 76
20 78
20 90
21 23
21 25
21 36
21 49
21 50
21 51
21 63
21 64
21 65
21 69
21 72
21 75
21 80
21 81
21 82
21 87
21 97
22 23
22 28
22 30
22 32
22 34
22 39
22 40
22 43
22 45
22 49
22 54
22 56
22 61
22 69
22 75
22 82
22 87
22 92
22 93
22 96
23 24
23 32
23 40
23 42
23 47
23 57
23 58
23 62
23 63
23 72
23 74
23 83
23 85
23 95
24 28
24 29
24 39
24 40
24 43
24 46
24 50
24 51
24 54
24 55
24 61
24 62
24 70
24 81
24 87
24 90
25 27
25 28
25 29
25 35
25 43
25 46
25 49
25 59
25 71
25 73
25 75
25 77
25 78
25 79
25 82
25 83
25 84
25 86
25 90
25 91
26 27
26 28
26 33
26 39
26 47
26 52
26 54
26 64
26 66
26 68
26 74
26 79
26 83
26 85
26 91
26 95
26 96
27 30
27 32
27 36
27 48
27 49
27 50
27 57
27 72
27 74
27 75
27 77
27 78
27 82
27 84
27 85
27 87
27 92
27 94
27 96
27 98
28 36
28 38
28 42
28 44
28 57
28 60
28 64
28 72
28 76
28 79
28 88
28 91
28 95
28 97
28 98
29 30
29 32
29 33
29 37
29 39
29 40
29 46
29 47
29 48
29 49
29 51
29 53
29 55
29 57
29 58
29 64
29 75
29 78
29 79
29 83
29 84
29 91
29 98
29 99
30 31
30 32
30 33
30 36
30 37
30 38
30 40
30 44
30 45
30 49
30 54
30 57
30 59
30 61
30 62
30 64
30 68
30 70
30 73
30 74
30 80
30 81
30 86
30 93
30 98
30 99
31 33
31 34
31 35
31 39
31 46
31 47
31 57
31 58
31 59
31 62
31 65
31 71
31 81
31 82
31 86
31 89
31 91
31 93
31 94
31 97
31 98
32 38
32 42
32 43
32 44
32 45
32 46
32 54
32 56
32 59
32 60
32 64
32 65
32 69
32 70
32 74
32 78
32 80
32 82
32 87
32 95
32 97
32 98
33 37
33 38
33 43
33 50
33 56
33 59
33 61
33 62
33 65
33 75
33 76
33 77
33 80
33 82
33 83
33 87
33 93
33 94
33 98
34 35
34 36
34 38
34 39
34 40
34 42
34 49
34 53
34 55
34 56
34 60
34 63
34 65
34 69
34 72
34 80
34 89
34 99
35 39
35 40
35 45
35 46
35 51
35 56
35 57
35 67
35 69
35 71
35 72
35 79
35 80
35 83
35 86
35 87
35 89
35 91
35 93
35 98
35 99
36 37
36 41
36 43
36 49
36 52
36 59
36 62
36 63
36 64
36 65
36 70
36 72
36 73
36 75
36 76
36 83
36 85
36 86
36 87
36 90
36 91
36 92
36 94
36 95
36 96
36 97
37 38
37 40
37 42
37 45
37 47
37 49
37 51
37 52
37 54
37 55
37 56
37 60
37 63
37 68
37 75
37 78
37 79
37 86
37 87
37 90
37 92
37 94
37 95
37 96
38 39
38 40
38 44
38 46
38 49
38 50
38 51
38 57
38 58
38 61
38 64
38 65
38 68
38 71
38 78
38 79
38 86
38 88
38 90
38 96
38 98
39 41
39 43
39 46
39 48
39 50
39 57
39 59
39 65
39 67
39 69
39 71
39 72
39 77
39 78
39 85
39 95
39 96
39 98
40 42
40 45
40 46
40 49
40 50
40 52
40 55
40 57
40 61
40 65
40 66
40 68
40 76
40 78
40 80
40 81
40 86
40 91
40 93
40 95
40 96
40 97
41 45
41 47
41 51
41 53
41 58
41 64
41 68
41 70
41 73
41 74
41 75
41 82
41 94
41 96
41 99
42 44
42 50
42 52
42 57
42 59
42 62
42 66
42 67
42 68
42 69
42 71
42 74
42 77
42 81
42 87
42 93
43 44
43 47
43 49
43 56
43 60
43 61
43 64
43 66
43 68
43 69
43 70
43 74
43 75
43 83
43 90
43 92
43 93
43 97
43 99
44 46
44 50
44 51
44 52
44 53
44 60
44 62
44 63
44 64
44 70
44 76
44 77
44 79
44 80
44 82
44 85
44 88
44 89
45 50
45 57
45 60
45 62
45 63
45 64
45 66
45 69
45 75
45 77
45 79
45 81
45 82
45 84
45 89
45 90
45 97
45 98
46 47
46 48
46 51
46 53
46 54
46 55
46 61
46 63
46 64
46 67
46 68
46 69
46 73
46 74
46 79
46 82
46 84
46 85
46 91
46 93
46 95
47 51
47 57
47 59
47 60
47 62
47 63
47 64
47 71
47 76
47 77
47 84
47 86
47 89
47 98
48 49
48 60
48 62
48 63
48 67
48 68
48 71
48 74
48 80
48 82
48 83
48 85
48 92
48 93
48 97
49 53
49 56
49 59
49 61
49 69
49 74
49 76
49 79
49 80
49 89
49 99
50 55
50 56
50 57
50 59
50 66
50 68
50 69
50 75
50 76
50 78
50 81
50 82
50 83
50 85
50 86
50 88
50 99
51 53
51 58
51 59
51 61
51 62
51 64
51 65
51 66
51 74
51 80
51 83
51 86
51 87
51 90
51 92
51 93
51 96
51 97
52 57
52 61
52 66
52 67
52 71
52 75
52 77
52 78
52 79
52 80
52 92
52 93
53 60
53 67
53 69
53 80
53 81
53 89
53 92
53 99
54 56
54 67
54 68
54 71
54 72
54 76
54 81
54 82
54 87
54 91
55 63
55 72
55 75
55 83
55 89
55 91
56 57
56 61
56 65
56 66
56 74
56 78
56 79
56 80
56 83
56 84
56 91
56 95
56 96
56 99
57 60
57 62
57 64
57 65
57 66
57 69
57 80
57 81
57 87
57 92
57 93
57 97
57 98
58 62
58 64
58 65
58 66
58 72
58 75
58 78
58 79
58 80
58 84
58 92
58 93
58 94
58 96
58 97
58 98
58 99
59 60
59 62
59 64
59 65
59 67
59 69
59 70
59 75
59 80
59 96
60 62
60 63
60 64
60 72
60 73
60 78
60 90
60 92
60 94
60 97
61 63
61 64
61 66
61 67
61 71
61 75
61 76
61 77
61 79
61 80
61 81
61 92
61 93
61 95
61 97
61 99
62 64
62 66
62 67
62 68
62 74
62 78
62 80
62 82
62 83
62 87
62 88
62 94
62 96
62 98
63 64
63 65
63 66
63 67
63 71
63 73
63 74
63 80
63 83
63 84
63 87
63 89
63 95
63 99
64 65
64 67
64 68
64 77
64 82
64 99
65 66
65 67
65 68
65 69
65 71
65 78
65 83
65 84
65 86
65 92
65 93
65 95
65 98
66 67
66 72
66 76
66 78
66 96
66 98
67 74
67 75
67 77
67 81
67 82
67 83
67 86
67 87
67 89
67 90
67 95
67 99
68 71
68 73
68 82
68 85
68 86
68 89
68 90
68 95
68 96
69 71
69 72
69 73
69 74
69 77
69 80
69 83
69 85
69 87
69 89
69 90
70 71
70 77
70 79
70 80
70 82
70 87
70 88
70 90
70 91
70 94
70 96
70 97
70 99
71 73
71 76
71 81
71 86
71 90
71 92
72 73
72 77
72 81
72 85
72 86
72 87
72 91
72 93
72 95
73 80
73 84
73 90
73 94
73 96
73 98
74 76
74 78
74 85
74 86
74 87
74 95
75 78
75 79
75 83
75 84
75 90
75 91
75 92
75 93
75 94
75 97
75 99
76 77
76 81
76 82
76 84
76 85
76 86
76 90
76 92
76 94
77 78
77 80
77 83
77 88
77 89
77 91
77 92
77 93
77 94
78 91
78 95
78 97
78 98
78 99
79 81
79 82
79 84
79 85
79 86
79 92
79 94
80 89
80 91
80 94
81 86
81 88
81 89
81 91
82 83
82 91
82 92
82 97
82 99
83 88
83 89
83 96
83 97
83 98
84 87
84 89
84 92
84 94
84 96
84 98
85 87
85 90
86 88
86 91
86 97
86 98
87 89
87 94
87 96
87 97
88 90
88 95
89 90
89 95
89 99
90 94
90 95
91 95
92 93
92 94
92 95
92 97
92 99
93 97
93 98
94 95
94 97
94 99
95 97
95 99
96 97
96 98
