0 3
0 7
0 8
0 12
0 13
0 18
0 20
0 21
0 23
0 26
0 41
0 46
0 47
0 51
0 56
0 58
0 62
0 77
0 83
0 86
0 97
1 3
1 5
1 10
1 13
1 14
1 18
1 24
1 25
1 26
1 27
1 31
1 32
1 34
1 37
1 38
1 40
1 42
1 43
1 44
1 45
1 46
1 48
1 60
1 64
1 66
1 72
1 74
1 77
1 78
1 88
1 95
1 97
2 5
2 6
2 12
2 21
2 24
2 25
2 26
2 31
2 33
2 36
2 39
2 42
2 43
2 48
2 55
2 57
2 61
2 63
2 64
2 71
2 75
2 78
2 80
2 81
2 83
2 84
2 88
2 91
2 92
2 94
2 95
2 99
3 4
3 6
3 8
3 11
3 13
3 20
3 21
3 24
3 26
3 30
3 31
3 35
3 37
3 38
3 44
3 46
3 47
3 48
3 52
3 67
3 73
3 76
3 78
3 81
3 82
3 83
3 86
3 87
3 88
3 93
4 5
4 7
4 8
4 17
4 22
4 29
4 30
4 31
4 32
4 34
4 40
4 41
4 42
4 43
4 45
4 52
4 53
4 56
4 59
4 65
4 67
4 70
4 71
4 73
4 76
4 85
4 90
4 93
4 95
5 7
5 8
5 9
5 20
5 24
5 26
5 29
5 32
5 35
5 40
5 41
5 42
5 46
5 52
5 54
5 57
5 63
5 64
5 72
5 73
5 74
5 76
5 77
5 80
5 81
5 88
5 89
5 90
5 93
5 97
6 12
6 13
6 20
6 21
6 22
6 23
6 31
6 33
6 35
6 36
6 39
6 41
6 43
6 49
6 50
6 51
6 53
6 59
6 63
6 65
6 70
6 72
6 74
6 75
6 77
6 81
6 86
6 90
6 92
6 94
6 99
7 17
7 18
7 19
7 22
7 23
7 31
7 35
7 40
7 55
7 56
7 57
7 63
7 66
7 71
7 73
7 74
7 75
7 80
7 84
7 87
7 89
7 90
7 96
8 18
8 21
8 26
8 29
8 31
8 35
8 37
8 39
8 40
8 41
8 42
8 45
8 47
8 50
8 51
8 57
8 60
8 62
8 64
8 67
8 68
8 75
8 76
8 83
8 84
8 85
8 86
8 88
8 89
8 90
8 91
8 94
8 95
8 96
8 97
8 99
9 10
9 11
9 13
9 16
9 18
9 24
9 28
9 29
9 34
9 35
9 40
9 46
9 50
9 51
9 56
9 61
9 62
9 63
9 68
9 69
9 70
9 73
9 74
9 75
9 82
9 85
9 89
9 91
9 92
9 97
9 99
10 16
10 17
10 19
10 20
10 21
10 23
10 25
10 26
10 30
10 32
10 39
10 42
10 46
10 47
10 55
10 56
10 59
10 64
10 66
10 70
10 72
10 75
10 76
10 77
10 81
10 85
10 88
10 91
10 96
10 99
11 12
11 13
11 15
11 16
11 19
11 20
11 21
11 22
11 25
11 28
11 30
11 33
11 34
11 40
11 41
11 48
11 50
11 59
11 64
11 66
11 67
11 73
11 74
11 76
11 84
11 85
11 86
11 87
11 90
11 93
11 94
11 96
11 97
12 14
12 15
12 21
12 25
12 29
12 32
12 36
12 42
12 49
12 55
12 59
12 60
12 61
12 63
12 69
12 73
12 74
12 75
12 77
12 78
12 83
12 84
12 86
12 88
12 89
12 93
12 99
13 14
13 17
13 19
13 20
13 23
13 27
13 30
13 32
13 37
13 40
13 43
13 47
13 49
13 50
13 54
13 56
13 59
13 60
13 68
13 71
13 73
13 75
13 82
13 83
13 89
13 92
13 96
13 99
14 16
14 18
14 19
14 20
14 22
14 23
14 25
14 28
14 32
14 37
14 38
14 47
14 48
14 52
14 53
14 61
14 70
14 73
14 80
14 82
14 91
14 94
14 97
15 17
15 18
15 22
15 23
15 24
15 29
15 32
15 35
15 36
15 39
15 40
15 44
15 46
15 47
15 50
15 51
15 52
15 54
15 57
15 58
15 61
15 65
15 68
15 71
15 76
15 78
15 81
15 89
15 95
15 96
15 97
16 17
16 18
16 24
16 27
16 29
16 35
16 36
16 37
16 41
16 42
16 48
16 49
16 51
16 53
16 54
16 56
16 59
16 60
16 62
16 67
16 68
16 69
16 71
16 72
16 76
16 78
16 95
17 18
17 22
17 29
17 31
17 33
17 40
17 44
17 45
17 49
17 50
17 51
17 55
17 63
17 65
17 66
17 67
17 69
17 79
17 80
17 83
17 91
17 94
17 97
17 98
18 23
18 25
18 32
18 34
18 40
18 42
18 45
18 53
18 61
18 62
18 64
18 68
18 71
18 74
18 79
18 86
18 91
18 96
18 97
19 21
19 30
19 32
19 35
19 36
19 39
19 40
19 55
19 58
19 67
19 68
19 70
19 74
19 75
19 76
19 80
19 81
19 82
19 83
19 84
19 86
19 94
19 98
20 24
20 26
20 31
20 33
20 34
20 36
20 37
20 51
20 53
20 62
20 63
20 66
20 67
20 70
20 73
20 74
20 84
20 87
20 90
21 22
21 24
21 26
21 27
21 29
21 30
21 34
21 44
21 46
21 50
21 51
21 53
21 58
21 60
21 65
21 66
21 68
21 69
21 70
21 71
21 73
21 74
21 76
21 80
21 82
21 97
22 28
22 33
22 36
22 37
22 38
22 39
22 52
22 53
22 55
22 56
22 62
22 67
22 68
22 76
22 85
22 89
22 91
22 93
22 94
22 97
23 27
23 36
23 40
23 43
23 44
23 48
23 50
23 57
23 62
23 65
23 67
23 70
23 76
23 78
23 81
23 85
23 87
23 88
23 89
23 91
23 94
23 98
24 26
24 27
24 28
24 31
24 34
24 37
24 42
24 44
24 46
24 49
24 51
24 57
24 59
24 60
24 62
24 63
24 65
24 72
24 80
24 81
24 87
24 91
24 92
24 98
25 26
25 31
25 32
25 36
25 42
25 43
25 47
25 49
25 50
25 59
25 64
25 72
25 73
25 77
25 81
25 88
25 94
26 29
26 34
26 35
26 38
26 45
26 46
26 47
26 51
26 55
26 65
26 69
26 75
26 76
26 78
26 85
26 89
26 91
26 96
26 97
27 29
27 31
27 34
27 36
27 38
27 43
27 44
27 46
27 51
27 52
27 62
27 68
27 72
27 75
27 76
27 79
27 80
27 86
27 87
27 91
27 92
27 95
27 96
27 97
27 99
28 29
28 31
28 32
28 37
28 38
28 39
28 41
28 43
28 46
28 50
28 56
28 60
28 62
28 68
28 72
28 76
28 81
28 84
28 87
28 90
28 94
28 97
28 99
29 31
29 34
29 41
29 42
29 44
29 61
29 65
29 66
29 68
29 80
29 81
29 82
29 92
29 97
29 98
29 99
30 34
30 36
30 39
30 47
30 58
30 61
30 64
30 73
30 74
30 77
30 80
30 81
30 84
30 91
30 97
31 34
31 36
31 41
31 43
31 45
31 46
31 47
31 48
31 53
31 56
31 59
31 61
31 66
31 68
31 72
31 74
31 78
31 86
31 89
31 91
31 94
31 97
31 98
32 33
32 34
32 40
32 42
32 45
32 53
32 54
32 60
32 73
32 75
32 77
32 82
32 84
32 86
32 88
32 97
33 34
33 35
33 36
33 38
33 39
33 43
33 44
33 48
33 55
33 56
33 60
33 64
33 71
33 82
33 83
33 84
33 92
33 98
34 38
34 44
34 49
34 60
34 67
34 72
34 75
34 78
34 81
34 86
34 89
34 93
34 97
34 99
35 38
35 40
35 42
35 44
35 49
35 50
35 53
35 56
35 59
35 62
35 65
35 71
35 80
35 82
35 84
35 88
35 91
35 94
36 39
36 41
36 44
36 48
36 49
36 53
36 55
36 59
36 64
36 65
36 68
36 70
36 71
36 72
36 73
36 74
36 79
36 88
36 89
36 90
36 92
36 97
37 38
37 41
37 43
37 45
37 47
37 51
37 52
37 53
37 54
37 56
37 58
37 61
37 62
37 64
37 70
37 72
37 73
37 74
37 82
37 87
37 88
37 90
37 95
38 41
38 46
38 48
38 53
38 54
38 57
38 59
38 60
38 64
38 67
38 68
38 69
38 71
38 74
38 75
38 77
38 79
38 81
38 84
38 86
38 88
38 90
38 91
38 99
39 42
39 47
39 48
39 50
39 53
39 56
39 66
39 70
39 72
39 73
39 74
39 76
39 82
39 90
39 92
39 94
40 41
40 58
40 64
40 65
40 71
40 73
40 76
40 78
40 80
40 85
40 89
40 92
40 98
41 43
41 45
41 46
41 50
41 55
41 60
41 62
41 63
41 65
41 72
41 76
41 83
41 88
41 89
41 92
41 94
41 95
41 98
42 43
42 47
42 52
42 53
42 56
42 59
42 60
42 61
42 63
42 67
42 68
42 73
42 78
42 79
42 81
42 86
42 87
42 89
42 91
42 93
42 96
43 47
43 56
43 59
43 60
43 71
43 73
43 78
43 79
43 81
43 85
43 86
43 87
43 90
43 91
43 97
43 99
44 46
44 49
44 54
44 56
44 57
44 59
44 63
44 64
44 72
44 76
44 78
44 80
44 82
44 84
44 88
44 89
44 92
44 99
45 46
45 47
45 48
45 55
45 63
45 71
45 86
45 89
45 91
45 92
45 93
45 95
45 96
45 97
46 47
46 49
46 56
46 58
46 60
46 61
46 63
46 68
46 77
46 81
46 84
46 88
46 92
46 95
47 49
47 52
47 56
47 58
47 59
47 61
47 62
47 70
47 72
47 73
47 75
47 82
47 89
47 91
47 94
47 97
47 99
48 49
48 50
48 55
48 57
48 61
48 65
48 66
48 67
48 73
48 74
48 86
48 88
48 94
48 95
48 99
49 50
49 53
49 62
49 63
49 67
49 70
49 71
49 76
49 82
49 84
49 87
49 88
49 91
49 92
49 94
49 95
49 97
50 51
50 52
50 53
50 57
50 60
50 66
50 77
50 78
50 82
50 86
50 96
51 52
51 55
51 56
51 60
51 61
51 63
51 64
51 65
51 69
51 71
51 75
51 76
51 78
51 84
51 91
51 93
51 94
52 54
52 55
52 56
52 57
52 61
52 63
52 64
52 67
52 68
52 69
52 71
52 74
52 78
52 81
52 85
52 88
52 99
53 55
53 56
53 60
53 65
53 69
53 72
53 73
53 79
53 85
53 86
53 94
53 97
54 60
54 67
54 68
54 70
54 71
54 73
54 75
54 76
54 77
54 78
54 81
54 83
54 84
54 90
54 91
54 95
54 99
55 58
55 64
55 66
55 67
55 68
55 72
55 73
55 76
55 82
55 89
55 93
55 97
55 98
56 57
56 60
56 65
56 67
56 69
56 70
56 80
56 82
56 85
56 86
56 88
56 95
56 98
57 62
57 65
57 76
57 86
57 91
57 93
57 94
57 96
58 60
58 63
58 66
58 71
58 76
58 78
58 79
58 87
58 91
58 92
58 96
58 99
59 61
59 62
59 64
59 70
59 71
59 72
59 78
59 79
59 84
59 86
59 88
59 93
59 96
60 62
60 69
60 71
60 72
60 73
60 78
60 80
60 81
60 83
60 86
60 90
60 91
60 92
60 94
60 96
60 97
60 99
61 64
61 65
61 68
61 69
61 70
61 71
61 72
61 74
61 78
61 85
61 94
61 97
62 65
62 66
62 70
62 74
62 75
62 76
62 78
62 79
62 80
62 83
62 86
62 89
62 92
62 93
62 95
62 97
63 66
63 68
63 71
63 72
63 76
63 87
63 89
63 94
63 95
63 97
63 98
64 66
64 67
64 68
64 70
64 71
64 73
64 75
64 77
64 79
64 82
64 84
64 87
64 90
64 94
64 95
65 66
65 75
65 76
65 80
65 82
65 86
65 92
65 95
66 68
66 71
66 72
66 75
66 77
66 80
66 82
66 92
66 94
66 96
66 97
66 98
67 70
67 72
67 77
67 78
67 79
67 80
67 83
67 86
67 88
67 89
67 90
67 92
67 97
68 74
68 75
68 76
68 80
68 85
68 90
68 92
68 95
68 96
69 76
69 77
69 79
69 82
69 83
69 90
69 92
69 93
69 95
69 97
69 98
70 79
70 80
70 83
70 84
70 85
70 86
70 87
70 90
70 93
70 96
70 97
71 73
71 78
71 79
71 92
71 94
71 95
72 73
72 74
72 77
72 79
72 81
72 82
72 83
72 91
72 93
73 76
73 78
73 80
73 91
73 92
73 93
73 97
73 98
73 99
74 75
74 78
74 80
74 87
74 94
75 77
75 81
75 89
75 90
75 92
75 93
75 94
75 95
75 96
76 79
76 80
76 81
76 85
76 86
76 91
76 94
76 97
76 98
76 99
77 78
77 79
77 83
77 85
77 87
77 89
77 91
77 94
77 96
77 97
77 98
77 99
78 80
78 87
78 89
78 92
78 93
78 94
79 84
79 86
79 88
79 90
79 92
79 96
80 86
80 87
80 88
80 89
80 90
80 91
80 92
80 98
80 99
81 86
81 90
81 92
81 93
81 95
81 97
82 83
82 84
82 86
82 87
82 88
82 92
82 93
82 94
82 97
82 98
83 85
83 87
83 88
83 94
83 96
83 98
84 85
84 87
84 89
84 92
85 86
85 89
85 96
86 87
86 89
86 91
86 93
86 95
86 99
87 89
87 97
87 99
88 89
89 90
89 93
89 94
89 99
90 96
91 92
91 93
91 95
91 98
92 93
92 96
93 94
93 96
93 97
94 98
94 99
96 99
97 99
