0 1
0 3
0 4
0 5
0 9
0 11
0 12
0 20
0 21
0 22
0 27
0 30
0 31
0 32
0 33
0 34
0 35
0 37
0 38
0 39
0 40
0 41
0 46
0 51
0 52
0 56
0 58
0 65
0 67
0 71
0 72
0 79
0 82
0 85
0 86
0 89
0 91
0 92
0 96
0 98
1 4
1 10
1 15
1 20
1 23
1 24
1 25
1 26
1 29
1 30
1 37
1 38
1 39
1 42
1 45
1 50
1 54
1 57
1 58
1 59
1 61
1 64
1 70
1 72
1 73
1 75
1 76
1 78
1 79
1 80
1 81
1 83
1 84
1 85
1 88
1 89
1 92
1 94
1 96
1 97
1 99
2 3
2 4
2 9
2 10
2 13
2 15
2 17
2 18
2 21
2 25
2 26
2 28
2 34
2 37
2 42
2 43
2 47
2 48
2 49
2 50
2 53
2 55
2 57
2 58
2 59
2 61
2 62
2 63
2 64
2 68
2 70
2 71
2 72
2 73
2 74
2 75
2 76
2 78
2 87
2 88
2 91
2 97
2 98
3 4
3 5
3 6
3 17
3 18
3 19
3 20
3 22
3 23
3 25
3 29
3 31
3 36
3 37
3 38
3 42
3 44
3 50
3 52
3 53
3 55
3 63
3 66
3 68
3 70
3 71
3 72
3 75
3 78
3 80
3 83
3 87
3 90
3 92
3 95
3 96
3 97
4 7
4 8
4 9
4 12
4 15
4 17
4 19
4 20
4 22
4 25
4 26
4 31
4 32
4 36
4 44
4 46
4 48
4 49
4 50
4 54
4 58
4 60
4 65
4 75
4 77
4 79
4 80
4 81
4 83
4 89
4 93
4 95
4 99
5 10
5 11
5 12
5 20
5 22
5 23
5 24
5 25
5 27
5 29
5 31
5 32
5 33
5 34
5 35
5 38
5 39
5 41
5 42
5 45
5 46
5 48
5 52
5 53
5 57
5 58
5 60
5 64
5 66
5 68
5 74
5 79
5 83
5 84
5 87
5 89
5 90
5 91
5 94
5 95
6 7
6 13
6 15
6 16
6 17
6 18
6 19
6 23
6 25
6 28
6 30
6 31
6 32
6 36
6 38
6 39
6 40
6 43
6 44
6 48
6 51
6 54
6 55
6 58
6 59
6 67
6 71
6 72
6 73
6 76
6 78
6 79
6 80
6 84
6 85
6 88
6 90
6 92
6 93
6 95
6 96
6 98
6 99
7 10
7 11
7 13
7 14
7 15
7 16
7 19
7 21
7 22
7 24
7 25
7 29
7 30
7 42
7 50
7 51
7 52
7 53
7 54
7 57
7 60
7 66
7 71
7 72
7 73
7 77
7 78
7 80
7 82
7 89
7 92
7 95
7 96
7 99
8 9
8 13
8 14
8 16
8 19
8 20
8 21
8 23
8 28
8 29
8 31
8 32
8 33
8 34
8 36
8 41
8 42
8 45
8 46
8 49
8 50
8 56
8 58
8 59
8 61
8 64
8 66
8 67
8 68
8 77
8 83
8 84
8 90
8 95
8 96
8 98
9 10
9 11
9 12
9 15
9 22
9 25
9 27
9 29
9 32
9 38
9 39
9 49
9 51
9 55
9 56
9 58
9 63
9 65
9 66
9 68
9 72
9 74
9 75
9 82
9 83
9 86
9 88
9 89
9 90
9 91
9 92
9 94
9 95
9 96
9 98
10 12
10 13
10 20
10 33
10 38
10 39
10 41
10 43
10 44
10 45
10 47
10 48
10 49
10 50
10 53
10 54
10 55
10 57
10 58
10 62
10 63
10 64
10 65
10 68
10 78
10 79
10 81
10 83
10 86
10 87
10 89
10 92
10 96
10 98
11 12
11 14
11 15
11 17
11 19
11 22
11 27
11 28
11 29
11 33
11 34
11 39
11 41
11 42
11 43
11 44
11 45
11 47
11 50
11 55
11 56
11 57
11 58
11 64
11 65
11 67
11 69
11 74
11 75
11 76
11 77
11 78
11 81
11 82
11 85
11 87
11 93
11 94
11 95
11 96
11 97
11 99
12 14
12 21
12 24
12 26
12 27
12 29
12 31
12 32
12 35
12 36
12 38
12 40
12 42
12 45
12 51
12 52
12 54
12 55
12 56
12 59
12 60
12 64
12 65
12 69
12 72
12 79
12 80
12 82
12 83
12 88
12 89
12 90
12 94
12 95
12 97
12 98
12 99
13 17
13 18
13 19
13 22
13 26
13 38
13 40
13 41
13 42
13 44
13 46
13 49
13 50
13 51
13 52
13 57
13 61
13 64
13 67
13 68
13 71
13 72
13 74
13 75
13 76
13 77
13 79
13 80
13 82
13 84
13 90
13 94
14 16
14 18
14 19
14 24
14 27
14 30
14 32
14 34
14 35
14 36
14 38
14 39
14 40
14 41
14 42
14 47
14 48
14 49
14 52
14 54
14 59
14 64
14 66
14 67
14 70
14 77
14 78
14 82
14 87
14 90
14 92
14 97
14 98
14 99
15 18
15 20
15 23
15 24
15 29
15 35
15 38
15 39
15 40
15 44
15 47
15 48
15 50
15 51
15 52
15 53
15 57
15 59
15 63
15 66
15 67
15 72
15 73
15 74
15 76
15 78
15 81
15 83
15 84
15 87
15 93
15 94
15 99
16 22
16 24
16 28
16 29
16 32
16 33
16 36
16 38
16 40
16 41
16 42
16 43
16 47
16 56
16 67
16 68
16 71
16 72
16 77
16 81
16 82
16 83
16 84
16 86
16 90
16 91
16 93
16 94
16 95
16 96
16 97
16 98
16 99
17 18
17 20
17 23
17 25
17 33
17 34
17 37
17 40
17 42
17 49
17 50
17 53
17 54
17 55
17 57
17 58
17 60
17 61
17 62
17 66
17 73
17 74
17 75
17 77
17 78
17 79
17 80
17 81
17 82
17 85
17 86
17 94
17 97
17 98
18 19
18 20
18 23
18 25
18 29
18 30
18 31
18 32
18 34
18 35
18 36
18 37
18 41
18 46
18 47
18 48
18 49
18 52
18 53
18 63
18 64
18 70
18 73
18 75
18 76
18 78
18 81
18 83
18 89
18 90
18 94
18 96
18 97
18 99
19 21
19 26
19 28
19 33
19 34
19 35
19 36
19 38
19 41
19 42
19 43
19 46
19 47
19 48
19 49
19 50
19 55
19 56
19 57
19 58
19 60
19 61
19 63
19 64
19 65
19 70
19 71
19 72
19 73
19 77
19 80
19 81
19 85
19 86
19 87
19 88
19 89
19 92
19 93
19 94
19 97
20 21
20 23
20 24
20 25
20 26
20 32
20 33
20 34
20 35
20 38
20 39
20 41
20 47
20 50
20 52
20 53
20 54
20 55
20 56
20 58
20 60
20 61
20 63
20 66
20 70
20 71
20 74
20 77
20 79
20 82
20 86
20 87
20 88
20 89
20 92
20 97
21 22
21 25
21 33
21 36
21 40
21 42
21 45
21 55
21 57
21 59
21 62
21 63
21 64
21 67
21 72
21 73
21 76
21 78
21 79
21 80
21 83
21 84
21 85
21 89
21 93
21 99
22 24
22 29
22 30
22 36
22 37
22 44
22 45
22 47
22 48
22 50
22 52
22 53
22 54
22 60
22 63
22 65
22 66
22 67
22 74
22 81
22 82
22 84
22 85
22 86
22 89
22 96
22 97
22 99
23 25
23 26
23 28
23 32
23 36
23 37
23 38
23 40
23 41
23 43
23 45
23 51
23 55
23 58
23 61
23 72
23 75
23 78
23 79
23 80
23 82
23 83
23 84
23 85
23 91
23 94
24 26
24 27
24 30
24 35
24 40
24 41
24 43
24 47
24 54
24 55
24 56
24 58
24 60
24 63
24 65
24 67
24 68
24 70
24 71
24 76
24 77
24 80
24 86
24 89
24 93
24 96
24 97
24 98
25 32
25 33
25 34
25 35
25 38
25 43
25 44
25 45
25 47
25 50
25 53
25 58
25 64
25 68
25 71
25 72
25 76
25 83
25 88
25 91
25 94
25 96
26 32
26 33
26 34
26 35
26 36
26 43
26 44
26 46
26 50
26 55
26 56
26 59
26 60
26 62
26 63
26 64
26 66
26 67
26 75
26 84
26 85
26 87
26 91
26 93
26 94
26 95
26 97
26 99
27 29
27 34
27 35
27 36
27 38
27 40
27 41
27 42
27 43
27 45
27 51
27 54
27 57
27 59
27 63
27 69
27 70
27 71
27 73
27 74
27 76
27 79
27 83
27 84
27 85
27 89
27 92
27 95
27 99
28 31
28 32
28 35
28 39
28 40
28 41
28 43
28 45
28 46
28 47
28 50
28 55
28 56
28 57
28 59
28 61
28 62
28 63
28 64
28 65
28 67
28 68
28 69
28 70
28 71
28 73
28 75
28 79
28 81
28 82
28 85
28 86
28 88
28 89
28 92
28 94
28 95
28 96
28 97
28 98
28 99
29 30
29 31
29 32
29 36
29 37
29 38
29 42
29 43
29 46
29 49
29 53
29 55
29 61
29 64
29 67
29 68
29 70
29 73
29 74
29 77
29 80
29 87
29 91
29 95
29 96
29 98
30 32
30 35
30 39
30 42
30 46
30 47
30 48
30 49
30 51
30 55
30 56
30 59
30 62
30 64
30 65
30 68
30 71
30 72
30 73
30 75
30 77
30 82
30 83
30 85
30 86
30 90
30 96
30 99
31 35
31 36
31 38
31 39
31 42
31 43
31 44
31 45
31 47
31 48
31 51
31 52
31 53
31 54
31 58
31 59
31 62
31 67
31 69
31 72
31 77
31 78
31 79
31 81
31 83
31 84
31 85
31 87
32 34
32 37
32 40
32 42
32 44
32 45
32 47
32 48
32 49
32 53
32 56
32 58
32 64
32 67
32 70
32 71
32 72
32 73
32 76
32 81
32 84
32 85
32 89
32 90
32 92
32 94
32 95
32 97
33 38
33 39
33 43
33 44
33 45
33 47
33 54
33 59
33 61
33 64
33 77
33 80
33 83
33 84
33 85
33 86
33 88
33 89
33 93
33 96
33 98
34 36
34 38
34 42
34 43
34 44
34 45
34 46
34 54
34 55
34 57
34 64
34 65
34 73
34 75
34 79
34 82
34 83
34 84
34 85
34 87
34 89
34 90
34 95
34 96
34 97
34 98
34 99
35 37
35 38
35 43
35 44
35 46
35 50
35 55
35 57
35 63
35 64
35 66
35 67
35 69
35 72
35 74
35 76
35 78
35 79
35 85
35 87
35 95
35 97
35 98
35 99
36 38
36 41
36 46
36 47
36 49
36 50
36 51
36 56
36 59
36 60
36 61
36 62
36 65
36 67
36 68
36 70
36 71
36 73
36 78
36 80
36 83
36 89
36 92
36 95
36 96
36 97
36 98
36 99
37 38
37 40
37 42
37 45
37 47
37 51
37 53
37 55
37 57
37 58
37 59
37 60
37 61
37 62
37 63
37 67
37 68
37 70
37 71
37 75
37 76
37 77
37 80
37 82
37 83
37 90
37 91
37 96
37 97
37 98
37 99
38 40
38 41
38 42
38 44
38 45
38 46
38 48
38 50
38 52
38 54
38 57
38 58
38 62
38 63
38 65
38 66
38 71
38 72
38 73
38 74
38 78
38 79
38 82
38 83
38 84
38 86
38 92
38 94
38 95
38 97
39 42
39 44
39 45
39 47
39 52
39 53
39 54
39 56
39 57
39 59
39 62
39 63
39 64
39 65
39 66
39 68
39 69
39 72
39 77
39 78
39 83
39 86
39 89
39 91
39 92
39 94
39 95
40 41
40 42
40 44
40 51
40 52
40 57
40 60
40 61
40 63
40 66
40 67
40 69
40 70
40 71
40 73
40 83
40 85
40 89
40 91
40 94
40 95
40 98
40 99
41 42
41 54
41 55
41 60
41 62
41 63
41 64
41 65
41 68
41 77
41 80
41 83
41 86
41 87
41 90
41 91
41 93
41 94
41 96
41 97
41 98
41 99
42 43
42 45
42 49
42 50
42 54
42 58
42 60
42 62
42 63
42 67
42 68
42 69
42 74
42 75
42 76
42 78
42 80
42 81
42 82
42 84
42 88
42 91
42 92
42 93
42 95
42 97
42 99
43 46
43 47
43 48
43 51
43 55
43 57
43 61
43 62
43 63
43 64
43 66
43 69
43 72
43 75
43 76
43 77
43 82
43 85
43 88
43 92
43 93
43 98
43 99
44 45
44 47
44 48
44 51
44 54
44 56
44 59
44 60
44 61
44 63
44 66
44 67
44 72
44 73
44 76
44 77
44 78
44 83
44 85
44 89
44 91
44 97
44 99
45 50
45 52
45 53
45 54
45 55
45 56
45 59
45 60
45 64
45 65
45 74
45 76
45 79
45 88
45 90
45 91
45 95
45 96
46 49
46 52
46 56
46 61
46 66
46 69
46 73
46 75
46 76
46 83
46 85
46 86
46 87
46 88
46 90
46 91
46 92
46 93
46 95
46 97
46 98
46 99
47 48
47 51
47 56
47 59
47 61
47 64
47 65
47 66
47 67
47 68
47 71
47 72
47 80
47 82
47 84
47 85
47 98
48 50
48 51
48 53
48 54
48 55
48 58
48 67
48 68
48 70
48 71
48 74
48 76
48 77
48 78
48 79
48 83
48 84
48 86
48 91
48 92
48 95
48 97
48 98
49 57
49 61
49 62
49 63
49 67
49 70
49 71
49 73
49 85
49 90
49 94
49 96
49 98
49 99
50 51
50 55
50 62
50 64
50 67
50 68
50 69
50 71
50 74
50 76
50 77
50 79
50 83
50 84
50 87
50 89
50 90
50 93
50 94
51 53
51 54
51 55
51 57
51 60
51 65
51 68
51 70
51 71
51 72
51 76
51 78
51 83
51 85
51 87
51 90
51 92
51 96
51 97
51 98
52 55
52 57
52 58
52 59
52 60
52 61
52 63
52 64
52 65
52 66
52 69
52 71
52 75
52 76
52 78
52 82
52 86
52 88
52 91
52 99
53 59
53 62
53 63
53 64
53 66
53 68
53 69
53 71
53 73
53 74
53 75
53 79
53 80
53 86
53 88
53 89
53 90
53 94
53 99
54 55
54 60
54 62
54 65
54 66
54 67
54 69
54 71
54 72
54 75
54 76
54 78
54 79
54 80
54 81
54 84
54 85
54 88
54 91
55 59
55 60
55 61
55 64
55 68
55 70
55 74
55 78
55 81
55 82
55 83
55 84
55 85
55 86
55 96
55 99
56 57
56 60
56 61
56 62
56 65
56 70
56 72
56 74
56 75
56 76
56 78
56 84
56 94
56 95
56 99
57 58
57 60
57 61
57 62
57 63
57 64
57 65
57 68
57 69
57 74
57 83
57 87
57 89
57 90
57 92
57 93
57 97
57 98
57 99
58 63
58 65
58 66
58 67
58 72
58 75
58 77
58 78
58 79
58 81
58 84
58 86
58 87
58 89
58 90
58 91
58 92
58 93
58 94
58 95
58 97
58 99
59 60
59 61
59 63
59 64
59 65
59 70
59 71
59 73
59 77
59 78
59 80
59 82
59 84
59 85
59 88
59 89
59 91
59 92
59 94
59 96
60 63
60 64
60 66
60 67
60 70
60 74
60 75
60 80
60 82
60 83
60 85
60 86
60 87
60 88
60 91
60 92
60 93
60 96
60 99
61 62
61 67
61 68
61 71
61 72
61 73
61 74
61 78
61 79
61 81
61 82
61 84
61 91
61 92
61 97
61 99
62 63
62 64
62 66
62 71
62 72
62 75
62 80
62 83
62 85
62 86
62 88
62 95
62 98
63 64
63 70
63 72
63 75
63 77
63 80
63 81
63 82
63 86
63 88
63 90
63 92
63 96
63 97
63 99
64 65
64 66
64 67
64 68
64 70
64 71
64 75
64 76
64 77
64 78
64 79
64 80
64 82
64 84
64 86
64 88
64 89
64 92
64 93
64 98
65 74
65 76
65 78
65 81
65 84
65 85
65 87
65 89
65 99
66 74
66 75
66 76
66 78
66 79
66 81
66 82
66 83
66 84
66 88
66 89
66 94
66 95
66 96
67 68
67 70
67 71
67 73
67 74
67 77
67 78
67 79
67 80
67 81
67 83
67 87
67 88
67 89
67 91
67 92
67 93
67 94
67 99
68 72
68 76
68 79
68 80
68 81
68 83
68 85
68 91
68 95
68 97
69 71
69 72
69 74
69 75
69 77
69 78
69 79
69 82
69 83
69 85
69 88
69 90
69 92
69 93
69 97
69 99
70 71
70 72
70 73
70 75
70 76
70 78
70 79
70 82
70 84
70 85
70 87
70 88
70 89
70 91
70 92
70 94
70 98
71 72
71 73
71 75
71 76
71 79
71 81
71 83
71 85
71 86
71 89
71 91
71 94
71 96
72 73
72 75
72 76
72 77
72 79
72 81
72 82
72 84
72 85
72 89
72 93
72 97
72 99
73 75
73 76
73 77
73 80
73 85
73 86
73 87
73 88
73 93
73 95
73 96
73 99
74 78
74 82
74 85
74 87
74 88
74 89
74 90
74 92
74 96
74 98
74 99
75 76
75 79
75 83
75 84
75 85
75 87
75 93
75 95
75 97
76 77
76 79
76 82
76 86
76 87
76 93
76 94
76 95
76 96
76 98
76 99
77 79
77 80
77 81
77 83
77 85
77 87
77 88
77 91
77 93
77 94
77 96
78 79
78 83
78 84
78 90
78 91
78 92
78 97
78 98
78 99
79 86
79 87
79 90
79 91
79 93
79 95
80 81
80 83
80 84
80 85
80 89
80 93
80 97
81 87
81 94
81 97
81 99
82 84
82 86
82 88
82 89
82 95
82 96
82 98
82 99
83 87
83 88
83 90
83 92
83 95
83 98
84 85
84 88
84 89
84 90
84 92
84 93
84 94
84 97
85 86
85 98
85 99
86 87
86 88
86 90
86 91
86 94
86 97
86 98
87 88
87 93
87 94
87 95
87 98
88 89
88 91
88 92
88 93
88 95
89 90
89 91
89 94
89 98
89 99
90 92
90 99
91 92
91 93
91 96
91 98
92 93
92 95
93 95
93 97
93 98
94 95
95 98
96 98
98 99
