0 1
0 6
0 14
0 17
0 26
0 28
0 31
0 33
0 34
0 39
0 41
0 42
0 43
0 44
0 45
0 46
0 51
0 54
0 55
0 56
0 57
0 69
0 70
0 74
0 75
0 78
0 86
0 87
0 92
0 95
0 97
1 2
1 3
1 5
1 6
1 7
1 8
1 15
1 17
1 26
1 27
1 33
1 40
1 45
1 56
1 57
1 59
1 63
1 66
1 67
1 68
1 70
1 72
1 73
1 74
1 75
1 77
1 86
1 87
1 94
1 99
2 3
2 7
2 9
2 13
2 15
2 19
2 23
2 29
2 30
2 32
2 39
2 44
2 45
2 46
2 50
2 54
2 57
2 66
2 69
2 71
2 72
2 83
2 89
2 90
2 91
2 92
2 93
2 96
3 6
3 7
3 12
3 16
3 21
3 26
3 27
3 28
3 32
3 35
3 37
3 39
3 42
3 43
3 45
3 51
3 57
3 58
3 61
3 70
3 80
3 81
3 82
3 87
3 89
3 99
4 23
4 24
4 27
4 33
4 35
4 36
4 37
4 38
4 48
4 53
4 60
4 62
4 65
4 66
4 73
4 75
4 77
4 78
4 79
4 86
4 89
4 90
4 96
4 99
5 7
5 8
5 9
5 11
5 14
5 20
5 25
5 29
5 33
5 39
5 44
5 46
5 56
5 58
5 61
5 73
5 80
5 81
5 83
5 85
5 88
5 90
5 93
5 94
5 95
5 96
5 98
5 99
6 10
6 11
6 14
6 18
6 23
6 24
6 25
6 26
6 28
6 29
6 33
6 35
6 36
6 37
6 39
6 41
6 43
6 44
6 45
6 47
6 53
6 54
6 58
6 64
6 66
6 69
6 73
6 78
6 79
6 87
6 88
6 91
6 92
6 94
6 98
7 12
7 23
7 24
7 34
7 38
7 39
7 42
7 45
7 48
7 49
7 51
7 62
7 69
7 70
7 71
7 73
7 83
7 86
7 92
7 95
8 12
8 14
8 18
8 19
8 21
8 24
8 25
8 26
8 31
8 37
8 40
8 44
8 51
8 52
8 53
8 54
8 59
8 60
8 67
8 73
8 81
8 88
8 91
8 92
8 95
8 97
8 98
8 99
9 12
9 14
9 18
9 19
9 22
9 25
9 26
9 28
9 33
9 35
9 39
9 40
9 41
9 42
9 43
9 45
9 47
9 51
9 52
9 58
9 59
9 60
9 69
9 70
9 71
9 72
9 75
9 80
9 81
9 83
9 86
9 90
9 93
9 97
9 98
10 12
10 15
10 19
10 21
10 22
10 23
10 27
10 29
10 30
10 31
10 38
10 40
10 42
10 48
10 51
10 52
10 58
10 59
10 63
10 66
10 69
10 71
10 74
10 76
10 80
10 87
10 90
10 91
10 94
10 98
11 21
11 22
11 23
11 24
11 25
11 34
11 37
11 44
11 46
11 47
11 53
11 56
11 57
11 72
11 73
11 74
11 81
11 82
11 84
11 98
12 13
12 15
12 17
12 18
12 24
12 26
12 27
12 28
12 31
12 35
12 37
12 40
12 41
12 43
12 44
12 46
12 47
12 53
12 55
12 64
12 68
12 69
12 71
12 79
12 80
12 82
12 83
12 85
12 91
13 14
13 15
13 16
13 17
13 19
13 22
13 23
13 27
13 30
13 31
13 33
13 39
13 43
13 47
13 54
13 55
13 56
13 66
13 69
13 71
13 74
13 76
13 77
13 81
13 83
13 85
13 87
13 89
13 94
13 97
13 99
14 17
14 18
14 23
14 24
14 25
14 36
14 37
14 39
14 40
14 44
14 45
14 50
14 54
14 61
14 68
14 72
14 76
14 77
14 81
14 83
14 85
14 87
14 89
14 94
15 18
15 21
15 23
15 25
15 30
15 33
15 34
15 37
15 41
15 47
15 52
15 55
15 56
15 58
15 59
15 65
15 66
15 73
15 75
15 76
15 80
15 82
15 87
15 88
15 91
15 93
15 96
16 25
16 26
16 30
16 38
16 40
16 43
16 51
16 53
16 56
16 59
16 60
16 61
16 65
16 66
16 67
16 78
16 79
16 80
16 85
16 88
16 92
16 99
17 20
17 22
17 27
17 29
17 35
17 39
17 41
17 45
17 48
17 55
17 57
17 58
17 60
17 61
17 62
17 63
17 67
17 68
17 72
17 74
17 75
17 77
17 78
17 79
17 81
17 83
17 84
17 87
17 93
17 94
17 96
17 99
18 27
18 30
18 31
18 32
18 36
18 37
18 42
18 47
18 62
18 65
18 76
18 77
18 85
18 89
18 97
18 99
19 28
19 32
19 36
19 37
19 40
19 41
19 42
19 44
19 46
19 50
19 52
19 58
19 66
19 67
19 71
19 86
19 91
19 94
19 96
20 24
20 26
20 29
20 30
20 31
20 35
20 38
20 39
20 40
20 41
20 42
20 43
20 50
20 51
20 53
20 54
20 55
20 57
20 59
20 60
20 67
20 69
20 76
20 77
20 86
20 91
20 98
21 24
21 25
21 26
21 29
21 30
21 31
21 32
21 33
21 36
21 37
21 40
21 42
21 44
21 47
21 49
21 62
21 63
21 64
21 66
21 69
21 73
21 82
21 89
21 91
21 92
21 94
21 97
22 25
22 27
22 30
22 34
22 38
22 44
22 45
22 51
22 55
22 59
22 64
22 68
22 76
22 80
22 83
22 84
22 85
22 86
22 88
22 90
22 92
22 94
22 98
22 99
23 28
23 31
23 33
23 37
23 42
23 45
23 52
23 54
23 55
23 58
23 63
23 67
23 69
23 70
23 71
23 72
23 88
23 92
23 95
23 98
23 99
24 27
24 30
24 37
24 40
24 50
24 52
24 55
24 62
24 63
24 74
24 75
24 78
24 79
24 80
24 81
24 82
24 85
24 88
24 92
24 94
24 96
25 27
25 29
25 30
25 32
25 33
25 34
25 35
25 36
25 37
25 39
25 42
25 43
25 51
25 53
25 54
25 56
25 66
25 69
25 74
25 76
25 84
25 86
25 88
25 94
26 28
26 35
26 43
26 47
26 48
26 53
26 57
26 58
26 60
26 61
26 63
26 74
26 77
26 79
26 81
26 90
26 99
27 29
27 32
27 35
27 36
27 39
27 41
27 55
27 56
27 60
27 61
27 65
27 66
27 70
27 71
27 77
27 81
27 83
27 88
27 93
27 95
28 40
28 42
28 43
28 54
28 55
28 57
28 59
28 70
28 72
28 78
28 80
28 87
28 90
29 30
29 33
29 34
29 40
29 42
29 52
29 55
29 56
29 58
29 60
29 62
29 64
29 75
29 76
29 77
29 79
29 80
29 87
29 89
29 92
29 95
29 96
29 99
30 32
30 33
30 39
30 41
30 44
30 53
30 54
30 55
30 58
30 59
30 60
30 62
30 65
30 72
30 75
30 79
30 81
30 85
30 90
30 91
30 93
30 98
31 36
31 37
31 40
31 43
31 45
31 49
31 51
31 55
31 64
31 65
31 68
31 73
31 84
31 86
31 90
31 92
31 94
31 97
32 36
32 38
32 42
32 44
32 53
32 56
32 57
32 62
32 63
32 65
32 66
32 67
32 81
32 83
32 84
32 88
32 89
32 95
32 97
32 99
33 37
33 41
33 43
33 49
33 51
33 53
33 55
33 61
33 66
33 68
33 80
33 84
33 85
33 90
33 91
33 97
33 98
34 39
34 44
34 47
34 50
34 61
34 62
34 65
34 66
34 71
34 74
34 79
34 83
34 87
34 88
34 91
34 92
34 95
34 96
34 99
35 37
35 45
35 54
35 57
35 61
35 67
35 69
35 70
35 71
35 74
35 77
35 82
35 84
35 85
35 86
35 87
35 89
35 91
35 94
35 97
36 40
36 41
36 43
36 45
36 47
36 70
36 77
36 79
36 80
36 81
36 89
36 97
37 40
37 52
37 53
37 55
37 56
37 59
37 64
37 67
37 71
37 72
37 76
37 77
37 79
37 80
37 81
37 82
37 83
37 86
37 95
37 96
38 41
38 45
38 50
38 56
38 61
38 69
38 70
38 73
38 75
38 78
38 82
38 87
38 91
38 92
38 93
39 41
39 42
39 43
39 47
39 48
39 50
39 58
39 62
39 64
39 69
39 71
39 75
39 76
39 80
39 81
39 83
39 86
39 87
39 92
39 98
39 99
40 44
40 46
40 48
40 49
40 52
40 57
40 61
40 67
40 70
40 83
40 85
40 89
40 91
40 92
40 94
40 97
40 98
40 99
41 48
41 50
41 52
41 55
41 59
41 62
41 63
41 75
41 77
41 84
41 86
41 87
41 89
41 91
41 97
41 98
41 99
42 46
42 50
42 52
42 57
42 61
42 64
42 70
42 78
42 80
42 87
42 88
42 90
42 97
42 98
43 45
43 49
43 50
43 51
43 53
43 56
43 63
43 64
43 68
43 69
43 71
43 74
43 75
43 76
43 77
43 87
43 88
43 91
43 96
43 98
44 52
44 53
44 54
44 60
44 62
44 70
44 71
44 76
44 78
44 79
44 81
44 84
44 85
44 92
44 95
44 98
44 99
45 49
45 55
45 61
45 62
45 63
45 69
45 74
45 75
45 77
45 82
45 83
45 84
45 86
45 87
45 89
45 90
45 92
45 98
46 47
46 48
46 54
46 58
46 60
46 71
46 73
46 77
46 80
46 83
46 86
46 87
46 93
46 94
46 96
46 97
46 98
47 49
47 51
47 52
47 54
47 67
47 71
47 80
47 81
47 85
47 87
47 94
47 95
47 98
47 99
48 59
48 61
48 62
48 66
48 69
48 75
48 76
48 77
48 78
48 79
48 81
48 83
48 84
48 86
48 87
48 89
48 93
48 94
48 97
49 50
49 51
49 55
49 60
49 64
49 68
49 69
49 70
49 73
49 79
49 80
49 84
49 87
49 93
50 51
50 68
50 69
50 74
50 78
50 81
50 90
51 54
51 56
51 59
51 62
51 63
51 64
51 66
51 71
51 75
51 78
51 79
51 81
51 84
51 86
51 87
51 91
51 93
51 96
52 53
52 54
52 57
52 60
52 62
52 77
52 79
52 80
52 90
53 55
53 61
53 67
53 68
53 70
53 73
53 79
53 82
53 86
53 89
53 91
53 93
54 55
54 56
54 59
54 64
54 67
54 69
54 72
54 74
54 80
54 84
54 85
54 90
54 92
54 94
54 98
55 63
55 66
55 69
55 73
55 74
55 80
55 81
55 83
55 85
55 86
55 88
55 90
55 94
55 95
56 59
56 60
56 64
56 66
56 69
56 72
56 74
56 75
56 76
56 77
56 81
56 86
56 89
56 92
56 95
56 96
56 97
56 99
57 60
57 62
57 64
57 65
57 66
57 68
57 70
57 72
57 82
57 84
57 85
57 89
58 62
58 72
58 78
58 84
58 85
58 87
58 88
58 90
58 92
59 62
59 63
59 67
59 68
59 71
59 72
59 76
59 77
59 86
59 93
59 97
60 64
60 67
60 68
60 83
60 89
60 93
60 96
60 98
60 99
61 63
61 69
61 70
61 73
61 74
61 77
61 78
61 79
61 80
61 83
61 84
61 86
61 90
61 98
61 99
62 66
62 67
62 70
62 73
62 74
62 85
62 88
62 91
62 92
62 94
62 98
63 66
63 67
63 68
63 71
63 75
63 81
63 87
63 92
63 97
64 71
64 74
64 76
64 78
64 79
64 80
64 85
64 86
64 89
64 92
64 93
64 98
65 66
65 70
65 73
65 84
65 85
65 88
65 94
66 67
66 73
66 74
66 75
66 82
66 83
66 88
66 90
66 91
66 96
66 97
67 73
67 75
67 85
67 86
67 88
67 95
67 99
68 70
68 71
68 74
68 79
68 85
68 87
68 88
68 89
69 74
69 76
69 78
69 83
69 85
69 92
69 97
70 73
70 82
70 83
70 89
70 91
70 99
71 72
71 74
71 76
71 80
71 82
71 84
71 92
71 96
71 99
72 74
72 76
72 81
72 83
72 84
72 87
72 93
72 94
73 75
73 76
73 79
73 85
73 90
73 94
73 97
74 78
74 85
74 89
74 91
74 95
74 98
75 76
75 77
75 79
75 80
75 87
75 95
75 96
76 77
76 81
76 82
76 84
76 85
76 86
76 88
76 97
76 98
77 79
77 90
77 93
77 94
77 96
78 80
78 81
78 84
78 86
78 88
78 90
78 93
78 94
78 95
78 99
79 80
79 84
79 91
79 94
79 95
79 99
80 82
80 83
80 89
80 94
80 97
80 98
81 84
81 94
81 97
81 99
82 83
82 84
82 91
82 92
82 98
82 99
83 88
83 90
83 91
83 92
83 93
83 96
84 85
84 86
84 88
84 90
84 93
84 96
85 87
85 89
85 94
85 95
85 99
86 87
86 88
86 97
86 99
87 91
88 89
88 91
88 93
88 94
88 95
88 96
89 90
90 92
90 93
90 95
91 92
92 96
92 99
93 94
95 99
96 98
