0 1
0 4
0 5
0 9
0 10
0 12
0 13
0 19
0 21
0 26
0 27
0 30
0 31
0 32
0 35
0 36
0 37
0 38
0 39
0 41
0 50
0 51
0 54
0 57
0 58
0 62
0 66
0 68
0 70
0 72
0 76
0 78
0 79
0 81
0 82
0 91
0 93
0 94
0 97
1 7
1 10
1 12
1 13
1 17
1 18
1 19
1 22
1 23
1 25
1 32
1 33
1 34
1 38
1 40
1 43
1 44
1 45
1 46
1 50
1 56
1 61
1 62
1 66
1 67
1 72
1 76
1 81
1 82
1 85
1 87
1 93
1 97
1 98
1 99
2 5
2 6
2 8
2 10
2 12
2 13
2 14
2 25
2 26
2 27
2 29
2 31
2 34
2 35
2 39
2 42
2 43
2 46
2 48
2 50
2 53
2 55
2 57
2 58
2 60
2 63
2 65
2 66
2 69
2 80
2 81
2 83
2 84
2 86
2 88
2 89
2 95
2 98
2 99
3 5
3 7
3 9
3 16
3 18
3 19
3 21
3 27
3 30
3 31
3 32
3 39
3 42
3 43
3 44
3 45
3 46
3 47
3 49
3 51
3 52
3 54
3 57
3 58
3 69
3 70
3 71
3 73
3 78
3 79
3 81
3 83
3 85
3 89
3 90
3 91
3 92
4 5
4 7
4 8
4 11
4 14
4 15
4 16
4 19
4 22
4 23
4 24
4 25
4 27
4 32
4 38
4 39
4 40
4 41
4 47
4 49
4 53
4 54
4 60
4 62
4 64
4 65
4 69
4 72
4 75
4 77
4 78
4 79
4 80
4 82
4 83
4 85
4 87
4 89
4 93
4 94
4 95
5 7
5 10
5 16
5 20
5 27
5 28
5 32
5 37
5 38
5 40
5 41
5 44
5 50
5 53
5 54
5 57
5 59
5 63
5 65
5 66
5 67
5 70
5 76
5 79
5 81
5 84
5 90
5 93
5 95
5 96
5 97
5 99
6 7
6 9
6 10
6 11
6 13
6 16
6 18
6 19
6 20
6 24
6 25
6 29
6 30
6 31
6 33
6 37
6 39
6 40
6 42
6 43
6 44
6 47
6 48
6 49
6 53
6 56
6 60
6 62
6 63
6 64
6 66
6 68
6 70
6 73
6 76
6 78
6 80
6 85
6 88
6 92
6 96
6 98
6 99
7 8
7 9
7 11
7 17
7 20
7 21
7 23
7 24
7 32
7 36
7 37
7 43
7 45
7 47
7 48
7 50
7 51
7 57
7 59
7 60
7 61
7 63
7 67
7 68
7 69
7 70
7 74
7 77
7 79
7 84
7 88
7 89
7 91
7 92
7 93
7 94
7 96
8 16
8 19
8 21
8 24
8 28
8 30
8 45
8 51
8 52
8 54
8 55
8 58
8 60
8 61
8 65
8 67
8 68
8 71
8 72
8 73
8 74
8 80
8 81
8 82
8 85
8 90
8 91
8 93
8 96
8 98
9 10
9 14
9 19
9 22
9 23
9 24
9 26
9 28
9 29
9 30
9 32
9 33
9 35
9 36
9 37
9 40
9 42
9 44
9 47
9 53
9 55
9 58
9 60
9 61
9 64
9 65
9 68
9 69
9 72
9 73
9 74
9 79
9 84
9 85
9 86
9 87
9 88
9 89
9 90
9 91
9 93
9 94
9 95
9 99
10 12
10 13
10 14
10 18
10 19
10 20
10 24
10 26
10 28
10 29
10 32
10 33
10 35
10 36
10 37
10 38
10 42
10 45
10 49
10 50
10 55
10 56
10 58
10 63
10 64
10 65
10 67
10 69
10 70
10 71
10 73
10 78
10 79
10 83
10 85
10 87
10 91
10 92
10 96
10 98
11 12
11 13
11 19
11 21
11 22
11 24
11 25
11 26
11 28
11 36
11 38
11 39
11 40
11 41
11 42
11 44
11 46
11 48
11 54
11 55
11 56
11 58
11 59
11 61
11 63
11 65
11 68
11 72
11 73
11 76
11 84
11 86
11 87
11 88
11 90
11 92
11 93
11 96
11 97
11 98
11 99
12 13
12 17
12 20
12 22
12 28
12 29
12 30
12 31
12 32
12 34
12 35
12 38
12 43
12 51
12 53
12 54
12 56
12 57
12 59
12 60
12 61
12 62
12 63
12 65
12 68
12 70
12 73
12 75
12 77
12 82
12 83
12 88
12 91
12 93
12 95
12 98
13 14
13 17
13 19
13 26
13 28
13 30
13 31
13 32
13 36
13 41
13 42
13 47
13 48
13 50
13 54
13 56
13 64
13 65
13 66
13 68
13 69
13 71
13 73
13 78
13 80
13 84
13 88
13 94
14 19
14 20
14 24
14 25
14 29
14 36
14 37
14 38
14 43
14 45
14 46
14 48
14 51
14 53
14 59
14 60
14 65
14 66
14 79
14 85
14 86
14 87
14 90
14 91
14 94
14 96
14 99
15 16
15 18
15 22
15 23
15 30
15 34
15 37
15 39
15 44
15 47
15 50
15 51
15 53
15 54
15 55
15 56
15 57
15 58
15 61
15 62
15 66
15 69
15 74
15 76
15 77
15 81
15 82
15 83
15 87
15 88
15 93
16 19
16 22
16 24
16 25
16 27
16 28
16 32
16 34
16 35
16 38
16 39
16 42
16 43
16 45
16 50
16 51
16 53
16 59
16 63
16 65
16 66
16 68
16 71
16 74
16 75
16 76
16 77
16 82
16 84
16 86
16 92
16 93
16 95
16 98
17 18
17 21
17 23
17 25
17 26
17 27
17 30
17 31
17 32
17 33
17 43
17 44
17 45
17 50
17 51
17 54
17 57
17 58
17 59
17 61
17 62
17 64
17 65
17 70
17 71
17 72
17 73
17 75
17 77
17 83
17 84
17 86
17 89
17 90
17 95
17 97
18 20
18 21
18 24
18 28
18 30
18 36
18 37
18 38
18 41
18 46
18 53
18 57
18 58
18 60
18 61
18 64
18 67
18 70
18 71
18 72
18 75
18 76
18 77
18 80
18 85
18 86
18 89
18 93
18 95
18 97
18 98
18 99
19 22
19 24
19 26
19 28
19 29
19 30
19 34
19 35
19 36
19 37
19 38
19 39
19 42
19 44
19 46
19 47
19 48
19 49
19 50
19 51
19 56
19 60
19 61
19 64
19 65
19 69
19 70
19 71
19 72
19 75
19 83
19 85
19 89
19 90
19 94
19 96
19 98
20 23
20 26
20 37
20 39
20 41
20 46
20 47
20 51
20 52
20 53
20 54
20 57
20 67
20 68
20 78
20 81
20 83
20 84
20 86
20 87
20 93
20 94
20 98
21 22
21 24
21 33
21 37
21 40
21 45
21 46
21 47
21 48
21 49
21 53
21 54
21 57
21 62
21 64
21 65
21 66
21 67
21 75
21 78
21 83
21 84
21 89
21 93
21 95
21 99
22 33
22 36
22 42
22 45
22 47
22 52
22 57
22 61
22 64
22 66
22 74
22 76
22 77
22 79
22 80
22 82
22 86
22 87
22 91
22 92
22 93
22 94
22 95
22 96
22 97
23 24
23 27
23 34
23 37
23 40
23 42
23 43
23 45
23 48
23 49
23 54
23 55
23 57
23 58
23 59
23 60
23 61
23 64
23 65
23 66
23 70
23 71
23 73
23 76
23 77
23 78
23 79
23 80
23 81
23 85
23 88
23 89
23 92
23 94
23 96
23 97
24 28
24 35
24 37
24 39
24 40
24 42
24 44
24 45
24 46
24 50
24 51
24 52
24 54
24 56
24 58
24 62
24 68
24 71
24 75
24 78
24 80
24 84
24 85
24 92
24 93
24 96
24 99
25 27
25 29
25 30
25 31
25 33
25 36
25 39
25 40
25 44
25 48
25 49
25 58
25 62
25 64
25 65
25 67
25 72
25 75
25 77
25 78
25 79
25 80
25 81
25 83
25 88
25 89
25 92
25 95
25 99
26 27
26 28
26 31
26 36
26 53
26 54
26 58
26 59
26 60
26 65
26 68
26 70
26 75
26 76
26 79
26 81
26 82
26 84
26 86
26 87
26 88
26 89
26 92
26 94
26 95
26 97
26 98
27 28
27 30
27 31
27 34
27 38
27 39
27 42
27 43
27 47
27 50
27 54
27 58
27 61
27 64
27 65
27 66
27 69
27 71
27 74
27 75
27 77
27 78
27 79
27 80
27 81
27 85
27 88
27 89
27 98
28 29
28 31
28 34
28 35
28 36
28 41
28 43
28 44
28 45
28 48
28 50
28 56
28 58
28 66
28 67
28 71
28 76
28 77
28 80
28 81
28 86
28 87
28 88
28 92
28 93
28 94
28 98
28 99
29 31
29 32
29 34
29 36
29 38
29 42
29 43
29 44
29 48
29 50
29 57
29 58
29 60
29 63
29 64
29 66
29 69
29 72
29 73
29 75
29 80
29 81
29 83
29 84
29 86
29 90
29 95
30 31
30 35
30 36
30 37
30 38
30 39
30 43
30 48
30 49
30 56
30 57
30 58
30 59
30 61
30 62
30 65
30 66
30 67
30 68
30 69
30 71
30 72
30 73
30 78
30 79
30 86
30 87
30 90
30 91
30 92
30 94
30 97
30 98
31 33
31 36
31 37
31 40
31 41
31 42
31 46
31 48
31 53
31 59
31 63
31 64
31 68
31 70
31 71
31 74
31 75
31 79
31 80
31 88
31 90
31 92
31 94
31 97
31 98
31 99
32 37
32 38
32 39
32 42
32 49
32 51
32 52
32 64
32 66
32 67
32 69
32 77
32 83
32 84
32 85
32 89
32 91
32 93
32 97
32 99
33 34
33 36
33 40
33 43
33 46
33 47
33 53
33 55
33 57
33 58
33 59
33 60
33 62
33 68
33 69
33 73
33 78
33 79
33 80
33 82
33 83
33 87
33 88
33 90
33 91
33 96
34 35
34 36
34 38
34 39
34 40
34 41
34 42
34 43
34 44
34 46
34 47
34 49
34 50
34 51
34 55
34 56
34 61
34 65
34 66
34 67
34 68
34 70
34 73
34 74
34 75
34 77
34 80
34 84
34 85
34 86
34 88
34 89
34 91
34 96
34 97
35 36
35 37
35 40
35 41
35 42
35 45
35 46
35 48
35 53
35 54
35 59
35 60
35 62
35 67
35 74
35 77
35 85
35 87
35 94
36 37
36 43
36 50
36 56
36 63
36 65
36 66
36 67
36 68
36 69
36 71
36 73
36 74
36 79
36 80
36 91
36 93
36 94
36 97
36 98
37 38
37 39
37 40
37 43
37 46
37 47
37 48
37 50
37 51
37 52
37 55
37 56
37 57
37 59
37 64
37 66
37 71
37 72
37 75
37 78
37 79
37 81
37 84
37 85
37 86
37 87
37 93
37 96
37 97
37 98
38 40
38 46
38 48
38 49
38 51
38 55
38 59
38 62
38 63
38 64
38 65
38 66
38 67
38 69
38 75
38 80
38 82
38 84
38 90
38 93
38 94
38 96
38 98
38 99
39 41
39 44
39 48
39 53
39 55
39 59
39 61
39 65
39 66
39 69
39 70
39 77
39 78
39 81
39 84
39 86
39 87
39 88
39 91
39 93
39 94
39 99
40 42
40 44
40 46
40 47
40 48
40 50
40 55
40 59
40 60
40 62
40 67
40 68
40 73
40 75
40 77
40 83
40 84
40 85
40 87
40 89
40 90
40 92
40 95
40 97
40 99
41 42
41 43
41 46
41 48
41 49
41 52
41 54
41 57
41 58
41 59
41 65
41 66
41 67
41 71
41 72
41 77
41 78
41 79
41 85
41 88
41 89
41 90
41 93
41 95
41 96
41 98
42 45
42 46
42 48
42 50
42 53
42 55
42 56
42 65
42 66
42 73
42 79
42 80
42 81
42 82
42 84
42 92
42 93
42 97
43 47
43 48
43 50
43 53
43 57
43 60
43 62
43 64
43 65
43 68
43 69
43 71
43 72
43 73
43 74
43 76
43 80
43 81
43 82
43 83
43 86
43 87
43 91
43 92
43 98
44 46
44 47
44 49
44 50
44 53
44 54
44 57
44 62
44 65
44 67
44 68
44 69
44 73
44 74
44 79
44 82
44 86
44 87
44 89
44 95
44 97
44 98
44 99
45 46
45 49
45 51
45 55
45 56
45 58
45 59
45 63
45 64
45 67
45 70
45 71
45 72
45 73
45 75
45 79
45 85
45 86
45 88
45 89
45 91
45 92
45 93
45 95
45 96
46 47
46 53
46 54
46 63
46 66
46 72
46 74
46 77
46 80
46 81
46 82
46 88
46 89
46 91
46 92
46 93
46 99
47 49
47 50
47 51
47 58
47 60
47 62
47 64
47 69
47 70
47 82
47 84
47 87
47 91
47 98
48 49
48 51
48 53
48 54
48 55
48 57
48 59
48 60
48 66
48 67
48 72
48 76
48 77
48 78
48 82
48 84
48 85
48 86
48 95
48 96
48 98
48 99
49 54
49 56
49 57
49 60
49 66
49 68
49 72
49 73
49 74
49 75
49 76
49 77
49 82
49 83
49 87
49 95
49 98
49 99
50 52
50 55
50 59
50 60
50 61
50 62
50 63
50 64
50 65
50 66
50 68
50 70
50 76
50 77
50 78
50 86
50 88
50 89
50 91
50 93
50 95
50 98
51 52
51 54
51 56
51 57
51 61
51 62
51 64
51 67
51 70
51 71
51 79
51 81
51 82
51 84
51 85
51 86
51 90
51 96
51 98
51 99
52 54
52 55
52 57
52 60
52 66
52 68
52 74
52 75
52 76
52 82
52 83
52 84
52 85
52 87
52 96
52 99
53 54
53 56
53 59
53 61
53 63
53 70
53 71
53 72
53 76
53 77
53 78
53 79
53 84
53 86
53 88
53 91
53 92
53 93
53 94
53 96
53 99
54 58
54 60
54 63
54 65
54 66
54 68
54 69
54 72
54 73
54 75
54 76
54 77
54 78
54 79
54 83
54 87
54 93
54 98
55 58
55 66
55 67
55 68
55 69
55 73
55 77
55 82
55 85
55 87
55 91
55 96
55 97
55 98
56 62
56 68
56 69
56 70
56 71
56 73
56 77
56 85
56 87
56 89
56 90
56 92
56 93
56 94
56 96
56 98
57 61
57 67
57 72
57 75
57 76
57 78
57 81
57 83
57 85
57 91
57 93
57 95
57 96
58 59
58 60
58 62
58 65
58 66
58 67
58 69
58 71
58 74
58 75
58 77
58 82
58 83
58 85
58 88
58 90
58 92
58 95
58 97
58 99
59 62
59 63
59 64
59 67
59 68
59 69
59 70
59 72
59 73
59 76
59 82
59 86
59 89
59 92
59 95
59 96
59 97
59 98
59 99
60 63
60 65
60 67
60 68
60 69
60 70
60 74
60 75
60 76
60 80
60 85
60 87
60 92
60 95
61 62
61 63
61 66
61 69
61 70
61 74
61 76
61 79
61 81
61 82
61 86
61 91
62 63
62 65
62 66
62 68
62 69
62 74
62 79
62 80
62 81
62 83
62 87
62 88
62 89
62 90
62 92
62 94
62 95
62 96
63 64
63 65
63 68
63 72
63 73
63 74
63 76
63 82
63 94
63 95
63 96
64 67
64 70
64 73
64 75
64 80
64 81
64 85
64 86
64 87
64 91
64 94
64 97
65 67
65 68
65 73
65 74
65 75
65 76
65 79
65 80
65 81
65 83
65 84
65 85
65 86
65 90
65 91
65 95
65 96
66 69
66 72
66 77
66 80
66 82
66 92
66 94
66 95
66 97
66 98
67 68
67 73
67 74
67 75
67 79
67 80
67 84
67 86
67 90
67 91
67 92
67 93
67 94
67 96
67 97
67 98
68 69
68 70
68 72
68 73
68 74
68 76
68 77
68 78
68 82
68 83
68 84
68 88
68 95
68 99
69 73
69 75
69 76
69 80
69 86
69 87
69 89
69 92
69 93
69 95
69 99
70 72
70 73
70 74
70 77
70 80
70 81
70 83
70 84
70 90
70 92
71 72
71 74
71 78
71 79
71 80
71 85
71 89
71 90
71 97
71 98
72 73
72 75
72 77
72 78
72 81
72 86
72 89
72 91
72 92
72 94
72 97
72 98
73 80
73 86
73 89
73 93
73 94
73 96
73 97
73 98
73 99
74 75
74 76
74 79
74 80
74 81
74 82
74 93
74 96
75 76
75 79
75 81
75 82
75 85
75 88
75 89
75 90
75 94
75 96
75 97
75 98
76 77
76 79
76 82
76 86
76 89
76 91
76 93
76 94
76 98
77 79
77 84
77 86
77 97
78 84
78 88
78 92
79 83
79 85
79 86
79 90
79 91
79 97
79 98
80 83
80 85
80 89
80 90
80 91
80 92
80 94
80 98
81 87
81 88
81 90
81 92
81 96
81 99
82 86
82 87
82 89
82 92
82 93
82 96
82 97
82 99
83 89
83 90
83 93
83 95
83 96
83 97
83 99
84 85
84 87
84 88
84 89
84 90
84 91
84 93
84 98
85 86
85 87
85 88
85 89
85 92
85 93
86 90
86 91
86 96
86 97
86 98
87 89
87 91
87 93
87 96
87 99
88 89
88 93
89 93
89 94
89 95
89 97
89 99
90 98
90 99
91 93
91 98
91 99
92 94
92 95
92 97
92 98
93 95
93 99
94 96
94 97
96 98
97 99
