0 1
0 4
0 5
0 7
0 9
0 14
0 15
0 17
0 18
0 20
0 23
0 24
0 27
0 28
0 30
0 31
0 33
0 36
0 37
0 40
0 44
0 47
0 49
0 59
0 61
0 62
0 70
0 72
0 73
0 76
0 78
0 83
0 84
0 87
0 88
0 97
1 6
1 7
1 8
1 11
1 13
1 15
1 19
1 26
1 28
1 29
1 30
1 36
1 37
1 38
1 39
1 47
1 48
1 50
1 53
1 60
1 61
1 72
1 73
1 95
2 4
2 14
2 16
2 17
2 18
2 19
2 22
2 25
2 27
2 56
2 59
2 61
2 62
2 63
2 67
2 69
2 73
2 75
2 81
2 82
2 88
2 93
3 4
3 6
3 15
3 19
3 24
3 29
3 33
3 34
3 39
3 42
3 44
3 45
3 46
3 48
3 49
3 56
3 57
3 59
3 60
3 61
3 63
3 66
3 71
3 86
3 92
3 95
3 98
4 9
4 14
4 15
4 16
4 26
4 27
4 34
4 36
4 40
4 44
4 47
4 49
4 55
4 56
4 58
4 59
4 63
4 66
4 71
4 78
4 79
4 81
4 82
4 87
4 90
5 6
5 8
5 9
5 11
5 13
5 14
5 18
5 20
5 21
5 24
5 25
5 29
5 32
5 36
5 44
5 53
5 54
5 55
5 57
5 61
5 62
5 65
5 70
5 74
5 79
5 89
5 90
5 94
5 97
5 98
6 8
6 9
6 10
6 19
6 25
6 26
6 30
6 31
6 38
6 42
6 46
6 48
6 53
6 54
6 58
6 61
6 63
6 66
6 67
6 69
6 70
6 72
6 80
6 84
6 89
6 96
6 97
6 98
7 9
7 13
7 15
7 32
7 33
7 37
7 39
7 41
7 43
7 50
7 56
7 64
7 65
7 69
7 70
7 72
7 73
7 79
7 81
7 90
7 92
7 94
7 95
8 9
8 10
8 11
8 18
8 19
8 23
8 31
8 34
8 37
8 38
8 42
8 43
8 46
8 55
8 59
8 62
8 66
8 67
8 68
8 71
8 73
8 75
8 77
8 79
8 82
8 89
8 90
8 93
8 99
9 11
9 12
9 13
9 17
9 18
9 19
9 20
9 26
9 29
9 33
9 36
9 39
9 40
9 42
9 44
9 48
9 51
9 52
9 54
9 56
9 60
9 61
9 67
9 68
9 71
9 74
9 78
9 80
9 81
9 83
9 84
9 87
9 91
9 92
9 93
10 12
10 13
10 21
10 23
10 27
10 28
10 31
10 32
10 38
10 41
10 44
10 46
10 48
10 54
10 57
10 58
10 60
10 61
10 64
10 69
10 73
10 74
10 76
10 80
10 82
10 84
10 87
10 93
10 98
11 15
11 16
11 18
11 19
11 25
11 26
11 27
11 28
11 31
11 32
11 34
11 35
11 36
11 37
11 46
11 47
11 51
11 53
11 54
11 58
11 59
11 60
11 64
11 65
11 72
11 74
11 76
11 80
11 82
11 86
11 90
11 95
12 13
12 14
12 15
12 16
12 20
12 25
12 26
12 27
12 28
12 33
12 34
12 39
12 50
12 52
12 53
12 54
12 55
12 58
12 62
12 65
12 69
12 71
12 74
12 75
12 77
12 79
12 84
12 88
12 90
12 94
12 99
13 15
13 19
13 21
13 24
13 26
13 30
13 35
13 37
13 39
13 41
13 47
13 53
13 54
13 66
13 70
13 76
13 85
13 91
14 21
14 25
14 27
14 28
14 35
14 40
14 41
14 49
14 53
14 54
14 56
14 59
14 60
14 64
14 67
14 69
14 71
14 76
14 78
14 79
14 80
14 82
14 84
14 90
14 95
14 96
14 97
15 20
15 21
15 25
15 26
15 33
15 34
15 36
15 43
15 45
15 47
15 51
15 58
15 59
15 69
15 71
15 79
15 80
15 82
15 83
15 84
15 85
15 89
15 92
15 96
16 21
16 26
16 29
16 31
16 32
16 42
16 46
16 50
16 53
16 54
16 56
16 59
16 60
16 64
16 69
16 70
16 71
16 73
16 78
16 89
16 90
16 91
17 20
17 21
17 25
17 26
17 27
17 33
17 48
17 49
17 53
17 67
17 71
17 75
17 76
17 77
17 81
17 82
17 83
17 85
17 95
17 96
17 99
18 27
18 28
18 30
18 39
18 42
18 52
18 54
18 61
18 66
18 70
18 73
18 74
18 78
18 82
18 83
18 84
18 85
18 90
18 92
18 94
18 99
19 21
19 22
19 26
19 27
19 31
19 34
19 44
19 46
19 47
19 53
19 54
19 57
19 62
19 67
19 71
19 73
19 75
19 77
19 80
19 83
19 86
19 90
19 92
19 98
20 22
20 25
20 26
20 30
20 40
20 42
20 43
20 44
20 45
20 47
20 49
20 54
20 58
20 59
20 60
20 62
20 65
20 79
20 80
20 86
20 87
20 90
21 23
21 24
21 26
21 30
21 31
21 32
21 33
21 34
21 35
21 40
21 43
21 48
21 49
21 51
21 52
21 54
21 60
21 62
21 63
21 70
21 72
21 73
21 75
21 77
21 80
21 90
21 94
21 96
21 99
22 24
22 25
22 27
22 33
22 39
22 48
22 49
22 50
22 57
22 58
22 60
22 65
22 69
22 71
22 72
22 74
22 78
22 84
22 86
23 28
23 33
23 36
23 38
23 45
23 48
23 52
23 54
23 58
23 59
23 64
23 66
23 69
23 72
23 73
23 74
23 85
23 89
23 91
23 94
23 95
23 96
23 97
24 25
24 31
24 35
24 36
24 38
24 39
24 44
24 45
24 47
24 53
24 66
24 70
24 73
24 74
24 86
24 92
24 94
24 95
24 96
25 28
25 35
25 37
25 41
25 43
25 44
25 46
25 47
25 49
25 52
25 53
25 58
25 64
25 67
25 78
25 79
25 80
25 82
25 84
25 87
25 89
25 93
25 94
25 97
25 98
26 32
26 36
26 43
26 48
26 50
26 55
26 56
26 59
26 61
26 64
26 88
26 89
26 90
26 91
26 92
26 94
27 33
27 36
27 37
27 41
27 49
27 59
27 61
27 62
27 63
27 64
27 66
27 68
27 75
27 81
27 84
27 85
27 90
27 94
27 96
28 32
28 40
28 43
28 44
28 48
28 52
28 59
28 60
28 62
28 63
28 66
28 68
28 70
28 74
28 82
28 83
28 85
28 87
28 88
28 99
29 35
29 37
29 38
29 42
29 43
29 47
29 48
29 52
29 53
29 56
29 59
29 65
29 73
29 75
29 82
29 83
29 86
29 87
29 88
29 93
29 94
30 31
30 32
30 34
30 39
30 41
30 45
30 47
30 48
30 50
30 56
30 61
30 63
30 68
30 69
30 71
30 82
30 83
30 87
30 92
30 97
30 99
31 33
31 36
31 37
31 40
31 49
31 51
31 52
31 53
31 60
31 64
31 65
31 66
31 68
31 72
31 73
31 74
31 75
31 76
31 89
31 92
31 94
31 96
32 39
32 40
32 43
32 45
32 46
32 50
32 51
32 53
32 55
32 58
32 60
32 61
32 63
32 64
32 65
32 66
32 68
32 74
32 79
32 81
32 82
32 84
32 87
32 89
32 90
32 92
32 93
32 95
32 96
32 99
33 45
33 50
33 56
33 57
33 60
33 66
33 75
33 86
33 89
33 92
33 98
34 37
34 46
34 50
34 66
34 70
34 71
34 73
34 75
34 79
34 80
34 83
34 84
34 92
34 94
35 41
35 42
35 46
35 47
35 48
35 51
35 52
35 59
35 60
35 65
35 73
35 76
35 78
35 80
35 83
35 95
35 99
36 38
36 39
36 44
36 45
36 48
36 49
36 50
36 51
36 52
36 53
36 55
36 66
36 67
36 70
36 71
36 73
36 75
36 81
36 82
36 87
36 91
36 92
36 93
36 97
36 98
37 41
37 42
37 44
37 50
37 51
37 57
37 63
37 66
37 68
37 71
37 82
37 83
37 85
37 86
37 88
37 91
37 92
37 94
38 45
38 57
38 63
38 64
38 67
38 82
38 84
38 89
38 91
38 94
39 40
39 41
39 46
39 47
39 49
39 50
39 55
39 56
39 58
39 60
39 61
39 63
39 69
39 75
39 79
39 80
39 86
39 87
39 89
39 90
39 91
39 96
39 97
39 99
40 45
40 48
40 49
40 51
40 58
40 61
40 62
40 63
40 64
40 70
40 85
40 91
40 98
40 99
41 44
41 45
41 50
41 51
41 54
41 56
41 60
41 62
41 67
41 68
41 69
41 70
41 72
41 73
41 79
41 80
41 81
41 82
41 87
41 89
41 91
41 93
41 94
41 97
42 45
42 47
42 54
42 65
42 66
42 70
42 73
42 78
42 80
42 84
42 88
42 91
42 92
42 95
42 96
43 44
43 46
43 52
43 57
43 60
43 69
43 71
43 72
43 73
43 74
43 79
43 81
43 86
43 88
43 91
43 92
43 93
43 94
43 96
43 98
44 46
44 47
44 51
44 54
44 55
44 60
44 64
44 75
44 78
44 79
44 81
44 83
44 84
44 85
44 87
44 92
44 96
44 97
44 98
45 48
45 51
45 53
45 56
45 57
45 70
45 84
45 87
45 93
45 94
45 95
45 98
46 48
46 58
46 60
46 70
46 74
46 76
46 82
46 86
46 87
46 94
46 96
47 49
47 50
47 55
47 60
47 69
47 72
47 73
47 79
47 82
47 93
48 52
48 53
48 55
48 57
48 59
48 61
48 65
48 69
48 70
48 71
48 75
48 76
48 81
48 84
48 86
48 87
48 97
48 98
48 99
49 50
49 55
49 57
49 64
49 66
49 67
49 68
49 70
49 73
49 75
49 77
49 79
49 84
49 96
50 51
50 55
50 56
50 60
50 62
50 63
50 65
50 66
50 67
50 73
50 84
50 85
50 87
50 89
50 91
50 94
50 96
50 98
51 55
51 57
51 60
51 70
51 71
51 73
51 75
51 80
51 83
51 92
51 97
52 53
52 57
52 58
52 60
52 61
52 62
52 64
52 65
52 66
52 67
52 69
52 71
52 72
52 73
52 78
52 84
52 87
52 90
52 93
52 94
52 96
53 66
53 68
53 77
53 79
53 82
53 85
53 89
53 93
53 94
53 99
54 60
54 61
54 65
54 70
54 73
54 76
54 79
54 87
54 90
54 91
54 92
54 97
55 63
55 64
55 65
55 66
55 70
55 72
55 73
55 74
55 80
55 83
55 86
55 98
56 57
56 59
56 61
56 64
56 65
56 71
56 79
56 80
56 84
56 89
56 94
56 96
56 98
57 58
57 60
57 61
57 64
57 65
57 68
57 70
57 71
57 77
57 79
57 81
57 82
57 85
57 93
57 98
58 72
58 73
58 81
58 86
58 90
58 93
58 94
58 97
59 60
59 61
59 64
59 73
59 78
59 85
59 87
59 88
59 97
60 64
60 71
60 77
60 78
60 79
60 80
60 81
60 85
60 86
60 90
60 92
60 98
61 68
61 71
61 73
61 75
61 76
61 80
61 81
61 84
61 86
61 87
61 88
61 91
61 94
61 96
61 97
62 63
62 64
62 69
62 72
62 74
62 76
62 79
62 93
62 96
62 97
62 99
63 64
63 74
63 78
63 80
63 81
63 84
63 89
63 90
63 97
64 67
64 71
64 75
64 76
64 78
64 82
64 85
64 86
64 88
64 92
64 97
64 98
65 66
65 71
65 72
65 84
65 93
65 96
65 98
66 68
66 69
66 72
66 79
66 86
66 88
66 92
66 93
66 99
67 71
67 77
67 78
67 83
67 86
67 92
67 94
67 96
67 97
68 70
68 71
68 73
68 74
68 79
68 80
68 83
68 86
68 87
68 89
68 90
68 92
68 99
69 71
69 79
69 81
69 85
69 86
69 87
69 88
69 89
69 90
69 91
69 93
69 94
69 97
70 75
70 81
70 84
70 85
70 97
71 77
71 80
71 82
71 85
71 87
71 89
71 94
71 98
72 80
72 84
72 87
72 88
72 89
72 90
72 96
72 99
73 77
73 81
73 90
73 91
73 93
73 99
74 77
74 78
74 80
74 85
74 89
74 90
74 93
74 95
74 99
75 77
75 79
75 81
75 82
75 83
75 87
75 91
75 94
76 77
76 78
76 83
76 86
76 87
76 90
76 91
76 92
76 93
76 94
76 97
76 98
77 86
77 87
77 88
77 91
77 92
77 94
77 96
77 99
78 79
78 87
78 88
78 89
78 90
78 92
78 99
79 80
79 85
79 90
79 92
79 96
79 98
80 84
80 88
80 95
80 98
81 84
82 83
82 84
82 88
82 91
82 93
83 84
83 90
83 93
83 95
84 90
84 94
84 98
85 86
85 88
85 89
85 91
85 96
85 99
86 87
86 93
86 95
86 98
87 89
87 90
87 91
87 95
87 96
88 95
88 99
89 90
90 93
90 98
90 99
91 92
91 93
91 94
91 96
91 98
92 94
93 95
94 95
95 97
