0 2
0 3
0 6
0 13
0 15
0 19
0 20
0 22
0 25
0 27
0 30
0 33
0 41
0 48
0 50
0 53
0 56
0 58
0 61
0 63
0 67
0 69
0 72
0 79
0 81
0 84
0 92
0 93
1 4
1 5
1 6
1 16
1 25
1 34
1 40
1 63
1 65
1 81
1 91
1 93
1 98
2 6
2 14
2 15
2 24
2 28
2 29
2 42
2 45
2 52
2 62
2 73
2 75
2 82
2 83
2 84
2 85
2 87
2 92
2 94
3 13
3 14
3 21
3 25
3 27
3 29
3 31
3 36
3 39
3 45
3 48
3 53
3 67
3 70
3 73
3 75
3 77
3 79
3 88
3 93
4 13
4 17
4 23
4 30
4 40
4 42
4 44
4 46
4 47
4 50
4 52
4 57
4 61
4 69
4 71
4 72
4 78
4 89
5 6
5 8
5 14
5 18
5 30
5 40
5 45
5 49
5 50
5 59
5 61
5 67
5 72
5 77
5 78
5 80
5 84
5 88
5 93
6 12
6 13
6 14
6 29
6 38
6 48
6 49
6 55
6 63
6 66
6 76
6 77
6 79
6 86
6 89
6 92
6 95
6 99
7 9
7 10
7 11
7 20
7 25
7 27
7 29
7 31
7 38
7 40
7 49
7 62
7 64
7 69
7 71
7 73
7 78
7 79
7 84
7 92
8 11
8 12
8 13
8 14
8 20
8 26
8 28
8 30
8 35
8 36
8 43
8 45
8 60
8 63
8 76
8 78
8 82
8 87
8 95
9 13
9 15
9 25
9 29
9 34
9 36
9 42
9 45
9 59
9 63
9 64
9 72
9 73
9 89
9 90
9 93
10 12
10 19
10 20
10 22
10 29
10 30
10 31
10 34
10 38
10 39
10 48
10 53
10 56
10 66
10 67
10 71
10 74
10 84
10 94
10 95
10 97
11 17
11 20
11 30
11 32
11 35
11 42
11 43
11 45
11 48
11 51
11 53
11 54
11 55
11 67
11 70
11 74
11 78
11 88
11 89
11 92
11 95
12 13
12 20
12 23
12 27
12 31
12 35
12 36
12 39
12 42
12 44
12 46
12 47
12 48
12 49
12 54
12 55
12 58
12 61
12 63
12 73
12 77
12 83
12 91
12 94
12 96
13 16
13 25
13 28
13 31
13 32
13 43
13 44
13 48
13 52
13 53
13 54
13 58
13 67
13 69
13 83
13 89
13 93
13 95
14 21
14 24
14 27
14 30
14 32
14 38
14 42
14 46
14 48
14 53
14 59
14 64
14 69
14 70
14 75
14 80
14 82
14 88
14 90
14 93
14 97
15 17
15 18
15 27
15 30
15 35
15 41
15 50
15 59
15 62
15 70
15 71
15 74
15 80
15 97
16 23
16 27
16 29
16 42
16 46
16 51
16 58
16 60
16 69
16 71
16 73
16 76
16 77
16 80
16 82
16 85
16 91
16 92
16 93
16 95
16 97
17 24
17 26
17 27
17 38
17 43
17 50
17 54
17 62
17 64
17 68
17 75
17 76
17 79
17 93
17 95
17 96
17 97
17 99
18 20
18 36
18 39
18 46
18 52
18 56
18 57
18 67
18 83
18 86
18 89
18 90
18 92
18 95
18 98
19 20
19 22
19 24
19 26
19 27
19 30
19 48
19 49
19 62
19 64
19 65
19 66
19 69
19 72
19 75
19 80
19 88
19 89
19 90
20 23
20 25
20 26
20 29
20 38
20 40
20 41
20 43
20 47
20 51
20 57
20 58
20 84
20 87
21 26
21 31
21 34
21 37
21 38
21 48
21 55
21 69
21 72
21 78
21 94
21 96
21 98
21 99
22 27
22 35
22 38
22 48
22 50
22 51
22 59
22 63
22 68
22 72
22 77
22 81
22 82
22 87
22 88
22 89
22 90
22 92
22 94
22 98
23 24
23 36
23 39
23 42
23 43
23 45
23 51
23 55
23 56
23 62
23 64
23 66
23 67
23 74
23 77
23 81
23 84
23 85
23 90
23 98
24 28
24 31
24 38
24 40
24 57
24 60
24 63
24 76
24 80
24 81
24 84
24 91
24 92
25 30
25 36
25 39
25 42
25 47
25 56
25 60
25 61
25 64
25 65
25 67
25 72
25 81
25 84
25 86
25 88
26 32
26 39
26 49
26 51
26 52
26 53
26 54
26 55
26 65
26 66
26 70
26 74
26 77
26 82
26 84
26 85
26 90
26 93
27 28
27 30
27 31
27 33
27 35
27 43
27 44
27 50
27 59
27 63
27 64
27 66
27 67
27 68
27 72
27 77
27 81
27 83
27 84
27 86
27 89
27 92
27 95
28 31
28 44
28 49
28 71
28 73
28 83
28 84
28 87
28 88
28 89
28 92
29 30
29 33
29 45
29 52
29 61
29 64
29 65
29 78
29 83
29 84
29 90
29 97
30 33
30 35
30 49
30 52
30 53
30 56
30 62
30 64
30 65
30 71
30 83
30 88
31 37
31 42
31 44
31 46
31 48
31 51
31 54
31 55
31 56
31 64
31 66
31 67
31 72
31 83
31 96
31 98
32 34
32 37
32 42
32 43
32 49
32 52
32 56
32 57
32 64
32 65
32 82
32 84
32 88
32 89
33 42
33 57
33 61
33 68
33 72
33 73
33 79
33 81
33 98
34 37
34 48
34 51
34 57
34 59
34 62
34 80
34 92
34 95
34 99
35 38
35 44
35 45
35 46
35 48
35 61
35 71
35 72
35 76
35 77
35 80
35 85
35 88
36 40
36 42
36 50
36 51
36 57
36 61
36 64
36 66
36 82
36 83
36 85
36 87
36 90
36 92
36 97
37 49
37 50
37 51
37 55
37 58
37 63
37 65
37 71
37 78
37 82
37 86
37 88
37 94
37 98
37 99
38 41
38 46
38 47
38 49
38 50
38 53
38 56
38 57
38 66
38 81
38 82
38 83
38 95
38 98
39 43
39 52
39 59
39 68
39 79
39 80
39 83
39 86
39 87
39 98
40 42
40 43
40 44
40 45
40 48
40 58
40 63
40 65
40 76
40 94
40 98
41 43
41 44
41 45
41 56
41 70
41 72
41 75
41 79
41 80
41 81
41 82
41 84
42 43
42 51
42 53
42 60
42 65
42 67
42 68
42 70
42 73
42 80
42 86
42 94
42 97
43 45
43 46
43 48
43 57
43 65
43 73
43 76
43 81
43 95
44 45
44 46
44 63
44 71
44 83
44 85
44 87
44 88
44 97
45 59
45 64
45 67
45 71
45 79
45 83
45 88
45 97
45 98
46 55
46 58
46 59
46 72
46 82
46 84
46 88
46 93
46 94
46 97
47 49
47 51
47 64
47 66
47 67
47 69
47 83
47 89
47 99
48 54
48 61
48 90
48 92
49 52
49 62
49 69
49 70
49 72
49 74
49 75
49 77
49 81
49 85
49 92
50 55
50 58
50 63
50 70
50 77
50 85
50 93
51 66
51 68
51 71
51 72
51 81
51 91
52 53
52 54
52 56
52 63
52 76
52 77
52 78
52 97
53 55
53 58
53 60
53 69
53 70
53 76
53 86
53 90
53 95
54 55
54 57
54 62
54 70
54 74
54 77
54 81
54 92
54 96
55 58
55 63
55 71
55 72
55 95
55 98
56 59
56 64
56 67
56 69
56 70
56 76
56 79
56 81
56 82
56 89
56 90
56 94
56 96
57 63
57 69
57 95
58 62
58 63
58 65
58 78
58 79
58 93
58 95
58 96
59 60
59 71
59 75
59 93
59 95
59 96
60 61
60 64
60 66
60 68
60 69
60 79
60 82
60 83
60 96
61 70
61 80
61 81
61 91
61 95
61 96
62 69
62 75
62 78
62 80
62 81
62 89
62 90
62 95
62 98
63 66
63 67
63 73
63 74
63 77
63 79
63 80
63 89
64 67
64 77
64 78
64 80
64 89
64 91
64 97
64 98
64 99
65 70
65 92
66 68
66 72
66 75
66 77
66 84
66 85
66 90
66 96
67 75
67 89
67 96
68 69
68 76
68 77
68 78
68 82
68 89
69 78
69 80
69 81
69 82
69 84
69 88
69 96
69 98
70 76
70 77
70 92
70 97
70 99
71 73
71 76
71 80
71 85
71 90
71 91
71 95
71 97
72 75
72 84
72 89
72 96
72 97
73 79
73 80
73 82
73 86
73 87
73 98
74 87
74 95
74 97
75 76
75 78
75 81
75 83
75 86
75 97
76 80
76 84
76 85
76 89
76 96
77 78
77 85
77 88
77 99
78 91
78 93
78 94
78 98
79 84
79 85
79 92
79 98
80 84
80 88
80 91
80 92
81 85
81 87
81 89
81 90
82 91
82 95
82 96
83 93
84 87
84 88
84 90
84 91
84 93
85 88
85 89
85 91
85 96
86 93
86 97
86 99
87 92
88 93
88 94
88 96
88 98
89 90
89 95
90 92
90 98
91 92
91 98
92 93
92 95
92 99
93 94
94 96
95 99
96 97
98 99
