0 1
0 3
0 8
0 9
0 12
0 13
0 14
0 16
0 17
0 18
0 19
0 20
0 21
0 25
0 27
0 29
0 30
0 31
0 35
0 36
0 37
0 38
0 39
0 40
0 41
0 42
0 43
0 44
0 45
0 46
0 47
0 48
0 52
0 57
0 59
0 60
0 61
0 64
0 65
0 68
0 69
0 71
0 73
0 74
0 77
0 78
0 81
0 84
0 85
0 86
0 89
0 93
0 94
0 96
0 97
1 2
1 3
1 4
1 5
1 7
1 9
1 10
1 11
1 12
1 14
1 15
1 16
1 17
1 18
1 21
1 23
1 24
1 27
1 29
1 30
1 31
1 32
1 33
1 35
1 36
1 37
1 39
1 40
1 42
1 43
1 44
1 46
1 48
1 49
1 50
1 51
1 52
1 54
1 56
1 57
1 58
1 59
1 60
1 61
1 62
1 64
1 66
1 69
1 70
1 75
1 76
1 77
1 79
1 80
1 81
1 83
1 84
1 85
1 86
1 87
1 88
1 92
1 93
1 94
1 95
1 98
1 99
2 3
2 4
2 6
2 7
2 8
2 9
2 12
2 13
2 15
2 16
2 17
2 18
2 22
2 23
2 29
2 30
2 32
2 33
2 34
2 35
2 36
2 37
2 38
2 39
2 40
2 41
2 45
2 46
2 47
2 49
2 50
2 53
2 55
2 56
2 58
2 59
2 61
2 62
2 64
2 67
2 69
2 71
2 73
2 74
2 75
2 76
2 77
2 78
2 79
2 81
2 83
2 84
2 86
2 87
2 88
2 90
2 92
2 93
2 94
2 95
2 96
2 97
2 99
3 5
3 6
3 7
3 8
3 9
3 12
3 13
3 14
3 15
3 18
3 19
3 21
3 22
3 23
3 25
3 26
3 27
3 31
3 32
3 33
3 37
3 39
3 40
3 41
3 42
3 43
3 45
3 47
3 48
3 49
3 51
3 52
3 57
3 60
3 62
3 64
3 66
3 67
3 68
3 71
3 74
3 76
3 77
3 78
3 79
3 82
3 83
3 84
3 85
3 86
3 87
3 89
3 91
3 94
3 95
3 96
3 98
3 99
4 5
4 6
4 8
4 10
4 12
4 15
4 17
4 18
4 20
4 21
4 23
4 24
4 25
4 26
4 27
4 28
4 32
4 33
4 37
4 39
4 42
4 46
4 47
4 49
4 50
4 52
4 53
4 54
4 55
4 57
4 58
4 60
4 63
4 65
4 66
4 67
4 68
4 72
4 73
4 74
4 75
4 76
4 77
4 80
4 81
4 83
4 84
4 85
4 87
4 88
4 90
4 91
4 95
4 96
4 97
4 98
5 6
5 7
5 8
5 9
5 12
5 13
5 16
5 17
5 18
5 21
5 24
5 25
5 27
5 28
5 29
5 31
5 32
5 33
5 39
5 40
5 41
5 42
5 44
5 45
5 46
5 47
5 49
5 51
5 52
5 53
5 54
5 56
5 57
5 59
5 60
5 65
5 66
5 68
5 69
5 73
5 77
5 78
5 80
5 81
5 86
5 87
5 89
5 90
5 93
5 96
5 97
5 98
5 99
6 10
6 14
6 15
6 17
6 18
6 19
6 20
6 21
6 23
6 25
6 26
6 28
6 29
6 30
6 31
6 32
6 33
6 34
6 36
6 37
6 38
6 39
6 40
6 44
6 45
6 50
6 52
6 53
6 55
6 57
6 58
6 59
6 60
6 61
6 62
6 67
6 68
6 69
6 70
6 74
6 76
6 77
6 78
6 79
6 80
6 81
6 82
6 83
6 85
6 88
6 89
6 90
6 92
6 93
6 94
6 96
6 97
6 99
7 11
7 12
7 13
7 14
7 15
7 17
7 19
7 21
7 22
7 24
7 30
7 31
7 32
7 35
7 36
7 38
7 39
7 40
7 41
7 43
7 44
7 47
7 49
7 50
7 51
7 53
7 57
7 58
7 60
7 61
7 62
7 64
7 65
7 68
7 69
7 71
7 72
7 74
7 76
7 77
7 78
7 79
7 81
7 82
7 84
7 85
7 86
7 87
7 88
7 90
7 91
7 95
7 96
7 97
7 99
8 10
8 11
8 12
8 15
8 16
8 17
8 19
8 21
8 22
8 23
8 25
8 26
8 29
8 30
8 31
8 33
8 34
8 35
8 36
8 37
8 38
8 39
8 41
8 44
8 45
8 46
8 47
8 48
8 49
8 50
8 52
8 53
8 54
8 56
8 58
8 59
8 60
8 61
8 62
8 65
8 66
8 68
8 69
8 71
8 72
8 73
8 74
8 76
8 77
8 79
8 80
8 81
8 83
8 84
8 85
8 86
8 88
8 89
8 90
8 91
8 94
8 95
8 96
8 97
8 98
9 14
9 17
9 21
9 24
9 26
9 27
9 28
9 29
9 30
9 34
9 36
9 38
9 41
9 43
9 44
9 45
9 46
9 48
9 52
9 53
9 54
9 55
9 56
9 57
9 58
9 64
9 66
9 67
9 68
9 69
9 70
9 71
9 72
9 74
9 75
9 77
9 79
9 82
9 83
9 84
9 86
9 87
9 89
9 91
9 92
9 93
9 94
10 11
10 12
10 13
10 15
10 17
10 18
10 20
10 22
10 23
10 25
10 26
10 27
10 28
10 32
10 34
10 35
10 36
10 38
10 40
10 42
10 46
10 48
10 49
10 50
10 51
10 52
10 54
10 57
10 60
10 62
10 64
10 67
10 71
10 74
10 75
10 76
10 77
10 78
10 82
10 83
10 84
10 85
10 87
10 89
10 90
10 92
10 93
10 94
10 95
10 96
11 15
11 16
11 17
11 18
11 21
11 24
11 25
11 26
11 27
11 29
11 31
11 32
11 33
11 36
11 37
11 40
11 41
11 43
11 46
11 47
11 52
11 53
11 54
11 55
11 59
11 60
11 61
11 62
11 63
11 67
11 69
11 74
11 75
11 77
11 78
11 81
11 83
11 84
11 85
11 86
11 88
11 89
11 94
11 95
11 96
11 98
12 13
12 15
12 16
12 17
12 18
12 19
12 20
12 21
12 23
12 25
12 27
12 28
12 29
12 31
12 33
12 34
12 35
12 36
12 37
12 39
12 40
12 41
12 42
12 44
12 45
12 46
12 49
12 51
12 53
12 54
12 56
12 59
12 60
12 61
12 62
12 65
12 66
12 69
12 71
12 72
12 73
12 74
12 75
12 77
12 78
12 81
12 82
12 83
12 84
12 85
12 86
12 87
12 88
12 90
12 91
12 92
12 93
12 95
12 96
12 97
13 15
13 16
13 17
13 18
13 19
13 22
13 24
13 25
13 26
13 29
13 31
13 33
13 36
13 39
13 40
13 43
13 44
13 45
13 46
13 47
13 48
13 49
13 51
13 52
13 53
13 55
13 57
13 60
13 62
13 63
13 65
13 67
13 68
13 69
13 70
13 71
13 73
13 74
13 75
13 76
13 77
13 78
13 81
13 82
13 83
13 84
13 85
13 86
13 87
13 88
13 89
13 91
13 93
13 95
13 96
13 98
13 99
14 16
14 17
14 19
14 20
14 22
14 23
14 24
14 25
14 28
14 30
14 31
14 33
14 34
14 36
14 39
14 40
14 41
14 42
14 44
14 45
14 50
14 52
14 54
14 55
14 56
14 57
14 58
14 59
14 60
14 61
14 65
14 67
14 69
14 70
14 75
14 77
14 81
14 82
14 83
14 85
14 86
14 90
14 91
14 93
14 94
14 97
14 98
14 99
15 16
15 18
15 19
15 21
15 22
15 23
15 24
15 25
15 26
15 27
15 28
15 29
15 32
15 35
15 36
15 37
15 39
15 43
15 44
15 45
15 46
15 48
15 50
15 51
15 52
15 53
15 57
15 58
15 59
15 60
15 61
15 62
15 63
15 66
15 67
15 69
15 71
15 72
15 73
15 74
15 76
15 77
15 78
15 81
15 82
15 84
15 87
15 88
15 89
15 90
15 92
15 93
15 94
15 96
15 97
15 98
16 17
16 19
16 22
16 24
16 25
16 26
16 28
16 30
16 33
16 39
16 40
16 41
16 43
16 45
16 46
16 48
16 49
16 50
16 51
16 52
16 53
16 54
16 57
16 60
16 64
16 66
16 68
16 69
16 71
16 72
16 78
16 79
16 82
16 83
16 84
16 86
16 87
16 88
16 89
16 91
16 94
16 95
16 96
16 97
16 98
16 99
17 20
17 23
17 25
17 26
17 27
17 29
17 30
17 31
17 34
17 36
17 37
17 39
17 41
17 43
17 45
17 46
17 47
17 48
17 50
17 52
17 54
17 55
17 56
17 57
17 58
17 59
17 60
17 61
17 62
17 63
17 64
17 65
17 66
17 67
17 70
17 71
17 72
17 75
17 76
17 77
17 80
17 82
17 83
17 84
17 86
17 87
17 88
17 91
17 93
17 94
17 95
17 96
17 98
17 99
18 20
18 21
18 22
18 24
18 25
18 26
18 30
18 32
18 33
18 35
18 36
18 39
18 40
18 41
18 42
18 43
18 44
18 46
18 47
18 48
18 49
18 50
18 51
18 52
18 54
18 56
18 57
18 58
18 61
18 62
18 63
18 64
18 66
18 68
18 70
18 71
18 72
18 74
18 75
18 77
18 78
18 81
18 82
18 83
18 84
18 88
18 90
18 92
18 93
18 96
18 97
18 99
19 20
19 22
19 23
19 27
19 28
19 29
19 31
19 33
19 34
19 36
19 39
19 41
19 43
19 44
19 45
19 46
19 48
19 49
19 50
19 52
19 53
19 57
19 58
19 61
19 62
19 69
19 70
19 71
19 73
19 74
19 75
19 80
19 81
19 82
19 84
19 85
19 86
19 88
19 89
19 90
19 91
19 92
19 93
19 94
19 96
20 23
20 25
20 26
20 27
20 30
20 32
20 33
20 34
20 37
20 39
20 40
20 43
20 44
20 45
20 46
20 48
20 49
20 52
20 53
20 54
20 56
20 57
20 58
20 60
20 61
20 62
20 63
20 64
20 65
20 66
20 69
20 70
20 71
20 72
20 73
20 75
20 76
20 77
20 78
20 80
20 81
20 83
20 84
20 85
20 86
20 87
20 88
20 90
20 93
20 94
20 95
20 97
21 24
21 25
21 26
21 28
21 30
21 32
21 35
21 36
21 37
21 38
21 39
21 40
21 48
21 49
21 50
21 53
21 55
21 56
21 57
21 59
21 61
21 64
21 67
21 69
21 72
21 74
21 76
21 78
21 80
21 81
21 82
21 83
21 85
21 87
21 89
21 91
21 92
21 94
21 95
21 98
21 99
22 23
22 27
22 30
22 31
22 32
22 34
22 36
22 37
22 39
22 44
22 45
22 49
22 51
22 53
22 54
22 55
22 56
22 57
22 59
22 62
22 63
22 65
22 69
22 70
22 71
22 73
22 75
22 76
22 78
22 79
22 82
22 83
22 84
22 87
22 88
22 89
22 90
22 91
22 93
22 94
22 95
22 96
22 99
23 24
23 26
23 27
23 28
23 30
23 32
23 36
23 37
23 38
23 39
23 40
23 41
23 43
23 44
23 45
23 46
23 47
23 48
23 50
23 51
23 54
23 55
23 56
23 57
23 60
23 61
23 63
23 64
23 66
23 67
23 68
23 69
23 70
23 71
23 72
23 73
23 74
23 75
23 77
23 78
23 80
23 81
23 84
23 85
23 86
23 87
23 93
23 94
23 98
23 99
24 25
24 28
24 29
24 30
24 31
24 33
24 34
24 35
24 37
24 39
24 42
24 47
24 48
24 49
24 52
24 53
24 57
24 58
24 59
24 60
24 61
24 62
24 63
24 67
24 68
24 69
24 70
24 71
24 74
24 76
24 77
24 78
24 79
24 80
24 84
24 85
24 87
24 88
24 89
24 91
24 93
24 94
24 96
24 97
24 99
25 26
25 27
25 29
25 30
25 31
25 32
25 34
25 35
25 37
25 39
25 42
25 43
25 44
25 45
25 46
25 47
25 49
25 51
25 53
25 54
25 55
25 56
25 57
25 59
25 62
25 63
25 65
25 66
25 68
25 70
25 72
25 74
25 75
25 80
25 81
25 83
25 84
25 85
25 86
25 91
25 93
25 94
25 97
25 98
26 27
26 30
26 31
26 32
26 34
26 35
26 36
26 38
26 39
26 41
26 42
26 43
26 47
26 48
26 49
26 50
26 52
26 54
26 55
26 60
26 62
26 63
26 64
26 66
26 67
26 68
26 69
26 71
26 73
26 74
26 78
26 80
26 82
26 83
26 84
26 86
26 87
26 88
26 90
26 92
26 96
26 99
27 28
27 29
27 30
27 32
27 33
27 35
27 36
27 37
27 38
27 39
27 40
27 41
27 43
27 44
27 47
27 48
27 49
27 50
27 52
27 54
27 55
27 56
27 58
27 59
27 62
27 64
27 65
27 66
27 67
27 70
27 71
27 72
27 73
27 74
27 76
27 78
27 80
27 81
27 82
27 84
27 86
27 87
27 89
27 93
27 94
27 96
27 99
28 32
28 34
28 35
28 37
28 38
28 42
28 43
28 45
28 47
28 48
28 49
28 50
28 53
28 56
28 59
28 62
28 63
28 65
28 66
28 67
28 68
28 69
28 71
28 72
28 73
28 74
28 76
28 78
28 81
28 85
28 86
28 87
28 88
28 89
28 90
28 91
28 94
28 95
28 97
28 98
28 99
29 33
29 35
29 37
29 38
29 39
29 40
29 42
29 44
29 49
29 50
29 53
29 54
29 55
29 57
29 59
29 60
29 61
29 62
29 63
29 64
29 65
29 68
29 71
29 72
29 73
29 74
29 76
29 78
29 79
29 82
29 84
29 85
29 86
29 87
29 88
29 89
29 93
29 94
29 95
29 98
29 99
30 31
30 33
30 37
30 40
30 41
30 42
30 44
30 45
30 47
30 50
30 51
30 52
30 54
30 55
30 56
30 57
30 58
30 59
30 61
30 64
30 65
30 67
30 69
30 72
30 73
30 75
30 76
30 77
30 80
30 81
30 84
30 85
30 86
30 87
30 88
30 90
30 91
30 93
30 97
30 98
30 99
31 32
31 33
31 34
31 35
31 36
31 40
31 44
31 45
31 46
31 47
31 48
31 49
31 50
31 51
31 53
31 54
31 55
31 56
31 58
31 59
31 63
31 64
31 66
31 67
31 68
31 71
31 72
31 76
31 77
31 78
31 79
31 80
31 81
31 82
31 86
31 87
31 89
31 90
31 92
31 93
31 95
31 96
31 97
32 35
32 36
32 39
32 40
32 43
32 44
32 45
32 47
32 48
32 49
32 50
32 52
32 53
32 55
32 58
32 59
32 62
32 64
32 65
32 68
32 70
32 71
32 74
32 75
32 77
32 78
32 80
32 81
32 82
32 83
32 85
32 86
32 88
32 89
32 90
32 94
32 95
32 96
32 97
32 98
33 35
33 38
33 40
33 41
33 44
33 45
33 46
33 47
33 48
33 49
33 50
33 51
33 54
33 56
33 57
33 58
33 59
33 60
33 61
33 62
33 67
33 68
33 69
33 70
33 71
33 72
33 73
33 74
33 77
33 78
33 80
33 81
33 83
33 85
33 86
33 90
33 91
33 92
33 93
33 94
33 97
33 99
34 37
34 39
34 40
34 41
34 44
34 49
34 50
34 51
34 52
34 53
34 54
34 55
34 57
34 58
34 59
34 61
34 62
34 63
34 67
34 70
34 71
34 72
34 73
34 74
34 76
34 77
34 79
34 80
34 81
34 82
34 84
34 85
34 86
34 87
34 88
34 89
34 90
34 91
34 93
34 94
34 95
34 97
35 40
35 42
35 44
35 45
35 48
35 49
35 50
35 52
35 54
35 56
35 57
35 58
35 60
35 62
35 64
35 65
35 67
35 68
35 70
35 71
35 72
35 73
35 74
35 75
35 76
35 78
35 80
35 82
35 83
35 86
35 89
35 92
35 93
35 95
36 37
36 38
36 39
36 40
36 42
36 43
36 46
36 47
36 48
36 49
36 50
36 51
36 52
36 53
36 54
36 55
36 56
36 57
36 58
36 59
36 61
36 62
36 64
36 67
36 68
36 69
36 70
36 73
36 75
36 76
36 78
36 79
36 81
36 84
36 87
36 88
36 89
36 90
36 91
36 93
36 96
36 98
36 99
37 39
37 41
37 42
37 44
37 45
37 47
37 48
37 49
37 51
37 52
37 53
37 55
37 56
37 59
37 60
37 61
37 62
37 63
37 66
37 69
37 70
37 71
37 73
37 75
37 77
37 78
37 79
37 82
37 83
37 84
37 85
37 86
37 87
37 90
37 92
37 93
37 94
37 98
37 99
38 40
38 41
38 43
38 44
38 45
38 46
38 47
38 48
38 49
38 53
38 56
38 58
38 61
38 62
38 63
38 64
38 66
38 68
38 69
38 70
38 71
38 75
38 76
38 77
38 78
38 79
38 80
38 81
38 83
38 84
38 85
38 86
38 88
38 89
38 90
38 91
38 93
38 94
38 95
38 96
38 97
38 98
39 40
39 41
39 42
39 45
39 48
39 51
39 53
39 54
39 57
39 60
39 61
39 63
39 64
39 66
39 69
39 71
39 72
39 75
39 76
39 78
39 80
39 82
39 83
39 86
39 87
39 91
39 92
39 93
39 94
39 96
39 98
40 41
40 42
40 43
40 48
40 49
40 52
40 56
40 64
40 65
40 69
40 70
40 71
40 72
40 75
40 76
40 78
40 79
40 83
40 84
40 85
40 86
40 88
40 91
40 92
40 93
40 94
40 97
40 98
40 99
41 43
41 44
41 46
41 47
41 50
41 51
41 52
41 53
41 54
41 55
41 56
41 58
41 62
41 63
41 64
41 66
41 68
41 69
41 70
41 71
41 72
41 73
41 75
41 76
41 77
41 79
41 81
41 83
41 84
41 85
41 88
41 90
41 92
41 93
41 95
41 96
41 98
41 99
42 45
42 47
42 51
42 53
42 55
42 58
42 60
42 62
42 64
42 65
42 67
42 71
42 72
42 74
42 75
42 76
42 77
42 78
42 81
42 83
42 84
42 85
42 86
42 89
42 91
42 92
42 93
42 94
42 96
42 97
42 98
42 99
43 44
43 45
43 47
43 49
43 51
43 52
43 53
43 54
43 57
43 58
43 59
43 62
43 63
43 64
43 65
43 66
43 67
43 69
43 70
43 71
43 72
43 75
43 76
43 78
43 80
43 83
43 86
43 87
43 92
43 94
43 95
43 97
43 98
43 99
44 47
44 51
44 53
44 55
44 57
44 58
44 59
44 60
44 61
44 62
44 63
44 64
44 68
44 70
44 72
44 73
44 74
44 75
44 76
44 78
44 80
44 83
44 85
44 87
44 88
44 89
44 91
44 92
44 93
44 95
44 97
44 98
45 46
45 49
45 50
45 53
45 54
45 55
45 56
45 57
45 59
45 60
45 61
45 64
45 65
45 70
45 71
45 73
45 74
45 75
45 78
45 82
45 84
45 87
45 88
45 90
45 91
45 93
45 95
45 97
45 98
45 99
46 47
46 48
46 49
46 50
46 52
46 54
46 55
46 56
46 57
46 60
46 62
46 63
46 68
46 69
46 71
46 73
46 74
46 76
46 77
46 78
46 79
46 80
46 81
46 82
46 84
46 86
46 87
46 88
46 89
46 90
46 91
46 93
46 96
47 48
47 53
47 54
47 55
47 56
47 57
47 58
47 59
47 63
47 65
47 67
47 70
47 72
47 73
47 74
47 75
47 76
47 79
47 81
47 82
47 85
47 86
47 88
47 90
47 91
47 92
47 94
47 95
47 96
47 98
48 49
48 50
48 53
48 54
48 55
48 56
48 57
48 60
48 61
48 63
48 64
48 65
48 66
48 69
48 70
48 72
48 74
48 76
48 77
48 78
48 80
48 82
48 85
48 88
48 90
48 92
48 93
48 95
48 96
48 97
48 98
48 99
49 50
49 51
49 52
49 53
49 55
49 59
49 61
49 62
49 65
49 66
49 70
49 73
49 74
49 76
49 77
49 79
49 80
49 81
49 82
49 83
49 87
49 91
49 92
49 93
49 94
49 95
49 96
50 51
50 52
50 53
50 54
50 58
50 59
50 60
50 63
50 64
50 66
50 68
50 72
50 76
50 77
50 78
50 81
50 83
50 85
50 87
50 88
50 90
50 94
50 97
50 98
50 99
51 52
51 53
51 56
51 57
51 58
51 60
51 62
51 64
51 65
51 66
51 67
51 68
51 69
51 70
51 73
51 74
51 75
51 76
51 77
51 78
51 80
51 81
51 86
51 87
51 88
51 89
51 91
51 95
51 96
51 98
52 54
52 55
52 58
52 61
52 64
52 65
52 66
52 71
52 72
52 73
52 76
52 79
52 81
52 82
52 89
52 93
52 94
52 95
52 97
53 54
53 55
53 56
53 57
53 59
53 60
53 62
53 63
53 64
53 67
53 68
53 70
53 72
53 73
53 74
53 75
53 76
53 77
53 79
53 80
53 81
53 84
53 85
53 89
53 90
53 92
53 94
53 98
54 57
54 59
54 60
54 61
54 63
54 65
54 68
54 71
54 72
54 73
54 75
54 76
54 79
54 80
54 81
54 82
54 83
54 84
54 85
54 88
54 90
54 92
54 93
54 95
54 96
54 97
54 99
55 56
55 57
55 58
55 59
55 60
55 61
55 62
55 64
55 67
55 68
55 69
55 70
55 72
55 75
55 76
55 77
55 80
55 83
55 84
55 85
55 86
55 87
55 88
55 90
55 92
55 93
55 94
55 96
55 98
55 99
56 57
56 60
56 61
56 62
56 64
56 66
56 67
56 68
56 71
56 72
56 73
56 76
56 77
56 79
56 81
56 82
56 84
56 87
56 89
56 91
56 92
56 93
56 95
56 98
56 99
57 59
57 60
57 62
57 63
57 64
57 65
57 66
57 69
57 72
57 73
57 74
57 79
57 80
57 81
57 82
57 83
57 84
57 85
57 87
57 88
57 89
57 90
57 91
57 97
58 60
58 61
58 62
58 63
58 64
58 66
58 67
58 68
58 69
58 72
58 73
58 75
58 76
58 77
58 85
58 90
58 92
58 93
58 94
58 95
58 97
59 61
59 62
59 63
59 64
59 65
59 66
59 70
59 72
59 73
59 75
59 76
59 77
59 78
59 79
59 80
59 86
59 87
59 88
59 91
59 92
59 93
59 94
59 95
59 98
59 99
60 61
60 63
60 64
60 65
60 66
60 68
60 69
60 70
60 71
60 72
60 73
60 74
60 75
60 76
60 78
60 79
60 80
60 82
60 83
60 84
60 87
60 88
60 89
60 91
60 92
60 96
60 98
61 62
61 63
61 65
61 66
61 68
61 69
61 70
61 72
61 73
61 74
61 76
61 77
61 78
61 80
61 82
61 84
61 86
61 87
61 88
61 89
61 90
61 92
61 93
61 95
62 63
62 64
62 67
62 73
62 74
62 76
62 78
62 80
62 81
62 83
62 85
62 87
62 88
62 89
62 90
62 95
62 96
62 98
62 99
63 64
63 65
63 67
63 68
63 71
63 72
63 74
63 75
63 77
63 80
63 81
63 82
63 84
63 88
63 90
63 91
63 92
63 96
63 97
63 98
63 99
64 65
64 66
64 67
64 69
64 73
64 75
64 76
64 79
64 81
64 83
64 85
64 86
64 89
64 91
64 93
64 94
64 95
64 96
64 97
64 98
65 66
65 67
65 68
65 70
65 71
65 75
65 79
65 80
65 82
65 84
65 85
65 87
65 88
65 91
65 92
65 96
65 97
65 99
66 67
66 68
66 69
66 70
66 71
66 72
66 74
66 75
66 77
66 78
66 82
66 84
66 85
66 86
66 88
66 90
66 93
66 94
66 96
67 68
67 69
67 70
67 71
67 72
67 75
67 76
67 77
67 78
67 81
67 84
67 85
67 87
67 88
67 91
67 92
67 94
67 95
67 96
67 97
68 71
68 72
68 73
68 76
68 77
68 78
68 79
68 81
68 87
68 88
68 89
68 90
68 91
68 92
68 93
68 95
68 98
69 71
69 73
69 74
69 75
69 76
69 78
69 80
69 81
69 82
69 83
69 84
69 85
69 90
69 91
69 92
69 93
69 94
69 97
69 98
69 99
70 73
70 74
70 75
70 77
70 78
70 83
70 87
70 94
70 95
70 96
70 97
70 98
70 99
71 72
71 74
71 75
71 76
71 80
71 81
71 83
71 84
71 85
71 88
71 89
71 91
71 93
71 95
71 96
71 97
71 99
72 74
72 77
72 78
72 81
72 83
72 84
72 85
72 88
72 89
72 90
72 91
72 94
72 95
72 97
72 98
72 99
73 74
73 75
73 76
73 77
73 79
73 80
73 81
73 83
73 84
73 85
73 86
73 92
73 93
73 94
73 97
73 99
74 75
74 77
74 79
74 80
74 81
74 82
74 84
74 85
74 86
74 89
74 91
74 92
74 95
74 97
74 98
74 99
75 76
75 77
75 78
75 79
75 81
75 82
75 84
75 85
75 87
75 92
75 94
75 95
75 97
75 98
75 99
76 79
76 80
76 82
76 85
76 87
76 88
76 90
76 91
76 92
76 93
76 94
76 95
76 99
77 78
77 79
77 81
77 84
77 87
77 90
77 91
77 93
77 94
77 95
77 96
77 97
78 80
78 81
78 82
78 83
78 84
78 86
78 87
78 88
78 89
78 90
78 91
78 97
78 98
78 99
79 81
79 82
79 83
79 85
79 87
79 90
79 91
79 92
79 94
79 95
79 97
79 98
80 81
80 83
80 84
80 86
80 87
80 89
80 90
80 91
80 93
80 94
80 95
80 96
80 97
80 98
80 99
81 85
81 86
81 87
81 88
81 89
81 92
81 93
81 96
81 99
82 83
82 90
82 91
82 93
82 94
82 95
82 97
82 99
83 84
83 85
83 87
83 92
83 93
83 94
83 95
83 96
83 99
84 86
84 87
84 91
84 92
84 93
84 94
84 97
84 98
84 99
85 86
85 87
85 88
85 89
85 90
85 91
85 95
85 96
85 97
86 88
86 89
86 92
86 93
86 96
86 98
86 99
87 89
87 90
87 92
87 93
87 94
87 95
87 96
87 98
87 99
88 90
88 92
88 94
88 96
88 98
89 92
89 93
89 94
89 95
89 96
90 91
90 92
90 93
90 95
90 97
90 98
91 94
91 96
92 93
92 94
92 95
92 97
92 98
93 94
93 96
93 97
93 98
93 99
94 95
95 96
95 98
95 99
96 97
96 99
97 99
98 99
