0 1
0 7
0 11
0 12
0 18
0 20
0 24
0 32
0 37
0 40
0 41
0 44
0 47
0 48
0 49
0 53
0 54
0 61
0 63
0 64
0 66
0 67
0 70
0 72
0 73
0 75
0 79
0 85
0 87
0 90
0 91
1 2
1 4
1 6
1 9
1 12
1 14
1 17
1 20
1 26
1 27
1 30
1 33
1 36
1 37
1 41
1 43
1 48
1 50
1 53
1 55
1 57
1 63
1 67
1 68
1 72
1 75
1 76
1 78
1 82
1 84
1 88
1 89
1 90
1 91
1 93
1 95
1 97
1 98
2 3
2 4
2 5
2 9
2 30
2 31
2 33
2 38
2 42
2 43
2 44
2 49
2 50
2 54
2 56
2 59
2 60
2 64
2 65
2 67
2 68
2 69
2 72
2 73
2 92
2 95
2 98
3 4
3 9
3 10
3 11
3 13
3 17
3 19
3 32
3 34
3 41
3 45
3 53
3 58
3 64
3 65
3 68
3 71
3 72
3 73
3 85
3 94
4 6
4 7
4 16
4 18
4 19
4 20
4 21
4 28
4 29
4 34
4 35
4 37
4 38
4 45
4 52
4 63
4 73
4 74
4 75
4 78
4 79
4 87
4 89
4 92
4 93
4 98
5 8
5 10
5 12
5 14
5 17
5 20
5 22
5 24
5 25
5 28
5 30
5 32
5 35
5 36
5 44
5 45
5 48
5 56
5 58
5 61
5 63
5 65
5 67
5 68
5 70
5 74
5 75
5 77
5 79
5 80
5 83
5 84
5 85
5 87
5 88
5 90
5 91
5 97
6 8
6 19
6 23
6 24
6 25
6 26
6 34
6 37
6 38
6 39
6 42
6 43
6 44
6 46
6 47
6 48
6 50
6 54
6 58
6 59
6 78
6 79
6 80
6 82
6 85
6 95
6 96
7 10
7 12
7 15
7 23
7 24
7 28
7 36
7 37
7 42
7 45
7 49
7 51
7 54
7 60
7 61
7 63
7 66
7 67
7 68
7 69
7 73
7 74
7 77
7 78
7 80
7 85
7 89
7 90
7 94
7 95
7 97
8 9
8 17
8 19
8 26
8 30
8 34
8 35
8 39
8 43
8 46
8 49
8 56
8 61
8 66
8 67
8 69
8 74
8 75
8 77
8 79
8 80
8 81
8 84
8 85
8 87
8 89
8 95
8 98
9 10
9 17
9 20
9 21
9 23
9 25
9 26
9 27
9 30
9 39
9 42
9 44
9 45
9 46
9 50
9 53
9 55
9 64
9 67
9 69
9 70
9 78
9 82
9 85
9 89
9 95
9 96
9 98
9 99
10 17
10 18
10 19
10 20
10 23
10 25
10 26
10 29
10 35
10 36
10 41
10 43
10 46
10 47
10 60
10 61
10 63
10 64
10 68
10 72
10 74
10 77
10 80
10 91
11 17
11 18
11 20
11 28
11 32
11 38
11 40
11 42
11 50
11 53
11 56
11 57
11 58
11 61
11 64
11 67
11 71
11 72
11 73
11 74
11 75
11 79
11 87
11 93
11 94
11 95
11 96
11 98
12 16
12 21
12 22
12 27
12 30
12 33
12 41
12 44
12 47
12 51
12 54
12 56
12 59
12 60
12 61
12 63
12 65
12 67
12 81
12 83
12 84
12 87
12 90
12 95
13 16
13 19
13 20
13 21
13 22
13 25
13 27
13 28
13 34
13 41
13 42
13 43
13 55
13 56
13 59
13 61
13 67
13 69
13 70
13 71
13 72
13 73
13 74
13 76
13 77
13 78
13 79
13 82
13 85
13 89
13 99
14 25
14 28
14 29
14 32
14 34
14 36
14 37
14 39
14 40
14 44
14 49
14 50
14 51
14 56
14 63
14 66
14 67
14 72
14 78
14 93
15 16
15 19
15 20
15 22
15 28
15 30
15 31
15 34
15 35
15 40
15 48
15 50
15 56
15 57
15 62
15 64
15 69
15 72
15 76
15 77
15 82
15 85
15 99
16 17
16 18
16 20
16 23
16 24
16 25
16 26
16 29
16 36
16 37
16 38
16 40
16 42
16 57
16 68
16 69
16 72
16 73
16 74
16 77
16 78
16 85
16 86
16 91
17 20
17 25
17 26
17 32
17 39
17 42
17 46
17 47
17 55
17 56
17 63
17 64
17 66
17 70
17 71
17 72
17 74
17 90
17 91
17 95
17 97
17 98
17 99
18 23
18 28
18 32
18 35
18 37
18 38
18 43
18 44
18 45
18 50
18 53
18 54
18 57
18 60
18 61
18 66
18 67
18 72
18 75
18 77
18 82
18 86
18 89
18 91
18 93
19 20
19 22
19 23
19 30
19 32
19 38
19 39
19 40
19 42
19 46
19 47
19 51
19 53
19 56
19 58
19 59
19 60
19 63
19 66
19 69
19 70
19 71
19 79
19 82
19 84
19 86
19 87
19 89
19 91
19 92
19 94
19 95
19 97
19 98
20 24
20 27
20 32
20 36
20 39
20 42
20 44
20 51
20 53
20 58
20 61
20 65
20 71
20 75
20 79
20 80
20 85
20 86
20 89
20 94
20 98
20 99
21 23
21 24
21 26
21 29
21 34
21 38
21 39
21 46
21 48
21 53
21 57
21 58
21 60
21 61
21 68
21 69
21 71
21 75
21 80
21 82
21 83
21 86
21 90
21 91
21 93
21 94
21 96
22 23
22 30
22 32
22 33
22 37
22 39
22 41
22 43
22 44
22 59
22 61
22 66
22 68
22 70
22 71
22 88
22 90
22 94
22 96
22 98
22 99
23 26
23 28
23 31
23 32
23 34
23 35
23 36
23 39
23 42
23 43
23 47
23 48
23 55
23 58
23 60
23 68
23 77
23 79
23 86
23 88
23 89
23 90
23 93
23 94
23 96
24 27
24 30
24 33
24 36
24 39
24 42
24 43
24 44
24 45
24 50
24 52
24 55
24 56
24 57
24 60
24 64
24 67
24 68
24 70
24 73
24 76
24 82
24 84
24 86
24 91
24 94
24 95
25 29
25 35
25 40
25 45
25 48
25 54
25 56
25 57
25 58
25 60
25 62
25 63
25 66
25 76
25 79
25 83
26 32
26 35
26 36
26 38
26 40
26 42
26 43
26 44
26 51
26 53
26 58
26 61
26 62
26 63
26 66
26 69
26 71
26 73
26 74
26 75
26 82
26 86
26 88
26 91
26 93
26 95
27 29
27 36
27 37
27 40
27 46
27 48
27 49
27 53
27 54
27 56
27 60
27 63
27 67
27 68
27 69
27 74
27 75
27 76
27 78
27 80
27 83
27 87
27 96
27 97
28 32
28 33
28 40
28 43
28 45
28 47
28 48
28 52
28 64
28 65
28 69
28 78
28 80
28 81
28 84
28 90
28 93
28 95
28 97
29 30
29 35
29 38
29 41
29 44
29 46
29 49
29 52
29 55
29 57
29 59
29 63
29 73
29 76
29 77
29 83
29 87
29 90
29 93
29 95
29 99
30 32
30 38
30 39
30 42
30 45
30 56
30 63
30 67
30 69
30 72
30 74
30 79
30 82
30 85
30 91
30 95
30 98
31 41
31 51
31 52
31 54
31 56
31 58
31 59
31 60
31 64
31 72
31 73
31 81
31 89
31 94
31 96
31 99
32 40
32 43
32 49
32 51
32 52
32 54
32 56
32 59
32 60
32 62
32 64
32 65
32 66
32 67
32 70
32 72
32 73
32 75
32 76
32 78
32 80
32 83
32 84
32 87
32 89
32 97
32 98
33 38
33 44
33 45
33 46
33 52
33 53
33 54
33 57
33 61
33 64
33 65
33 66
33 68
33 69
33 70
33 78
33 82
33 85
33 88
33 90
33 91
33 92
33 97
34 39
34 41
34 51
34 56
34 57
34 60
34 63
34 66
34 67
34 71
34 75
34 76
34 78
34 79
34 81
34 85
34 87
34 89
34 94
34 97
35 41
35 46
35 48
35 52
35 57
35 60
35 67
35 83
35 88
35 91
35 92
35 98
36 38
36 40
36 44
36 48
36 50
36 51
36 58
36 64
36 70
36 79
36 81
36 82
36 86
36 89
36 91
37 40
37 42
37 44
37 47
37 52
37 53
37 54
37 55
37 58
37 61
37 63
37 69
37 76
37 77
37 81
37 82
37 86
37 89
37 91
37 92
37 98
38 52
38 53
38 54
38 56
38 59
38 62
38 64
38 66
38 67
38 72
38 74
38 76
38 77
38 80
38 83
38 86
38 87
39 40
39 50
39 56
39 59
39 61
39 68
39 69
39 83
39 84
40 42
40 50
40 51
40 54
40 56
40 58
40 59
40 65
40 73
40 78
40 84
40 87
40 93
40 95
40 98
41 42
41 43
41 47
41 48
41 49
41 52
41 55
41 60
41 66
41 68
41 70
41 74
41 80
41 82
41 97
41 98
42 45
42 50
42 52
42 54
42 56
42 64
42 69
42 70
42 71
42 74
42 76
42 81
42 89
42 90
42 94
42 95
43 45
43 52
43 58
43 65
43 69
43 77
43 78
43 82
43 89
43 90
43 91
43 92
43 96
43 97
44 45
44 51
44 54
44 60
44 61
44 63
44 65
44 69
44 70
44 71
44 73
44 78
44 79
44 81
44 85
44 86
44 88
44 91
44 92
44 98
45 46
45 48
45 54
45 55
45 65
45 66
45 72
45 75
45 89
45 91
45 92
45 93
45 95
45 96
46 58
46 68
46 69
46 72
46 78
46 83
46 85
46 86
46 88
46 89
46 90
46 94
46 99
47 48
47 53
47 54
47 55
47 65
47 74
47 75
47 84
47 88
47 97
47 98
48 49
48 54
48 56
48 59
48 61
48 62
48 65
48 69
48 77
48 83
48 85
48 86
48 92
48 94
49 50
49 56
49 60
49 61
49 65
49 70
49 71
49 72
49 73
49 77
49 82
49 83
49 89
49 92
49 97
49 99
50 51
50 54
50 56
50 60
50 61
50 65
50 73
50 75
50 79
50 84
50 85
50 87
50 88
50 90
50 92
50 95
50 99
51 55
51 64
51 73
51 81
51 83
51 92
51 99
52 54
52 57
52 60
52 62
52 65
52 75
52 85
52 87
52 94
52 95
52 97
52 99
53 56
53 58
53 59
53 60
53 65
53 68
53 70
53 74
53 85
53 89
53 94
53 96
54 56
54 59
54 60
54 65
54 67
54 68
54 74
54 78
54 79
54 84
54 89
54 90
54 94
54 96
55 64
55 66
55 71
55 76
55 83
55 84
55 92
55 95
55 98
56 57
56 59
56 62
56 64
56 67
56 72
56 74
56 79
56 83
56 84
56 86
56 89
56 90
56 92
57 63
57 65
57 67
57 71
57 74
57 78
57 86
57 88
57 90
57 92
57 93
57 98
57 99
58 59
58 60
58 62
58 64
58 69
58 70
58 74
58 75
58 78
58 80
58 81
58 82
58 83
58 88
58 89
58 94
58 96
59 61
59 62
59 63
59 65
59 67
59 71
59 74
59 75
59 87
59 88
59 89
59 90
59 91
59 95
59 97
60 64
60 70
60 71
60 73
60 75
60 77
60 80
60 82
60 91
60 92
60 93
60 97
60 98
60 99
61 62
61 63
61 73
61 75
61 76
61 78
61 79
61 93
62 63
62 68
62 70
62 72
62 75
62 78
62 82
62 83
62 84
62 85
62 91
62 92
62 94
62 98
63 68
63 69
63 70
63 72
63 75
63 77
63 88
63 91
63 95
63 97
63 98
64 69
64 70
64 72
64 73
64 76
64 80
64 81
64 82
64 83
64 85
64 92
64 95
64 96
64 98
65 66
65 71
65 73
65 76
65 77
65 80
65 82
65 85
65 95
65 96
65 97
65 99
66 68
66 72
66 74
66 79
66 81
66 85
66 86
66 87
66 89
66 92
66 95
66 99
67 69
67 85
67 89
67 91
67 93
67 94
67 95
67 97
67 99
68 71
68 75
68 77
68 80
68 82
68 84
68 86
68 87
68 90
68 91
68 97
68 98
69 75
69 76
69 78
69 87
69 89
69 90
69 91
69 93
69 95
69 99
70 71
70 75
70 76
70 81
70 83
70 84
70 87
70 88
70 91
70 96
70 99
71 75
71 81
71 84
71 86
71 92
71 93
71 95
71 97
72 77
72 78
72 79
72 80
72 81
72 84
72 85
72 87
72 94
72 95
72 99
73 74
73 76
73 80
73 81
73 84
73 89
73 91
74 75
74 83
74 87
74 90
74 95
74 99
75 79
75 81
75 83
75 84
75 85
75 87
75 90
75 94
75 95
75 96
75 99
76 81
76 84
76 88
76 89
76 90
76 93
76 94
76 97
76 99
77 79
77 80
77 81
77 84
77 85
77 90
77 93
77 97
77 98
78 87
78 88
78 91
78 92
78 93
79 80
79 83
79 85
79 88
79 89
79 91
79 92
79 94
80 82
80 83
80 86
80 93
80 94
80 96
80 98
81 84
81 86
81 92
81 93
81 94
81 95
81 99
82 84
82 95
82 97
82 99
83 85
83 86
83 87
83 88
83 90
83 92
84 86
84 90
84 93
85 86
85 90
85 92
85 94
85 99
86 88
86 89
86 90
86 91
87 92
87 93
87 94
87 98
87 99
88 96
88 97
88 99
89 92
90 94
90 96
91 93
91 94
91 99
92 94
92 95
92 99
93 97
93 98
93 99
94 97
94 98
95 97
97 99
