0 4
0 7
0 13
0 14
0 15
0 22
0 23
0 32
0 47
0 51
0 52
0 56
0 58
0 59
0 62
0 71
0 74
0 77
0 82
0 96
1 2
1 4
1 10
1 11
1 24
1 31
1 32
1 36
1 48
1 50
1 54
1 58
1 60
1 61
1 62
1 65
1 66
1 74
1 75
1 78
1 92
2 5
2 6
2 8
2 9
2 12
2 22
2 28
2 30
2 31
2 32
2 40
2 43
2 49
2 52
2 56
2 57
2 61
2 65
2 70
2 71
2 72
2 78
2 80
2 82
2 83
2 96
3 6
3 14
3 23
3 33
3 41
3 51
3 61
3 63
3 64
3 66
3 70
3 78
3 82
3 85
3 97
4 9
4 11
4 12
4 14
4 30
4 31
4 41
4 43
4 47
4 57
4 62
4 72
4 73
4 75
4 84
4 85
5 11
5 20
5 24
5 27
5 29
5 33
5 34
5 40
5 41
5 42
5 43
5 46
5 50
5 60
5 62
5 68
5 90
5 92
5 99
6 10
6 17
6 24
6 35
6 37
6 43
6 44
6 50
6 52
6 54
6 66
6 67
6 72
6 76
6 78
6 85
6 88
6 95
7 8
7 9
7 19
7 22
7 26
7 28
7 38
7 44
7 46
7 47
7 52
7 57
7 59
7 64
7 71
7 73
7 77
7 78
7 80
7 86
7 88
7 98
8 9
8 10
8 12
8 14
8 21
8 23
8 25
8 27
8 53
8 62
8 67
8 69
8 71
8 72
8 74
8 78
8 80
8 83
8 92
8 94
8 95
8 98
9 15
9 22
9 28
9 29
9 30
9 33
9 36
9 39
9 40
9 46
9 47
9 49
9 79
9 80
9 86
9 94
10 11
10 17
10 35
10 38
10 48
10 51
10 65
10 67
10 81
10 85
11 12
11 17
11 22
11 23
11 24
11 25
11 31
11 35
11 37
11 42
11 50
11 51
11 52
11 67
11 87
11 92
11 96
12 15
12 22
12 27
12 39
12 44
12 45
12 52
12 54
12 55
12 57
12 67
12 73
12 77
12 90
12 94
12 95
13 26
13 30
13 32
13 37
13 47
13 48
13 55
13 56
13 60
13 62
13 64
13 65
13 68
13 79
13 81
13 83
13 84
13 89
13 96
14 15
14 20
14 25
14 29
14 30
14 34
14 35
14 40
14 45
14 47
14 53
14 62
14 68
14 76
14 85
14 88
14 89
14 90
14 94
14 98
15 17
15 20
15 37
15 38
15 41
15 44
15 60
15 71
15 76
15 83
15 89
15 96
16 21
16 23
16 24
16 39
16 40
16 48
16 54
16 58
16 67
16 84
16 88
16 91
16 93
16 98
17 23
17 24
17 32
17 35
17 36
17 37
17 41
17 42
17 49
17 50
17 54
17 58
17 62
17 68
17 70
17 81
17 88
17 92
17 94
18 43
18 49
18 51
18 54
18 55
18 58
18 61
18 68
18 81
18 84
18 85
18 92
18 93
19 28
19 38
19 41
19 44
19 55
19 58
19 68
19 71
19 75
19 76
19 78
19 79
19 82
19 83
19 84
19 93
19 95
19 99
20 23
20 25
20 26
20 29
20 31
20 33
20 34
20 44
20 45
20 63
20 67
20 70
20 71
20 77
20 86
20 88
20 95
21 24
21 27
21 29
21 30
21 33
21 37
21 42
21 43
21 48
21 50
21 66
21 71
21 73
21 74
21 76
21 86
21 88
22 26
22 27
22 46
22 49
22 73
22 76
22 92
23 33
23 34
23 41
23 49
23 54
23 56
23 57
23 65
23 85
23 95
23 97
24 28
24 32
24 33
24 34
24 38
24 46
24 50
24 57
24 61
24 64
24 66
24 69
24 74
24 75
24 76
24 78
24 84
24 88
24 93
24 97
25 32
25 37
25 41
25 44
25 45
25 46
25 48
25 50
25 52
25 56
25 57
25 59
25 60
25 64
25 69
25 72
25 75
25 79
25 93
25 97
26 29
26 41
26 51
26 70
26 72
26 77
26 81
26 89
26 90
26 92
26 96
27 30
27 33
27 37
27 43
27 48
27 49
27 51
27 57
27 58
27 61
27 64
27 65
27 66
27 70
27 71
27 75
27 77
27 80
27 85
27 91
28 31
28 36
28 40
28 49
28 60
28 67
28 68
28 69
28 70
28 88
28 90
28 91
28 96
28 98
29 45
29 47
29 49
29 50
29 56
29 59
29 71
29 72
29 75
29 77
29 78
29 79
29 89
29 94
30 42
30 51
30 59
30 62
30 67
30 68
30 69
30 79
30 81
30 82
30 89
30 90
30 92
30 94
30 95
31 47
31 51
31 54
31 61
31 83
31 84
31 88
31 94
32 40
32 44
32 50
32 54
32 56
32 57
32 58
32 73
32 81
32 82
32 85
32 89
32 92
32 94
32 97
32 99
33 34
33 35
33 42
33 50
33 54
33 56
33 57
33 59
33 64
33 68
33 73
33 79
33 80
33 81
33 84
33 86
33 89
33 91
33 93
34 38
34 47
34 50
34 51
34 64
34 66
34 75
34 83
34 95
35 43
35 63
35 64
35 65
35 73
35 82
35 83
35 84
35 89
35 96
36 37
36 42
36 43
36 50
36 53
36 59
36 60
36 63
36 67
36 77
36 87
36 91
36 94
36 97
37 44
37 54
37 55
37 57
37 61
37 62
37 79
37 80
37 83
37 95
37 97
38 42
38 44
38 55
38 59
38 62
38 63
38 71
38 81
38 87
38 93
39 43
39 59
39 68
39 74
39 76
39 77
39 79
39 81
39 83
39 86
39 88
40 43
40 44
40 46
40 56
40 63
40 64
40 65
40 66
40 73
40 84
40 93
41 45
41 51
41 56
41 68
41 70
41 84
41 87
41 95
42 49
42 56
42 67
42 69
42 73
42 78
42 81
42 82
42 90
43 45
43 58
43 59
43 62
43 67
43 70
43 72
43 82
43 91
43 98
44 45
44 54
44 57
44 58
44 68
44 70
44 79
44 83
44 87
44 95
44 98
45 46
45 49
45 50
45 60
45 64
45 65
45 67
45 69
45 70
45 71
45 75
45 76
45 88
45 93
46 52
46 54
46 58
46 60
46 64
46 68
46 72
46 75
46 78
46 85
46 88
46 96
46 98
46 99
47 48
47 57
47 58
47 71
47 85
47 86
47 89
47 90
48 53
48 54
48 59
48 63
48 67
48 73
48 77
48 82
48 83
48 87
48 95
49 50
49 54
49 60
49 68
49 77
50 52
50 57
50 62
50 66
50 80
51 53
51 56
51 58
51 59
51 65
51 79
51 84
51 94
52 57
52 59
52 60
52 68
52 71
52 79
52 82
52 83
52 85
52 96
52 98
53 59
53 62
53 63
53 64
53 72
53 73
53 75
53 83
53 87
53 88
53 92
54 55
54 56
54 57
54 59
54 62
54 64
54 69
54 70
54 74
54 75
54 76
54 88
54 92
54 94
54 97
55 59
55 66
55 71
55 81
55 84
55 86
55 88
55 90
55 95
55 96
56 61
56 79
56 82
56 89
56 90
56 92
56 96
57 58
57 60
57 61
57 64
57 72
57 77
57 83
57 85
57 97
58 66
58 76
58 77
58 96
58 99
59 68
59 81
59 85
59 90
60 61
60 62
60 72
60 76
60 83
60 87
60 92
61 79
61 84
61 96
62 71
62 74
62 80
62 81
62 82
62 88
62 94
62 95
63 68
63 71
63 90
64 70
64 87
65 67
65 72
65 74
65 77
65 79
65 82
65 93
65 98
66 69
66 77
66 91
67 69
67 72
67 77
67 78
67 87
67 90
68 69
68 73
68 81
68 83
68 96
69 70
69 71
69 74
69 75
69 77
69 80
69 81
69 90
69 91
69 96
70 71
70 78
70 80
70 81
70 87
70 90
70 98
71 72
71 75
71 79
71 81
71 84
71 88
71 92
72 90
73 78
73 86
73 91
73 92
73 98
74 78
74 81
74 84
74 88
74 89
74 95
74 96
74 98
75 85
76 77
76 86
76 89
76 91
76 92
76 96
76 98
77 82
77 94
77 97
78 79
78 83
78 84
78 86
78 90
78 92
78 99
79 92
79 94
79 95
79 97
79 98
80 90
80 95
80 97
81 86
81 87
81 90
81 98
82 84
82 85
82 89
82 94
82 96
82 99
83 88
83 90
84 90
84 94
84 95
84 97
85 88
85 92
85 96
85 99
86 88
86 89
86 94
86 99
87 89
87 90
87 95
90 91
90 96
91 95
91 97
92 95
92 97
93 97
94 95
94 99
95 96
97 99
