0 4
0 5
0 6
0 7
0 9
0 12
0 13
0 15
0 17
0 21
0 22
0 24
0 25
0 27
0 28
0 31
0 33
0 34
0 35
0 38
0 39
0 40
0 44
0 46
0 47
0 49
0 51
0 52
0 53
0 54
0 56
0 59
0 60
0 62
0 63
0 65
0 66
0 67
0 69
0 70
0 72
0 73
0 75
0 76
0 77
0 79
0 80
0 81
0 86
0 87
0 88
0 92
0 93
0 96
0 97
0 98
0 99
1 3
1 5
1 6
1 8
1 9
1 10
1 11
1 12
1 13
1 15
1 16
1 17
1 18
1 19
1 20
1 21
1 22
1 23
1 24
1 25
1 26
1 30
1 31
1 33
1 34
1 35
1 36
1 38
1 39
1 41
1 43
1 45
1 46
1 49
1 50
1 51
1 52
1 53
1 54
1 55
1 56
1 58
1 59
1 60
1 62
1 63
1 64
1 68
1 69
1 70
1 71
1 73
1 76
1 78
1 79
1 80
1 82
1 83
1 84
1 85
1 86
1 88
1 89
1 92
1 93
1 95
1 98
1 99
2 3
2 4
2 5
2 6
2 7
2 9
2 10
2 11
2 13
2 14
2 15
2 17
2 19
2 21
2 22
2 23
2 24
2 32
2 33
2 35
2 36
2 37
2 38
2 40
2 41
2 42
2 43
2 44
2 48
2 49
2 50
2 52
2 54
2 55
2 58
2 59
2 60
2 62
2 64
2 67
2 69
2 70
2 72
2 73
2 77
2 78
2 80
2 83
2 84
2 86
2 89
2 91
2 92
2 94
2 95
2 96
2 97
2 98
3 4
3 5
3 10
3 11
3 12
3 13
3 15
3 17
3 19
3 20
3 21
3 27
3 28
3 29
3 31
3 32
3 33
3 34
3 35
3 36
3 37
3 39
3 40
3 42
3 43
3 44
3 47
3 48
3 49
3 50
3 51
3 52
3 55
3 58
3 59
3 61
3 62
3 63
3 64
3 66
3 67
3 68
3 69
3 70
3 72
3 73
3 76
3 78
3 81
3 82
3 83
3 84
3 87
3 89
3 90
3 91
3 92
3 95
3 97
3 98
4 6
4 7
4 9
4 10
4 11
4 14
4 16
4 17
4 18
4 20
4 25
4 27
4 29
4 30
4 32
4 33
4 34
4 35
4 36
4 37
4 40
4 41
4 42
4 43
4 45
4 46
4 48
4 50
4 51
4 52
4 53
4 54
4 55
4 56
4 57
4 58
4 59
4 61
4 62
4 64
4 65
4 67
4 69
4 70
4 71
4 72
4 76
4 78
4 79
4 80
4 81
4 82
4 83
4 84
4 85
4 90
4 91
4 92
4 94
4 96
4 97
4 99
5 6
5 7
5 11
5 12
5 13
5 14
5 17
5 18
5 19
5 20
5 21
5 22
5 23
5 24
5 26
5 28
5 30
5 34
5 37
5 38
5 39
5 40
5 41
5 43
5 45
5 46
5 47
5 49
5 52
5 53
5 54
5 55
5 56
5 61
5 62
5 65
5 66
5 69
5 71
5 72
5 73
5 74
5 75
5 76
5 77
5 79
5 80
5 84
5 85
5 86
5 88
5 91
5 92
5 94
5 95
5 96
5 97
6 7
6 9
6 10
6 11
6 12
6 13
6 14
6 15
6 18
6 19
6 22
6 24
6 26
6 27
6 28
6 30
6 31
6 32
6 34
6 35
6 37
6 41
6 43
6 44
6 45
6 46
6 48
6 49
6 51
6 52
6 57
6 59
6 60
6 62
6 66
6 67
6 70
6 71
6 73
6 75
6 76
6 78
6 79
6 80
6 81
6 83
6 86
6 87
6 88
6 89
6 91
6 92
6 93
6 96
6 97
6 99
7 8
7 10
7 11
7 12
7 14
7 15
7 17
7 18
7 19
7 21
7 25
7 26
7 27
7 28
7 30
7 35
7 36
7 37
7 38
7 39
7 40
7 41
7 47
7 49
7 50
7 52
7 53
7 54
7 56
7 58
7 61
7 62
7 63
7 64
7 65
7 68
7 69
7 70
7 73
7 74
7 75
7 76
7 79
7 80
7 81
7 83
7 86
7 87
7 88
7 90
7 93
7 95
7 97
7 98
7 99
8 9
8 10
8 11
8 13
8 18
8 21
8 22
8 23
8 25
8 26
8 27
8 28
8 30
8 31
8 33
8 35
8 37
8 39
8 40
8 41
8 42
8 43
8 44
8 46
8 47
8 48
8 51
8 52
8 53
8 54
8 56
8 57
8 58
8 59
8 61
8 62
8 63
8 65
8 66
8 67
8 69
8 70
8 72
8 73
8 74
8 75
8 76
8 77
8 78
8 80
8 81
8 82
8 83
8 84
8 85
8 87
8 89
8 92
8 93
8 94
8 95
8 97
8 98
8 99
9 10
9 14
9 16
9 18
9 19
9 27
9 29
9 30
9 31
9 33
9 34
9 35
9 38
9 40
9 41
9 43
9 44
9 49
9 50
9 51
9 52
9 53
9 54
9 55
9 57
9 58
9 60
9 61
9 62
9 64
9 65
9 67
9 68
9 70
9 73
9 74
9 75
9 76
9 78
9 81
9 83
9 86
9 88
9 89
9 91
9 94
9 96
9 98
9 99
10 11
10 12
10 15
10 16
10 17
10 18
10 19
10 20
10 22
10 23
10 24
10 25
10 26
10 27
10 28
10 29
10 30
10 33
10 35
10 37
10 38
10 40
10 43
10 44
10 46
10 48
10 49
10 50
10 52
10 54
10 55
10 59
10 60
10 61
10 62
10 63
10 64
10 65
10 66
10 69
10 71
10 73
10 77
10 78
10 80
10 85
10 87
10 88
10 91
10 92
10 93
10 97
10 98
11 12
11 16
11 17
11 18
11 20
11 25
11 28
11 29
11 30
11 33
11 35
11 37
11 38
11 39
11 40
11 42
11 45
11 47
11 48
11 50
11 52
11 53
11 57
11 58
11 59
11 60
11 61
11 63
11 65
11 66
11 70
11 74
11 75
11 76
11 77
11 79
11 80
11 84
11 85
11 86
11 87
11 88
11 90
11 91
11 94
11 96
11 97
11 98
11 99
12 13
12 14
12 17
12 18
12 20
12 22
12 24
12 26
12 28
12 29
12 31
12 33
12 35
12 36
12 39
12 41
12 44
12 45
12 46
12 48
12 49
12 50
12 52
12 55
12 56
12 57
12 59
12 60
12 61
12 62
12 63
12 64
12 65
12 66
12 67
12 68
12 71
12 72
12 74
12 75
12 77
12 79
12 82
12 84
12 85
12 87
12 88
12 90
12 94
12 97
12 99
13 14
13 15
13 19
13 20
13 21
13 23
13 24
13 30
13 31
13 33
13 35
13 38
13 39
13 41
13 44
13 48
13 49
13 51
13 52
13 55
13 56
13 57
13 59
13 60
13 61
13 62
13 64
13 66
13 68
13 69
13 71
13 73
13 74
13 75
13 77
13 78
13 79
13 82
13 83
13 86
13 87
13 89
13 90
13 91
13 93
13 94
13 95
13 97
13 98
13 99
14 15
14 16
14 17
14 18
14 19
14 24
14 25
14 26
14 27
14 29
14 32
14 34
14 35
14 38
14 40
14 41
14 43
14 44
14 45
14 48
14 52
14 53
14 54
14 55
14 57
14 58
14 59
14 60
14 61
14 62
14 65
14 66
14 68
14 71
14 73
14 74
14 75
14 77
14 78
14 80
14 81
14 82
14 83
14 85
14 88
14 89
14 90
14 91
14 93
14 94
14 96
14 97
15 18
15 20
15 21
15 23
15 24
15 25
15 26
15 27
15 31
15 32
15 33
15 34
15 35
15 37
15 39
15 40
15 42
15 43
15 45
15 46
15 47
15 48
15 49
15 50
15 51
15 53
15 54
15 56
15 59
15 61
15 62
15 64
15 65
15 67
15 68
15 70
15 72
15 75
15 76
15 81
15 82
15 83
15 84
15 85
15 86
15 88
15 89
15 91
15 94
15 95
15 96
15 97
16 17
16 18
16 19
16 20
16 22
16 24
16 25
16 26
16 30
16 31
16 32
16 33
16 40
16 41
16 42
16 43
16 46
16 47
16 48
16 52
16 55
16 56
16 58
16 60
16 61
16 62
16 63
16 64
16 66
16 67
16 68
16 69
16 72
16 76
16 80
16 83
16 84
16 85
16 86
16 87
16 88
16 90
16 93
16 97
17 19
17 20
17 21
17 22
17 23
17 25
17 26
17 28
17 29
17 30
17 31
17 32
17 34
17 35
17 37
17 40
17 42
17 43
17 44
17 45
17 48
17 51
17 52
17 53
17 55
17 61
17 62
17 63
17 64
17 65
17 67
17 70
17 73
17 76
17 79
17 80
17 81
17 83
17 84
17 85
17 87
17 91
17 92
17 93
17 96
18 19
18 22
18 25
18 28
18 29
18 31
18 32
18 33
18 34
18 35
18 38
18 40
18 41
18 43
18 46
18 47
18 50
18 53
18 54
18 56
18 57
18 58
18 60
18 61
18 63
18 66
18 68
18 70
18 71
18 72
18 73
18 74
18 76
18 77
18 82
18 83
18 85
18 87
18 88
18 89
18 90
18 94
18 97
18 98
18 99
19 20
19 22
19 23
19 25
19 27
19 29
19 31
19 33
19 35
19 37
19 39
19 43
19 45
19 46
19 48
19 50
19 51
19 53
19 54
19 56
19 57
19 59
19 62
19 64
19 65
19 66
19 69
19 71
19 72
19 77
19 78
19 79
19 80
19 81
19 83
19 85
19 86
19 88
19 89
19 91
19 92
19 97
19 98
20 23
20 24
20 25
20 26
20 27
20 28
20 29
20 31
20 33
20 35
20 37
20 39
20 41
20 43
20 44
20 46
20 48
20 49
20 51
20 53
20 54
20 56
20 59
20 60
20 61
20 63
20 65
20 67
20 68
20 72
20 73
20 74
20 75
20 76
20 78
20 79
20 84
20 85
20 86
20 87
20 89
20 90
20 92
20 98
20 99
21 22
21 23
21 28
21 30
21 32
21 33
21 35
21 41
21 42
21 44
21 45
21 46
21 50
21 52
21 53
21 54
21 56
21 57
21 58
21 60
21 62
21 63
21 64
21 67
21 68
21 69
21 72
21 73
21 75
21 77
21 82
21 83
21 84
21 85
21 87
21 93
21 94
21 95
21 96
21 97
21 99
22 24
22 25
22 27
22 28
22 30
22 31
22 33
22 34
22 36
22 42
22 43
22 44
22 47
22 48
22 50
22 53
22 55
22 56
22 59
22 65
22 66
22 68
22 70
22 71
22 72
22 73
22 76
22 79
22 81
22 85
22 86
22 87
22 88
22 89
22 91
22 95
22 97
22 98
22 99
23 24
23 26
23 27
23 28
23 31
23 32
23 33
23 34
23 35
23 37
23 38
23 39
23 42
23 43
23 45
23 47
23 48
23 49
23 50
23 51
23 53
23 54
23 55
23 56
23 58
23 59
23 61
23 63
23 66
23 68
23 69
23 71
23 72
23 76
23 78
23 80
23 83
23 84
23 86
23 87
23 90
23 91
23 94
23 95
23 96
23 97
23 98
24 25
24 26
24 27
24 28
24 29
24 30
24 33
24 36
24 37
24 39
24 40
24 41
24 42
24 43
24 44
24 45
24 46
24 49
24 50
24 51
24 52
24 56
24 60
24 62
24 64
24 65
24 67
24 68
24 69
24 77
24 78
24 80
24 81
24 82
24 84
24 85
24 86
24 87
24 89
24 90
24 91
24 92
24 93
24 96
24 97
24 98
24 99
25 27
25 28
25 29
25 30
25 31
25 32
25 33
25 34
25 35
25 37
25 38
25 39
25 40
25 43
25 44
25 45
25 48
25 51
25 54
25 55
25 56
25 57
25 58
25 60
25 61
25 65
25 67
25 68
25 73
25 75
25 77
25 78
25 79
25 80
25 83
25 84
25 86
25 88
25 90
25 92
25 94
25 95
25 97
25 99
26 27
26 30
26 32
26 33
26 36
26 43
26 45
26 46
26 50
26 53
26 54
26 56
26 59
26 60
26 62
26 65
26 67
26 68
26 70
26 72
26 74
26 75
26 76
26 80
26 81
26 83
26 84
26 86
26 87
26 88
26 89
26 91
26 92
26 96
26 97
27 28
27 29
27 33
27 34
27 37
27 38
27 40
27 41
27 44
27 45
27 46
27 48
27 50
27 52
27 54
27 55
27 56
27 58
27 60
27 61
27 62
27 64
27 65
27 66
27 67
27 69
27 71
27 74
27 75
27 78
27 80
27 81
27 83
27 86
27 87
27 89
27 90
27 91
27 93
27 94
27 96
27 99
28 29
28 30
28 31
28 35
28 36
28 38
28 40
28 41
28 43
28 44
28 45
28 48
28 49
28 50
28 52
28 57
28 59
28 60
28 61
28 62
28 63
28 64
28 65
28 66
28 67
28 68
28 69
28 70
28 73
28 74
28 77
28 78
28 80
28 81
28 82
28 83
28 84
28 85
28 86
28 87
28 89
28 91
28 93
28 94
28 95
28 99
29 30
29 31
29 34
29 35
29 37
29 38
29 39
29 44
29 47
29 48
29 49
29 51
29 54
29 55
29 58
29 60
29 61
29 63
29 64
29 65
29 66
29 68
29 70
29 71
29 73
29 74
29 75
29 76
29 81
29 84
29 86
29 88
29 89
29 91
29 92
29 93
29 94
29 95
29 97
29 99
30 31
30 32
30 34
30 37
30 38
30 40
30 41
30 42
30 45
30 46
30 47
30 48
30 49
30 51
30 53
30 55
30 56
30 57
30 58
30 60
30 61
30 62
30 64
30 65
30 66
30 68
30 70
30 71
30 75
30 76
30 79
30 80
30 83
30 86
30 88
30 89
30 90
30 91
30 92
30 93
30 94
30 95
30 96
30 97
30 98
30 99
31 33
31 34
31 35
31 36
31 39
31 40
31 41
31 43
31 45
31 46
31 48
31 50
31 51
31 52
31 55
31 56
31 58
31 61
31 63
31 65
31 66
31 67
31 68
31 69
31 72
31 73
31 76
31 78
31 79
31 81
31 83
31 84
31 85
31 87
31 88
31 89
31 90
31 91
31 92
31 94
31 96
31 97
31 98
31 99
32 33
32 34
32 35
32 36
32 38
32 40
32 42
32 43
32 44
32 45
32 46
32 48
32 49
32 52
32 53
32 55
32 58
32 61
32 63
32 64
32 65
32 66
32 67
32 69
32 73
32 76
32 78
32 82
32 83
32 85
32 86
32 88
32 89
32 92
32 93
32 95
32 96
32 99
33 36
33 37
33 44
33 46
33 48
33 49
33 51
33 52
33 55
33 56
33 57
33 59
33 60
33 61
33 64
33 65
33 66
33 67
33 68
33 69
33 72
33 73
33 74
33 76
33 77
33 78
33 80
33 81
33 82
33 89
33 92
33 93
33 94
33 96
33 99
34 36
34 39
34 40
34 41
34 42
34 45
34 47
34 51
34 52
34 53
34 54
34 55
34 57
34 58
34 62
34 64
34 65
34 67
34 68
34 69
34 71
34 73
34 74
34 77
34 78
34 79
34 81
34 82
34 84
34 85
34 86
34 87
34 91
34 92
34 93
34 98
35 36
35 37
35 39
35 41
35 43
35 45
35 46
35 47
35 48
35 49
35 50
35 51
35 52
35 53
35 54
35 55
35 58
35 59
35 60
35 61
35 62
35 63
35 64
35 67
35 68
35 70
35 71
35 73
35 75
35 76
35 77
35 79
35 80
35 82
35 83
35 84
35 87
35 88
35 89
35 90
35 91
35 96
35 97
35 98
35 99
36 37
36 38
36 39
36 40
36 41
36 43
36 44
36 46
36 48
36 51
36 52
36 54
36 55
36 58
36 59
36 60
36 61
36 62
36 63
36 64
36 65
36 66
36 73
36 74
36 75
36 76
36 78
36 79
36 80
36 81
36 83
36 84
36 88
36 90
36 92
36 94
36 95
36 97
36 98
37 38
37 39
37 41
37 43
37 44
37 45
37 49
37 50
37 51
37 52
37 53
37 54
37 55
37 56
37 57
37 58
37 59
37 61
37 62
37 63
37 64
37 65
37 66
37 67
37 68
37 70
37 72
37 74
37 75
37 77
37 81
37 88
37 89
37 90
37 92
37 93
37 95
37 96
37 97
37 98
37 99
38 39
38 41
38 42
38 45
38 46
38 47
38 48
38 50
38 51
38 53
38 54
38 55
38 56
38 58
38 60
38 62
38 63
38 65
38 66
38 69
38 71
38 72
38 73
38 74
38 75
38 77
38 80
38 84
38 88
38 89
38 90
38 91
38 92
38 95
38 96
38 98
38 99
39 40
39 41
39 43
39 44
39 45
39 46
39 49
39 51
39 52
39 53
39 55
39 58
39 59
39 62
39 63
39 64
39 65
39 66
39 67
39 68
39 69
39 70
39 72
39 74
39 75
39 76
39 77
39 79
39 81
39 83
39 84
39 87
39 92
39 94
39 95
39 97
39 98
39 99
40 41
40 42
40 43
40 48
40 50
40 51
40 52
40 53
40 54
40 55
40 59
40 60
40 61
40 64
40 65
40 67
40 69
40 70
40 71
40 73
40 74
40 75
40 77
40 78
40 79
40 80
40 81
40 85
40 86
40 88
40 90
40 94
40 96
40 97
41 45
41 47
41 48
41 51
41 53
41 55
41 59
41 63
41 64
41 69
41 72
41 75
41 76
41 78
41 79
41 81
41 82
41 83
41 84
41 86
41 88
41 90
41 91
41 93
41 98
41 99
42 44
42 46
42 47
42 49
42 50
42 51
42 52
42 54
42 55
42 58
42 60
42 63
42 65
42 69
42 70
42 73
42 74
42 75
42 77
42 79
42 82
42 83
42 85
42 87
42 88
42 89
42 90
42 92
42 93
42 94
42 95
42 96
42 98
43 44
43 45
43 46
43 49
43 50
43 52
43 56
43 62
43 63
43 64
43 66
43 67
43 71
43 72
43 76
43 77
43 78
43 80
43 82
43 83
43 84
43 85
43 86
43 87
43 88
43 89
43 91
43 92
43 93
43 95
43 96
43 97
43 98
43 99
44 45
44 47
44 49
44 50
44 51
44 52
44 53
44 54
44 55
44 56
44 57
44 58
44 59
44 61
44 62
44 64
44 66
44 67
44 68
44 69
44 71
44 76
44 78
44 79
44 81
44 82
44 84
44 85
44 86
44 87
44 91
44 93
44 94
44 95
44 97
44 98
44 99
45 46
45 47
45 49
45 50
45 51
45 55
45 56
45 58
45 59
45 60
45 61
45 62
45 63
45 64
45 65
45 66
45 68
45 69
45 72
45 73
45 74
45 75
45 76
45 77
45 78
45 79
45 81
45 82
45 84
45 85
45 87
45 88
45 89
45 94
45 96
45 97
45 98
45 99
46 48
46 49
46 50
46 51
46 54
46 55
46 56
46 59
46 60
46 61
46 62
46 65
46 66
46 68
46 70
46 71
46 73
46 74
46 77
46 78
46 79
46 81
46 82
46 83
46 87
46 89
46 91
46 92
46 93
46 94
46 95
46 96
46 98
47 50
47 52
47 55
47 57
47 60
47 62
47 64
47 66
47 67
47 68
47 69
47 70
47 72
47 74
47 76
47 77
47 80
47 84
47 87
47 89
47 90
47 91
47 93
47 94
47 96
47 97
47 98
47 99
48 50
48 51
48 55
48 57
48 58
48 60
48 61
48 62
48 63
48 64
48 66
48 68
48 69
48 70
48 74
48 75
48 76
48 79
48 80
48 81
48 83
48 84
48 85
48 88
48 89
48 95
49 50
49 53
49 54
49 55
49 57
49 58
49 60
49 61
49 62
49 63
49 65
49 66
49 68
49 70
49 71
49 74
49 76
49 81
49 83
49 86
49 88
49 89
49 90
49 91
49 93
49 94
49 97
50 51
50 52
50 53
50 54
50 55
50 57
50 59
50 60
50 61
50 63
50 65
50 66
50 67
50 68
50 69
50 71
50 73
50 74
50 77
50 78
50 79
50 80
50 81
50 82
50 84
50 85
50 88
50 90
50 92
50 93
50 94
50 95
50 96
50 98
50 99
51 55
51 60
51 61
51 62
51 64
51 65
51 67
51 68
51 70
51 71
51 73
51 74
51 75
51 77
51 78
51 81
51 83
51 84
51 86
51 87
51 88
51 90
51 91
51 94
51 95
51 96
51 97
51 99
52 55
52 56
52 58
52 59
52 60
52 61
52 63
52 65
52 66
52 68
52 69
52 70
52 71
52 73
52 74
52 75
52 78
52 81
52 82
52 83
52 85
52 87
52 88
52 90
52 91
52 93
52 94
52 97
52 98
52 99
53 55
53 57
53 59
53 61
53 62
53 64
53 65
53 66
53 67
53 68
53 69
53 71
53 72
53 73
53 74
53 75
53 77
53 78
53 79
53 80
53 82
53 87
53 88
53 89
53 91
53 93
53 94
53 95
53 96
53 97
53 99
54 56
54 58
54 60
54 61
54 64
54 65
54 66
54 67
54 69
54 70
54 73
54 74
54 75
54 76
54 78
54 79
54 80
54 81
54 82
54 83
54 84
54 87
54 88
54 89
54 90
54 92
54 93
54 95
54 99
55 56
55 57
55 62
55 65
55 66
55 67
55 68
55 69
55 73
55 75
55 76
55 77
55 78
55 82
55 83
55 84
55 89
55 94
55 95
55 97
55 98
56 58
56 62
56 64
56 65
56 67
56 68
56 70
56 71
56 73
56 81
56 82
56 83
56 85
56 88
56 89
56 90
56 91
56 92
56 93
56 94
56 96
56 98
56 99
57 60
57 61
57 62
57 64
57 65
57 66
57 67
57 70
57 71
57 74
57 78
57 79
57 81
57 82
57 83
57 85
57 86
57 87
57 88
57 89
57 91
57 92
57 94
57 96
58 62
58 67
58 69
58 72
58 73
58 76
58 77
58 79
58 80
58 82
58 83
58 87
58 89
58 91
58 92
58 93
58 94
58 96
58 97
58 98
58 99
59 60
59 61
59 63
59 69
59 72
59 73
59 74
59 75
59 76
59 77
59 80
59 82
59 86
59 87
59 88
59 89
59 90
59 91
59 92
59 93
59 94
59 95
59 96
59 97
60 61
60 62
60 63
60 64
60 65
60 66
60 70
60 73
60 74
60 76
60 78
60 79
60 80
60 81
60 82
60 84
60 85
60 86
60 88
60 89
60 93
60 95
60 97
60 98
61 62
61 63
61 64
61 65
61 67
61 68
61 70
61 72
61 74
61 80
61 82
61 84
61 85
61 88
61 89
61 91
61 92
61 94
61 97
61 99
62 64
62 65
62 66
62 68
62 69
62 71
62 72
62 74
62 76
62 78
62 79
62 80
62 82
62 83
62 84
62 85
62 86
62 87
62 90
62 91
62 92
62 93
62 95
62 96
62 97
62 98
62 99
63 65
63 66
63 69
63 70
63 75
63 78
63 79
63 80
63 81
63 85
63 87
63 88
63 91
63 92
63 93
63 94
63 95
63 98
63 99
64 66
64 67
64 70
64 71
64 72
64 75
64 76
64 77
64 80
64 83
64 85
64 86
64 87
64 89
64 90
64 93
64 95
64 96
64 99
65 66
65 67
65 68
65 72
65 73
65 74
65 75
65 76
65 77
65 78
65 79
65 80
65 82
65 83
65 84
65 88
65 89
65 91
65 92
65 93
65 94
65 96
65 97
65 98
66 68
66 69
66 70
66 71
66 72
66 74
66 75
66 78
66 79
66 80
66 81
66 83
66 85
66 86
66 87
66 88
66 89
66 90
66 93
66 94
66 95
66 96
66 97
66 99
67 68
67 69
67 70
67 72
67 73
67 75
67 78
67 79
67 80
67 81
67 82
67 84
67 85
67 86
67 88
67 89
67 93
67 96
67 97
67 98
67 99
68 70
68 71
68 74
68 77
68 78
68 80
68 81
68 82
68 83
68 84
68 87
68 88
68 89
68 90
68 94
68 96
68 97
68 98
68 99
69 70
69 71
69 72
69 73
69 74
69 76
69 77
69 78
69 79
69 80
69 82
69 83
69 84
69 86
69 88
69 90
69 91
69 94
69 95
69 96
69 97
69 99
70 71
70 74
70 75
70 76
70 77
70 82
70 83
70 86
70 91
70 92
70 93
70 95
70 97
70 98
70 99
71 72
71 74
71 75
71 77
71 78
71 79
71 80
71 83
71 86
71 88
71 91
71 94
71 95
71 98
72 74
72 75
72 76
72 79
72 82
72 83
72 85
72 86
72 88
72 89
72 90
72 92
72 93
72 94
72 96
72 98
73 74
73 76
73 77
73 79
73 82
73 83
73 85
73 87
73 89
73 91
73 92
73 93
73 94
73 95
73 97
73 98
73 99
74 76
74 78
74 79
74 82
74 86
74 88
74 89
74 91
74 97
75 78
75 79
75 80
75 83
75 89
75 90
75 95
75 97
75 99
76 77
76 78
76 81
76 82
76 86
76 87
76 94
76 95
76 96
77 78
77 81
77 82
77 84
77 85
77 87
77 88
77 89
77 91
77 93
77 95
77 97
77 98
77 99
78 80
78 81
78 83
78 84
78 87
78 88
78 91
78 93
78 95
78 96
79 81
79 83
79 84
79 85
79 86
79 87
79 88
79 90
79 91
79 92
79 96
79 97
80 82
80 83
80 84
80 85
80 86
80 89
80 90
80 92
80 93
80 94
80 95
80 97
80 99
81 84
81 86
81 88
81 89
81 90
81 91
81 93
81 94
82 84
82 86
82 87
82 88
82 91
82 92
82 93
82 94
82 95
82 96
82 97
82 98
83 84
83 86
83 87
83 88
83 89
83 92
83 93
83 95
83 96
83 97
84 85
84 87
84 91
84 94
84 95
84 96
84 97
85 86
85 88
85 89
85 91
85 92
85 93
85 94
85 96
85 99
86 87
86 88
86 89
86 90
86 91
86 92
86 93
86 95
86 96
86 99
87 89
87 90
87 92
87 93
87 96
87 99
88 89
88 91
88 93
88 94
88 95
88 97
88 99
89 90
89 92
89 93
89 94
89 95
89 96
89 98
89 99
90 91
90 92
90 93
90 94
90 95
90 99
91 92
91 93
91 94
91 97
91 98
92 93
92 97
92 98
92 99
93 94
93 96
93 97
93 98
93 99
94 95
94 98
94 99
95 96
95 98
95 99
96 97
96 98
96 99
