0 3
0 10
0 15
0 19
0 20
0 23
0 24
0 30
0 33
0 35
0 36
0 39
0 40
0 42
0 46
0 49
0 51
0 54
0 56
0 59
0 69
0 76
0 78
0 79
0 81
0 83
0 85
0 88
0 89
0 98
1 6
1 10
1 12
1 13
1 15
1 17
1 23
1 26
1 30
1 36
1 39
1 42
1 43
1 44
1 49
1 51
1 52
1 56
1 57
1 60
1 70
1 73
1 75
1 88
1 95
1 98
1 99
2 3
2 5
2 14
2 18
2 19
2 20
2 22
2 24
2 26
2 28
2 30
2 32
2 38
2 43
2 45
2 53
2 54
2 67
2 69
2 74
2 80
2 84
2 85
2 86
2 88
2 91
2 94
2 99
3 7
3 8
3 9
3 11
3 13
3 15
3 19
3 23
3 28
3 35
3 38
3 41
3 49
3 51
3 54
3 57
3 64
3 66
3 73
3 75
3 80
3 82
3 97
3 98
4 13
4 15
4 16
4 18
4 22
4 24
4 31
4 36
4 37
4 38
4 39
4 40
4 41
4 44
4 46
4 53
4 58
4 63
4 65
4 66
4 70
4 71
4 80
4 87
4 88
4 89
4 97
5 10
5 12
5 18
5 32
5 37
5 41
5 43
5 44
5 48
5 58
5 60
5 61
5 64
5 65
5 71
5 74
5 82
5 83
5 84
5 85
5 86
5 89
5 94
5 96
5 97
6 8
6 11
6 19
6 27
6 32
6 33
6 44
6 46
6 54
6 55
6 56
6 61
6 63
6 64
6 72
6 74
6 75
6 76
6 83
6 85
6 86
6 89
6 96
7 8
7 10
7 12
7 13
7 16
7 17
7 24
7 28
7 30
7 31
7 34
7 36
7 40
7 43
7 45
7 59
7 62
7 67
7 72
7 80
7 84
7 85
7 86
7 89
7 90
7 99
8 9
8 13
8 14
8 16
8 19
8 21
8 25
8 27
8 29
8 31
8 36
8 41
8 42
8 51
8 58
8 63
8 65
8 70
8 71
8 78
8 86
8 88
8 96
8 97
8 99
9 10
9 17
9 18
9 21
9 27
9 30
9 46
9 48
9 49
9 57
9 58
9 59
9 62
9 64
9 74
9 75
9 76
9 81
9 83
9 86
9 87
9 89
9 90
9 94
9 99
10 12
10 18
10 21
10 23
10 26
10 27
10 29
10 40
10 41
10 43
10 49
10 52
10 54
10 58
10 63
10 66
10 67
10 71
10 72
10 73
10 74
10 84
10 87
10 89
10 92
10 95
10 96
11 12
11 15
11 16
11 29
11 30
11 34
11 36
11 38
11 47
11 52
11 56
11 62
11 63
11 65
11 67
11 69
11 70
11 73
11 80
11 89
11 93
12 13
12 14
12 17
12 19
12 22
12 28
12 36
12 38
12 44
12 46
12 50
12 51
12 53
12 57
12 58
12 60
12 66
12 68
12 70
12 82
12 89
12 90
12 91
13 18
13 20
13 27
13 29
13 30
13 34
13 37
13 39
13 43
13 45
13 55
13 58
13 60
13 61
13 62
13 65
13 67
13 71
13 72
13 76
13 79
13 84
13 87
13 89
13 91
13 98
14 17
14 22
14 25
14 26
14 28
14 29
14 34
14 36
14 40
14 41
14 43
14 45
14 47
14 48
14 53
14 54
14 58
14 62
14 64
14 65
14 67
14 69
14 72
14 75
14 76
14 78
14 79
14 81
14 82
14 83
14 85
14 86
14 89
14 92
14 98
14 99
15 17
15 20
15 25
15 27
15 37
15 39
15 41
15 46
15 49
15 52
15 53
15 54
15 55
15 56
15 57
15 58
15 59
15 61
15 62
15 74
15 75
15 79
15 81
15 83
15 85
15 86
15 89
15 91
15 94
15 95
15 96
15 98
16 20
16 29
16 32
16 34
16 35
16 36
16 38
16 44
16 46
16 49
16 51
16 52
16 57
16 62
16 63
16 64
16 65
16 66
16 68
16 71
16 72
16 78
16 79
16 80
16 86
16 87
16 88
16 89
16 99
17 18
17 28
17 31
17 41
17 47
17 48
17 49
17 50
17 52
17 54
17 57
17 59
17 68
17 70
17 71
17 73
17 75
17 80
17 84
17 87
17 94
17 97
18 21
18 27
18 35
18 40
18 41
18 43
18 44
18 50
18 53
18 62
18 65
18 67
18 81
18 83
18 95
18 96
18 97
19 20
19 21
19 25
19 27
19 30
19 31
19 43
19 49
19 55
19 60
19 62
19 65
19 68
19 70
19 73
19 82
19 83
19 84
19 86
19 92
19 96
19 97
20 21
20 22
20 26
20 30
20 36
20 46
20 48
20 49
20 57
20 60
20 62
20 67
20 71
20 73
20 79
20 80
20 86
20 87
20 90
20 92
20 96
20 98
21 23
21 25
21 27
21 34
21 37
21 40
21 41
21 48
21 59
21 60
21 61
21 62
21 63
21 65
21 66
21 68
21 74
21 76
21 82
21 83
21 84
21 85
21 92
21 93
22 26
22 27
22 28
22 35
22 44
22 45
22 47
22 48
22 54
22 58
22 66
22 67
22 70
22 71
22 74
22 75
22 76
22 77
22 79
22 93
22 94
22 97
22 98
22 99
23 24
23 25
23 30
23 32
23 34
23 35
23 42
23 46
23 48
23 52
23 57
23 68
23 70
23 71
23 72
23 75
23 76
23 82
23 83
23 88
23 90
23 92
23 99
24 25
24 27
24 36
24 40
24 41
24 46
24 49
24 53
24 59
24 62
24 65
24 68
24 73
24 76
24 78
24 79
24 84
24 86
24 88
24 90
24 92
24 96
24 99
25 28
25 31
25 37
25 39
25 43
25 47
25 51
25 57
25 59
25 68
25 70
25 74
25 75
25 76
25 77
25 82
25 92
25 94
25 95
26 28
26 29
26 32
26 37
26 38
26 44
26 46
26 49
26 52
26 56
26 57
26 59
26 60
26 69
26 70
26 76
26 78
26 84
26 85
26 88
26 89
26 91
26 92
26 93
26 97
27 38
27 45
27 46
27 48
27 51
27 52
27 53
27 55
27 58
27 59
27 60
27 67
27 68
27 69
27 70
27 75
27 76
27 82
27 88
27 93
28 29
28 30
28 31
28 32
28 34
28 38
28 39
28 44
28 47
28 58
28 60
28 64
28 66
28 72
28 74
28 80
28 81
28 82
28 89
28 90
28 92
28 94
28 96
28 97
29 34
29 38
29 40
29 42
29 44
29 46
29 51
29 60
29 64
29 65
29 67
29 68
29 73
29 76
29 80
29 82
29 86
29 87
29 88
29 89
29 90
29 91
29 94
29 95
29 98
30 32
30 34
30 36
30 38
30 39
30 41
30 43
30 44
30 48
30 53
30 57
30 61
30 62
30 63
30 67
30 68
30 71
30 74
30 75
30 78
30 86
30 88
30 89
30 90
30 93
30 95
30 97
31 35
31 46
31 53
31 57
31 59
31 60
31 63
31 64
31 71
31 74
31 76
31 80
31 87
31 88
31 94
32 35
32 38
32 41
32 42
32 44
32 45
32 49
32 72
32 73
32 80
32 84
32 85
32 89
32 91
32 94
32 95
32 97
33 36
33 43
33 51
33 52
33 53
33 64
33 65
33 66
33 69
33 70
33 71
33 73
33 75
33 76
33 77
33 78
33 80
33 81
33 83
33 88
33 90
33 94
33 96
33 98
34 38
34 41
34 42
34 45
34 48
34 49
34 55
34 56
34 57
34 58
34 59
34 60
34 63
34 64
34 65
34 69
34 72
34 77
34 79
34 80
34 83
34 84
34 85
34 87
34 90
34 98
34 99
35 43
35 45
35 48
35 49
35 51
35 52
35 53
35 60
35 62
35 63
35 68
35 69
35 72
35 74
35 75
35 79
35 80
35 85
35 88
35 92
35 93
36 37
36 38
36 39
36 41
36 43
36 48
36 49
36 54
36 56
36 64
36 66
36 70
36 72
36 75
36 77
36 82
36 85
36 87
36 89
36 92
36 94
36 99
37 38
37 40
37 42
37 45
37 46
37 48
37 49
37 52
37 57
37 62
37 66
37 67
37 69
37 70
37 75
37 79
37 90
37 96
37 99
38 42
38 50
38 55
38 56
38 76
38 80
38 83
38 85
38 87
38 89
38 94
38 95
39 40
39 48
39 50
39 55
39 57
39 59
39 62
39 64
39 69
39 73
39 76
39 80
39 85
39 88
39 95
39 99
40 42
40 45
40 47
40 48
40 54
40 58
40 61
40 63
40 69
40 78
40 82
40 92
40 94
41 43
41 44
41 45
41 46
41 54
41 57
41 58
41 60
41 68
41 71
41 72
41 74
41 78
41 80
41 82
41 83
41 93
42 43
42 46
42 50
42 54
42 55
42 56
42 59
42 61
42 62
42 63
42 65
42 66
42 72
42 74
42 76
42 77
42 79
42 80
42 81
42 83
42 88
42 93
42 94
42 99
43 45
43 50
43 51
43 54
43 62
43 63
43 64
43 66
43 67
43 68
43 70
43 71
43 74
43 77
43 82
43 84
43 87
43 90
43 97
44 48
44 54
44 57
44 60
44 66
44 73
44 77
44 78
44 80
44 82
44 84
44 87
44 88
44 90
44 94
44 97
45 46
45 51
45 59
45 64
45 67
45 73
45 78
45 84
45 85
45 97
45 98
45 99
46 49
46 51
46 52
46 58
46 64
46 68
46 74
46 75
46 77
46 78
46 79
46 82
46 85
46 86
46 90
46 92
46 95
46 99
47 48
47 50
47 57
47 60
47 61
47 62
47 63
47 66
47 71
47 76
47 78
47 83
47 84
47 86
47 88
47 91
47 95
47 96
48 55
48 56
48 58
48 63
48 64
48 65
48 66
48 70
48 76
48 79
48 81
48 85
48 88
48 93
48 94
48 95
49 50
49 52
49 55
49 57
49 58
49 65
49 75
49 77
49 78
49 82
49 92
49 93
49 94
50 52
50 56
50 57
50 59
50 61
50 64
50 78
50 79
50 84
50 85
50 86
50 93
50 95
50 96
51 52
51 54
51 59
51 61
51 62
51 64
51 73
51 75
51 76
51 84
51 85
51 90
51 92
51 95
52 61
52 64
52 66
52 70
52 77
52 78
52 83
52 92
52 96
52 97
53 55
53 56
53 66
53 67
53 70
53 71
53 77
53 79
53 81
53 84
53 86
53 89
53 90
53 94
53 95
53 98
54 55
54 56
54 57
54 60
54 61
54 64
54 66
54 68
54 72
54 73
54 76
54 78
54 80
54 81
54 82
54 90
54 91
54 96
54 98
54 99
55 56
55 62
55 64
55 68
55 71
55 73
55 79
55 88
55 90
55 93
55 97
55 99
56 58
56 59
56 61
56 63
56 65
56 72
56 75
56 77
56 78
56 81
56 84
56 87
56 92
56 93
57 61
57 62
57 65
57 66
57 67
57 69
57 70
57 75
57 77
57 78
57 79
57 83
57 85
57 88
57 89
57 90
57 91
57 92
57 93
57 94
58 59
58 62
58 63
58 65
58 67
58 69
58 73
58 75
58 78
58 79
58 80
58 81
58 84
58 85
58 89
59 60
59 62
59 75
59 79
59 85
59 90
59 95
59 96
60 61
60 72
60 73
60 75
60 76
60 82
60 86
60 89
60 91
60 92
61 64
61 65
61 66
61 68
61 74
61 76
61 79
61 88
61 90
61 91
61 92
61 94
61 95
61 99
62 63
62 66
62 67
62 78
62 83
62 86
62 87
62 92
62 97
63 64
63 67
63 71
63 78
63 80
63 87
63 92
63 94
63 95
63 98
64 67
64 74
64 76
64 78
64 83
64 84
64 87
65 66
65 69
65 71
65 72
65 75
65 78
65 82
65 93
65 97
66 69
66 70
66 74
66 78
66 79
66 84
66 85
66 97
66 98
67 71
67 74
67 76
67 77
67 79
67 80
67 86
67 89
67 92
67 93
67 97
67 98
68 72
68 73
68 76
68 78
68 80
68 81
68 82
68 85
68 87
68 90
68 92
68 99
69 79
69 82
69 83
69 87
69 89
69 95
69 98
69 99
70 71
70 72
70 73
70 79
70 80
70 84
70 86
70 87
70 92
70 96
70 97
71 74
71 75
71 79
71 81
71 83
71 84
71 86
71 88
71 89
71 95
72 73
72 82
72 84
72 88
72 93
73 74
73 78
73 79
73 80
73 91
73 94
74 75
74 80
74 83
74 84
74 86
74 93
74 98
74 99
75 76
75 78
75 86
75 88
75 93
75 98
75 99
76 78
76 79
76 82
76 85
76 87
76 93
76 94
76 96
77 82
77 85
77 86
77 90
77 94
78 79
78 81
78 82
78 83
78 87
78 95
78 96
78 97
78 99
79 82
79 85
79 87
79 89
79 94
79 96
79 97
79 98
80 82
80 83
80 84
80 86
80 87
80 88
80 91
80 92
81 82
81 89
81 90
81 91
81 97
82 83
82 84
82 89
82 93
82 94
82 95
82 99
83 86
83 89
83 90
83 93
83 96
84 97
84 99
85 87
85 89
85 92
85 97
85 98
86 92
86 93
86 94
86 95
86 97
86 98
86 99
87 88
87 89
87 90
87 91
87 92
87 93
88 91
88 92
88 93
88 94
88 97
88 98
88 99
89 90
89 91
89 92
89 94
90 91
90 96
91 92
91 93
91 98
92 94
92 99
93 94
93 98
94 95
94 97
94 98
95 98
96 97
96 98
