0 1
0 3
0 5
0 6
0 7
0 9
0 10
0 11
0 12
0 14
0 15
0 19
0 21
0 23
0 25
0 26
0 32
0 34
0 35
0 37
0 43
0 45
0 54
0 55
0 56
0 57
0 59
0 60
0 61
0 62
0 63
0 65
0 69
0 70
0 73
0 74
0 75
0 76
0 77
0 78
0 82
0 83
0 84
0 85
0 87
0 88
0 91
0 95
0 98
1 2
1 3
1 9
1 12
1 13
1 14
1 15
1 17
1 19
1 20
1 25
1 26
1 27
1 28
1 30
1 32
1 33
1 35
1 36
1 37
1 38
1 41
1 42
1 45
1 47
1 48
1 50
1 51
1 55
1 56
1 57
1 58
1 59
1 60
1 63
1 64
1 67
1 68
1 72
1 73
1 77
1 80
1 81
1 83
1 87
1 88
1 89
1 97
2 3
2 6
2 9
2 10
2 12
2 13
2 15
2 20
2 23
2 25
2 29
2 30
2 32
2 34
2 35
2 36
2 37
2 38
2 40
2 45
2 48
2 55
2 56
2 59
2 64
2 65
2 67
2 69
2 70
2 71
2 72
2 73
2 74
2 77
2 78
2 79
2 80
2 81
2 82
2 84
2 85
2 86
2 88
2 89
2 90
2 91
2 92
2 95
2 99
3 5
3 6
3 7
3 12
3 14
3 18
3 20
3 21
3 24
3 25
3 27
3 29
3 30
3 33
3 38
3 42
3 43
3 44
3 45
3 47
3 50
3 51
3 52
3 55
3 59
3 60
3 62
3 70
3 71
3 74
3 75
3 76
3 79
3 81
3 83
3 85
3 89
3 92
3 93
3 95
3 96
3 99
4 5
4 6
4 7
4 8
4 10
4 17
4 18
4 19
4 20
4 21
4 22
4 23
4 26
4 27
4 29
4 31
4 35
4 36
4 38
4 40
4 41
4 49
4 52
4 53
4 55
4 56
4 57
4 60
4 61
4 65
4 66
4 67
4 68
4 70
4 72
4 73
4 77
4 80
4 83
4 84
4 86
4 89
4 94
4 95
4 96
4 97
4 99
5 10
5 11
5 12
5 13
5 15
5 16
5 18
5 20
5 22
5 23
5 26
5 30
5 31
5 33
5 34
5 36
5 38
5 39
5 40
5 42
5 44
5 45
5 46
5 47
5 48
5 52
5 53
5 54
5 56
5 58
5 61
5 63
5 64
5 65
5 66
5 68
5 69
5 70
5 72
5 74
5 78
5 80
5 84
5 86
5 88
5 92
5 93
5 96
5 97
5 99
6 8
6 9
6 11
6 20
6 21
6 22
6 27
6 29
6 31
6 35
6 37
6 38
6 40
6 42
6 49
6 50
6 52
6 53
6 54
6 55
6 56
6 59
6 60
6 67
6 69
6 70
6 71
6 72
6 74
6 76
6 77
6 80
6 81
6 87
6 89
6 91
6 93
6 96
6 97
7 9
7 11
7 13
7 14
7 15
7 18
7 19
7 20
7 23
7 24
7 25
7 27
7 29
7 30
7 33
7 34
7 35
7 36
7 37
7 40
7 48
7 51
7 52
7 53
7 54
7 60
7 62
7 63
7 64
7 65
7 66
7 68
7 73
7 76
7 78
7 79
7 80
7 81
7 85
7 86
7 87
7 89
7 97
8 10
8 11
8 12
8 14
8 15
8 20
8 24
8 25
8 26
8 31
8 33
8 37
8 38
8 39
8 41
8 42
8 43
8 47
8 48
8 50
8 52
8 54
8 55
8 60
8 65
8 74
8 75
8 76
8 77
8 78
8 82
8 83
8 85
8 87
8 89
8 91
8 93
8 94
8 95
8 96
8 97
8 98
9 12
9 15
9 16
9 17
9 18
9 19
9 20
9 21
9 23
9 25
9 28
9 29
9 31
9 33
9 35
9 36
9 37
9 39
9 40
9 42
9 45
9 46
9 47
9 48
9 50
9 52
9 53
9 55
9 56
9 58
9 61
9 63
9 64
9 65
9 66
9 68
9 69
9 71
9 72
9 76
9 84
9 85
9 86
9 88
9 90
9 93
9 95
9 96
9 97
9 99
10 16
10 17
10 20
10 21
10 30
10 32
10 34
10 36
10 37
10 38
10 39
10 40
10 42
10 43
10 44
10 47
10 48
10 51
10 56
10 58
10 61
10 64
10 67
10 68
10 72
10 74
10 77
10 80
10 83
10 85
10 86
10 87
10 88
10 90
10 91
10 92
10 94
10 97
10 98
10 99
11 16
11 17
11 19
11 21
11 22
11 23
11 28
11 29
11 34
11 35
11 37
11 39
11 41
11 44
11 47
11 48
11 49
11 50
11 51
11 53
11 55
11 56
11 59
11 65
11 66
11 71
11 74
11 75
11 76
11 79
11 81
11 83
11 87
11 91
11 93
11 98
12 13
12 17
12 19
12 27
12 28
12 29
12 34
12 35
12 36
12 38
12 39
12 41
12 42
12 45
12 46
12 47
12 49
12 50
12 54
12 55
12 56
12 57
12 60
12 61
12 62
12 64
12 65
12 67
12 68
12 69
12 70
12 72
12 73
12 74
12 83
12 85
12 86
12 87
12 88
12 93
12 95
12 98
13 14
13 18
13 21
13 23
13 24
13 25
13 26
13 27
13 34
13 38
13 39
13 40
13 41
13 44
13 46
13 47
13 48
13 50
13 55
13 56
13 59
13 61
13 62
13 63
13 64
13 65
13 68
13 70
13 76
13 77
13 80
13 84
13 88
13 93
13 95
13 96
13 97
13 98
14 15
14 16
14 17
14 19
14 20
14 21
14 22
14 23
14 24
14 25
14 27
14 28
14 29
14 31
14 33
14 35
14 37
14 39
14 40
14 41
14 42
14 45
14 50
14 51
14 55
14 56
14 57
14 58
14 60
14 62
14 66
14 67
14 69
14 70
14 72
14 76
14 77
14 78
14 80
14 81
14 85
14 86
14 87
14 88
14 90
14 91
14 92
14 93
14 95
14 98
14 99
15 20
15 24
15 27
15 29
15 34
15 37
15 39
15 40
15 42
15 43
15 46
15 47
15 48
15 49
15 51
15 52
15 53
15 56
15 59
15 60
15 62
15 64
15 66
15 67
15 68
15 70
15 74
15 86
15 89
15 90
15 91
15 92
15 93
15 94
15 95
15 97
15 99
16 19
16 22
16 23
16 26
16 28
16 29
16 30
16 32
16 34
16 35
16 38
16 42
16 48
16 49
16 51
16 52
16 54
16 55
16 57
16 58
16 59
16 60
16 61
16 63
16 64
16 66
16 67
16 69
16 70
16 71
16 74
16 75
16 76
16 81
16 82
16 83
16 85
16 90
16 91
16 92
16 95
16 99
17 18
17 20
17 21
17 22
17 23
17 24
17 27
17 29
17 31
17 38
17 41
17 42
17 45
17 46
17 47
17 48
17 49
17 50
17 52
17 53
17 56
17 57
17 59
17 60
17 63
17 64
17 65
17 70
17 71
17 72
17 75
17 83
17 84
17 86
17 89
17 93
17 94
17 95
17 96
17 97
17 98
18 19
18 21
18 26
18 27
18 29
18 32
18 33
18 34
18 35
18 36
18 37
18 38
18 39
18 40
18 45
18 47
18 50
18 51
18 53
18 54
18 55
18 56
18 57
18 58
18 64
18 65
18 66
18 71
18 79
18 80
18 82
18 84
18 85
18 88
18 89
18 90
18 93
18 94
18 95
18 98
18 99
19 24
19 25
19 27
19 28
19 30
19 31
19 32
19 33
19 35
19 36
19 41
19 45
19 46
19 47
19 50
19 54
19 57
19 58
19 59
19 60
19 65
19 67
19 70
19 71
19 72
19 75
19 76
19 79
19 80
19 83
19 84
19 86
19 89
19 90
19 96
20 22
20 24
20 25
20 27
20 29
20 30
20 37
20 41
20 49
20 50
20 53
20 54
20 55
20 58
20 64
20 68
20 70
20 73
20 74
20 76
20 78
20 79
20 80
20 81
20 87
20 89
20 91
20 92
20 93
20 96
20 99
21 22
21 23
21 26
21 27
21 28
21 30
21 32
21 33
21 36
21 37
21 39
21 41
21 44
21 45
21 46
21 51
21 52
21 59
21 61
21 62
21 64
21 65
21 67
21 68
21 70
21 72
21 74
21 77
21 78
21 80
21 85
21 86
21 88
21 89
21 92
21 94
21 95
22 23
22 26
22 27
22 28
22 29
22 31
22 32
22 36
22 37
22 40
22 41
22 43
22 44
22 45
22 46
22 47
22 49
22 51
22 54
22 56
22 57
22 58
22 60
22 62
22 63
22 65
22 66
22 67
22 69
22 71
22 73
22 75
22 76
22 77
22 79
22 80
22 81
22 83
22 88
22 89
22 90
22 92
22 93
22 94
22 95
22 97
22 98
23 24
23 26
23 28
23 29
23 30
23 34
23 35
23 36
23 38
23 40
23 41
23 43
23 44
23 45
23 47
23 48
23 49
23 51
23 53
23 56
23 57
23 58
23 62
23 63
23 64
23 66
23 67
23 70
23 71
23 72
23 73
23 74
23 75
23 76
23 78
23 80
23 82
23 87
23 88
23 89
23 90
23 91
23 93
23 95
23 97
23 99
24 25
24 26
24 28
24 30
24 31
24 32
24 34
24 36
24 37
24 38
24 40
24 41
24 42
24 45
24 46
24 48
24 49
24 50
24 51
24 52
24 55
24 57
24 58
24 60
24 64
24 66
24 70
24 72
24 73
24 74
24 76
24 81
24 82
24 84
24 85
24 87
24 95
24 97
25 26
25 27
25 29
25 32
25 34
25 35
25 36
25 40
25 42
25 47
25 49
25 60
25 61
25 63
25 67
25 68
25 74
25 77
25 78
25 80
25 81
25 84
25 86
25 87
25 89
25 92
25 94
25 95
25 97
25 98
25 99
26 27
26 29
26 31
26 32
26 33
26 36
26 37
26 38
26 39
26 40
26 45
26 47
26 48
26 49
26 50
26 51
26 52
26 54
26 56
26 60
26 61
26 62
26 64
26 68
26 69
26 70
26 73
26 75
26 76
26 78
26 85
26 86
26 88
26 89
26 91
26 93
26 94
26 98
26 99
27 28
27 31
27 36
27 37
27 40
27 41
27 42
27 43
27 44
27 46
27 51
27 60
27 66
27 67
27 70
27 71
27 72
27 73
27 75
27 76
27 77
27 78
27 81
27 83
27 85
27 86
27 89
27 90
27 91
27 94
27 97
27 99
28 29
28 30
28 31
28 33
28 34
28 39
28 40
28 41
28 42
28 43
28 45
28 49
28 50
28 51
28 55
28 57
28 58
28 62
28 64
28 65
28 66
28 70
28 71
28 75
28 76
28 77
28 78
28 79
28 81
28 83
28 84
28 85
28 86
28 87
28 90
28 92
28 93
28 95
28 96
28 98
29 30
29 32
29 34
29 36
29 37
29 38
29 39
29 40
29 41
29 42
29 44
29 46
29 48
29 50
29 53
29 55
29 58
29 63
29 65
29 66
29 67
29 69
29 72
29 73
29 75
29 77
29 79
29 81
29 82
29 83
29 85
29 87
29 88
29 90
29 91
29 96
29 97
29 98
29 99
30 31
30 36
30 38
30 39
30 44
30 48
30 50
30 53
30 54
30 55
30 56
30 57
30 59
30 61
30 62
30 64
30 67
30 69
30 70
30 71
30 76
30 80
30 83
30 84
30 87
30 89
30 95
30 96
30 97
31 35
31 36
31 38
31 39
31 41
31 42
31 45
31 46
31 48
31 49
31 52
31 53
31 55
31 56
31 62
31 63
31 66
31 67
31 68
31 70
31 71
31 72
31 73
31 74
31 77
31 78
31 79
31 80
31 81
31 84
31 85
31 86
31 87
31 89
31 90
31 91
31 92
31 94
31 95
32 33
32 38
32 41
32 42
32 43
32 44
32 45
32 49
32 50
32 51
32 55
32 57
32 59
32 61
32 63
32 64
32 70
32 72
32 74
32 75
32 79
32 80
32 82
32 83
32 84
32 85
32 86
32 87
32 88
32 90
32 95
32 97
32 98
33 34
33 35
33 36
33 37
33 38
33 39
33 40
33 41
33 42
33 43
33 45
33 46
33 48
33 50
33 51
33 53
33 55
33 56
33 57
33 58
33 60
33 61
33 62
33 64
33 65
33 69
33 70
33 71
33 72
33 73
33 74
33 77
33 80
33 82
33 83
33 84
33 86
33 87
33 89
33 91
33 94
33 95
33 96
33 98
33 99
34 39
34 42
34 43
34 44
34 46
34 48
34 49
34 50
34 55
34 56
34 58
34 59
34 61
34 62
34 65
34 68
34 69
34 70
34 72
34 77
34 79
34 80
34 83
34 85
34 86
34 87
34 91
34 97
35 36
35 38
35 41
35 44
35 54
35 55
35 57
35 59
35 62
35 64
35 65
35 66
35 71
35 77
35 78
35 79
35 82
35 84
35 85
35 86
35 90
35 92
35 95
35 96
35 97
35 99
36 37
36 38
36 39
36 40
36 41
36 42
36 43
36 45
36 46
36 52
36 53
36 54
36 55
36 56
36 58
36 61
36 63
36 64
36 65
36 66
36 67
36 68
36 69
36 72
36 73
36 76
36 78
36 80
36 81
36 82
36 83
36 85
36 90
36 92
36 94
36 96
36 98
36 99
37 39
37 40
37 42
37 43
37 46
37 47
37 48
37 50
37 51
37 52
37 54
37 56
37 57
37 58
37 61
37 62
37 66
37 67
37 69
37 70
37 71
37 73
37 76
37 79
37 80
37 81
37 83
37 85
37 89
37 91
37 92
37 93
37 95
37 98
38 39
38 40
38 41
38 44
38 45
38 46
38 47
38 48
38 50
38 54
38 55
38 56
38 58
38 59
38 61
38 62
38 67
38 71
38 72
38 73
38 75
38 76
38 77
38 78
38 79
38 80
38 81
38 85
38 87
38 90
38 92
38 93
38 95
38 98
39 41
39 42
39 44
39 46
39 47
39 51
39 54
39 57
39 58
39 61
39 65
39 66
39 68
39 69
39 70
39 75
39 76
39 79
39 81
39 83
39 90
39 96
39 97
39 99
40 41
40 42
40 43
40 44
40 47
40 48
40 50
40 52
40 53
40 55
40 59
40 64
40 68
40 69
40 75
40 77
40 78
40 79
40 80
40 81
40 83
40 86
40 88
40 90
40 92
40 95
40 96
40 97
41 46
41 48
41 49
41 50
41 54
41 55
41 57
41 58
41 60
41 61
41 64
41 67
41 68
41 69
41 71
41 73
41 75
41 76
41 77
41 78
41 79
41 80
41 81
41 82
41 83
41 86
41 87
41 88
41 89
41 92
41 94
41 97
42 43
42 45
42 46
42 47
42 48
42 51
42 52
42 53
42 55
42 56
42 58
42 59
42 60
42 61
42 62
42 72
42 74
42 75
42 76
42 77
42 78
42 79
42 81
42 85
42 86
42 87
42 88
42 91
42 93
42 94
42 95
42 96
43 44
43 45
43 46
43 47
43 52
43 54
43 61
43 64
43 68
43 76
43 77
43 78
43 80
43 81
43 83
43 85
43 87
43 91
43 92
43 96
43 99
44 45
44 46
44 48
44 52
44 54
44 56
44 58
44 59
44 62
44 65
44 67
44 68
44 69
44 70
44 71
44 73
44 75
44 76
44 77
44 78
44 81
44 82
44 83
44 85
44 89
44 92
44 94
44 95
44 96
44 97
44 99
45 48
45 49
45 51
45 55
45 60
45 62
45 65
45 66
45 70
45 72
45 75
45 77
45 78
45 80
45 81
45 82
45 84
45 90
45 92
45 93
45 98
45 99
46 47
46 48
46 51
46 54
46 56
46 58
46 60
46 62
46 66
46 68
46 69
46 70
46 71
46 73
46 75
46 76
46 78
46 81
46 84
46 85
46 86
46 87
46 88
46 90
46 92
46 93
46 94
46 95
46 96
46 97
46 98
46 99
47 49
47 50
47 51
47 59
47 60
47 63
47 67
47 69
47 72
47 73
47 74
47 75
47 76
47 79
47 81
47 82
47 86
47 87
47 89
47 92
47 93
47 96
47 97
48 51
48 53
48 54
48 55
48 57
48 61
48 62
48 63
48 65
48 67
48 68
48 71
48 73
48 75
48 77
48 79
48 80
48 83
48 86
48 90
48 92
48 93
48 94
48 95
48 97
48 98
48 99
49 52
49 54
49 57
49 58
49 59
49 62
49 63
49 65
49 66
49 67
49 71
49 73
49 76
49 77
49 80
49 82
49 91
49 92
49 95
49 96
49 99
50 53
50 56
50 58
50 59
50 60
50 62
50 63
50 65
50 71
50 73
50 74
50 76
50 77
50 80
50 81
50 83
50 86
50 90
50 94
50 95
50 96
51 52
51 56
51 58
51 61
51 62
51 63
51 68
51 72
51 74
51 76
51 77
51 83
51 85
51 87
51 90
51 91
51 92
51 93
51 94
51 95
51 97
52 54
52 55
52 56
52 57
52 58
52 59
52 61
52 63
52 64
52 65
52 67
52 68
52 69
52 71
52 72
52 73
52 76
52 77
52 80
52 81
52 84
52 86
52 87
52 89
52 90
52 93
52 94
52 95
52 96
52 98
52 99
53 54
53 55
53 57
53 59
53 63
53 64
53 65
53 67
53 68
53 70
53 72
53 76
53 79
53 84
53 88
53 89
53 92
53 95
53 96
53 97
53 98
54 59
54 60
54 63
54 64
54 68
54 71
54 72
54 73
54 76
54 77
54 78
54 85
54 90
54 92
54 93
54 97
54 99
55 59
55 60
55 62
55 67
55 69
55 71
55 80
55 81
55 83
55 87
55 88
55 90
55 91
55 93
55 98
56 58
56 59
56 61
56 63
56 64
56 65
56 66
56 72
56 73
56 75
56 76
56 77
56 78
56 80
56 81
56 82
56 84
56 85
56 86
56 90
56 92
56 93
56 95
56 97
56 98
57 62
57 63
57 64
57 66
57 70
57 71
57 74
57 77
57 83
57 85
57 88
57 90
57 91
57 94
57 95
57 97
57 98
57 99
58 59
58 62
58 63
58 65
58 66
58 67
58 68
58 72
58 74
58 76
58 77
58 79
58 80
58 83
58 84
58 85
58 88
58 90
58 91
58 94
58 95
58 96
58 98
59 60
59 62
59 63
59 64
59 65
59 67
59 74
59 75
59 76
59 78
59 79
59 83
59 85
59 86
59 87
59 89
59 91
59 93
59 95
59 96
59 97
59 98
60 61
60 62
60 64
60 69
60 71
60 83
60 85
60 88
60 89
60 90
60 91
60 95
60 96
60 97
60 98
61 62
61 63
61 68
61 71
61 72
61 73
61 74
61 77
61 78
61 79
61 80
61 82
61 85
61 86
61 87
61 90
61 91
61 95
61 96
61 99
62 64
62 65
62 66
62 68
62 69
62 70
62 73
62 76
62 77
62 78
62 79
62 80
62 81
62 83
62 85
62 90
62 91
62 92
62 93
62 95
62 96
62 98
63 64
63 66
63 67
63 68
63 69
63 70
63 71
63 72
63 73
63 76
63 77
63 80
63 84
63 85
63 86
63 87
63 90
63 92
63 93
63 96
63 97
64 65
64 66
64 68
64 70
64 71
64 72
64 76
64 78
64 82
64 85
64 87
64 89
64 90
64 91
64 95
64 97
65 66
65 67
65 69
65 78
65 80
65 81
65 82
65 85
65 86
65 87
65 89
65 91
65 93
65 94
65 96
65 99
66 70
66 71
66 73
66 75
66 76
66 78
66 79
66 80
66 81
66 86
66 87
66 89
66 91
66 93
66 96
67 72
67 75
67 76
67 77
67 79
67 80
67 82
67 83
67 86
67 88
67 90
67 92
67 93
67 94
67 95
67 97
67 99
68 70
68 72
68 75
68 79
68 81
68 85
68 86
68 87
68 89
68 90
68 91
68 94
68 99
69 70
69 71
69 72
69 76
69 77
69 84
69 85
69 91
69 92
69 93
69 95
69 98
70 71
70 75
70 76
70 77
70 78
70 80
70 81
70 82
70 84
70 85
70 86
70 89
70 90
70 91
70 92
70 93
70 95
70 97
70 98
71 72
71 78
71 81
71 83
71 86
71 88
72 74
72 76
72 79
72 80
72 81
72 84
72 85
72 86
72 87
72 89
72 90
72 92
72 93
72 94
72 97
72 98
72 99
73 76
73 79
73 82
73 87
73 88
73 89
73 90
73 91
73 94
73 96
73 98
73 99
74 75
74 76
74 77
74 80
74 81
74 88
74 90
74 92
74 94
74 95
74 96
74 97
74 98
74 99
75 77
75 80
75 83
75 86
75 87
75 89
75 90
75 97
75 99
76 78
76 79
76 81
76 82
76 83
76 85
76 86
76 88
76 90
76 91
76 92
76 94
76 97
76 98
77 80
77 81
77 82
77 83
77 85
77 90
77 91
77 92
77 94
77 95
77 96
78 79
78 82
78 86
78 87
78 88
78 89
78 90
78 93
78 96
78 97
78 98
78 99
79 80
79 82
79 84
79 86
79 87
79 89
79 92
79 93
79 94
79 95
79 97
80 81
80 83
80 84
80 85
80 89
80 90
80 91
80 92
80 93
80 94
80 95
80 98
81 82
81 83
81 85
81 88
81 89
81 91
81 92
81 94
81 95
81 96
81 97
81 99
82 83
82 85
82 87
82 89
82 90
82 95
83 85
83 86
83 87
83 90
83 91
83 95
83 96
84 86
84 88
84 89
84 93
84 96
85 86
85 87
85 88
85 89
85 90
85 96
85 98
85 99
86 88
86 94
86 97
87 88
87 92
87 94
87 96
88 89
88 90
88 91
88 95
88 96
88 98
88 99
89 92
89 94
89 96
89 97
89 98
90 93
90 97
90 99
91 92
91 95
91 98
91 99
92 93
92 95
92 96
92 98
93 95
93 96
93 97
93 98
93 99
94 98
95 96
95 97
95 98
96 99
