0 1
0 3
0 5
0 8
0 10
0 11
0 13
0 17
0 18
0 19
0 20
0 21
0 22
0 25
0 27
0 28
0 29
0 32
0 33
0 34
0 35
0 36
0 39
0 45
0 48
0 49
0 52
0 54
0 57
0 60
0 67
0 68
0 70
0 71
0 72
0 74
0 77
0 84
0 85
0 86
0 87
0 89
0 90
0 91
0 92
0 94
0 98
1 4
1 6
1 7
1 9
1 10
1 11
1 13
1 18
1 21
1 24
1 38
1 39
1 40
1 43
1 46
1 48
1 55
1 56
1 58
1 60
1 63
1 76
1 77
1 82
1 86
1 91
1 92
1 93
1 95
1 98
1 99
2 4
2 5
2 7
2 8
2 13
2 16
2 20
2 26
2 29
2 32
2 33
2 37
2 39
2 40
2 42
2 43
2 46
2 50
2 51
2 52
2 53
2 56
2 57
2 58
2 59
2 72
2 74
2 76
2 78
2 79
2 82
2 83
2 84
2 85
2 90
2 91
2 93
2 97
2 99
3 4
3 6
3 7
3 8
3 10
3 13
3 15
3 16
3 17
3 19
3 21
3 24
3 26
3 27
3 33
3 38
3 40
3 41
3 42
3 48
3 49
3 51
3 52
3 53
3 54
3 59
3 63
3 65
3 66
3 70
3 74
3 77
3 79
3 81
3 83
3 86
3 88
3 91
3 92
3 93
3 96
3 97
4 7
4 10
4 12
4 15
4 18
4 19
4 21
4 22
4 23
4 27
4 28
4 30
4 32
4 33
4 35
4 38
4 39
4 41
4 42
4 43
4 45
4 48
4 50
4 52
4 59
4 62
4 63
4 70
4 73
4 74
4 75
4 76
4 78
4 83
4 84
4 87
4 89
4 90
4 93
4 95
5 10
5 24
5 35
5 37
5 42
5 44
5 46
5 49
5 50
5 53
5 55
5 58
5 60
5 62
5 64
5 65
5 74
5 75
5 77
5 85
5 89
5 93
5 94
5 98
5 99
6 7
6 10
6 21
6 23
6 25
6 26
6 28
6 30
6 35
6 40
6 41
6 43
6 44
6 46
6 47
6 51
6 52
6 56
6 57
6 58
6 62
6 66
6 72
6 75
6 76
6 77
6 78
6 80
6 82
6 85
6 87
6 91
6 92
7 8
7 9
7 10
7 12
7 13
7 14
7 17
7 19
7 22
7 23
7 24
7 25
7 26
7 27
7 31
7 39
7 47
7 48
7 49
7 51
7 52
7 53
7 54
7 55
7 56
7 58
7 59
7 60
7 65
7 67
7 69
7 70
7 71
7 72
7 79
7 80
7 81
7 82
7 85
7 86
7 87
7 90
7 91
7 93
7 95
7 97
8 9
8 10
8 14
8 16
8 18
8 22
8 26
8 32
8 33
8 36
8 39
8 41
8 42
8 45
8 47
8 53
8 54
8 56
8 58
8 59
8 60
8 61
8 62
8 66
8 69
8 70
8 71
8 76
8 77
8 79
8 80
8 82
8 83
8 85
8 87
8 91
8 92
8 93
8 94
8 96
8 98
9 10
9 12
9 13
9 14
9 18
9 19
9 21
9 22
9 23
9 26
9 30
9 33
9 34
9 37
9 38
9 39
9 43
9 45
9 49
9 54
9 58
9 59
9 60
9 61
9 64
9 65
9 70
9 73
9 77
9 79
9 81
9 85
9 86
9 89
9 90
9 91
9 93
9 94
9 95
10 14
10 16
10 17
10 20
10 22
10 24
10 31
10 32
10 33
10 37
10 40
10 42
10 43
10 46
10 53
10 59
10 60
10 63
10 64
10 66
10 69
10 71
10 72
10 76
10 83
10 85
10 87
10 88
10 89
10 90
10 94
10 97
11 13
11 17
11 19
11 20
11 23
11 24
11 31
11 32
11 36
11 39
11 40
11 41
11 44
11 48
11 49
11 51
11 54
11 55
11 57
11 58
11 59
11 60
11 63
11 64
11 66
11 67
11 69
11 73
11 75
11 76
11 79
11 82
11 83
11 87
11 88
11 91
11 92
11 99
12 17
12 21
12 25
12 26
12 30
12 32
12 38
12 41
12 42
12 48
12 50
12 52
12 54
12 56
12 58
12 60
12 61
12 65
12 66
12 67
12 68
12 73
12 75
12 76
12 83
12 87
12 89
12 91
12 92
12 93
12 95
13 21
13 23
13 24
13 25
13 32
13 33
13 35
13 37
13 39
13 40
13 45
13 50
13 52
13 54
13 55
13 58
13 64
13 69
13 70
13 73
13 74
13 80
13 82
13 84
13 85
13 90
13 92
13 94
13 97
13 99
14 26
14 31
14 35
14 36
14 37
14 39
14 42
14 47
14 48
14 50
14 52
14 56
14 62
14 63
14 68
14 69
14 71
14 72
14 74
14 76
14 81
14 85
14 88
14 91
14 94
14 97
15 17
15 22
15 23
15 25
15 26
15 27
15 28
15 29
15 33
15 36
15 39
15 42
15 46
15 47
15 50
15 53
15 60
15 62
15 63
15 66
15 67
15 68
15 69
15 71
15 72
15 80
15 86
15 89
15 91
15 92
15 93
15 96
15 99
16 19
16 22
16 23
16 26
16 27
16 28
16 30
16 31
16 33
16 34
16 40
16 41
16 46
16 49
16 52
16 54
16 58
16 64
16 66
16 67
16 68
16 71
16 72
16 81
16 82
16 84
16 86
16 87
16 88
16 91
16 92
16 94
16 98
17 20
17 21
17 24
17 25
17 28
17 29
17 32
17 34
17 36
17 38
17 46
17 48
17 49
17 50
17 52
17 53
17 62
17 65
17 66
17 67
17 68
17 70
17 71
17 73
17 76
17 81
17 83
17 85
17 86
17 90
17 91
17 95
17 96
17 97
17 98
18 26
18 29
18 34
18 35
18 37
18 38
18 41
18 46
18 48
18 49
18 51
18 58
18 63
18 64
18 66
18 68
18 69
18 70
18 74
18 79
18 80
18 83
18 84
18 87
18 88
18 93
18 95
19 22
19 23
19 26
19 28
19 30
19 39
19 40
19 42
19 44
19 52
19 54
19 56
19 58
19 62
19 64
19 66
19 67
19 68
19 75
19 78
19 79
19 82
19 83
19 84
19 88
19 90
19 91
19 93
19 94
19 95
19 96
19 97
19 99
20 23
20 24
20 25
20 31
20 36
20 38
20 39
20 42
20 43
20 44
20 45
20 46
20 48
20 49
20 53
20 57
20 61
20 62
20 63
20 65
20 68
20 71
20 75
20 76
20 80
20 82
20 83
20 86
20 87
20 92
20 93
21 25
21 26
21 27
21 29
21 30
21 31
21 34
21 35
21 44
21 45
21 47
21 48
21 50
21 51
21 53
21 54
21 55
21 56
21 57
21 60
21 65
21 66
21 72
21 78
21 79
21 80
21 81
21 85
21 86
21 89
21 91
21 93
21 94
21 96
21 97
21 98
22 23
22 25
22 29
22 32
22 41
22 44
22 47
22 53
22 54
22 59
22 71
22 72
22 74
22 75
22 76
22 77
22 79
22 80
22 81
22 83
22 84
22 86
22 87
22 88
22 89
22 93
22 95
22 96
22 99
23 25
23 28
23 29
23 30
23 33
23 34
23 36
23 37
23 39
23 46
23 48
23 51
23 52
23 55
23 58
23 61
23 63
23 65
23 70
23 71
23 72
23 74
23 75
23 76
23 77
23 84
23 87
23 88
23 90
23 91
23 93
23 94
23 95
24 28
24 32
24 39
24 40
24 42
24 43
24 44
24 45
24 48
24 49
24 53
24 58
24 62
24 63
24 67
24 71
24 79
24 80
24 81
24 82
24 85
24 86
24 89
24 90
24 93
24 94
24 95
24 99
25 28
25 32
25 33
25 34
25 35
25 36
25 37
25 41
25 42
25 53
25 56
25 58
25 59
25 62
25 65
25 66
25 67
25 69
25 72
25 76
25 81
25 83
25 85
25 87
25 94
25 99
26 28
26 32
26 36
26 37
26 39
26 43
26 44
26 45
26 46
26 48
26 51
26 52
26 53
26 54
26 57
26 60
26 66
26 76
26 79
26 82
26 87
26 88
26 90
26 91
26 92
26 93
26 94
26 96
26 97
26 98
27 29
27 30
27 32
27 33
27 37
27 44
27 45
27 46
27 51
27 57
27 60
27 61
27 65
27 69
27 71
27 72
27 73
27 76
27 78
27 80
27 81
27 84
27 85
27 87
27 89
28 30
28 31
28 33
28 35
28 41
28 45
28 47
28 51
28 52
28 57
28 60
28 62
28 63
28 64
28 65
28 66
28 68
28 72
28 74
28 77
28 78
28 81
28 83
28 95
29 32
29 33
29 39
29 44
29 46
29 49
29 55
29 61
29 66
29 69
29 70
29 71
29 72
29 73
29 76
29 78
29 83
29 84
29 91
29 94
29 98
30 34
30 35
30 39
30 47
30 50
30 51
30 52
30 53
30 61
30 64
30 66
30 68
30 70
30 72
30 73
30 75
30 76
30 77
30 78
30 79
30 82
30 87
30 89
30 90
30 91
30 92
30 96
30 97
30 98
30 99
31 36
31 42
31 45
31 51
31 54
31 55
31 59
31 64
31 66
31 68
31 72
31 73
31 78
31 79
31 80
31 82
31 85
31 91
31 92
31 93
31 94
31 95
32 36
32 38
32 39
32 43
32 45
32 50
32 52
32 53
32 54
32 55
32 56
32 57
32 64
32 66
32 69
32 70
32 74
32 76
32 78
32 80
32 87
32 91
32 93
32 94
33 36
33 39
33 45
33 47
33 49
33 51
33 55
33 59
33 60
33 61
33 62
33 65
33 66
33 68
33 69
33 70
33 73
33 74
33 75
33 76
33 78
33 80
33 82
33 83
33 84
33 85
33 86
33 90
33 91
33 93
33 96
33 99
34 40
34 41
34 42
34 44
34 45
34 46
34 48
34 52
34 55
34 57
34 59
34 61
34 65
34 72
34 77
34 79
34 80
34 81
34 83
34 84
34 85
34 86
34 88
34 89
34 92
34 93
34 95
35 36
35 37
35 38
35 46
35 47
35 50
35 52
35 54
35 56
35 60
35 61
35 64
35 66
35 67
35 70
35 71
35 74
35 78
35 79
35 80
35 81
35 84
35 87
35 89
35 90
35 91
35 92
35 93
35 94
35 95
35 96
36 37
36 43
36 46
36 48
36 49
36 50
36 51
36 56
36 57
36 60
36 61
36 62
36 63
36 64
36 65
36 66
36 68
36 69
36 70
36 73
36 74
36 75
36 76
36 77
36 79
36 83
36 87
36 96
37 39
37 42
37 44
37 48
37 51
37 52
37 53
37 54
37 56
37 59
37 60
37 63
37 65
37 67
37 68
37 69
37 71
37 72
37 74
37 77
37 79
37 80
37 81
37 82
37 83
37 86
37 90
37 91
37 93
37 94
37 96
37 98
38 39
38 41
38 43
38 45
38 46
38 50
38 51
38 52
38 53
38 54
38 58
38 62
38 64
38 65
38 66
38 67
38 68
38 72
38 73
38 74
38 77
38 82
38 83
38 86
38 92
38 98
39 40
39 45
39 46
39 47
39 52
39 53
39 54
39 59
39 64
39 65
39 68
39 71
39 77
39 79
39 81
39 89
39 95
39 96
39 97
39 99
40 48
40 51
40 55
40 67
40 69
40 72
40 73
40 81
40 82
40 83
40 86
40 89
40 91
40 94
41 42
41 48
41 49
41 54
41 55
41 60
41 61
41 62
41 68
41 71
41 72
41 75
41 78
41 79
41 80
41 81
41 82
41 83
41 85
41 86
41 90
41 93
41 95
41 97
41 98
42 43
42 44
42 47
42 49
42 52
42 55
42 62
42 63
42 66
42 67
42 68
42 71
42 72
42 74
42 77
42 81
42 83
42 84
42 87
42 88
42 90
42 93
42 94
42 97
43 44
43 45
43 48
43 49
43 50
43 53
43 54
43 56
43 57
43 58
43 60
43 61
43 63
43 66
43 70
43 71
43 86
43 87
43 89
43 90
43 96
43 97
43 99
44 45
44 48
44 50
44 52
44 53
44 57
44 58
44 59
44 65
44 66
44 67
44 70
44 72
44 76
44 78
44 81
44 83
44 87
44 89
44 90
44 92
44 94
44 97
44 99
45 47
45 49
45 51
45 59
45 60
45 64
45 69
45 71
45 72
45 73
45 75
45 79
45 80
45 82
45 83
45 84
45 87
45 89
45 91
45 92
45 94
45 96
45 98
46 49
46 57
46 60
46 61
46 62
46 65
46 66
46 69
46 72
46 76
46 80
46 81
46 84
46 87
46 89
46 91
46 95
46 97
46 99
47 48
47 49
47 50
47 53
47 54
47 56
47 57
47 58
47 59
47 61
47 65
47 69
47 70
47 75
47 76
47 78
47 81
47 82
47 84
47 89
47 92
47 95
47 96
48 51
48 54
48 61
48 62
48 66
48 67
48 72
48 73
48 75
48 76
48 77
48 81
48 82
48 83
48 84
48 86
48 88
48 90
48 94
49 51
49 53
49 54
49 55
49 56
49 57
49 59
49 60
49 69
49 70
49 71
49 73
49 80
49 82
49 83
49 93
49 99
50 53
50 54
50 60
50 63
50 64
50 65
50 67
50 73
50 74
50 80
50 82
50 83
50 86
50 88
50 89
50 92
51 53
51 54
51 57
51 59
51 60
51 65
51 66
51 70
51 72
51 79
51 80
51 83
51 84
51 86
51 91
51 93
51 94
51 96
51 97
51 98
52 54
52 57
52 63
52 64
52 65
52 66
52 69
52 71
52 73
52 74
52 75
52 76
52 79
52 82
52 86
52 87
52 90
52 92
52 99
53 56
53 57
53 58
53 60
53 63
53 71
53 72
53 79
53 81
53 82
53 86
53 89
53 91
53 94
53 96
53 97
54 55
54 59
54 61
54 72
54 73
54 75
54 76
54 83
54 90
54 93
54 95
54 96
54 97
55 58
55 59
55 68
55 69
55 70
55 74
55 75
55 85
55 94
55 95
55 97
56 58
56 62
56 64
56 66
56 73
56 76
56 79
56 83
56 84
56 86
56 89
56 90
56 93
56 96
57 60
57 61
57 65
57 66
57 68
57 72
57 75
57 77
57 78
57 80
57 81
57 83
57 84
57 86
57 89
57 92
57 93
57 94
57 97
57 99
58 60
58 66
58 68
58 71
58 75
58 78
58 79
58 81
58 82
58 83
58 89
58 93
58 94
58 96
59 60
59 64
59 70
59 71
59 73
59 74
59 75
59 76
59 77
59 86
59 87
59 91
59 92
59 95
59 97
59 98
59 99
60 61
60 62
60 63
60 65
60 68
60 73
60 74
60 76
60 84
60 86
60 87
60 88
60 89
60 93
60 96
61 63
61 64
61 66
61 67
61 70
61 71
61 72
61 73
61 77
61 80
61 81
61 84
61 87
61 88
61 90
61 91
61 92
61 93
61 96
61 98
62 64
62 66
62 69
62 71
62 73
62 75
62 78
62 79
62 84
62 86
62 88
62 89
62 93
62 94
62 96
62 97
62 99
63 65
63 71
63 73
63 78
63 80
63 85
63 88
63 89
63 91
63 94
63 95
63 97
63 98
64 67
64 68
64 69
64 71
64 72
64 73
64 76
64 77
64 78
64 81
64 82
64 83
64 86
64 90
64 91
64 92
64 94
65 67
65 70
65 72
65 73
65 74
65 76
65 78
65 81
65 82
65 84
65 87
65 90
65 91
65 96
65 99
66 69
66 71
66 72
66 73
66 75
66 78
66 79
66 82
66 83
66 85
66 87
66 89
66 92
66 95
66 96
66 98
67 68
67 70
67 78
67 79
67 81
67 89
67 92
67 95
67 96
67 97
67 98
68 69
68 70
68 73
68 74
68 80
68 83
68 84
68 86
68 87
68 88
68 89
68 92
68 93
68 95
68 97
68 99
69 72
69 73
69 77
69 81
69 82
69 84
69 86
69 87
69 91
69 92
69 93
69 94
69 96
69 99
70 72
70 73
70 75
70 76
70 80
70 82
70 83
70 84
70 85
70 93
70 94
70 97
70 98
71 75
71 76
71 77
71 78
71 81
71 82
71 83
71 84
71 91
71 96
71 98
72 73
72 74
72 75
72 77
72 79
72 82
72 84
72 90
72 91
72 96
72 97
72 98
72 99
73 75
73 77
73 78
73 81
73 82
73 83
73 84
73 91
73 93
73 94
73 98
74 77
74 79
74 84
74 86
74 90
74 95
74 98
75 79
75 83
75 84
75 88
75 90
75 92
75 93
75 94
75 97
76 77
76 78
76 80
76 82
76 87
76 88
76 90
76 91
76 92
76 95
76 96
76 97
76 99
77 82
77 83
77 87
77 91
77 94
77 95
77 99
78 80
78 81
78 82
78 88
78 92
78 93
78 95
78 96
78 99
79 81
79 87
79 90
79 91
79 93
79 98
80 84
80 85
80 86
80 88
80 89
80 90
80 93
80 94
80 99
81 84
81 85
81 86
81 90
81 92
81 94
81 96
81 97
81 98
82 84
82 91
82 93
82 95
82 97
82 98
82 99
83 86
83 90
83 91
83 92
83 94
83 95
83 96
83 99
84 87
84 89
84 91
84 92
84 95
84 96
84 97
85 93
85 95
85 97
86 87
86 88
86 91
86 96
86 97
86 99
87 94
87 95
88 91
88 95
88 96
88 97
89 90
89 91
89 93
89 99
90 91
90 92
90 93
90 95
90 96
91 92
91 94
91 97
92 96
92 97
93 95
93 96
93 97
93 99
94 95
94 97
94 99
95 99
96 97
