0 4
0 5
0 7
0 8
0 12
0 13
0 15
0 19
0 20
0 22
0 28
0 29
0 31
0 34
0 35
0 36
0 39
0 41
0 44
0 48
0 49
0 55
0 56
0 58
0 59
0 62
0 63
0 64
0 65
0 66
0 69
0 71
0 73
0 75
0 78
0 79
0 92
1 2
1 4
1 5
1 7
1 8
1 9
1 10
1 12
1 14
1 15
1 19
1 34
1 38
1 39
1 45
1 50
1 51
1 54
1 56
1 61
1 62
1 63
1 66
1 70
1 73
1 77
1 80
1 81
1 87
1 89
1 93
1 96
2 7
2 9
2 11
2 13
2 14
2 24
2 30
2 31
2 32
2 33
2 34
2 38
2 42
2 47
2 51
2 52
2 62
2 63
2 65
2 68
2 71
2 74
2 82
2 87
2 89
2 94
2 95
2 96
3 6
3 10
3 21
3 22
3 32
3 39
3 46
3 48
3 50
3 51
3 52
3 59
3 64
3 66
3 67
3 68
3 72
3 77
3 81
3 85
3 87
3 95
3 96
3 97
3 99
4 6
4 13
4 14
4 16
4 17
4 22
4 28
4 29
4 30
4 31
4 32
4 33
4 36
4 43
4 44
4 46
4 48
4 50
4 51
4 53
4 58
4 59
4 62
4 63
4 79
4 80
4 82
4 85
4 87
4 88
4 90
4 91
4 92
4 93
4 94
4 96
4 97
4 99
5 6
5 7
5 10
5 15
5 18
5 21
5 22
5 23
5 30
5 33
5 37
5 41
5 42
5 46
5 50
5 52
5 58
5 64
5 67
5 70
5 72
5 75
5 77
5 78
5 79
5 82
5 83
5 85
5 89
5 90
5 91
5 97
5 99
6 11
6 13
6 15
6 16
6 18
6 19
6 21
6 26
6 27
6 30
6 32
6 33
6 37
6 40
6 41
6 42
6 44
6 45
6 47
6 48
6 50
6 52
6 54
6 55
6 58
6 59
6 61
6 65
6 71
6 77
6 79
6 87
6 88
6 94
6 97
6 98
7 8
7 12
7 15
7 21
7 22
7 27
7 37
7 42
7 44
7 46
7 48
7 50
7 51
7 53
7 55
7 57
7 61
7 65
7 68
7 69
7 70
7 73
7 81
7 91
7 93
7 97
7 98
8 9
8 12
8 13
8 15
8 16
8 18
8 19
8 21
8 22
8 27
8 29
8 31
8 32
8 37
8 40
8 41
8 42
8 43
8 44
8 54
8 55
8 57
8 63
8 64
8 73
8 77
8 79
8 84
8 88
8 89
8 90
8 92
8 96
8 97
8 99
9 11
9 17
9 24
9 27
9 36
9 37
9 40
9 43
9 44
9 48
9 50
9 51
9 53
9 54
9 55
9 57
9 58
9 60
9 69
9 74
9 76
9 89
9 91
9 94
9 95
9 96
9 99
10 11
10 12
10 15
10 17
10 18
10 21
10 28
10 35
10 37
10 41
10 46
10 47
10 48
10 53
10 56
10 60
10 61
10 68
10 69
10 70
10 76
10 77
10 78
10 81
10 86
10 88
10 89
10 91
10 99
11 12
11 13
11 17
11 18
11 22
11 23
11 25
11 31
11 32
11 35
11 42
11 45
11 58
11 67
11 74
11 80
11 81
11 83
11 84
11 96
12 16
12 17
12 20
12 22
12 24
12 26
12 40
12 58
12 62
12 64
12 66
12 73
12 80
12 81
12 86
12 96
12 97
13 25
13 26
13 27
13 30
13 32
13 33
13 34
13 39
13 47
13 50
13 58
13 63
13 74
13 75
13 79
13 80
14 25
14 28
14 30
14 32
14 35
14 37
14 38
14 40
14 44
14 46
14 47
14 49
14 57
14 60
14 68
14 70
14 76
14 80
14 85
14 86
14 87
14 91
15 19
15 21
15 22
15 24
15 34
15 36
15 40
15 41
15 46
15 48
15 51
15 52
15 53
15 54
15 56
15 57
15 59
15 69
15 78
15 80
15 85
15 90
15 95
15 98
15 99
16 18
16 22
16 24
16 26
16 30
16 32
16 36
16 38
16 40
16 46
16 47
16 51
16 55
16 59
16 61
16 68
16 69
16 73
16 82
16 86
16 90
16 94
16 95
16 96
16 99
17 18
17 22
17 24
17 42
17 44
17 49
17 50
17 52
17 54
17 59
17 70
17 71
17 76
17 79
17 80
17 82
17 85
17 88
17 93
17 99
18 20
18 21
18 26
18 29
18 31
18 32
18 33
18 37
18 39
18 48
18 52
18 60
18 61
18 69
18 72
18 73
18 76
18 83
18 88
18 91
18 92
18 94
19 21
19 24
19 34
19 39
19 40
19 41
19 46
19 48
19 51
19 56
19 60
19 63
19 65
19 69
19 73
19 74
19 76
19 77
19 78
19 85
19 86
19 87
19 89
19 92
19 95
19 97
19 99
20 26
20 35
20 42
20 47
20 51
20 53
20 57
20 63
20 66
20 70
20 73
20 77
20 83
20 85
20 86
20 92
20 93
21 32
21 34
21 35
21 36
21 37
21 42
21 46
21 48
21 49
21 57
21 62
21 72
21 74
21 76
21 77
21 89
21 91
21 94
21 96
21 97
21 99
22 26
22 30
22 31
22 32
22 34
22 44
22 47
22 49
22 54
22 59
22 61
22 65
22 74
22 75
22 76
22 80
22 90
22 91
22 92
22 93
22 95
22 99
23 25
23 29
23 31
23 32
23 33
23 34
23 35
23 42
23 53
23 54
23 56
23 57
23 59
23 65
23 66
23 70
23 72
23 75
23 76
23 79
23 80
23 82
23 92
23 95
24 26
24 31
24 33
24 34
24 39
24 46
24 50
24 52
24 53
24 54
24 57
24 58
24 62
24 65
24 66
24 69
24 76
24 78
24 81
24 83
24 85
24 90
24 92
24 93
24 94
24 96
25 26
25 28
25 31
25 32
25 33
25 34
25 40
25 43
25 45
25 46
25 47
25 49
25 52
25 53
25 57
25 72
25 73
25 74
25 80
25 87
25 89
25 91
25 99
26 28
26 29
26 30
26 32
26 42
26 43
26 44
26 48
26 49
26 50
26 53
26 57
26 59
26 60
26 61
26 71
26 77
26 80
26 83
26 85
26 86
26 89
26 90
26 92
27 31
27 37
27 38
27 40
27 56
27 57
27 59
27 60
27 66
27 67
27 70
27 71
27 75
27 78
27 79
27 84
27 88
27 92
27 93
27 94
27 99
28 30
28 31
28 35
28 39
28 42
28 46
28 47
28 51
28 53
28 54
28 60
28 64
28 67
28 77
28 83
28 85
28 87
28 88
28 92
28 93
28 97
29 32
29 34
29 37
29 38
29 40
29 41
29 45
29 47
29 50
29 52
29 53
29 54
29 60
29 65
29 68
29 69
29 70
29 75
29 80
29 86
29 88
29 92
30 33
30 34
30 36
30 38
30 40
30 44
30 50
30 53
30 56
30 58
30 61
30 65
30 68
30 70
30 71
30 79
30 81
30 83
30 84
30 85
30 87
30 90
30 96
30 97
30 98
31 37
31 43
31 44
31 46
31 49
31 54
31 56
31 64
31 68
31 69
31 70
31 72
31 77
31 78
31 80
31 81
31 83
31 86
31 88
31 89
31 94
31 96
31 98
31 99
32 37
32 42
32 43
32 50
32 51
32 58
32 67
32 68
32 69
32 79
32 80
32 90
32 93
32 98
32 99
33 34
33 36
33 46
33 48
33 50
33 52
33 67
33 72
33 76
33 79
33 85
33 91
33 99
34 35
34 44
34 45
34 50
34 53
34 54
34 63
34 72
34 77
34 78
34 84
34 87
34 88
34 91
34 94
34 95
34 97
35 42
35 46
35 49
35 51
35 63
35 71
35 74
35 78
35 83
35 84
35 87
35 92
35 93
35 94
35 97
36 37
36 39
36 41
36 49
36 65
36 66
36 67
36 68
36 70
36 72
36 74
36 77
36 89
36 91
37 46
37 47
37 49
37 50
37 51
37 54
37 59
37 61
37 64
37 66
37 68
37 74
37 80
37 93
37 95
37 98
37 99
38 39
38 42
38 51
38 53
38 55
38 58
38 60
38 62
38 64
38 65
38 71
38 72
38 75
38 77
38 80
38 81
38 84
38 86
38 87
38 95
38 99
39 40
39 53
39 61
39 66
39 67
39 70
39 72
39 73
39 75
39 78
39 79
39 82
39 85
39 91
40 52
40 56
40 62
40 66
40 68
40 69
40 71
40 75
40 76
40 80
40 81
40 84
40 85
40 88
40 92
40 93
40 94
40 95
40 96
40 97
40 98
41 43
41 51
41 53
41 55
41 56
41 60
41 63
41 64
41 67
41 68
41 69
41 72
41 74
41 76
41 78
41 81
41 82
41 83
41 88
41 94
41 96
41 97
41 99
42 43
42 45
42 46
42 47
42 48
42 55
42 56
42 57
42 62
42 63
42 65
42 68
42 69
42 83
42 93
42 94
42 96
42 99
43 49
43 51
43 60
43 62
43 63
43 70
43 71
43 73
43 75
43 79
43 81
43 85
43 90
43 91
43 93
43 95
43 96
43 97
44 48
44 49
44 50
44 53
44 55
44 60
44 61
44 62
44 64
44 65
44 66
44 67
44 69
44 79
44 89
44 90
44 91
44 98
44 99
45 48
45 49
45 54
45 59
45 60
45 61
45 65
45 69
45 71
45 74
45 78
45 80
45 81
45 82
45 86
45 88
46 48
46 54
46 56
46 62
46 64
46 66
46 68
46 70
46 75
46 78
46 80
46 82
46 86
46 90
46 93
46 94
47 48
47 54
47 66
47 68
47 70
47 76
47 77
47 85
47 86
47 92
47 94
47 96
47 97
47 99
48 53
48 54
48 57
48 58
48 59
48 68
48 78
48 80
48 82
48 83
48 94
49 51
49 56
49 57
49 58
49 59
49 60
49 64
49 72
49 77
49 85
49 88
49 89
49 92
49 93
49 94
50 52
50 61
50 64
50 66
50 67
50 68
50 71
50 81
50 83
50 91
51 57
51 61
51 64
51 65
51 67
51 68
51 69
51 74
51 88
51 90
51 93
51 95
51 98
52 56
52 59
52 60
52 70
52 72
52 73
52 74
52 77
52 78
52 80
52 86
52 87
52 89
52 91
52 94
52 95
52 96
53 59
53 60
53 61
53 62
53 69
53 70
53 73
53 75
53 80
53 81
53 83
53 85
53 86
53 87
53 96
54 55
54 57
54 58
54 61
54 62
54 66
54 72
54 78
54 80
54 82
54 86
54 90
54 94
54 97
55 56
55 58
55 60
55 61
55 66
55 71
55 72
55 75
55 77
55 81
55 82
55 84
55 88
55 92
55 93
55 95
55 97
56 62
56 63
56 73
56 75
56 77
56 80
56 82
56 87
56 90
57 64
57 65
57 69
57 71
57 74
57 79
57 82
57 83
57 85
57 87
57 90
57 91
57 92
57 93
57 96
58 61
58 66
58 67
58 69
58 70
58 72
58 73
58 78
58 80
58 81
58 86
58 91
58 92
58 93
58 97
59 62
59 76
59 77
59 79
59 83
59 90
59 92
59 94
59 98
60 62
60 63
60 66
60 67
60 70
60 73
60 77
60 86
60 87
60 91
60 95
60 99
61 62
61 64
61 65
61 66
61 71
61 75
61 78
61 79
61 83
61 87
61 89
61 96
61 99
62 63
62 66
62 68
62 71
62 74
62 76
62 77
62 78
62 79
62 80
62 81
62 82
62 89
62 94
62 98
63 65
63 70
63 71
63 75
63 77
63 80
63 81
63 87
63 92
63 95
63 96
63 99
64 65
64 67
64 73
64 74
64 75
64 83
64 91
64 94
64 96
65 66
65 67
65 68
65 73
65 74
65 76
65 77
65 80
65 81
65 84
65 88
65 91
65 92
65 96
66 72
66 73
66 75
66 82
66 88
66 89
66 93
66 94
66 95
67 69
67 70
67 74
67 77
67 79
67 80
67 87
67 92
67 96
67 97
67 98
67 99
68 69
68 70
68 71
68 74
68 77
68 80
68 86
68 90
68 96
68 98
69 79
69 80
69 84
69 91
69 92
69 93
69 94
69 96
69 99
70 71
70 78
70 82
70 85
70 86
70 88
70 89
70 91
70 93
70 94
70 95
71 75
71 77
71 82
71 85
71 86
71 87
71 89
71 90
71 93
71 97
72 74
72 77
72 80
72 83
72 89
72 94
73 80
73 90
73 94
73 95
73 97
73 98
74 75
74 78
74 81
74 82
74 86
74 87
74 88
74 90
74 92
74 93
74 96
74 99
75 78
75 79
75 84
75 88
75 89
75 91
75 93
75 95
75 99
76 78
76 80
76 81
76 89
76 92
76 93
77 81
77 82
77 85
77 87
77 88
77 92
77 93
77 94
78 81
78 84
78 85
78 87
78 91
78 92
78 93
78 95
78 99
79 87
79 89
79 95
79 96
80 81
80 85
80 90
80 92
80 94
81 83
81 84
81 85
81 86
81 87
81 90
81 94
82 84
82 88
82 90
82 91
82 92
82 99
83 84
83 88
83 89
83 90
83 91
83 93
83 94
83 96
84 89
84 91
84 94
84 96
84 98
85 89
85 95
85 97
86 91
86 92
86 97
86 99
87 88
87 89
87 93
87 96
87 97
87 98
88 89
88 90
88 93
89 90
89 92
89 93
89 97
90 93
90 94
91 92
91 93
91 97
92 93
92 98
93 95
93 96
93 97
93 98
94 96
94 97
