0 1
0 4
0 5
0 6
0 8
0 12
0 13
0 24
0 25
0 27
0 30
0 34
0 36
0 38
0 40
0 43
0 45
0 46
0 51
0 57
0 59
0 63
0 64
0 67
0 74
0 76
0 79
0 80
0 81
0 82
0 83
0 85
0 87
0 91
0 92
0 93
0 94
1 3
1 7
1 9
1 10
1 14
1 17
1 20
1 21
1 23
1 24
1 27
1 29
1 32
1 33
1 34
1 36
1 37
1 38
1 41
1 42
1 43
1 47
1 48
1 50
1 52
1 55
1 56
1 58
1 61
1 63
1 65
1 66
1 68
1 70
1 72
1 75
1 77
1 79
1 80
1 81
1 82
1 84
1 87
1 89
1 91
1 94
1 96
1 98
1 99
2 5
2 6
2 7
2 10
2 12
2 14
2 16
2 17
2 18
2 22
2 24
2 25
2 26
2 30
2 31
2 35
2 36
2 37
2 38
2 43
2 49
2 50
2 51
2 52
2 55
2 58
2 59
2 60
2 62
2 66
2 67
2 68
2 69
2 70
2 77
2 78
2 79
2 80
2 81
2 84
2 86
2 87
2 93
2 94
2 96
2 97
2 99
3 5
3 7
3 9
3 11
3 12
3 14
3 18
3 21
3 27
3 29
3 31
3 32
3 36
3 37
3 38
3 39
3 42
3 44
3 47
3 48
3 51
3 52
3 53
3 54
3 55
3 56
3 57
3 58
3 59
3 60
3 61
3 62
3 63
3 65
3 67
3 68
3 69
3 70
3 72
3 73
3 74
3 75
3 77
3 80
3 81
3 85
3 86
3 87
3 92
3 93
3 94
3 98
3 99
4 8
4 9
4 11
4 13
4 15
4 17
4 21
4 22
4 24
4 25
4 28
4 29
4 30
4 31
4 35
4 36
4 40
4 41
4 51
4 54
4 57
4 58
4 59
4 61
4 62
4 64
4 65
4 66
4 67
4 68
4 69
4 71
4 72
4 73
4 74
4 75
4 76
4 77
4 78
4 82
4 83
4 86
4 87
4 88
4 89
4 92
4 94
4 97
4 98
5 6
5 7
5 8
5 9
5 11
5 12
5 14
5 20
5 22
5 28
5 32
5 35
5 36
5 37
5 38
5 40
5 41
5 45
5 46
5 47
5 49
5 51
5 53
5 54
5 55
5 56
5 57
5 58
5 59
5 61
5 64
5 65
5 75
5 80
5 82
5 84
5 86
5 87
5 93
5 94
5 95
5 97
5 98
5 99
6 7
6 8
6 9
6 13
6 17
6 18
6 19
6 22
6 25
6 26
6 27
6 28
6 29
6 31
6 34
6 36
6 37
6 38
6 39
6 41
6 43
6 46
6 47
6 58
6 61
6 65
6 69
6 72
6 73
6 74
6 76
6 81
6 83
6 84
6 90
6 93
6 94
6 96
6 98
7 9
7 10
7 13
7 16
7 17
7 18
7 22
7 25
7 26
7 27
7 28
7 32
7 34
7 35
7 36
7 37
7 43
7 44
7 45
7 46
7 49
7 50
7 51
7 53
7 54
7 59
7 61
7 62
7 65
7 67
7 68
7 69
7 74
7 76
7 79
7 81
7 84
7 86
7 87
7 88
7 90
7 91
7 92
7 95
7 96
7 97
7 98
8 9
8 11
8 13
8 17
8 18
8 22
8 23
8 24
8 25
8 28
8 30
8 31
8 32
8 34
8 36
8 37
8 38
8 42
8 44
8 46
8 47
8 48
8 52
8 53
8 54
8 56
8 59
8 62
8 63
8 64
8 65
8 66
8 67
8 73
8 76
8 77
8 78
8 79
8 83
8 84
8 85
8 86
8 89
8 92
8 93
8 95
8 96
8 97
8 98
8 99
9 10
9 13
9 15
9 20
9 23
9 29
9 30
9 31
9 33
9 34
9 38
9 40
9 43
9 46
9 52
9 54
9 56
9 58
9 61
9 62
9 63
9 68
9 72
9 73
9 74
9 77
9 81
9 82
9 84
9 85
9 88
9 90
9 93
9 96
9 99
10 11
10 13
10 14
10 16
10 18
10 19
10 20
10 21
10 24
10 26
10 28
10 29
10 30
10 32
10 33
10 34
10 35
10 36
10 37
10 38
10 39
10 40
10 41
10 42
10 43
10 44
10 48
10 49
10 50
10 51
10 54
10 57
10 58
10 61
10 62
10 65
10 66
10 69
10 72
10 74
10 75
10 76
10 77
10 79
10 82
10 83
10 84
10 85
10 86
10 87
10 89
10 91
10 92
10 93
10 95
10 96
10 98
11 12
11 14
11 15
11 21
11 25
11 26
11 28
11 29
11 30
11 33
11 34
11 37
11 38
11 39
11 40
11 45
11 49
11 51
11 52
11 55
11 59
11 63
11 64
11 65
11 66
11 67
11 71
11 73
11 76
11 79
11 80
11 81
11 82
11 84
11 87
11 88
11 89
11 90
11 91
11 92
11 96
11 97
11 98
12 13
12 14
12 16
12 17
12 19
12 20
12 24
12 25
12 30
12 31
12 32
12 33
12 35
12 37
12 40
12 44
12 46
12 49
12 50
12 51
12 52
12 53
12 55
12 57
12 58
12 63
12 67
12 72
12 73
12 74
12 75
12 76
12 78
12 79
12 87
12 88
12 89
12 91
12 93
12 94
12 96
12 98
12 99
13 15
13 16
13 17
13 18
13 20
13 21
13 22
13 23
13 25
13 28
13 29
13 30
13 33
13 34
13 35
13 36
13 41
13 42
13 43
13 47
13 48
13 50
13 51
13 53
13 54
13 55
13 56
13 58
13 59
13 61
13 62
13 63
13 64
13 65
13 66
13 74
13 75
13 77
13 79
13 80
13 81
13 82
13 83
13 84
13 85
13 86
13 87
13 89
13 90
13 92
13 94
13 97
13 98
13 99
14 15
14 16
14 20
14 21
14 22
14 25
14 29
14 33
14 34
14 36
14 41
14 43
14 44
14 45
14 49
14 52
14 53
14 54
14 55
14 58
14 64
14 65
14 66
14 68
14 71
14 73
14 75
14 76
14 77
14 79
14 80
14 81
14 82
14 86
14 87
14 91
14 94
14 97
14 98
15 21
15 22
15 25
15 26
15 27
15 29
15 30
15 31
15 32
15 36
15 37
15 39
15 40
15 41
15 42
15 43
15 45
15 47
15 48
15 50
15 53
15 57
15 58
15 60
15 61
15 62
15 63
15 64
15 66
15 67
15 68
15 72
15 73
15 76
15 77
15 79
15 80
15 81
15 82
15 83
15 84
15 85
15 87
15 89
15 91
15 95
15 96
15 97
15 99
16 19
16 20
16 22
16 29
16 30
16 37
16 38
16 39
16 40
16 41
16 43
16 46
16 48
16 51
16 53
16 54
16 55
16 56
16 57
16 58
16 59
16 60
16 65
16 66
16 67
16 69
16 70
16 71
16 72
16 73
16 75
16 76
16 78
16 80
16 81
16 83
16 84
16 86
16 87
16 88
16 89
16 90
16 91
16 93
16 98
16 99
17 21
17 22
17 25
17 30
17 31
17 34
17 35
17 38
17 40
17 43
17 45
17 51
17 52
17 53
17 56
17 62
17 64
17 65
17 70
17 73
17 76
17 82
17 83
17 89
17 91
17 94
17 95
17 98
18 20
18 21
18 24
18 25
18 27
18 31
18 32
18 34
18 38
18 40
18 43
18 44
18 46
18 47
18 49
18 50
18 51
18 53
18 55
18 57
18 59
18 61
18 62
18 66
18 67
18 69
18 75
18 78
18 79
18 80
18 82
18 83
18 85
18 87
18 89
18 90
18 91
18 92
18 94
18 97
18 98
18 99
19 23
19 26
19 29
19 34
19 35
19 36
19 38
19 39
19 41
19 45
19 47
19 48
19 52
19 54
19 56
19 57
19 59
19 63
19 66
19 67
19 68
19 71
19 72
19 74
19 75
19 78
19 86
19 92
19 97
20 23
20 24
20 25
20 28
20 33
20 35
20 37
20 38
20 40
20 43
20 44
20 45
20 48
20 49
20 53
20 54
20 56
20 57
20 58
20 59
20 60
20 62
20 63
20 64
20 65
20 67
20 69
20 72
20 74
20 75
20 79
20 83
20 84
20 86
20 88
20 90
20 92
20 93
20 95
21 22
21 27
21 28
21 29
21 33
21 34
21 35
21 37
21 39
21 41
21 42
21 43
21 47
21 48
21 49
21 50
21 54
21 55
21 60
21 62
21 67
21 70
21 71
21 72
21 73
21 74
21 78
21 80
21 83
21 87
21 88
21 89
21 90
21 92
21 93
21 95
21 97
22 23
22 29
22 31
22 32
22 33
22 34
22 35
22 38
22 43
22 44
22 45
22 47
22 51
22 52
22 53
22 54
22 59
22 61
22 64
22 65
22 67
22 68
22 69
22 70
22 73
22 76
22 79
22 81
22 86
22 87
22 89
22 90
22 91
22 92
22 94
22 98
22 99
23 25
23 26
23 28
23 31
23 35
23 36
23 39
23 40
23 42
23 43
23 44
23 46
23 49
23 58
23 61
23 62
23 63
23 64
23 67
23 68
23 69
23 70
23 75
23 77
23 78
23 79
23 80
23 83
23 85
23 86
23 87
23 88
23 93
23 96
23 97
23 98
23 99
24 25
24 27
24 30
24 33
24 34
24 37
24 38
24 39
24 41
24 44
24 45
24 46
24 49
24 50
24 52
24 53
24 57
24 61
24 64
24 66
24 68
24 69
24 70
24 72
24 73
24 74
24 75
24 79
24 85
24 86
24 87
24 91
24 92
24 93
24 94
24 95
25 28
25 30
25 31
25 32
25 33
25 39
25 41
25 43
25 46
25 48
25 49
25 53
25 55
25 56
25 59
25 63
25 69
25 70
25 71
25 74
25 78
25 81
25 82
25 90
25 93
25 94
25 97
25 98
25 99
26 27
26 28
26 30
26 31
26 32
26 36
26 38
26 43
26 44
26 45
26 46
26 47
26 48
26 49
26 51
26 52
26 53
26 55
26 56
26 57
26 58
26 62
26 67
26 70
26 72
26 74
26 77
26 78
26 79
26 81
26 84
26 85
26 86
26 87
26 88
26 89
26 90
26 95
26 98
26 99
27 29
27 32
27 36
27 37
27 39
27 40
27 41
27 44
27 45
27 47
27 48
27 49
27 51
27 52
27 53
27 57
27 59
27 61
27 62
27 63
27 68
27 69
27 72
27 74
27 75
27 76
27 77
27 78
27 79
27 84
27 87
27 88
27 89
27 91
27 92
27 93
27 94
27 96
27 98
28 29
28 34
28 40
28 42
28 43
28 46
28 47
28 48
28 49
28 50
28 51
28 53
28 54
28 57
28 58
28 59
28 60
28 61
28 63
28 64
28 69
28 70
28 71
28 72
28 75
28 76
28 79
28 81
28 86
28 88
28 89
28 91
28 95
28 98
28 99
29 30
29 31
29 33
29 34
29 35
29 38
29 39
29 40
29 42
29 44
29 46
29 50
29 51
29 56
29 57
29 58
29 61
29 62
29 63
29 67
29 68
29 69
29 71
29 73
29 74
29 75
29 79
29 83
29 84
29 87
29 88
29 89
29 94
29 97
29 99
30 31
30 33
30 34
30 37
30 38
30 39
30 40
30 43
30 47
30 50
30 52
30 53
30 54
30 58
30 64
30 66
30 71
30 72
30 73
30 74
30 75
30 77
30 79
30 82
30 83
30 86
30 88
30 89
30 91
30 92
30 93
30 94
30 95
30 98
31 33
31 37
31 38
31 39
31 40
31 43
31 44
31 45
31 46
31 51
31 54
31 55
31 56
31 57
31 58
31 59
31 62
31 63
31 65
31 68
31 72
31 75
31 77
31 81
31 82
31 83
31 85
31 87
31 90
31 93
31 95
31 97
31 98
32 38
32 42
32 43
32 44
32 48
32 50
32 52
32 56
32 58
32 60
32 62
32 63
32 64
32 66
32 68
32 69
32 70
32 71
32 72
32 74
32 75
32 76
32 81
32 82
32 85
32 87
32 88
32 90
32 91
32 93
32 95
32 96
32 97
32 99
33 35
33 38
33 39
33 40
33 41
33 42
33 51
33 55
33 56
33 58
33 62
33 65
33 66
33 68
33 71
33 72
33 74
33 81
33 82
33 84
33 89
33 92
33 93
33 94
33 98
33 99
34 35
34 36
34 37
34 38
34 39
34 41
34 47
34 51
34 52
34 54
34 57
34 58
34 60
34 63
34 64
34 66
34 69
34 70
34 71
34 72
34 73
34 75
34 77
34 78
34 81
34 83
34 86
34 87
34 88
34 89
34 90
34 93
34 97
34 98
34 99
35 37
35 38
35 39
35 43
35 46
35 49
35 51
35 53
35 54
35 55
35 58
35 59
35 60
35 62
35 63
35 65
35 67
35 69
35 70
35 71
35 72
35 77
35 79
35 81
35 83
35 86
35 87
35 88
35 89
35 91
35 92
35 97
35 98
35 99
36 37
36 39
36 41
36 42
36 43
36 44
36 45
36 46
36 48
36 51
36 52
36 53
36 55
36 60
36 62
36 63
36 65
36 68
36 71
36 76
36 78
36 80
36 82
36 84
36 85
36 87
36 93
36 94
36 96
36 97
36 99
37 40
37 41
37 42
37 45
37 46
37 47
37 49
37 50
37 52
37 53
37 55
37 56
37 58
37 59
37 62
37 65
37 66
37 67
37 68
37 71
37 75
37 76
37 79
37 85
37 86
37 89
37 91
37 93
37 94
37 97
37 99
38 39
38 40
38 42
38 43
38 45
38 50
38 52
38 54
38 55
38 57
38 59
38 60
38 62
38 63
38 64
38 68
38 69
38 71
38 73
38 75
38 76
38 78
38 81
38 82
38 83
38 85
38 88
38 89
38 90
38 91
38 93
38 96
39 40
39 42
39 43
39 45
39 46
39 47
39 48
39 54
39 55
39 57
39 58
39 59
39 63
39 66
39 70
39 71
39 72
39 73
39 74
39 76
39 77
39 78
39 79
39 81
39 84
39 85
39 86
39 89
39 91
39 92
39 97
39 98
40 41
40 42
40 46
40 47
40 54
40 55
40 57
40 59
40 60
40 61
40 62
40 63
40 64
40 67
40 69
40 71
40 72
40 73
40 74
40 75
40 80
40 81
40 82
40 83
40 84
40 90
40 96
40 99
41 43
41 45
41 46
41 47
41 49
41 50
41 51
41 53
41 54
41 55
41 57
41 58
41 59
41 63
41 64
41 66
41 67
41 70
41 73
41 74
41 75
41 76
41 77
41 78
41 80
41 84
41 85
41 86
41 88
41 90
41 92
41 93
41 94
41 96
42 44
42 45
42 46
42 49
42 50
42 52
42 53
42 54
42 55
42 56
42 58
42 63
42 65
42 66
42 67
42 68
42 69
42 72
42 73
42 74
42 76
42 77
42 79
42 80
42 82
42 83
42 84
42 86
42 87
42 88
42 90
42 91
42 92
42 95
43 44
43 45
43 46
43 50
43 51
43 57
43 61
43 62
43 63
43 69
43 70
43 72
43 74
43 76
43 79
43 81
43 82
43 83
43 87
43 91
43 93
43 95
43 96
43 99
44 46
44 50
44 54
44 55
44 56
44 57
44 59
44 61
44 64
44 65
44 66
44 72
44 74
44 75
44 76
44 79
44 80
44 83
44 84
44 85
44 87
44 88
44 91
44 93
44 94
44 97
44 99
45 46
45 48
45 49
45 51
45 52
45 56
45 58
45 61
45 62
45 63
45 68
45 70
45 71
45 73
45 76
45 80
45 83
45 84
45 85
45 87
45 88
45 89
45 91
45 93
45 94
45 95
46 49
46 50
46 51
46 53
46 55
46 56
46 57
46 60
46 64
46 65
46 68
46 70
46 71
46 73
46 74
46 75
46 79
46 80
46 84
46 85
46 86
46 87
46 90
46 91
46 92
46 93
46 95
46 98
47 51
47 54
47 58
47 60
47 62
47 63
47 67
47 68
47 70
47 72
47 74
47 75
47 76
47 77
47 78
47 83
47 86
47 87
47 88
47 92
47 93
47 94
47 95
48 49
48 51
48 52
48 54
48 55
48 57
48 58
48 60
48 65
48 68
48 69
48 71
48 74
48 76
48 78
48 79
48 82
48 83
48 84
48 87
48 93
48 96
48 97
48 98
48 99
49 50
49 51
49 55
49 58
49 61
49 62
49 64
49 66
49 67
49 68
49 72
49 83
49 84
49 85
49 86
49 88
49 90
49 91
49 92
49 93
49 94
49 97
49 98
50 51
50 53
50 54
50 55
50 56
50 57
50 58
50 59
50 60
50 61
50 64
50 65
50 67
50 69
50 71
50 74
50 75
50 76
50 77
50 81
50 82
50 83
50 86
50 87
50 88
50 90
50 93
50 95
50 96
50 98
50 99
51 52
51 53
51 54
51 55
51 56
51 59
51 61
51 64
51 67
51 69
51 70
51 72
51 74
51 75
51 76
51 79
51 85
51 88
51 91
51 93
51 94
51 95
51 96
51 97
51 99
52 55
52 56
52 57
52 61
52 62
52 63
52 64
52 65
52 68
52 69
52 72
52 73
52 74
52 76
52 81
52 82
52 83
52 84
52 85
52 86
52 87
52 88
52 94
52 95
52 97
52 98
52 99
53 55
53 56
53 58
53 59
53 64
53 69
53 70
53 71
53 77
53 79
53 80
53 82
53 83
53 84
53 87
53 90
53 92
53 95
53 96
54 56
54 57
54 58
54 59
54 60
54 61
54 62
54 65
54 68
54 71
54 72
54 73
54 75
54 76
54 78
54 82
54 83
54 86
54 87
54 88
54 89
54 91
54 92
54 94
54 96
55 56
55 57
55 60
55 61
55 63
55 69
55 72
55 75
55 76
55 77
55 78
55 79
55 80
55 81
55 83
55 86
55 89
55 90
55 96
55 97
56 57
56 58
56 60
56 62
56 64
56 66
56 68
56 71
56 73
56 75
56 76
56 77
56 78
56 79
56 80
56 81
56 82
56 86
56 87
56 88
56 90
56 93
56 95
56 96
56 97
56 99
57 58
57 59
57 60
57 61
57 62
57 64
57 66
57 68
57 69
57 70
57 75
57 81
57 82
57 83
57 87
57 88
57 91
57 92
57 93
57 94
57 98
58 59
58 60
58 64
58 65
58 67
58 70
58 71
58 74
58 76
58 78
58 80
58 81
58 83
58 85
58 86
58 87
58 88
58 91
58 92
58 93
58 97
59 61
59 62
59 65
59 67
59 68
59 69
59 71
59 74
59 76
59 80
59 81
59 86
59 90
59 91
59 92
59 93
59 96
59 97
59 98
60 62
60 63
60 64
60 65
60 66
60 68
60 71
60 72
60 73
60 75
60 81
60 83
60 85
60 86
60 87
60 88
60 89
60 91
60 92
60 97
60 98
61 62
61 63
61 64
61 65
61 67
61 69
61 71
61 72
61 75
61 77
61 81
61 82
61 84
61 86
61 89
61 90
61 92
61 93
61 95
61 96
61 97
61 98
61 99
62 63
62 66
62 68
62 70
62 72
62 74
62 82
62 84
62 85
62 87
62 88
62 91
62 92
62 95
62 97
62 98
62 99
63 66
63 68
63 69
63 73
63 74
63 76
63 77
63 79
63 83
63 84
63 85
63 86
63 87
63 88
63 89
63 91
63 94
63 96
64 65
64 66
64 67
64 69
64 71
64 73
64 75
64 78
64 80
64 84
64 86
64 89
64 91
64 92
64 94
64 95
64 96
64 98
64 99
65 66
65 67
65 68
65 70
65 71
65 72
65 73
65 74
65 78
65 79
65 80
65 82
65 85
65 88
65 89
65 90
65 91
65 94
65 97
66 70
66 71
66 72
66 73
66 75
66 76
66 81
66 84
66 86
66 88
66 93
66 96
66 98
66 99
67 69
67 70
67 77
67 79
67 87
67 88
67 90
67 91
67 92
67 95
67 96
67 97
67 98
68 76
68 78
68 81
68 82
68 83
68 84
68 85
68 86
68 88
68 89
68 90
68 93
68 97
68 99
69 71
69 74
69 75
69 77
69 83
69 87
69 88
69 90
69 93
69 96
69 98
69 99
70 72
70 73
70 78
70 79
70 81
70 85
70 86
70 87
70 88
70 90
70 94
70 95
70 96
70 97
70 98
71 75
71 77
71 80
71 85
71 87
71 94
71 96
71 97
71 98
71 99
72 73
72 74
72 75
72 79
72 80
72 83
72 84
72 85
72 86
72 89
72 93
72 94
72 97
72 98
72 99
73 74
73 75
73 77
73 79
73 83
73 85
73 86
73 87
73 89
73 90
73 91
73 93
73 94
73 97
73 98
74 77
74 79
74 81
74 82
74 83
74 84
74 86
74 87
74 90
74 94
74 96
74 97
74 98
75 77
75 79
75 80
75 83
75 84
75 85
75 86
75 87
75 89
75 90
75 91
75 92
75 94
75 95
75 96
76 77
76 78
76 79
76 82
76 85
76 87
76 89
76 90
76 96
76 97
76 98
77 78
77 79
77 81
77 83
77 84
77 85
77 86
77 87
77 88
77 93
77 95
77 96
77 97
77 98
77 99
78 84
78 85
78 90
78 94
78 96
78 97
78 98
79 81
79 82
79 85
79 90
79 99
80 83
80 84
80 85
80 87
80 88
80 89
80 91
80 93
80 94
80 95
80 98
80 99
81 82
81 83
81 84
81 85
81 86
81 87
81 93
81 94
81 96
82 84
82 86
82 87
82 88
82 89
82 90
82 94
82 95
82 96
82 99
83 85
83 88
83 93
83 94
83 95
83 96
83 99
84 85
84 86
84 87
84 88
84 94
84 96
85 89
85 90
85 94
85 95
85 96
85 99
86 88
86 89
86 90
86 91
86 92
86 95
86 97
87 89
87 91
87 92
87 93
87 97
88 90
88 91
88 92
88 95
88 97
88 98
88 99
89 90
89 91
89 92
89 93
89 95
89 97
90 94
90 95
90 98
90 99
91 92
91 95
91 97
91 99
92 93
92 94
92 96
92 97
93 95
93 96
93 98
93 99
94 96
94 97
94 98
94 99
95 98
95 99
96 98
96 99
98 99
