0 4
0 5
0 7
0 13
0 14
0 17
0 30
0 31
0 33
0 40
0 48
0 54
0 56
0 67
0 68
0 71
0 79
0 82
0 85
0 94
0 99
1 2
1 4
1 6
1 8
1 9
1 11
1 12
1 14
1 16
1 18
1 20
1 23
1 24
1 27
1 30
1 36
1 38
1 42
1 48
1 51
1 53
1 54
1 59
1 60
1 67
1 68
1 70
1 74
1 75
1 76
1 78
1 83
1 84
1 85
1 90
1 93
1 96
1 98
2 5
2 13
2 17
2 26
2 28
2 30
2 33
2 34
2 36
2 39
2 41
2 45
2 52
2 55
2 59
2 62
2 63
2 66
2 67
2 68
2 72
2 77
2 86
2 88
2 95
2 96
2 97
3 7
3 13
3 14
3 16
3 17
3 22
3 23
3 29
3 30
3 33
3 36
3 40
3 42
3 43
3 44
3 56
3 59
3 61
3 74
3 75
3 78
3 80
3 81
3 82
3 90
3 94
3 95
4 11
4 12
4 22
4 23
4 27
4 28
4 35
4 39
4 40
4 41
4 42
4 44
4 46
4 55
4 56
4 60
4 64
4 69
4 71
4 74
4 78
4 93
4 97
4 98
4 99
5 7
5 9
5 11
5 13
5 27
5 29
5 33
5 38
5 40
5 53
5 55
5 61
5 62
5 65
5 66
5 74
5 76
5 77
5 80
5 83
5 84
5 88
5 94
5 95
5 96
6 7
6 9
6 14
6 15
6 16
6 17
6 20
6 21
6 23
6 29
6 32
6 37
6 42
6 46
6 55
6 56
6 57
6 61
6 64
6 66
6 67
6 69
6 73
6 77
6 84
6 86
6 87
6 93
6 98
7 10
7 11
7 15
7 21
7 22
7 35
7 39
7 42
7 43
7 44
7 47
7 48
7 50
7 51
7 54
7 58
7 63
7 65
7 78
7 81
7 83
7 84
7 90
7 97
8 11
8 14
8 15
8 16
8 17
8 18
8 24
8 31
8 35
8 38
8 39
8 42
8 45
8 47
8 49
8 50
8 53
8 55
8 63
8 68
8 71
8 74
8 75
8 80
8 81
8 86
8 89
8 93
8 94
8 98
9 10
9 12
9 18
9 19
9 22
9 33
9 36
9 38
9 39
9 41
9 42
9 43
9 46
9 49
9 53
9 55
9 57
9 61
9 64
9 66
9 68
9 72
9 79
9 81
9 84
9 88
9 89
9 95
9 99
10 13
10 14
10 16
10 17
10 20
10 23
10 25
10 33
10 37
10 38
10 40
10 41
10 45
10 48
10 54
10 64
10 71
10 72
10 74
10 78
10 79
10 97
11 12
11 14
11 16
11 17
11 18
11 25
11 27
11 31
11 33
11 37
11 49
11 58
11 60
11 66
11 68
11 71
11 72
11 76
11 90
11 91
11 93
11 95
12 25
12 28
12 39
12 42
12 54
12 60
12 62
12 67
12 68
12 76
12 78
12 80
12 82
12 84
12 86
12 93
12 94
13 15
13 19
13 23
13 32
13 35
13 43
13 44
13 48
13 56
13 57
13 61
13 63
13 66
13 74
13 75
13 77
13 81
13 82
13 90
13 91
13 96
13 97
13 99
14 24
14 28
14 33
14 34
14 41
14 43
14 47
14 50
14 54
14 56
14 60
14 66
14 68
14 69
14 70
14 72
14 75
14 79
14 83
14 85
14 87
14 88
14 91
14 95
14 96
15 23
15 25
15 36
15 45
15 49
15 50
15 52
15 56
15 58
15 59
15 65
15 67
15 69
15 70
15 76
15 79
15 84
15 87
15 95
16 21
16 23
16 26
16 31
16 33
16 36
16 37
16 39
16 41
16 43
16 45
16 46
16 48
16 49
16 51
16 54
16 56
16 64
16 65
16 67
16 69
16 70
16 72
16 75
16 80
16 81
16 87
16 92
16 93
16 95
16 96
17 21
17 22
17 27
17 29
17 36
17 42
17 48
17 54
17 55
17 60
17 62
17 64
17 67
17 75
17 77
17 79
17 80
17 82
17 85
17 86
17 88
17 91
17 97
17 99
18 20
18 23
18 27
18 28
18 29
18 30
18 31
18 38
18 44
18 49
18 52
18 64
18 66
18 72
18 77
18 79
18 83
18 88
18 90
18 95
18 96
19 21
19 22
19 23
19 27
19 29
19 32
19 33
19 34
19 39
19 40
19 52
19 53
19 55
19 58
19 59
19 60
19 64
19 68
19 70
19 72
19 77
19 78
19 83
19 87
19 92
19 95
19 99
20 21
20 23
20 28
20 47
20 53
20 56
20 61
20 63
20 67
20 68
20 70
20 72
20 75
20 79
20 80
20 82
20 84
20 96
21 25
21 29
21 33
21 35
21 36
21 37
21 39
21 42
21 43
21 49
21 50
21 63
21 66
21 67
21 70
21 71
21 74
21 78
21 81
21 83
21 85
21 90
22 26
22 27
22 30
22 32
22 39
22 47
22 56
22 58
22 59
22 62
22 67
22 69
22 71
22 72
22 74
22 76
22 81
22 83
22 84
22 89
22 95
23 24
23 35
23 37
23 44
23 48
23 51
23 57
23 60
23 64
23 70
23 74
23 76
23 79
23 82
23 83
23 84
23 86
23 88
23 93
23 94
23 99
24 32
24 33
24 34
24 36
24 37
24 38
24 41
24 43
24 49
24 58
24 60
24 63
24 64
24 66
24 68
24 71
24 72
24 76
24 78
24 84
24 85
24 86
24 88
24 98
25 27
25 33
25 39
25 40
25 44
25 47
25 48
25 52
25 53
25 62
25 67
25 68
25 70
25 72
25 73
25 74
25 75
25 76
25 77
25 78
25 80
25 82
25 85
25 86
25 94
26 27
26 28
26 31
26 33
26 39
26 44
26 45
26 47
26 49
26 51
26 52
26 61
26 63
26 68
26 72
26 75
26 76
26 79
26 81
26 84
26 90
26 91
27 43
27 44
27 46
27 51
27 52
27 53
27 62
27 63
27 67
27 68
27 69
27 70
27 78
27 84
27 87
27 88
27 90
27 93
27 94
27 95
28 29
28 32
28 35
28 39
28 40
28 43
28 44
28 46
28 48
28 57
28 58
28 63
28 64
28 66
28 68
28 70
28 74
28 76
28 77
28 80
28 81
28 84
28 85
28 87
28 88
28 96
28 97
28 98
28 99
29 30
29 32
29 33
29 34
29 38
29 42
29 43
29 51
29 57
29 58
29 59
29 63
29 64
29 65
29 66
29 70
29 75
29 79
29 85
29 86
30 33
30 35
30 37
30 38
30 40
30 45
30 47
30 50
30 54
30 55
30 57
30 58
30 59
30 67
30 69
30 71
30 77
30 78
30 87
30 88
30 94
30 95
30 96
30 98
31 37
31 41
31 42
31 43
31 44
31 48
31 49
31 52
31 57
31 63
31 71
31 74
31 80
31 82
31 85
31 91
31 97
32 45
32 47
32 50
32 51
32 52
32 59
32 61
32 63
32 68
32 70
32 72
32 77
32 78
32 79
32 81
32 85
32 87
32 89
32 97
32 98
33 34
33 38
33 39
33 45
33 48
33 49
33 50
33 52
33 55
33 58
33 59
33 62
33 64
33 65
33 69
33 70
33 75
33 78
33 80
33 81
33 87
33 89
33 91
33 93
34 36
34 38
34 39
34 40
34 44
34 45
34 51
34 52
34 55
34 56
34 66
34 69
34 74
34 78
34 80
34 83
34 93
34 96
34 97
35 37
35 38
35 40
35 41
35 42
35 43
35 52
35 59
35 62
35 65
35 66
35 70
35 72
35 78
35 79
35 80
35 81
35 88
35 94
35 95
36 37
36 41
36 43
36 44
36 50
36 53
36 58
36 65
36 73
36 74
36 81
36 84
36 86
36 89
36 97
36 98
37 39
37 40
37 43
37 47
37 50
37 53
37 54
37 57
37 60
37 63
37 72
37 73
37 77
37 87
37 90
37 92
37 96
38 42
38 43
38 46
38 49
38 55
38 57
38 63
38 66
38 69
38 72
38 73
38 75
38 81
38 86
38 87
38 88
38 90
38 92
38 93
38 99
39 40
39 44
39 48
39 50
39 51
39 54
39 56
39 60
39 61
39 62
39 63
39 69
39 70
39 73
39 74
39 76
39 78
39 89
39 91
39 97
40 42
40 48
40 52
40 53
40 55
40 57
40 58
40 61
40 62
40 63
40 65
40 66
40 69
40 71
40 74
40 78
40 80
40 86
40 87
40 95
41 42
41 43
41 50
41 52
41 58
41 61
41 65
41 66
41 69
41 76
41 78
41 86
41 95
42 43
42 44
42 46
42 48
42 50
42 54
42 55
42 56
42 61
42 66
42 69
42 74
42 76
42 77
42 78
42 80
42 81
42 85
42 86
42 88
42 89
42 91
42 94
42 97
42 99
43 45
43 52
43 62
43 63
43 65
43 67
43 70
43 73
43 75
43 76
43 77
43 78
43 83
43 84
43 87
43 92
43 98
43 99
44 46
44 49
44 52
44 56
44 57
44 59
44 67
44 68
44 71
44 72
44 80
44 81
44 84
44 89
44 93
45 49
45 56
45 57
45 59
45 60
45 61
45 70
45 72
45 76
45 77
45 85
45 86
45 87
45 90
45 93
45 95
45 99
46 58
46 63
46 74
46 81
46 82
46 83
46 86
46 88
46 90
46 92
47 48
47 51
47 54
47 58
47 62
47 63
47 65
47 67
47 73
47 74
47 99
48 49
48 50
48 52
48 63
48 64
48 69
48 73
48 76
48 79
48 85
48 86
48 87
48 91
48 93
48 95
48 96
48 98
49 59
49 60
49 69
49 70
49 74
49 83
49 86
49 87
49 89
49 94
50 53
50 55
50 56
50 58
50 84
50 86
50 88
50 90
50 95
50 96
50 98
51 54
51 57
51 60
51 61
51 65
51 77
51 78
51 80
51 86
51 87
51 90
51 92
52 53
52 57
52 59
52 63
52 67
52 73
52 79
52 80
52 82
52 84
52 88
52 99
53 54
53 55
53 62
53 64
53 77
53 82
53 83
53 90
53 92
53 96
53 98
54 55
54 60
54 62
54 66
54 69
54 75
54 76
54 77
54 91
54 95
54 98
55 56
55 64
55 65
55 66
55 72
55 74
55 81
55 83
55 85
55 86
55 90
55 91
55 92
55 93
55 94
55 95
56 60
56 63
56 66
56 69
56 70
56 74
56 77
56 81
56 86
56 92
56 93
57 58
57 63
57 64
57 68
57 76
57 83
57 84
57 85
57 86
57 89
57 90
57 96
58 61
58 62
58 70
58 73
58 76
58 77
58 81
58 87
58 91
58 97
58 98
58 99
59 75
59 88
59 89
59 92
59 93
59 96
59 97
59 98
60 62
60 64
60 65
60 66
60 80
60 85
60 87
60 88
60 91
60 94
60 98
61 63
61 69
61 75
61 81
61 84
61 85
61 92
61 99
62 65
62 66
62 70
62 74
62 77
62 80
62 83
62 94
62 95
62 98
63 67
63 72
63 81
63 83
63 85
63 89
63 93
63 94
63 96
64 67
64 68
64 69
64 70
64 71
64 74
64 75
64 81
64 83
64 86
64 95
65 66
65 67
65 68
65 71
65 72
65 74
65 77
65 81
65 82
65 83
65 85
65 96
65 97
66 72
66 73
66 76
66 82
66 83
66 86
66 88
66 89
66 90
66 92
66 93
66 95
66 97
66 99
67 69
67 72
67 78
67 80
67 87
67 92
67 93
67 97
68 71
68 74
68 79
68 84
68 85
68 88
68 89
68 91
68 93
68 95
68 96
69 70
69 82
69 89
69 92
69 93
70 71
70 77
70 79
70 80
70 82
70 89
70 95
71 72
71 74
71 75
71 78
71 80
71 83
72 74
72 75
72 80
72 82
72 87
72 89
72 91
72 93
72 94
72 96
72 97
73 75
73 78
73 82
73 88
73 90
73 92
73 98
74 76
74 78
74 79
74 80
74 88
74 89
74 96
74 97
74 98
75 82
75 84
75 85
75 89
75 91
75 93
75 96
75 99
76 80
76 83
76 84
76 85
76 88
76 94
76 96
76 99
77 84
77 93
77 95
78 81
78 87
78 94
78 95
78 96
78 98
79 83
79 87
79 97
80 86
80 93
80 94
80 95
81 84
81 85
81 86
81 87
81 94
81 97
82 90
82 91
82 95
83 86
83 87
83 92
83 93
83 97
83 98
83 99
84 87
84 90
84 94
84 96
85 86
85 90
85 92
85 97
85 98
85 99
86 88
86 90
86 91
86 92
86 99
87 90
87 91
87 94
87 97
87 99
88 95
88 97
88 98
89 94
89 97
90 91
90 92
90 97
90 98
90 99
91 94
92 93
92 96
92 98
92 99
93 96
94 95
94 99
95 97
96 97
98 99
