0 1
0 3
0 5
0 6
0 9
0 12
0 13
0 15
0 16
0 18
0 20
0 22
0 23
0 24
0 26
0 29
0 32
0 33
0 36
0 41
0 42
0 43
0 44
0 46
0 49
0 50
0 51
0 52
0 53
0 54
0 55
0 58
0 62
0 63
0 64
0 68
0 69
0 70
0 71
0 72
0 73
0 74
0 77
0 78
0 81
0 84
0 87
0 88
0 89
0 90
0 91
0 93
0 95
0 96
0 98
0 99
1 4
1 5
1 7
1 9
1 11
1 12
1 13
1 15
1 17
1 18
1 20
1 21
1 22
1 25
1 27
1 28
1 35
1 36
1 38
1 41
1 43
1 44
1 47
1 48
1 49
1 51
1 53
1 55
1 58
1 61
1 64
1 65
1 66
1 67
1 68
1 70
1 71
1 74
1 75
1 79
1 82
1 83
1 84
1 85
1 88
1 89
1 91
1 94
1 95
1 96
1 98
1 99
2 3
2 6
2 7
2 11
2 14
2 15
2 16
2 18
2 19
2 21
2 22
2 23
2 24
2 26
2 27
2 33
2 37
2 40
2 41
2 44
2 45
2 46
2 48
2 51
2 52
2 55
2 58
2 59
2 64
2 67
2 72
2 74
2 75
2 76
2 81
2 82
2 84
2 85
2 86
2 87
2 90
2 91
2 93
2 95
2 97
2 98
3 6
3 9
3 10
3 11
3 12
3 14
3 15
3 17
3 18
3 21
3 23
3 25
3 26
3 28
3 29
3 30
3 31
3 33
3 35
3 37
3 38
3 40
3 42
3 43
3 44
3 45
3 46
3 47
3 50
3 51
3 52
3 55
3 58
3 61
3 63
3 64
3 66
3 67
3 68
3 69
3 70
3 71
3 72
3 73
3 74
3 75
3 78
3 80
3 82
3 89
3 91
3 93
3 96
3 97
3 98
3 99
4 6
4 7
4 9
4 10
4 12
4 13
4 16
4 17
4 18
4 19
4 23
4 24
4 25
4 28
4 29
4 30
4 32
4 33
4 35
4 40
4 46
4 50
4 51
4 56
4 57
4 58
4 59
4 60
4 63
4 68
4 69
4 71
4 74
4 76
4 77
4 79
4 85
4 90
4 91
4 94
4 97
4 99
5 6
5 7
5 10
5 12
5 13
5 15
5 17
5 18
5 20
5 22
5 24
5 25
5 28
5 30
5 33
5 34
5 36
5 37
5 39
5 40
5 46
5 47
5 49
5 50
5 51
5 52
5 53
5 54
5 55
5 57
5 58
5 59
5 60
5 67
5 68
5 69
5 70
5 71
5 75
5 76
5 77
5 78
5 79
5 80
5 82
5 84
5 86
5 87
5 88
5 89
5 90
5 95
5 97
5 99
6 8
6 9
6 11
6 14
6 17
6 18
6 20
6 23
6 25
6 26
6 28
6 29
6 30
6 32
6 35
6 38
6 39
6 40
6 41
6 42
6 43
6 44
6 48
6 49
6 51
6 54
6 58
6 60
6 61
6 63
6 66
6 67
6 68
6 69
6 71
6 76
6 79
6 80
6 81
6 85
6 89
6 92
6 93
6 97
6 98
6 99
7 11
7 12
7 13
7 17
7 24
7 27
7 30
7 35
7 39
7 42
7 46
7 47
7 50
7 52
7 53
7 54
7 55
7 56
7 59
7 61
7 62
7 63
7 64
7 66
7 67
7 72
7 76
7 79
7 80
7 81
7 82
7 93
8 10
8 11
8 15
8 16
8 18
8 25
8 28
8 31
8 32
8 35
8 36
8 37
8 38
8 39
8 40
8 43
8 46
8 47
8 52
8 53
8 54
8 55
8 56
8 58
8 61
8 63
8 65
8 66
8 68
8 71
8 72
8 77
8 78
8 79
8 84
8 85
8 87
8 88
8 90
8 91
8 93
8 94
8 96
8 97
8 98
9 11
9 12
9 14
9 18
9 20
9 22
9 24
9 25
9 26
9 28
9 30
9 32
9 34
9 35
9 36
9 42
9 45
9 47
9 53
9 54
9 55
9 56
9 60
9 61
9 62
9 63
9 65
9 69
9 70
9 72
9 76
9 77
9 78
9 81
9 83
9 88
9 90
9 92
9 94
9 96
10 11
10 12
10 13
10 14
10 17
10 18
10 21
10 22
10 23
10 24
10 28
10 30
10 34
10 36
10 37
10 38
10 40
10 41
10 44
10 46
10 47
10 50
10 51
10 52
10 57
10 59
10 61
10 63
10 64
10 65
10 66
10 67
10 68
10 69
10 70
10 75
10 76
10 79
10 80
10 83
10 85
10 87
10 90
10 92
10 93
10 94
10 98
11 12
11 15
11 22
11 24
11 25
11 26
11 27
11 32
11 33
11 40
11 43
11 45
11 48
11 50
11 53
11 55
11 58
11 59
11 60
11 62
11 64
11 66
11 69
11 72
11 74
11 75
11 76
11 77
11 80
11 81
11 84
11 85
11 88
11 90
11 91
11 94
11 98
12 13
12 15
12 16
12 20
12 21
12 22
12 23
12 26
12 27
12 28
12 29
12 33
12 34
12 35
12 36
12 38
12 39
12 40
12 41
12 42
12 43
12 46
12 48
12 53
12 54
12 55
12 56
12 58
12 60
12 61
12 62
12 67
12 68
12 69
12 70
12 71
12 74
12 78
12 79
12 81
12 82
12 83
12 85
12 86
12 88
12 89
12 90
12 98
13 14
13 16
13 17
13 18
13 25
13 26
13 28
13 32
13 34
13 36
13 38
13 40
13 44
13 46
13 48
13 49
13 50
13 51
13 54
13 55
13 58
13 59
13 61
13 63
13 64
13 66
13 67
13 68
13 69
13 72
13 74
13 75
13 76
13 77
13 78
13 79
13 80
13 85
13 87
13 88
13 93
13 98
14 15
14 19
14 21
14 23
14 24
14 25
14 26
14 27
14 28
14 29
14 34
14 35
14 36
14 39
14 40
14 41
14 43
14 45
14 50
14 53
14 55
14 56
14 58
14 59
14 61
14 64
14 65
14 67
14 68
14 72
14 73
14 78
14 79
14 81
14 84
14 85
14 92
14 93
14 95
14 98
14 99
15 16
15 18
15 19
15 21
15 22
15 24
15 25
15 26
15 29
15 37
15 46
15 51
15 52
15 53
15 54
15 55
15 56
15 57
15 59
15 60
15 64
15 65
15 66
15 67
15 69
15 72
15 75
15 76
15 77
15 78
15 79
15 82
15 88
15 94
15 95
15 97
15 98
16 18
16 19
16 20
16 21
16 22
16 23
16 24
16 25
16 28
16 31
16 33
16 37
16 38
16 39
16 40
16 42
16 44
16 45
16 47
16 49
16 50
16 51
16 52
16 53
16 55
16 58
16 62
16 64
16 67
16 69
16 72
16 73
16 74
16 76
16 78
16 79
16 81
16 83
16 85
16 86
16 87
16 92
16 96
16 99
17 22
17 24
17 25
17 26
17 32
17 35
17 39
17 40
17 41
17 42
17 43
17 44
17 45
17 46
17 50
17 51
17 54
17 56
17 59
17 60
17 61
17 62
17 63
17 64
17 67
17 68
17 70
17 73
17 75
17 76
17 77
17 80
17 81
17 82
17 84
17 85
17 87
17 89
17 92
17 93
17 98
18 19
18 20
18 23
18 24
18 25
18 27
18 28
18 29
18 31
18 32
18 37
18 38
18 39
18 40
18 43
18 53
18 55
18 57
18 58
18 62
18 63
18 66
18 69
18 71
18 72
18 73
18 75
18 76
18 77
18 78
18 79
18 82
18 89
18 91
18 93
18 94
18 97
19 21
19 24
19 25
19 26
19 29
19 31
19 32
19 33
19 34
19 35
19 36
19 37
19 38
19 41
19 42
19 44
19 46
19 47
19 50
19 51
19 52
19 54
19 55
19 56
19 59
19 62
19 64
19 65
19 68
19 69
19 70
19 72
19 76
19 80
19 82
19 83
19 87
19 90
19 92
19 93
19 94
19 99
20 21
20 23
20 25
20 27
20 28
20 30
20 33
20 35
20 37
20 39
20 41
20 43
20 44
20 46
20 50
20 51
20 58
20 61
20 64
20 65
20 66
20 67
20 68
20 70
20 72
20 74
20 75
20 77
20 82
20 83
20 85
20 86
20 94
20 96
20 97
20 98
20 99
21 22
21 23
21 26
21 31
21 32
21 34
21 35
21 37
21 38
21 40
21 42
21 43
21 44
21 47
21 48
21 49
21 50
21 51
21 61
21 63
21 64
21 66
21 68
21 69
21 70
21 75
21 77
21 81
21 82
21 83
21 84
21 85
21 86
21 88
21 89
21 90
21 92
21 93
21 94
21 98
21 99
22 25
22 28
22 29
22 31
22 33
22 34
22 35
22 40
22 41
22 42
22 43
22 44
22 45
22 46
22 51
22 53
22 54
22 55
22 57
22 59
22 65
22 66
22 68
22 69
22 72
22 75
22 77
22 80
22 81
22 82
22 84
22 88
22 92
22 94
22 95
22 98
22 99
23 29
23 30
23 31
23 32
23 33
23 34
23 35
23 36
23 37
23 38
23 39
23 42
23 44
23 45
23 46
23 49
23 51
23 52
23 54
23 55
23 56
23 58
23 60
23 62
23 63
23 66
23 67
23 69
23 70
23 73
23 75
23 78
23 80
23 81
23 82
23 84
23 85
23 86
23 88
23 89
23 92
23 93
23 95
23 96
23 97
23 99
24 29
24 31
24 34
24 36
24 38
24 39
24 42
24 51
24 53
24 54
24 55
24 57
24 58
24 62
24 64
24 65
24 66
24 67
24 69
24 72
24 74
24 75
24 76
24 77
24 78
24 79
24 80
24 81
24 85
24 86
24 89
24 91
24 94
24 96
24 97
24 99
25 26
25 28
25 33
25 36
25 38
25 41
25 43
25 44
25 48
25 49
25 52
25 53
25 54
25 56
25 58
25 61
25 65
25 67
25 68
25 69
25 70
25 75
25 77
25 78
25 79
25 80
25 81
25 83
25 85
25 86
25 89
25 91
25 92
25 93
25 94
25 95
25 96
25 99
26 28
26 31
26 32
26 38
26 39
26 40
26 41
26 44
26 47
26 51
26 55
26 58
26 59
26 60
26 61
26 62
26 64
26 66
26 67
26 70
26 72
26 74
26 76
26 77
26 78
26 80
26 81
26 86
26 88
26 89
26 90
26 94
26 96
26 97
26 98
26 99
27 28
27 33
27 34
27 35
27 36
27 37
27 41
27 43
27 45
27 47
27 48
27 50
27 52
27 54
27 55
27 56
27 62
27 65
27 69
27 72
27 74
27 76
27 78
27 80
27 83
27 87
27 91
27 92
27 96
27 97
27 98
28 29
28 30
28 31
28 36
28 37
28 38
28 39
28 41
28 42
28 44
28 49
28 51
28 53
28 54
28 56
28 59
28 60
28 62
28 66
28 67
28 68
28 69
28 70
28 71
28 72
28 74
28 75
28 78
28 83
28 86
28 88
28 94
28 95
28 96
29 31
29 32
29 33
29 35
29 40
29 44
29 45
29 46
29 47
29 50
29 51
29 54
29 55
29 58
29 59
29 61
29 65
29 66
29 68
29 70
29 73
29 75
29 76
29 80
29 81
29 82
29 83
29 85
29 91
29 93
29 94
29 96
29 98
30 34
30 38
30 39
30 44
30 45
30 46
30 47
30 48
30 51
30 52
30 53
30 54
30 55
30 57
30 58
30 59
30 60
30 61
30 65
30 68
30 70
30 71
30 72
30 76
30 80
30 81
30 83
30 87
30 92
30 95
30 97
30 99
31 39
31 40
31 41
31 43
31 44
31 47
31 49
31 52
31 53
31 54
31 55
31 56
31 59
31 60
31 62
31 63
31 64
31 65
31 67
31 70
31 72
31 74
31 75
31 76
31 77
31 79
31 83
31 84
31 87
31 88
31 90
31 92
31 93
31 95
31 96
31 99
32 33
32 34
32 37
32 41
32 42
32 44
32 46
32 47
32 50
32 53
32 55
32 57
32 61
32 62
32 64
32 65
32 66
32 67
32 68
32 70
32 72
32 73
32 74
32 77
32 79
32 80
32 81
32 83
32 84
32 85
32 86
32 87
32 88
32 90
32 91
32 94
32 96
32 97
32 98
33 34
33 36
33 38
33 40
33 41
33 44
33 45
33 49
33 54
33 55
33 56
33 58
33 62
33 66
33 67
33 68
33 69
33 76
33 77
33 80
33 82
33 83
33 86
33 87
33 89
33 90
33 91
33 93
33 99
34 37
34 40
34 41
34 42
34 43
34 45
34 46
34 49
34 52
34 53
34 54
34 55
34 61
34 62
34 63
34 66
34 67
34 69
34 70
34 72
34 74
34 75
34 76
34 77
34 78
34 81
34 82
34 84
34 85
34 86
34 87
34 88
34 89
34 92
34 93
34 94
34 96
34 98
34 99
35 36
35 40
35 43
35 44
35 45
35 46
35 47
35 48
35 49
35 52
35 55
35 56
35 63
35 64
35 67
35 68
35 71
35 72
35 74
35 77
35 78
35 81
35 82
35 83
35 84
35 85
35 89
35 91
35 93
35 94
35 96
35 97
35 99
36 40
36 42
36 43
36 45
36 46
36 48
36 49
36 51
36 54
36 55
36 57
36 58
36 61
36 62
36 63
36 64
36 65
36 66
36 67
36 69
36 71
36 72
36 73
36 74
36 75
36 78
36 79
36 81
36 84
36 85
36 87
36 89
36 91
36 92
36 95
36 96
36 97
36 98
36 99
37 38
37 41
37 42
37 46
37 47
37 48
37 50
37 52
37 53
37 54
37 55
37 58
37 61
37 63
37 64
37 65
37 67
37 69
37 71
37 72
37 76
37 80
37 93
37 94
37 95
37 96
37 98
37 99
38 39
38 40
38 45
38 46
38 47
38 51
38 52
38 54
38 57
38 58
38 61
38 63
38 64
38 65
38 66
38 72
38 75
38 78
38 79
38 80
38 81
38 82
38 86
38 88
38 89
38 90
38 91
38 94
38 96
38 97
38 99
39 42
39 43
39 44
39 45
39 46
39 48
39 50
39 52
39 53
39 57
39 59
39 61
39 62
39 65
39 67
39 68
39 70
39 71
39 74
39 75
39 76
39 77
39 79
39 82
39 85
39 87
39 88
39 89
39 95
39 97
39 98
39 99
40 42
40 43
40 45
40 46
40 48
40 52
40 57
40 59
40 60
40 61
40 63
40 64
40 66
40 67
40 69
40 70
40 71
40 72
40 74
40 77
40 79
40 82
40 83
40 88
40 89
40 90
40 93
40 96
40 99
41 44
41 46
41 53
41 54
41 56
41 58
41 59
41 65
41 71
41 73
41 74
41 75
41 77
41 78
41 80
41 81
41 83
41 85
41 87
41 92
41 98
42 43
42 44
42 48
42 51
42 52
42 53
42 54
42 56
42 59
42 63
42 64
42 67
42 70
42 71
42 74
42 75
42 77
42 81
42 82
42 83
42 85
42 87
42 88
42 90
42 91
42 92
42 93
42 96
42 98
43 44
43 51
43 56
43 57
43 58
43 60
43 64
43 65
43 67
43 68
43 70
43 72
43 73
43 74
43 75
43 76
43 80
43 86
43 89
43 91
43 94
43 95
43 98
43 99
44 45
44 46
44 48
44 50
44 55
44 56
44 57
44 60
44 61
44 62
44 63
44 65
44 66
44 67
44 69
44 70
44 75
44 76
44 79
44 82
44 84
44 89
44 91
44 94
44 95
44 97
44 99
45 46
45 50
45 52
45 57
45 58
45 59
45 62
45 66
45 67
45 68
45 72
45 73
45 74
45 75
45 78
45 82
45 86
45 88
45 89
45 90
45 94
45 96
45 97
45 98
46 49
46 55
46 56
46 57
46 58
46 61
46 62
46 67
46 68
46 74
46 75
46 82
46 85
46 87
46 89
46 90
46 91
46 95
46 97
46 98
47 48
47 51
47 52
47 58
47 61
47 64
47 65
47 66
47 68
47 72
47 73
47 79
47 80
47 82
47 85
47 86
47 87
47 91
47 98
48 49
48 50
48 53
48 54
48 55
48 56
48 58
48 60
48 62
48 64
48 65
48 67
48 68
48 71
48 72
48 75
48 76
48 79
48 80
48 81
48 82
48 83
48 84
48 87
48 89
48 99
49 50
49 51
49 53
49 54
49 55
49 57
49 58
49 60
49 64
49 67
49 70
49 71
49 72
49 73
49 74
49 75
49 81
49 86
49 89
49 90
49 91
49 93
49 94
49 95
49 97
49 98
50 52
50 54
50 57
50 59
50 62
50 63
50 64
50 67
50 70
50 71
50 74
50 75
50 79
50 80
50 81
50 82
50 83
50 90
50 91
50 93
50 94
50 95
50 96
50 99
51 53
51 54
51 58
51 61
51 62
51 63
51 64
51 65
51 67
51 68
51 70
51 74
51 77
51 80
51 83
51 86
51 89
51 90
51 93
51 98
51 99
52 53
52 54
52 56
52 58
52 60
52 62
52 65
52 66
52 69
52 70
52 72
52 73
52 77
52 80
52 82
52 83
52 85
52 87
52 90
52 91
52 92
52 95
52 96
52 98
52 99
53 56
53 57
53 59
53 60
53 61
53 63
53 65
53 68
53 69
53 70
53 75
53 77
53 78
53 79
53 80
53 85
53 87
53 88
53 89
53 90
53 93
53 98
53 99
54 56
54 57
54 58
54 61
54 62
54 64
54 66
54 69
54 72
54 74
54 75
54 78
54 79
54 80
54 83
54 85
54 87
54 90
54 93
54 94
54 95
54 97
54 98
55 56
55 59
55 61
55 62
55 64
55 67
55 68
55 69
55 70
55 71
55 73
55 74
55 77
55 80
55 84
55 85
55 91
55 96
55 97
55 98
56 57
56 64
56 65
56 66
56 70
56 78
56 79
56 80
56 83
56 84
56 85
56 86
56 88
56 89
56 91
56 92
56 94
56 97
57 58
57 62
57 65
57 67
57 76
57 77
57 78
57 79
57 80
57 87
57 93
57 95
57 96
57 99
58 59
58 60
58 62
58 63
58 65
58 66
58 67
58 71
58 73
58 75
58 77
58 79
58 82
58 84
58 85
58 86
58 87
58 88
58 92
58 93
58 97
58 98
59 60
59 61
59 62
59 63
59 64
59 65
59 66
59 68
59 69
59 72
59 73
59 74
59 75
59 76
59 77
59 78
59 82
59 83
59 86
59 89
59 91
59 93
59 99
60 61
60 67
60 73
60 75
60 76
60 78
60 85
60 86
60 87
60 88
60 89
60 90
60 93
60 94
60 97
60 98
61 63
61 70
61 71
61 72
61 73
61 77
61 78
61 81
61 83
61 85
61 86
61 90
61 91
61 92
61 93
61 94
61 95
61 97
61 99
62 64
62 67
62 68
62 71
62 74
62 80
62 81
62 82
62 83
62 84
62 85
62 88
62 90
62 92
62 94
63 65
63 71
63 72
63 73
63 77
63 79
63 80
63 81
63 82
63 83
63 88
63 89
63 91
63 92
63 96
64 73
64 74
64 75
64 79
64 81
64 82
64 83
64 85
64 86
64 92
64 93
65 67
65 69
65 70
65 76
65 78
65 79
65 83
65 85
65 86
65 88
65 89
65 90
65 91
65 92
66 67
66 68
66 69
66 71
66 72
66 74
66 77
66 80
66 81
66 82
66 84
66 86
66 88
66 90
66 92
66 93
66 96
66 98
66 99
67 69
67 70
67 71
67 72
67 74
67 76
67 77
67 82
67 83
67 84
67 85
67 86
67 87
67 88
67 93
67 98
68 69
68 70
68 72
68 73
68 74
68 75
68 77
68 78
68 80
68 84
68 85
68 87
68 88
68 91
68 93
68 94
68 95
68 97
68 98
69 70
69 74
69 78
69 80
69 82
69 84
69 87
69 92
69 93
69 94
69 95
69 97
69 98
69 99
70 74
70 78
70 79
70 83
70 85
70 88
70 91
70 92
70 93
70 95
70 98
71 75
71 76
71 78
71 79
71 81
71 85
71 86
71 88
71 90
71 92
71 96
71 97
71 99
72 73
72 76
72 77
72 79
72 84
72 86
72 88
72 92
72 93
72 94
72 97
73 74
73 75
73 77
73 80
73 81
73 82
73 84
73 85
73 86
73 88
73 89
73 91
73 92
73 93
73 94
73 97
73 98
74 77
74 79
74 80
74 84
74 86
74 92
74 94
74 95
74 98
75 76
75 77
75 80
75 82
75 86
75 90
75 92
75 94
76 77
76 80
76 81
76 82
76 83
76 84
76 85
76 87
76 88
76 91
76 95
76 99
77 78
77 79
77 82
77 90
77 91
77 92
77 93
77 94
77 95
77 96
77 99
78 80
78 81
78 82
78 86
78 87
78 88
78 89
78 91
78 93
78 94
78 95
78 96
78 97
78 99
79 80
79 81
79 84
79 88
79 93
79 96
79 98
80 81
80 82
80 83
80 89
80 90
80 93
80 95
80 97
80 98
80 99
81 84
81 86
81 88
81 91
81 92
81 93
81 95
81 98
81 99
82 84
82 87
82 88
82 93
82 94
82 97
82 98
83 86
83 87
83 88
83 89
83 92
83 93
83 94
83 95
83 96
83 98
84 87
84 88
84 90
84 96
84 97
85 87
85 88
85 89
85 90
85 91
85 94
85 96
86 90
86 91
86 93
86 96
86 97
86 99
87 88
87 89
87 90
87 91
87 98
87 99
88 89
88 91
88 94
88 96
88 99
89 90
89 91
89 92
89 94
89 95
89 96
89 97
89 99
90 91
90 94
90 95
90 96
90 97
91 92
91 96
91 97
91 99
92 95
92 96
92 97
92 98
92 99
93 95
93 97
93 99
94 96
94 99
95 96
95 97
95 98
95 99
96 97
96 98
