0 1
0 2
0 6
0 11
0 12
0 16
0 18
0 19
0 20
0 22
0 24
0 26
0 28
0 37
0 42
0 45
0 52
0 57
0 68
0 74
0 75
0 81
0 83
0 84
0 87
0 92
0 96
0 97
1 4
1 6
1 9
1 12
1 22
1 23
1 24
1 25
1 32
1 36
1 37
1 41
1 45
1 53
1 57
1 59
1 60
1 61
1 62
1 63
1 66
1 79
1 80
1 83
1 85
1 88
1 91
1 92
1 98
1 99
2 7
2 8
2 14
2 15
2 17
2 19
2 28
2 29
2 32
2 35
2 36
2 38
2 39
2 48
2 51
2 55
2 58
2 59
2 60
2 62
2 65
2 66
2 67
2 69
2 73
2 74
2 77
2 83
2 84
2 86
2 88
2 92
2 96
3 6
3 7
3 11
3 13
3 15
3 22
3 29
3 36
3 39
3 51
3 53
3 55
3 58
3 64
3 67
3 74
3 75
3 78
3 84
3 88
4 8
4 10
4 12
4 17
4 18
4 25
4 26
4 30
4 31
4 37
4 39
4 40
4 41
4 44
4 46
4 47
4 54
4 61
4 64
4 68
4 71
4 73
4 76
4 78
4 79
4 83
4 85
4 89
4 90
4 91
4 95
5 9
5 11
5 13
5 14
5 15
5 16
5 18
5 20
5 25
5 26
5 33
5 35
5 36
5 37
5 40
5 45
5 46
5 55
5 56
5 59
5 60
5 61
5 68
5 69
5 70
5 71
5 72
5 73
5 75
5 76
5 82
5 84
5 86
5 96
6 10
6 11
6 13
6 18
6 22
6 25
6 26
6 28
6 29
6 30
6 34
6 36
6 48
6 53
6 55
6 57
6 59
6 64
6 67
6 72
6 74
6 79
6 82
6 93
6 99
7 9
7 11
7 13
7 18
7 19
7 20
7 24
7 29
7 36
7 37
7 39
7 41
7 49
7 54
7 58
7 60
7 62
7 63
7 73
7 74
7 76
7 78
7 80
7 81
7 91
7 97
7 98
7 99
8 9
8 15
8 28
8 32
8 35
8 36
8 37
8 40
8 41
8 42
8 44
8 46
8 52
8 57
8 58
8 59
8 60
8 63
8 66
8 72
8 74
8 76
8 79
8 80
8 82
8 86
8 93
8 94
8 95
8 96
8 97
9 14
9 17
9 21
9 22
9 23
9 28
9 40
9 42
9 55
9 56
9 61
9 62
9 63
9 66
9 68
9 73
9 74
9 75
9 78
9 79
9 82
9 84
9 87
9 89
9 92
9 95
10 16
10 20
10 29
10 32
10 33
10 37
10 39
10 40
10 45
10 47
10 48
10 52
10 53
10 54
10 58
10 59
10 62
10 70
10 71
10 73
10 75
10 78
10 84
10 89
10 93
10 96
10 98
11 16
11 19
11 23
11 26
11 31
11 32
11 38
11 39
11 40
11 41
11 43
11 50
11 55
11 56
11 62
11 65
11 67
11 68
11 76
11 81
11 82
11 86
11 93
11 95
12 14
12 16
12 17
12 19
12 20
12 23
12 27
12 30
12 31
12 35
12 43
12 46
12 47
12 51
12 52
12 54
12 57
12 59
12 66
12 69
12 71
12 73
12 83
12 84
12 86
12 88
12 89
12 90
12 95
13 16
13 21
13 22
13 23
13 24
13 27
13 28
13 30
13 33
13 34
13 35
13 46
13 51
13 52
13 55
13 59
13 61
13 67
13 69
13 72
13 79
13 81
13 83
13 87
13 94
14 16
14 17
14 18
14 20
14 22
14 23
14 27
14 30
14 33
14 34
14 38
14 41
14 43
14 44
14 47
14 53
14 55
14 69
14 71
14 72
14 73
14 78
14 80
14 83
14 85
14 86
14 93
14 94
14 96
14 97
14 98
15 18
15 19
15 28
15 30
15 32
15 36
15 38
15 42
15 46
15 51
15 53
15 56
15 58
15 64
15 66
15 68
15 73
15 75
15 76
15 77
15 78
15 82
15 83
15 88
15 89
15 90
15 95
15 97
15 98
15 99
16 19
16 22
16 27
16 28
16 29
16 30
16 31
16 32
16 33
16 35
16 36
16 43
16 44
16 48
16 50
16 51
16 52
16 55
16 61
16 71
16 74
16 75
16 81
16 82
16 83
16 84
16 86
16 92
16 94
16 96
16 99
17 22
17 23
17 26
17 30
17 31
17 33
17 34
17 36
17 40
17 45
17 46
17 47
17 59
17 61
17 63
17 64
17 66
17 68
17 72
17 74
17 76
17 83
17 85
17 90
17 92
17 94
18 24
18 32
18 38
18 40
18 41
18 50
18 52
18 53
18 57
18 65
18 67
18 69
18 72
18 75
18 85
18 91
18 92
18 97
19 25
19 27
19 31
19 32
19 33
19 34
19 36
19 37
19 46
19 52
19 56
19 65
19 69
19 70
19 71
19 73
19 74
19 76
19 84
19 85
19 96
19 98
19 99
20 32
20 34
20 35
20 41
20 43
20 44
20 45
20 48
20 50
20 53
20 57
20 65
20 76
20 83
20 85
20 86
20 87
20 95
20 99
21 26
21 29
21 33
21 34
21 40
21 42
21 43
21 52
21 54
21 57
21 60
21 62
21 63
21 64
21 65
21 67
21 71
21 73
21 74
21 79
21 83
21 85
21 86
21 92
21 94
22 23
22 25
22 29
22 32
22 41
22 44
22 46
22 48
22 50
22 53
22 55
22 64
22 65
22 66
22 67
22 69
22 70
22 71
22 78
22 80
22 87
22 89
22 95
22 96
22 97
22 98
23 24
23 31
23 35
23 38
23 42
23 43
23 45
23 47
23 48
23 51
23 54
23 55
23 56
23 58
23 59
23 61
23 65
23 69
23 72
23 73
23 74
23 80
23 87
23 90
23 91
23 96
23 99
24 32
24 36
24 37
24 39
24 40
24 46
24 52
24 58
24 59
24 65
24 69
24 71
24 74
24 76
24 79
24 80
24 84
24 85
24 86
24 88
24 91
24 93
24 94
24 96
25 28
25 34
25 39
25 42
25 45
25 50
25 52
25 54
25 55
25 62
25 65
25 66
25 68
25 70
25 76
25 78
25 80
25 83
25 88
25 92
25 93
25 95
26 33
26 43
26 47
26 54
26 55
26 65
26 68
26 69
26 72
26 74
26 77
26 84
26 89
26 95
27 32
27 34
27 37
27 39
27 43
27 46
27 51
27 52
27 64
27 65
27 71
27 73
27 75
27 82
27 83
27 88
27 90
27 95
28 29
28 30
28 33
28 46
28 47
28 48
28 49
28 51
28 52
28 53
28 56
28 57
28 60
28 62
28 68
28 73
28 74
28 77
28 80
28 83
28 99
29 33
29 40
29 41
29 42
29 47
29 49
29 50
29 51
29 52
29 53
29 54
29 57
29 58
29 60
29 68
29 71
29 75
29 80
29 83
29 92
29 93
30 37
30 39
30 43
30 50
30 52
30 53
30 54
30 65
30 67
30 68
30 73
30 77
30 86
30 95
31 34
31 37
31 40
31 44
31 49
31 50
31 51
31 57
31 58
31 60
31 61
31 62
31 66
31 67
31 71
31 86
31 89
31 90
31 91
31 92
31 95
31 96
31 97
32 33
32 39
32 47
32 53
32 54
32 55
32 61
32 68
32 71
32 72
32 85
33 34
33 37
33 39
33 41
33 42
33 46
33 48
33 50
33 52
33 53
33 56
33 57
33 58
33 59
33 62
33 65
33 68
33 73
33 75
33 76
33 77
33 80
33 84
33 89
33 91
33 94
33 96
33 98
33 99
34 35
34 42
34 46
34 49
34 56
34 60
34 64
34 65
34 71
34 79
34 80
34 85
34 86
34 95
34 97
34 98
34 99
35 43
35 44
35 53
35 54
35 66
35 67
35 77
35 79
35 86
35 89
35 92
35 95
35 99
36 37
36 43
36 50
36 54
36 55
36 61
36 67
36 72
36 74
36 76
36 78
36 81
36 82
36 83
36 84
36 87
36 90
36 91
36 94
36 97
36 98
37 42
37 44
37 45
37 47
37 54
37 58
37 60
37 63
37 64
37 65
37 67
37 70
37 71
37 74
37 76
37 81
37 87
37 92
37 96
38 40
38 62
38 63
38 65
38 70
38 71
38 72
38 76
38 77
38 78
38 82
38 83
38 87
39 45
39 48
39 50
39 51
39 53
39 55
39 58
39 59
39 64
39 69
39 70
39 72
39 74
39 75
39 84
39 90
39 94
39 95
39 97
39 99
40 41
40 47
40 50
40 51
40 52
40 57
40 58
40 62
40 63
40 64
40 65
40 68
40 72
40 74
40 77
40 78
40 80
40 83
40 84
40 88
40 92
40 93
40 96
40 98
41 48
41 58
41 71
41 76
41 78
41 84
41 87
41 88
41 91
41 93
41 96
41 97
42 48
42 50
42 52
42 53
42 55
42 57
42 64
42 65
42 70
42 71
42 86
42 88
42 90
42 96
43 46
43 47
43 48
43 55
43 59
43 61
43 62
43 66
43 68
43 70
43 72
43 74
43 75
43 77
43 82
43 83
43 85
43 87
43 92
43 93
43 95
44 45
44 52
44 55
44 56
44 61
44 63
44 65
44 70
44 72
44 76
44 77
44 80
44 84
44 86
44 87
44 88
44 93
44 94
45 48
45 53
45 54
45 55
45 56
45 57
45 62
45 63
45 70
45 76
45 78
45 79
45 80
45 82
45 85
45 91
45 93
46 49
46 54
46 55
46 56
46 66
46 67
46 70
46 71
46 72
46 78
46 83
46 90
46 98
46 99
47 50
47 51
47 53
47 54
47 55
47 57
47 61
47 64
47 68
47 72
47 74
47 78
47 80
47 82
47 84
47 85
47 87
47 88
47 96
47 98
48 53
48 56
48 57
48 58
48 66
48 68
48 71
48 76
48 82
48 85
48 86
48 87
48 88
48 92
48 98
49 50
49 52
49 64
49 76
49 77
49 84
49 86
49 88
49 89
49 97
50 54
50 60
50 69
50 75
50 77
50 79
50 83
50 85
50 86
50 91
50 94
50 95
50 98
51 52
51 55
51 56
51 59
51 62
51 66
51 69
51 78
51 79
51 82
51 86
51 87
51 88
51 93
51 98
52 54
52 56
52 58
52 60
52 65
52 68
52 69
52 73
52 75
52 79
52 80
52 88
52 90
52 96
52 97
52 99
53 54
53 56
53 58
53 66
53 69
53 70
53 71
53 73
53 80
53 86
53 88
53 89
53 94
53 96
53 98
54 55
54 59
54 62
54 65
54 68
54 69
54 70
54 76
54 77
54 79
54 81
54 86
54 87
54 99
55 57
55 65
55 69
55 75
55 77
55 81
55 83
55 84
55 86
55 88
55 90
55 91
55 98
56 58
56 60
56 61
56 68
56 75
56 78
56 79
56 80
56 82
56 83
56 84
56 86
56 88
56 92
56 95
56 96
56 99
57 59
57 61
57 66
57 71
57 78
57 84
57 85
57 87
57 91
57 92
57 95
57 98
57 99
58 61
58 63
58 69
58 72
58 73
58 74
58 78
58 80
58 83
58 91
58 94
58 95
59 60
59 64
59 68
59 71
59 73
59 74
59 76
59 77
59 81
59 84
59 86
59 87
59 88
59 91
59 93
60 61
60 62
60 63
60 67
60 71
60 73
60 79
60 84
60 91
60 94
60 98
61 64
61 70
61 72
61 75
61 78
61 80
61 82
61 85
61 88
61 89
61 92
61 93
61 97
61 99
62 65
62 69
62 73
62 75
62 81
62 86
62 96
63 66
63 67
63 68
63 74
63 81
63 82
63 84
63 88
63 91
63 94
63 95
63 98
64 65
64 66
64 74
64 75
64 76
64 78
64 80
64 85
64 88
64 90
64 92
64 95
64 96
64 99
65 67
65 70
65 71
65 72
65 76
65 77
65 87
65 88
65 90
65 93
65 94
65 96
65 97
65 98
65 99
66 68
66 70
66 72
66 76
66 77
66 80
66 82
66 83
66 91
66 95
66 96
66 97
67 73
67 74
67 75
67 78
67 81
67 85
67 86
67 87
67 88
67 89
67 91
67 96
68 71
68 75
68 76
68 78
68 80
68 82
68 86
68 88
68 90
68 92
68 99
69 76
69 80
69 81
69 82
69 86
69 87
69 91
69 97
69 98
70 76
70 78
70 82
70 83
70 86
70 88
70 92
70 93
70 97
70 99
71 78
71 80
71 82
71 88
71 92
71 95
71 96
72 77
72 81
72 84
72 85
72 90
72 92
72 93
72 94
72 95
72 96
72 97
72 99
73 74
73 75
73 84
73 85
73 91
73 97
73 99
74 76
74 77
74 78
74 80
74 82
74 88
74 92
75 76
75 80
75 84
75 89
75 98
75 99
76 79
76 83
76 87
76 93
76 98
77 78
77 81
77 83
77 87
77 88
77 90
77 91
77 94
77 98
78 81
78 83
78 86
78 87
79 82
79 84
79 86
79 88
79 94
79 95
79 96
79 97
80 92
80 95
80 98
81 85
81 88
81 89
81 91
81 94
81 95
82 86
82 87
82 91
82 93
82 95
82 97
82 99
83 95
84 89
84 95
84 96
84 97
85 91
85 96
85 99
86 89
86 90
86 92
86 96
87 88
87 91
87 93
87 94
87 95
87 97
88 90
88 93
88 94
88 95
88 97
88 99
89 91
89 93
89 95
89 97
89 98
89 99
90 94
90 96
90 99
91 93
91 97
92 94
92 98
92 99
94 98
96 98
97 98
