0 1
0 3
0 6
0 7
0 13
0 17
0 23
0 31
0 33
0 36
0 37
0 43
0 47
0 48
0 51
0 52
0 53
0 56
0 58
0 59
0 62
0 63
0 64
0 67
0 70
0 73
0 76
0 78
0 86
0 89
0 90
0 92
0 93
0 95
0 98
1 5
1 7
1 16
1 17
1 23
1 24
1 30
1 38
1 39
1 40
1 42
1 47
1 52
1 55
1 56
1 65
1 70
1 71
1 72
1 73
1 74
1 76
1 77
1 81
1 84
1 85
1 87
1 88
1 92
1 99
2 3
2 4
2 6
2 10
2 13
2 17
2 18
2 23
2 25
2 30
2 31
2 34
2 37
2 39
2 47
2 50
2 51
2 54
2 58
2 65
2 70
2 72
2 73
2 74
2 75
2 76
2 83
2 85
2 86
2 87
2 88
2 97
3 6
3 7
3 13
3 14
3 18
3 19
3 22
3 23
3 26
3 28
3 39
3 41
3 44
3 46
3 47
3 48
3 53
3 55
3 56
3 58
3 60
3 64
3 73
3 75
3 78
3 82
3 86
3 88
3 89
3 91
3 93
3 95
4 8
4 9
4 11
4 14
4 19
4 21
4 25
4 30
4 31
4 37
4 40
4 45
4 50
4 52
4 53
4 54
4 57
4 58
4 64
4 66
4 67
4 69
4 72
4 75
4 87
4 89
4 93
4 94
5 8
5 11
5 14
5 18
5 23
5 25
5 30
5 32
5 38
5 41
5 42
5 48
5 51
5 52
5 60
5 61
5 64
5 68
5 80
5 85
5 86
5 89
5 90
5 91
5 97
5 98
6 9
6 14
6 15
6 18
6 22
6 25
6 27
6 28
6 29
6 30
6 32
6 34
6 40
6 44
6 46
6 48
6 49
6 52
6 55
6 57
6 58
6 62
6 67
6 70
6 72
6 73
6 77
6 79
6 81
6 82
6 85
6 90
6 98
6 99
7 11
7 14
7 18
7 21
7 25
7 26
7 29
7 33
7 38
7 40
7 45
7 49
7 52
7 57
7 59
7 66
7 68
7 72
7 73
7 78
7 79
7 83
8 10
8 11
8 15
8 25
8 29
8 33
8 35
8 38
8 39
8 44
8 46
8 47
8 49
8 51
8 55
8 62
8 64
8 69
8 70
8 71
8 73
8 75
8 76
8 84
8 88
8 92
8 93
8 95
8 97
8 98
9 12
9 15
9 18
9 19
9 21
9 26
9 29
9 30
9 38
9 41
9 44
9 45
9 50
9 55
9 62
9 72
9 75
9 77
9 78
9 83
9 84
9 87
9 88
9 89
9 91
9 97
9 99
10 14
10 23
10 27
10 30
10 33
10 35
10 38
10 41
10 42
10 46
10 49
10 52
10 53
10 61
10 63
10 70
10 71
10 72
10 85
11 20
11 21
11 22
11 23
11 28
11 29
11 30
11 32
11 33
11 35
11 36
11 38
11 45
11 46
11 47
11 49
11 54
11 57
11 59
11 60
11 61
11 62
11 63
11 66
11 73
11 80
11 82
11 90
11 96
11 98
12 15
12 16
12 17
12 25
12 26
12 31
12 32
12 34
12 35
12 36
12 38
12 40
12 51
12 52
12 57
12 69
12 70
12 72
12 77
12 79
12 81
12 82
12 87
12 88
12 91
12 92
12 93
12 95
12 97
12 98
13 14
13 18
13 19
13 23
13 27
13 30
13 32
13 36
13 50
13 55
13 59
13 65
13 68
13 76
13 78
13 82
13 90
13 95
13 97
14 16
14 18
14 27
14 29
14 33
14 34
14 36
14 39
14 44
14 47
14 52
14 55
14 56
14 63
14 64
14 66
14 67
14 71
14 76
14 79
14 88
14 90
14 94
14 97
15 17
15 19
15 22
15 24
15 26
15 28
15 30
15 32
15 35
15 40
15 43
15 44
15 45
15 50
15 55
15 60
15 66
15 67
15 71
15 72
15 73
15 79
15 89
15 91
15 98
16 18
16 20
16 21
16 26
16 28
16 35
16 37
16 41
16 42
16 43
16 50
16 52
16 57
16 61
16 68
16 71
16 73
16 79
16 86
16 90
16 92
16 95
17 18
17 20
17 25
17 30
17 34
17 35
17 40
17 41
17 42
17 48
17 49
17 50
17 51
17 56
17 57
17 64
17 67
17 68
17 70
17 80
17 83
17 88
17 94
17 98
17 99
18 19
18 22
18 29
18 36
18 39
18 42
18 45
18 47
18 49
18 51
18 52
18 53
18 57
18 60
18 64
18 66
18 71
18 72
18 74
18 76
18 77
18 80
18 83
18 86
18 88
18 96
18 98
18 99
19 21
19 22
19 27
19 31
19 34
19 35
19 36
19 39
19 42
19 43
19 44
19 48
19 49
19 54
19 55
19 57
19 58
19 60
19 61
19 69
19 74
19 76
19 82
19 85
19 86
19 90
19 93
19 96
19 99
20 21
20 24
20 33
20 36
20 41
20 42
20 45
20 48
20 53
20 55
20 56
20 60
20 69
20 70
20 75
20 76
20 79
20 86
20 87
20 88
20 89
20 91
20 94
20 96
20 97
20 98
20 99
21 23
21 25
21 31
21 33
21 35
21 41
21 49
21 51
21 65
21 72
21 73
21 75
21 79
21 81
21 84
21 86
21 87
21 88
21 90
21 93
21 95
21 97
21 99
22 26
22 27
22 31
22 34
22 38
22 42
22 46
22 47
22 57
22 59
22 62
22 67
22 68
22 70
22 75
22 76
22 79
22 80
22 83
22 86
22 90
22 96
22 98
23 26
23 27
23 30
23 32
23 34
23 37
23 45
23 47
23 48
23 50
23 53
23 59
23 62
23 65
23 77
23 79
23 82
23 85
23 88
23 92
23 94
23 95
23 96
23 98
23 99
24 27
24 32
24 37
24 45
24 50
24 53
24 56
24 58
24 60
24 62
24 67
24 69
24 71
24 73
24 77
24 80
24 81
24 84
24 88
24 93
24 97
25 27
25 28
25 34
25 42
25 44
25 45
25 50
25 56
25 64
25 67
25 68
25 71
25 72
25 81
25 82
25 92
25 94
25 99
26 28
26 33
26 36
26 43
26 45
26 48
26 49
26 51
26 59
26 60
26 61
26 68
26 69
26 77
26 78
26 80
26 82
26 84
26 89
26 94
26 95
26 97
26 99
27 38
27 40
27 41
27 42
27 43
27 49
27 54
27 55
27 57
27 61
27 63
27 69
27 72
27 77
27 79
27 89
27 91
27 93
27 94
27 96
28 30
28 33
28 34
28 36
28 39
28 45
28 50
28 57
28 60
28 61
28 63
28 71
28 74
28 77
28 81
28 82
28 83
28 87
28 93
28 96
28 98
29 30
29 31
29 36
29 38
29 39
29 41
29 44
29 49
29 56
29 57
29 59
29 61
29 64
29 65
29 66
29 67
29 72
29 73
29 75
29 84
29 86
29 90
29 93
29 94
30 32
30 33
30 34
30 36
30 40
30 46
30 48
30 59
30 64
30 72
30 80
30 81
30 83
30 85
30 89
30 93
30 97
30 99
31 33
31 34
31 38
31 39
31 41
31 42
31 43
31 44
31 46
31 48
31 52
31 55
31 61
31 63
31 72
31 80
31 81
31 87
31 89
31 91
31 92
31 95
31 99
32 36
32 38
32 43
32 44
32 50
32 53
32 54
32 67
32 69
32 70
32 71
32 78
32 80
32 82
32 84
32 88
32 91
32 92
32 99
33 35
33 37
33 40
33 44
33 45
33 47
33 48
33 49
33 50
33 53
33 55
33 57
33 58
33 60
33 62
33 63
33 67
33 72
33 73
33 81
33 84
33 86
33 88
33 89
33 94
34 41
34 44
34 45
34 47
34 48
34 52
34 55
34 59
34 63
34 65
34 66
34 72
34 73
34 77
34 78
34 80
34 81
34 95
34 97
34 98
35 37
35 42
35 45
35 47
35 51
35 58
35 59
35 60
35 61
35 64
35 66
35 69
35 72
35 74
35 75
35 79
35 87
35 93
35 98
35 99
36 37
36 38
36 40
36 44
36 47
36 49
36 50
36 51
36 52
36 55
36 66
36 72
36 78
36 79
36 86
36 89
36 90
37 38
37 39
37 40
37 42
37 44
37 45
37 46
37 49
37 50
37 54
37 58
37 59
37 62
37 64
37 69
37 70
37 74
37 77
37 78
37 79
37 81
37 82
37 84
37 90
37 92
37 93
37 95
37 97
38 41
38 42
38 43
38 45
38 49
38 52
38 54
38 59
38 60
38 64
38 68
38 69
38 70
38 82
38 83
38 85
38 87
38 99
39 44
39 48
39 49
39 51
39 52
39 54
39 55
39 61
39 62
39 65
39 67
39 72
39 77
39 80
39 86
39 88
39 92
39 98
40 43
40 54
40 64
40 66
40 72
40 74
40 75
40 77
40 78
40 80
40 81
40 84
40 88
40 90
40 92
40 93
41 42
41 48
41 51
41 53
41 55
41 56
41 63
41 65
41 66
41 68
41 71
41 73
41 74
41 79
41 81
41 83
41 85
41 86
41 88
41 89
41 93
41 97
42 43
42 46
42 47
42 48
42 50
42 53
42 54
42 59
42 60
42 62
42 63
42 66
42 67
42 69
42 70
42 73
42 75
42 79
42 90
42 93
42 94
42 96
42 97
42 98
43 44
43 45
43 51
43 54
43 56
43 58
43 60
43 64
43 66
43 69
43 72
43 74
43 77
43 82
43 84
43 90
43 99
44 47
44 50
44 52
44 53
44 55
44 59
44 60
44 68
44 69
44 70
44 72
44 75
44 76
44 78
44 88
44 95
44 97
45 54
45 55
45 59
45 63
45 77
45 78
45 80
45 82
45 84
45 89
45 92
45 96
46 48
46 50
46 59
46 64
46 65
46 66
46 70
46 71
46 73
46 75
46 79
46 86
46 95
46 96
47 50
47 61
47 63
47 66
47 67
47 69
47 74
47 77
47 79
47 86
47 87
47 92
47 97
47 99
48 53
48 59
48 60
48 62
48 63
48 68
48 73
48 75
48 81
48 84
48 87
48 89
48 91
48 95
48 96
49 51
49 53
49 54
49 55
49 59
49 60
49 61
49 62
49 64
49 67
49 69
49 77
49 80
49 82
49 83
49 92
49 95
49 96
49 99
50 51
50 52
50 55
50 56
50 57
50 78
50 79
50 81
50 83
50 86
50 91
50 94
50 98
50 99
51 53
51 56
51 57
51 58
51 62
51 65
51 66
51 67
51 68
51 69
51 71
51 77
51 83
51 85
51 86
51 89
51 92
51 99
52 53
52 57
52 59
52 60
52 63
52 66
52 71
52 75
52 79
52 81
52 82
52 83
52 86
52 89
52 91
52 92
52 95
53 58
53 61
53 62
53 67
53 76
53 83
53 91
53 94
53 99
54 56
54 60
54 64
54 71
54 76
54 78
54 80
54 81
54 88
54 90
54 95
54 98
55 58
55 61
55 64
55 72
55 75
55 83
55 91
55 95
55 97
55 99
56 59
56 68
56 76
56 80
56 91
56 94
57 61
57 76
57 79
57 83
57 84
57 87
57 88
57 89
57 94
57 95
57 98
57 99
58 65
58 66
58 68
58 69
58 72
58 84
58 86
58 87
58 88
58 94
58 96
58 97
58 99
59 63
59 66
59 69
59 71
59 79
59 84
59 85
59 89
59 90
59 93
59 96
59 99
60 61
60 65
60 67
60 68
60 73
60 78
60 86
60 87
60 88
60 89
60 91
60 93
60 94
60 97
60 98
61 63
61 64
61 69
61 77
61 79
61 84
61 85
61 89
61 94
61 95
61 96
61 97
61 99
62 64
62 71
62 72
62 78
62 80
62 84
62 88
62 90
62 91
62 92
62 96
62 99
63 64
63 68
63 69
63 70
63 71
63 75
63 76
63 77
63 80
63 83
63 86
63 89
63 93
63 95
63 99
64 71
64 76
64 77
64 82
64 84
64 87
64 88
64 96
65 66
65 71
65 74
65 76
65 88
65 89
65 91
65 92
65 97
66 72
66 73
66 75
66 76
66 80
66 81
66 82
66 84
66 87
66 89
66 90
66 98
67 71
67 72
67 73
67 77
67 82
67 88
67 89
67 95
67 97
67 98
68 74
68 82
68 87
68 89
68 91
68 92
68 93
68 95
68 96
68 97
68 98
69 70
69 71
69 74
69 76
69 77
69 78
69 84
69 96
69 98
70 76
70 89
70 93
70 96
71 74
71 77
71 81
71 83
71 87
71 90
71 96
71 99
72 76
72 80
72 82
72 87
72 88
72 89
72 92
72 94
72 97
73 80
73 81
73 86
73 87
73 88
73 91
73 93
73 95
73 96
74 78
74 80
75 79
75 87
75 88
75 89
75 91
75 94
75 96
75 99
76 80
76 81
76 83
76 84
76 91
76 93
76 95
76 96
76 98
76 99
77 78
77 82
77 84
77 85
77 88
77 90
77 92
77 94
77 95
78 80
78 81
78 82
78 88
78 93
78 94
79 80
79 87
79 91
79 94
79 97
80 82
80 88
80 90
80 94
80 95
81 88
81 90
81 91
81 95
82 84
82 87
82 89
82 91
82 94
82 95
82 97
82 98
83 86
83 88
83 89
83 95
83 96
83 97
83 99
84 85
84 90
84 92
84 97
85 88
85 98
85 99
86 92
86 96
86 97
86 99
87 89
87 90
87 91
87 92
87 93
87 95
88 89
88 90
88 97
88 98
90 91
90 95
90 96
90 97
91 92
91 94
91 96
91 97
92 94
92 96
92 97
93 99
94 97
94 98
95 96
95 98
95 99
96 97
