0 1
0 4
0 5
0 7
0 8
0 14
0 16
0 17
0 18
0 21
0 24
0 25
0 27
0 30
0 31
0 34
0 35
0 36
0 37
0 38
0 46
0 48
0 49
0 53
0 55
0 58
0 60
0 62
0 63
0 65
0 67
0 71
0 73
0 74
0 75
0 76
0 84
0 86
0 91
0 94
0 96
0 98
1 4
1 5
1 6
1 8
1 11
1 12
1 14
1 16
1 17
1 18
1 19
1 22
1 25
1 28
1 29
1 34
1 35
1 36
1 42
1 43
1 45
1 51
1 54
1 55
1 61
1 62
1 64
1 69
1 70
1 71
1 73
1 79
1 82
1 84
1 85
1 94
1 95
1 97
1 99
2 6
2 8
2 11
2 12
2 15
2 16
2 17
2 18
2 22
2 25
2 26
2 30
2 32
2 39
2 40
2 42
2 50
2 51
2 52
2 55
2 60
2 62
2 63
2 65
2 66
2 67
2 71
2 80
2 82
2 83
2 84
2 85
2 86
2 87
2 91
3 4
3 5
3 6
3 7
3 8
3 9
3 11
3 12
3 13
3 17
3 20
3 23
3 28
3 35
3 38
3 39
3 40
3 42
3 45
3 46
3 47
3 49
3 50
3 51
3 52
3 53
3 55
3 56
3 59
3 62
3 63
3 64
3 65
3 67
3 71
3 74
3 76
3 77
3 78
3 79
3 81
3 82
3 85
3 86
3 87
3 88
3 93
3 95
3 99
4 5
4 8
4 11
4 12
4 16
4 19
4 21
4 24
4 27
4 28
4 30
4 31
4 37
4 39
4 42
4 44
4 45
4 46
4 48
4 50
4 52
4 55
4 57
4 60
4 61
4 64
4 68
4 69
4 73
4 75
4 78
4 79
4 80
4 82
4 84
4 86
4 87
4 89
4 90
4 91
4 94
4 95
5 9
5 10
5 12
5 16
5 20
5 24
5 25
5 26
5 39
5 42
5 43
5 44
5 45
5 47
5 50
5 52
5 53
5 54
5 56
5 60
5 63
5 66
5 67
5 69
5 75
5 76
5 79
5 80
5 81
5 82
5 83
5 84
5 86
5 88
5 91
5 92
5 93
5 95
6 10
6 11
6 13
6 18
6 20
6 24
6 25
6 30
6 34
6 35
6 44
6 48
6 52
6 55
6 58
6 60
6 64
6 69
6 70
6 75
6 77
6 83
6 84
6 88
6 90
6 91
6 93
6 94
6 98
7 11
7 12
7 14
7 15
7 16
7 17
7 21
7 22
7 24
7 26
7 28
7 29
7 30
7 31
7 32
7 33
7 40
7 41
7 44
7 45
7 46
7 48
7 52
7 53
7 56
7 58
7 60
7 61
7 63
7 64
7 65
7 66
7 67
7 68
7 69
7 70
7 73
7 79
7 80
7 83
7 84
7 85
7 86
7 87
7 88
7 90
7 91
7 93
7 95
7 98
8 9
8 11
8 13
8 14
8 18
8 22
8 24
8 29
8 35
8 36
8 37
8 44
8 49
8 51
8 52
8 53
8 54
8 56
8 58
8 61
8 62
8 66
8 71
8 73
8 76
8 79
8 82
8 84
8 85
8 86
8 91
8 96
9 12
9 14
9 18
9 21
9 22
9 25
9 26
9 27
9 30
9 33
9 34
9 35
9 40
9 43
9 47
9 50
9 52
9 55
9 57
9 59
9 69
9 70
9 71
9 75
9 82
9 84
9 89
9 94
9 96
9 98
9 99
10 11
10 14
10 17
10 19
10 21
10 22
10 23
10 24
10 31
10 33
10 34
10 35
10 38
10 39
10 44
10 45
10 51
10 52
10 56
10 63
10 64
10 66
10 71
10 73
10 74
10 75
10 77
10 78
10 80
10 84
10 86
10 91
10 94
10 98
11 14
11 17
11 18
11 21
11 25
11 29
11 33
11 35
11 36
11 41
11 43
11 47
11 50
11 52
11 54
11 57
11 68
11 71
11 74
11 75
11 80
11 81
11 82
11 89
11 96
11 97
12 13
12 19
12 22
12 29
12 30
12 31
12 33
12 37
12 38
12 42
12 45
12 47
12 51
12 52
12 56
12 58
12 59
12 60
12 63
12 64
12 65
12 66
12 69
12 70
12 76
12 77
12 80
12 81
12 82
12 85
12 87
12 88
12 92
12 93
12 94
12 96
12 98
12 99
13 17
13 19
13 24
13 25
13 27
13 29
13 31
13 34
13 35
13 40
13 43
13 46
13 55
13 60
13 61
13 65
13 67
13 70
13 71
13 72
13 75
13 77
13 79
13 81
13 83
13 84
13 86
13 95
13 96
13 97
14 16
14 18
14 20
14 25
14 26
14 28
14 30
14 35
14 36
14 41
14 43
14 45
14 46
14 49
14 50
14 54
14 58
14 59
14 60
14 61
14 67
14 68
14 71
14 72
14 73
14 75
14 79
14 80
14 85
14 87
14 90
14 91
14 92
14 94
14 96
15 16
15 17
15 18
15 19
15 20
15 21
15 24
15 37
15 46
15 47
15 49
15 50
15 53
15 60
15 61
15 63
15 65
15 66
15 67
15 69
15 74
15 75
15 76
15 79
15 81
15 84
15 85
15 90
15 93
15 97
15 99
16 18
16 22
16 24
16 26
16 28
16 29
16 31
16 36
16 37
16 38
16 40
16 41
16 43
16 45
16 46
16 49
16 50
16 51
16 52
16 54
16 56
16 57
16 58
16 60
16 61
16 63
16 69
16 70
16 75
16 78
16 80
16 82
16 87
16 89
16 90
16 91
16 94
16 95
16 97
17 20
17 25
17 26
17 32
17 33
17 36
17 38
17 39
17 40
17 41
17 44
17 45
17 46
17 47
17 49
17 56
17 64
17 65
17 68
17 71
17 79
17 81
17 82
17 85
17 86
17 89
17 91
17 94
17 96
17 98
18 19
18 27
18 36
18 40
18 51
18 54
18 60
18 61
18 62
18 63
18 64
18 65
18 72
18 75
18 79
18 81
18 82
18 83
18 85
18 88
18 90
18 91
18 94
18 95
18 97
18 99
19 21
19 23
19 24
19 28
19 29
19 31
19 32
19 34
19 37
19 44
19 45
19 46
19 52
19 54
19 56
19 57
19 59
19 63
19 66
19 68
19 69
19 75
19 79
19 80
19 81
19 85
19 86
19 89
19 92
19 97
19 98
19 99
20 21
20 26
20 31
20 33
20 36
20 37
20 38
20 39
20 44
20 45
20 46
20 49
20 53
20 54
20 55
20 56
20 58
20 65
20 66
20 71
20 72
20 76
20 78
20 90
20 91
20 94
20 95
20 96
20 99
21 22
21 24
21 25
21 26
21 29
21 30
21 34
21 37
21 40
21 47
21 50
21 51
21 53
21 57
21 58
21 59
21 63
21 66
21 69
21 72
21 74
21 75
21 77
21 80
21 81
21 82
21 84
21 87
21 94
21 95
21 96
21 97
22 24
22 25
22 28
22 30
22 32
22 34
22 35
22 39
22 40
22 42
22 44
22 45
22 46
22 47
22 51
22 55
22 56
22 57
22 58
22 61
22 65
22 67
22 69
22 71
22 73
22 75
22 77
22 79
22 81
22 83
22 84
22 85
22 86
22 87
22 90
22 91
22 93
22 94
22 95
22 97
22 99
23 24
23 26
23 33
23 34
23 38
23 41
23 45
23 50
23 52
23 55
23 58
23 61
23 63
23 66
23 67
23 68
23 73
23 75
23 76
23 77
23 78
23 79
23 83
23 85
23 86
23 88
23 89
23 91
23 93
23 98
24 27
24 28
24 36
24 38
24 40
24 41
24 42
24 44
24 45
24 46
24 47
24 50
24 51
24 56
24 60
24 64
24 65
24 67
24 68
24 69
24 70
24 72
24 73
24 75
24 79
24 86
24 88
24 89
24 91
24 92
24 93
24 97
24 98
24 99
25 30
25 31
25 34
25 40
25 43
25 48
25 49
25 54
25 55
25 57
25 59
25 60
25 61
25 63
25 66
25 67
25 68
25 69
25 72
25 76
25 79
25 80
25 85
25 86
25 87
25 97
25 98
26 27
26 28
26 30
26 31
26 36
26 37
26 38
26 40
26 43
26 44
26 45
26 48
26 49
26 50
26 54
26 59
26 61
26 63
26 64
26 65
26 66
26 69
26 71
26 72
26 73
26 74
26 75
26 76
26 77
26 82
26 83
26 87
26 92
26 97
26 98
26 99
27 28
27 31
27 33
27 35
27 36
27 37
27 38
27 39
27 40
27 47
27 48
27 49
27 51
27 61
27 65
27 67
27 68
27 69
27 71
27 72
27 74
27 78
27 79
27 80
27 84
27 85
27 88
27 91
27 95
27 96
27 97
27 99
28 29
28 30
28 31
28 35
28 36
28 43
28 51
28 57
28 58
28 59
28 62
28 63
28 65
28 71
28 73
28 75
28 78
28 83
28 86
28 89
28 92
28 94
28 97
28 99
29 30
29 31
29 34
29 36
29 37
29 40
29 41
29 44
29 46
29 48
29 49
29 50
29 51
29 52
29 54
29 59
29 61
29 62
29 64
29 75
29 78
29 79
29 85
29 87
29 90
29 95
29 96
30 36
30 37
30 41
30 43
30 45
30 46
30 53
30 54
30 59
30 66
30 70
30 75
30 76
30 84
30 86
30 90
30 91
30 93
30 94
30 95
30 97
31 32
31 37
31 42
31 46
31 47
31 48
31 49
31 55
31 57
31 58
31 65
31 68
31 72
31 73
31 74
31 78
31 80
31 83
31 87
31 90
31 92
31 95
31 96
31 98
32 35
32 36
32 40
32 41
32 42
32 47
32 49
32 50
32 57
32 58
32 61
32 62
32 72
32 80
32 81
32 85
32 86
32 88
32 92
32 99
33 35
33 37
33 40
33 42
33 43
33 46
33 51
33 55
33 61
33 62
33 63
33 69
33 71
33 74
33 77
33 82
33 84
33 87
33 93
33 94
33 96
33 98
34 37
34 38
34 40
34 41
34 46
34 49
34 51
34 52
34 56
34 57
34 59
34 60
34 61
34 64
34 65
34 70
34 77
34 79
34 80
34 84
34 88
34 95
35 40
35 41
35 42
35 44
35 46
35 47
35 48
35 50
35 52
35 53
35 58
35 60
35 61
35 63
35 65
35 66
35 69
35 70
35 71
35 72
35 74
35 77
35 80
35 84
35 85
35 90
35 93
35 94
35 95
36 37
36 39
36 40
36 44
36 46
36 50
36 52
36 53
36 54
36 56
36 57
36 59
36 60
36 63
36 65
36 67
36 69
36 72
36 78
36 83
36 84
36 85
36 87
36 88
36 89
36 92
36 93
36 95
36 97
36 99
37 40
37 41
37 43
37 44
37 46
37 48
37 50
37 51
37 54
37 62
37 63
37 64
37 69
37 70
37 77
37 79
37 80
37 81
37 82
37 85
37 94
37 95
37 96
37 97
37 99
38 43
38 44
38 46
38 50
38 60
38 63
38 65
38 66
38 67
38 68
38 69
38 72
38 73
38 74
38 76
38 77
38 78
38 80
38 81
38 84
38 90
38 93
38 96
39 42
39 43
39 49
39 53
39 54
39 56
39 57
39 58
39 60
39 61
39 62
39 64
39 65
39 67
39 69
39 72
39 73
39 74
39 75
39 78
39 82
39 84
39 88
39 91
39 92
39 98
40 44
40 45
40 48
40 49
40 51
40 54
40 55
40 61
40 64
40 69
40 74
40 76
40 79
40 80
40 82
40 87
40 88
40 89
40 96
40 97
40 98
40 99
41 43
41 48
41 49
41 50
41 56
41 61
41 64
41 68
41 69
41 71
41 74
41 75
41 79
41 80
41 81
41 82
41 87
41 91
41 92
41 93
41 94
41 97
41 99
42 43
42 45
42 47
42 48
42 50
42 52
42 53
42 54
42 56
42 58
42 61
42 62
42 63
42 64
42 67
42 68
42 70
42 72
42 74
42 75
42 81
42 82
42 83
42 84
42 87
42 89
42 91
42 95
42 97
42 98
43 44
43 46
43 47
43 52
43 55
43 62
43 71
43 78
43 81
43 84
43 85
43 87
43 88
43 90
43 93
43 95
43 97
44 47
44 48
44 49
44 50
44 51
44 53
44 56
44 58
44 60
44 62
44 64
44 66
44 67
44 68
44 70
44 73
44 74
44 76
44 77
44 78
44 80
44 84
44 85
44 93
44 94
44 95
45 46
45 47
45 48
45 49
45 50
45 51
45 53
45 54
45 56
45 61
45 62
45 64
45 65
45 67
45 68
45 69
45 70
45 73
45 74
45 76
45 78
45 80
45 81
45 82
45 85
45 86
45 90
45 91
45 95
45 96
46 56
46 61
46 62
46 63
46 68
46 69
46 73
46 76
46 78
46 79
46 81
46 82
46 83
46 85
46 86
46 91
46 92
46 93
46 95
46 96
47 53
47 54
47 55
47 58
47 61
47 64
47 65
47 69
47 70
47 72
47 74
47 75
47 76
47 79
47 80
47 81
47 82
47 84
47 86
47 87
47 89
47 90
47 95
47 96
48 52
48 54
48 58
48 59
48 61
48 63
48 65
48 67
48 68
48 69
48 70
48 77
48 78
48 79
48 80
48 82
48 83
48 85
48 88
48 92
49 51
49 53
49 54
49 57
49 58
49 59
49 63
49 64
49 67
49 71
49 75
49 77
49 78
49 83
49 84
49 87
49 93
49 95
49 97
49 99
50 53
50 54
50 55
50 62
50 64
50 65
50 67
50 74
50 75
50 76
50 79
50 81
50 82
50 84
50 85
50 92
50 94
50 95
50 96
51 53
51 54
51 55
51 58
51 60
51 62
51 65
51 78
51 80
51 82
51 83
51 86
51 91
51 93
51 94
51 95
51 99
52 55
52 57
52 59
52 61
52 62
52 66
52 67
52 71
52 73
52 74
52 75
52 82
52 84
52 86
52 88
52 91
52 92
52 93
52 94
52 97
52 99
53 54
53 58
53 60
53 61
53 62
53 63
53 67
53 71
53 72
53 78
53 80
53 81
53 82
53 85
53 86
53 88
53 89
53 91
53 92
53 93
53 94
53 98
53 99
54 56
54 58
54 59
54 60
54 63
54 67
54 69
54 70
54 71
54 72
54 77
54 78
54 79
54 81
54 82
54 83
54 84
54 85
54 89
54 91
54 93
54 95
54 96
54 97
55 61
55 62
55 63
55 64
55 66
55 67
55 69
55 70
55 72
55 73
55 77
55 81
55 82
55 83
55 84
55 87
55 91
55 92
55 93
55 94
55 96
55 97
55 98
55 99
56 62
56 67
56 69
56 72
56 74
56 75
56 80
56 87
56 93
56 96
56 98
56 99
57 66
57 69
57 70
57 75
57 76
57 77
57 83
57 85
57 86
57 88
57 89
57 90
57 91
57 92
57 95
57 97
57 99
58 60
58 61
58 62
58 63
58 65
58 67
58 70
58 71
58 77
58 79
58 96
58 97
59 60
59 64
59 67
59 74
59 76
59 77
59 81
59 84
59 91
59 92
59 94
59 95
59 97
59 98
60 63
60 65
60 66
60 69
60 71
60 72
60 73
60 74
60 76
60 86
60 88
60 89
60 91
60 92
60 94
60 95
61 64
61 66
61 67
61 68
61 71
61 72
61 74
61 75
61 76
61 80
61 82
61 86
61 87
61 88
61 89
61 93
62 63
62 64
62 66
62 68
62 69
62 74
62 75
62 77
62 78
62 84
62 87
62 88
62 96
63 68
63 73
63 75
63 81
63 82
63 84
63 87
63 95
63 96
63 97
64 66
64 68
64 70
64 75
64 80
64 83
64 84
64 86
64 89
64 92
64 93
65 67
65 69
65 70
65 76
65 78
65 81
65 83
65 85
65 87
65 88
65 90
65 92
65 95
65 98
66 69
66 72
66 75
66 77
66 79
66 82
66 85
66 86
66 90
66 91
66 95
66 98
67 72
67 75
67 76
67 80
67 82
67 84
67 88
67 89
67 90
67 91
67 92
67 93
67 94
67 96
68 73
68 74
68 75
68 77
68 78
68 80
68 82
68 84
68 85
68 86
68 91
68 92
68 94
68 95
68 98
69 72
69 75
69 77
69 78
69 81
69 84
69 85
69 86
69 88
69 90
69 91
69 98
70 73
70 78
70 82
70 83
70 84
70 85
70 86
70 87
70 88
70 89
70 91
70 94
70 99
71 76
71 78
71 81
71 82
71 89
71 91
71 96
72 75
72 77
72 79
72 86
72 88
72 91
72 93
72 96
72 97
73 76
73 79
73 80
73 84
73 87
73 90
73 92
73 94
73 97
73 98
74 75
74 76
74 79
74 80
74 82
74 84
74 86
74 87
74 92
74 93
74 98
74 99
75 76
75 77
75 78
75 83
75 87
75 89
75 91
75 97
76 79
76 81
76 83
76 84
76 90
76 91
76 93
76 96
76 97
77 79
77 81
77 83
77 86
77 90
77 91
77 92
77 95
77 97
78 82
78 85
78 87
78 91
78 92
78 95
78 99
79 82
79 83
79 84
79 92
79 99
80 83
80 84
80 85
80 86
80 87
80 88
80 92
80 94
80 95
80 98
80 99
81 82
81 87
81 89
81 91
81 92
81 93
81 94
81 96
81 97
81 98
81 99
82 84
82 85
82 86
82 87
82 88
82 89
82 93
82 94
82 95
82 96
82 97
82 99
83 88
83 90
83 93
83 94
83 95
83 97
83 98
84 87
84 95
84 96
84 99
85 88
85 91
85 92
85 93
85 94
85 96
86 88
86 89
86 91
86 93
86 96
86 97
86 98
86 99
87 88
87 89
87 94
87 95
88 89
88 93
88 96
88 97
89 92
89 93
89 94
90 92
90 97
90 99
91 93
91 94
91 95
91 96
91 98
91 99
92 93
92 94
92 95
92 96
92 98
93 94
93 95
93 96
93 97
93 99
94 99
96 97
96 98
