0 1
0 4
0 5
0 13
0 16
0 18
0 33
0 40
0 41
0 48
0 49
0 50
0 52
0 55
0 57
0 60
0 61
0 64
0 69
0 74
0 77
0 84
0 91
0 97
1 3
1 4
1 7
1 9
1 11
1 13
1 19
1 21
1 22
1 24
1 26
1 29
1 30
1 32
1 34
1 38
1 42
1 43
1 44
1 45
1 50
1 51
1 54
1 59
1 61
1 66
1 69
1 71
1 72
1 76
1 77
1 79
1 80
1 82
1 84
1 91
1 94
1 98
2 8
2 9
2 10
2 11
2 19
2 24
2 25
2 26
2 27
2 36
2 38
2 39
2 41
2 53
2 54
2 55
2 57
2 58
2 63
2 70
2 71
2 85
2 90
2 93
2 98
3 5
3 9
3 11
3 15
3 17
3 21
3 22
3 23
3 37
3 38
3 45
3 51
3 57
3 60
3 63
3 64
3 65
3 66
3 68
3 73
3 78
3 83
3 86
3 89
3 90
3 97
4 5
4 6
4 7
4 9
4 11
4 12
4 16
4 17
4 18
4 19
4 20
4 26
4 31
4 41
4 42
4 45
4 47
4 51
4 55
4 57
4 58
4 59
4 60
4 64
4 66
4 69
4 75
4 79
4 81
4 82
4 85
4 86
4 87
4 94
4 96
4 97
4 98
5 14
5 18
5 19
5 22
5 23
5 34
5 36
5 37
5 43
5 46
5 48
5 49
5 52
5 60
5 61
5 62
5 71
5 72
5 73
5 76
5 77
5 78
5 79
5 82
5 84
5 86
5 95
6 8
6 9
6 10
6 17
6 24
6 26
6 27
6 35
6 38
6 39
6 54
6 56
6 61
6 62
6 65
6 66
6 68
6 69
6 70
6 73
6 79
6 88
6 90
6 95
6 98
6 99
7 13
7 25
7 31
7 37
7 39
7 41
7 42
7 56
7 61
7 64
7 66
7 72
7 74
7 75
7 76
7 77
7 81
7 83
7 84
7 86
7 92
7 95
7 98
8 11
8 17
8 18
8 20
8 22
8 25
8 27
8 28
8 30
8 33
8 51
8 53
8 55
8 57
8 58
8 61
8 62
8 64
8 70
8 79
8 80
8 81
8 83
8 92
8 93
8 95
8 97
9 10
9 17
9 18
9 20
9 21
9 23
9 24
9 28
9 29
9 33
9 34
9 38
9 39
9 45
9 48
9 50
9 52
9 55
9 58
9 60
9 63
9 66
9 70
9 73
9 75
9 83
9 90
9 99
10 11
10 13
10 16
10 18
10 24
10 26
10 31
10 34
10 36
10 38
10 42
10 43
10 44
10 46
10 49
10 51
10 52
10 55
10 60
10 61
10 62
10 68
10 70
10 71
10 72
10 74
10 76
10 79
10 80
10 83
10 84
10 89
10 94
10 97
10 98
10 99
11 13
11 14
11 18
11 25
11 26
11 29
11 32
11 39
11 40
11 41
11 42
11 47
11 49
11 54
11 55
11 61
11 62
11 69
11 70
11 75
11 78
11 80
11 81
11 82
11 92
11 93
11 97
12 13
12 15
12 16
12 21
12 25
12 26
12 30
12 33
12 38
12 49
12 52
12 54
12 56
12 57
12 60
12 63
12 66
12 67
12 68
12 69
12 71
12 73
12 79
12 82
12 83
12 88
12 96
12 97
12 98
13 14
13 15
13 16
13 18
13 19
13 21
13 22
13 23
13 26
13 28
13 31
13 35
13 38
13 41
13 42
13 44
13 45
13 46
13 47
13 55
13 56
13 60
13 61
13 62
13 73
13 82
13 83
13 85
13 86
13 89
13 92
13 98
14 15
14 19
14 20
14 21
14 22
14 24
14 31
14 32
14 35
14 42
14 51
14 53
14 60
14 64
14 66
14 68
14 75
14 77
14 78
14 85
14 87
14 88
14 89
14 90
14 99
15 16
15 20
15 24
15 28
15 34
15 38
15 43
15 45
15 46
15 48
15 49
15 50
15 51
15 54
15 58
15 62
15 64
15 73
15 78
15 80
15 84
15 87
15 94
15 96
16 18
16 20
16 24
16 28
16 29
16 32
16 35
16 37
16 40
16 44
16 49
16 51
16 52
16 58
16 60
16 63
16 66
16 72
16 76
16 78
16 79
16 80
16 81
16 82
16 85
16 92
16 97
17 20
17 21
17 22
17 24
17 26
17 30
17 33
17 36
17 43
17 44
17 47
17 48
17 49
17 54
17 55
17 56
17 57
17 59
17 64
17 65
17 68
17 72
17 75
17 90
17 95
18 20
18 22
18 23
18 29
18 30
18 31
18 34
18 35
18 39
18 44
18 47
18 61
18 72
18 77
18 85
18 87
18 91
18 94
18 98
19 20
19 22
19 28
19 32
19 37
19 40
19 43
19 44
19 47
19 50
19 52
19 62
19 65
19 70
19 71
19 74
19 78
19 85
19 86
19 95
19 98
20 21
20 25
20 26
20 27
20 28
20 29
20 30
20 31
20 32
20 33
20 37
20 38
20 39
20 42
20 51
20 54
20 63
20 66
20 71
20 77
20 79
20 85
20 91
20 92
21 26
21 27
21 32
21 33
21 34
21 40
21 43
21 44
21 48
21 49
21 51
21 59
21 75
21 78
21 83
21 86
21 87
21 96
21 99
22 28
22 30
22 32
22 33
22 37
22 39
22 51
22 57
22 61
22 66
22 70
22 74
22 76
22 83
22 91
22 94
23 26
23 30
23 37
23 42
23 43
23 46
23 47
23 50
23 52
23 53
23 66
23 76
23 79
23 82
23 88
23 91
23 97
24 25
24 30
24 31
24 33
24 44
24 48
24 49
24 50
24 51
24 52
24 55
24 67
24 72
24 73
24 75
24 89
24 90
24 93
25 31
25 35
25 40
25 46
25 48
25 49
25 53
25 54
25 64
25 65
25 66
25 68
25 73
25 74
25 76
25 78
25 79
25 86
25 88
25 89
25 92
25 94
25 96
25 97
26 27
26 31
26 34
26 36
26 42
26 53
26 54
26 56
26 57
26 61
26 67
26 69
26 72
26 73
26 81
26 82
26 87
26 88
26 90
26 94
26 95
26 99
27 33
27 34
27 35
27 41
27 42
27 43
27 45
27 47
27 48
27 49
27 50
27 51
27 52
27 55
27 56
27 58
27 60
27 63
27 64
27 69
27 73
27 82
27 90
27 91
27 95
27 98
28 32
28 36
28 41
28 42
28 45
28 48
28 52
28 54
28 57
28 60
28 61
28 66
28 67
28 71
28 73
28 81
28 83
28 85
28 87
28 89
28 92
28 96
29 30
29 37
29 45
29 46
29 50
29 53
29 55
29 59
29 66
29 69
29 71
29 76
29 79
29 80
29 84
29 90
29 92
29 98
30 38
30 43
30 44
30 46
30 48
30 49
30 50
30 55
30 56
30 58
30 60
30 61
30 68
30 73
30 74
30 75
30 76
30 77
30 78
30 84
30 87
30 94
30 99
31 32
31 33
31 34
31 40
31 46
31 48
31 51
31 53
31 59
31 60
31 65
31 67
31 76
31 78
31 79
31 81
31 83
31 85
31 87
31 90
31 92
32 44
32 46
32 47
32 51
32 52
32 57
32 63
32 67
32 71
32 72
32 74
32 77
32 79
32 81
32 87
32 88
32 89
32 96
33 36
33 38
33 39
33 40
33 42
33 43
33 46
33 50
33 53
33 55
33 56
33 59
33 67
33 69
33 72
33 75
33 78
33 81
33 88
33 90
33 92
33 95
33 96
34 37
34 40
34 41
34 42
34 46
34 47
34 53
34 60
34 61
34 63
34 64
34 72
34 74
34 76
34 78
34 80
34 82
34 83
34 86
34 88
34 89
34 94
35 43
35 45
35 48
35 49
35 54
35 55
35 56
35 63
35 64
35 68
35 72
35 76
35 78
35 85
35 89
35 90
36 38
36 43
36 50
36 55
36 63
36 66
36 71
36 76
36 77
36 78
36 81
36 87
36 89
36 91
36 96
37 39
37 41
37 43
37 45
37 47
37 51
37 57
37 63
37 66
37 73
37 75
37 76
37 78
37 79
37 82
37 83
37 84
37 85
37 87
37 93
37 95
37 97
37 99
38 42
38 44
38 48
38 50
38 53
38 55
38 63
38 64
38 76
38 85
38 86
38 90
38 94
39 41
39 43
39 45
39 46
39 47
39 50
39 53
39 54
39 57
39 58
39 60
39 61
39 65
39 67
39 69
39 78
39 80
39 81
39 82
39 85
39 87
39 89
39 94
39 95
39 97
39 98
40 43
40 46
40 47
40 53
40 55
40 60
40 63
40 65
40 70
40 75
40 80
40 82
40 85
40 86
40 87
40 90
40 94
40 95
41 47
41 49
41 51
41 53
41 55
41 59
41 62
41 64
41 68
41 70
41 71
41 79
41 82
41 86
41 96
41 99
42 43
42 44
42 47
42 49
42 50
42 52
42 66
42 68
42 73
42 75
42 76
42 78
42 84
42 85
42 93
42 98
43 44
43 48
43 52
43 54
43 55
43 56
43 58
43 60
43 66
43 75
43 78
43 80
43 82
43 84
43 89
43 93
43 95
43 97
44 48
44 53
44 56
44 57
44 58
44 59
44 61
44 66
44 68
44 78
44 87
44 88
44 90
44 91
44 94
44 96
44 97
45 50
45 59
45 61
45 62
45 63
45 65
45 67
45 71
45 77
45 79
45 81
45 87
45 91
45 97
46 49
46 55
46 60
46 61
46 65
46 67
46 71
46 77
46 80
46 82
46 84
46 86
46 87
46 90
46 93
46 95
46 96
46 97
47 50
47 55
47 56
47 60
47 65
47 68
47 70
47 72
47 75
47 79
47 82
47 83
47 87
47 95
48 49
48 53
48 54
48 62
48 69
48 71
48 72
48 74
48 81
48 84
48 95
48 97
49 53
49 59
49 62
49 63
49 67
49 68
49 70
49 73
49 74
49 78
49 81
49 93
49 94
50 53
50 56
50 58
50 84
50 85
50 86
50 88
50 95
50 98
51 58
51 61
51 66
51 69
51 70
51 72
51 79
51 82
51 83
51 85
51 90
51 96
51 97
52 54
52 55
52 62
52 64
52 69
52 70
52 72
52 75
52 76
52 79
52 96
53 61
53 66
53 69
53 70
53 73
53 77
53 80
53 82
53 85
53 86
53 87
53 91
53 95
53 96
53 98
53 99
54 57
54 66
54 67
54 69
54 70
54 73
54 77
54 79
54 85
54 88
54 91
54 92
54 96
54 97
55 59
55 62
55 66
55 70
55 71
55 73
55 75
55 76
55 84
55 86
55 90
55 93
55 94
55 95
55 97
56 57
56 60
56 62
56 65
56 73
56 81
56 82
56 83
56 84
56 88
56 96
56 97
56 99
57 58
57 60
57 62
57 70
57 71
57 74
57 75
57 78
57 79
57 80
57 81
57 85
57 89
57 91
57 94
57 95
57 96
57 97
57 99
58 60
58 61
58 64
58 67
58 69
58 77
58 82
58 85
58 96
58 98
58 99
59 61
59 62
59 63
59 65
59 74
59 75
59 77
59 80
59 86
59 87
59 88
59 89
59 90
59 95
59 96
59 98
60 61
60 63
60 77
60 78
60 86
60 94
60 95
60 97
61 64
61 65
61 66
61 67
61 70
61 71
61 73
61 76
61 80
61 89
61 90
61 92
62 70
62 74
62 78
62 80
62 86
62 88
62 92
62 93
62 95
62 96
62 97
62 99
63 65
63 69
63 70
63 72
63 74
63 77
63 80
63 85
63 88
63 90
63 99
64 68
64 73
64 75
64 76
64 80
64 81
64 82
64 85
64 86
64 89
64 94
64 95
65 67
65 69
65 73
65 75
65 76
65 81
65 86
65 94
65 97
65 98
66 71
66 78
66 83
66 84
66 86
66 87
66 91
66 93
66 95
66 98
67 74
67 77
67 79
67 80
67 81
67 85
67 87
67 89
67 91
67 96
67 99
68 71
68 84
68 89
68 92
68 98
68 99
69 70
69 75
69 77
69 81
69 82
69 86
69 89
69 91
69 96
70 76
70 78
70 84
70 86
70 87
70 89
70 93
70 96
71 74
71 75
71 79
71 81
71 82
71 83
71 86
71 90
71 92
71 96
71 97
71 99
72 73
72 75
72 78
72 81
72 82
72 84
72 85
72 88
72 89
72 91
72 92
72 93
72 98
73 80
73 82
73 83
73 89
73 91
73 98
74 84
74 87
74 90
74 91
74 92
74 95
75 77
75 78
75 85
75 89
76 82
76 89
76 93
76 94
77 80
77 81
77 84
77 96
78 79
78 80
78 81
78 98
78 99
79 88
79 89
79 94
79 95
79 98
80 84
80 85
80 86
80 89
80 90
80 94
80 95
80 96
80 98
81 82
81 84
81 87
81 88
81 89
82 84
82 86
82 89
82 94
82 96
82 97
83 90
83 95
84 90
84 91
84 93
84 98
85 88
85 90
85 96
85 97
85 99
86 88
86 90
86 91
86 93
86 97
87 88
87 89
87 90
87 92
87 96
87 99
88 91
88 92
88 94
88 95
88 97
89 91
89 97
90 91
90 94
91 96
92 94
92 98
93 94
93 96
94 96
94 97
94 98
95 96
97 98
