0 2
0 7
0 10
0 12
0 13
0 19
0 22
0 23
0 25
0 34
0 36
0 39
0 41
0 42
0 49
0 53
0 61
0 62
0 75
0 76
0 80
0 82
0 84
0 85
0 89
0 90
1 2
1 4
1 6
1 13
1 14
1 23
1 24
1 25
1 26
1 28
1 29
1 34
1 35
1 40
1 42
1 46
1 48
1 49
1 52
1 53
1 54
1 55
1 64
1 68
1 70
1 72
1 75
1 79
1 82
1 83
1 85
1 87
1 88
1 90
1 91
1 92
1 96
1 98
2 4
2 6
2 8
2 20
2 21
2 29
2 30
2 31
2 32
2 45
2 46
2 51
2 58
2 59
2 60
2 64
2 65
2 68
2 77
2 78
2 84
2 91
2 93
2 94
2 95
2 98
3 8
3 11
3 13
3 14
3 18
3 21
3 22
3 23
3 24
3 25
3 26
3 33
3 36
3 38
3 42
3 47
3 48
3 49
3 54
3 55
3 59
3 60
3 68
3 72
3 83
3 85
3 86
3 92
3 94
3 95
4 8
4 12
4 14
4 19
4 21
4 23
4 24
4 26
4 27
4 29
4 30
4 32
4 33
4 36
4 44
4 53
4 56
4 59
4 62
4 67
4 68
4 69
4 73
4 75
4 78
4 79
4 80
4 84
4 85
4 88
4 93
5 7
5 8
5 12
5 15
5 18
5 19
5 21
5 24
5 30
5 35
5 37
5 39
5 40
5 48
5 51
5 57
5 60
5 65
5 68
5 73
5 75
5 79
5 80
5 82
5 83
5 84
5 88
5 91
5 96
5 97
5 99
6 7
6 8
6 9
6 10
6 11
6 12
6 13
6 14
6 19
6 25
6 29
6 30
6 35
6 41
6 42
6 43
6 52
6 55
6 69
6 71
6 75
6 76
6 85
6 86
6 89
6 95
6 96
6 97
6 99
7 8
7 10
7 12
7 21
7 22
7 29
7 31
7 37
7 38
7 43
7 44
7 50
7 51
7 52
7 56
7 60
7 68
7 75
7 76
7 77
7 81
7 84
7 86
7 89
7 90
7 95
7 96
8 12
8 17
8 19
8 24
8 26
8 28
8 32
8 33
8 37
8 38
8 43
8 46
8 49
8 51
8 54
8 60
8 61
8 64
8 67
8 68
8 70
8 71
8 83
8 91
8 94
9 10
9 11
9 12
9 13
9 23
9 25
9 33
9 35
9 40
9 44
9 48
9 49
9 50
9 53
9 55
9 58
9 62
9 68
9 69
9 71
9 73
9 77
9 78
9 82
9 83
9 85
9 89
9 92
9 93
9 94
9 97
10 20
10 22
10 23
10 25
10 26
10 27
10 34
10 35
10 37
10 41
10 42
10 44
10 45
10 49
10 50
10 58
10 68
10 70
10 72
10 74
10 78
10 87
10 92
10 94
10 95
10 98
11 17
11 20
11 24
11 25
11 27
11 29
11 31
11 38
11 48
11 51
11 55
11 56
11 61
11 62
11 74
11 78
11 79
11 87
11 88
11 89
11 99
12 16
12 17
12 24
12 27
12 29
12 36
12 41
12 42
12 46
12 55
12 57
12 60
12 64
12 67
12 68
12 71
12 73
12 74
12 82
12 85
12 93
12 96
13 15
13 19
13 23
13 24
13 25
13 27
13 31
13 34
13 36
13 37
13 40
13 42
13 46
13 48
13 51
13 53
13 54
13 55
13 56
13 57
13 58
13 65
13 66
13 67
13 78
13 79
13 81
13 86
13 95
13 96
13 97
14 15
14 17
14 21
14 25
14 31
14 35
14 36
14 38
14 40
14 45
14 46
14 47
14 48
14 49
14 55
14 64
14 71
14 74
14 75
14 79
14 81
14 83
14 89
14 93
14 94
14 96
14 97
15 16
15 19
15 20
15 22
15 26
15 33
15 35
15 36
15 43
15 46
15 50
15 55
15 56
15 60
15 64
15 65
15 67
15 72
15 74
15 79
15 80
15 82
15 83
15 85
15 89
15 92
15 93
15 97
16 17
16 19
16 22
16 24
16 25
16 26
16 30
16 34
16 38
16 42
16 43
16 44
16 46
16 47
16 52
16 54
16 56
16 58
16 64
16 68
16 74
16 75
16 78
16 80
16 83
16 91
16 94
16 98
17 25
17 26
17 31
17 32
17 33
17 36
17 37
17 40
17 44
17 46
17 48
17 51
17 55
17 60
17 61
17 64
17 67
17 69
17 70
17 82
17 83
17 84
17 86
17 87
17 93
17 96
18 21
18 24
18 26
18 27
18 43
18 44
18 62
18 64
18 66
18 70
18 71
18 72
18 74
18 77
18 79
18 86
18 91
18 96
19 21
19 23
19 27
19 28
19 34
19 38
19 40
19 48
19 50
19 54
19 57
19 61
19 62
19 66
19 70
19 71
19 89
19 90
19 92
19 94
19 99
20 26
20 32
20 33
20 38
20 39
20 42
20 44
20 50
20 51
20 56
20 59
20 61
20 62
20 65
20 71
20 73
20 83
20 84
20 87
20 91
20 94
20 98
21 23
21 24
21 29
21 33
21 36
21 41
21 43
21 44
21 46
21 50
21 54
21 55
21 56
21 65
21 67
21 68
21 69
21 73
21 75
21 79
21 86
21 91
21 93
21 95
21 97
21 98
21 99
22 24
22 26
22 29
22 32
22 39
22 43
22 46
22 57
22 58
22 61
22 64
22 65
22 66
22 69
22 72
22 74
22 78
22 79
22 82
22 85
22 87
22 88
22 96
22 98
23 24
23 26
23 28
23 33
23 34
23 35
23 38
23 42
23 43
23 46
23 51
23 53
23 58
23 65
23 75
23 79
23 98
23 99
24 26
24 32
24 37
24 39
24 42
24 44
24 46
24 47
24 48
24 58
24 59
24 66
24 70
24 74
24 77
24 79
24 80
24 84
24 91
24 92
24 95
24 99
25 26
25 40
25 42
25 45
25 55
25 56
25 59
25 60
25 61
25 65
25 67
25 69
25 71
25 77
25 82
25 86
25 88
25 91
25 92
25 93
26 30
26 38
26 44
26 54
26 58
26 67
26 72
26 73
26 94
26 99
27 28
27 29
27 32
27 34
27 45
27 48
27 49
27 51
27 57
27 58
27 60
27 64
27 65
27 73
27 74
27 86
27 90
27 93
27 95
27 96
27 99
28 31
28 33
28 34
28 37
28 38
28 39
28 43
28 46
28 48
28 51
28 53
28 54
28 56
28 59
28 69
28 72
28 74
28 86
28 92
28 94
28 96
29 31
29 33
29 34
29 36
29 37
29 38
29 41
29 42
29 44
29 45
29 52
29 54
29 66
29 68
29 75
29 76
29 78
29 83
29 87
29 91
29 92
29 94
29 95
29 96
30 31
30 33
30 37
30 40
30 41
30 44
30 49
30 52
30 62
30 67
30 68
30 70
30 71
30 80
30 83
30 89
30 91
30 93
30 99
31 32
31 33
31 34
31 36
31 42
31 51
31 54
31 56
31 60
31 69
31 70
31 72
31 74
31 75
31 77
31 80
31 81
31 82
31 84
31 93
31 96
32 34
32 35
32 42
32 46
32 49
32 53
32 62
32 80
32 91
32 92
32 97
33 40
33 41
33 50
33 51
33 56
33 57
33 59
33 65
33 66
33 67
33 72
33 73
33 75
33 90
33 94
33 95
33 96
33 99
34 35
34 39
34 41
34 44
34 45
34 49
34 52
34 53
34 60
34 68
34 69
34 72
34 73
34 75
34 82
34 83
34 85
34 87
34 90
34 97
35 47
35 49
35 60
35 65
35 67
35 70
35 73
35 75
35 76
35 81
35 84
35 85
35 92
36 40
36 42
36 45
36 57
36 60
36 71
36 74
36 81
36 82
36 83
36 85
36 91
36 94
36 95
36 98
37 39
37 48
37 53
37 55
37 56
37 57
37 61
37 68
37 69
37 72
37 84
37 90
37 91
37 92
37 93
37 94
37 98
37 99
38 40
38 41
38 53
38 54
38 56
38 57
38 59
38 61
38 62
38 63
38 65
38 66
38 68
38 69
38 71
38 76
38 77
38 98
38 99
39 42
39 48
39 50
39 56
39 58
39 62
39 63
39 67
39 70
39 77
39 91
39 92
39 98
40 42
40 48
40 52
40 54
40 56
40 67
40 69
40 71
40 74
40 76
40 77
40 80
40 82
40 83
40 87
40 97
40 98
41 42
41 55
41 64
41 71
41 76
41 77
41 82
41 84
41 85
41 90
41 92
41 94
41 95
42 46
42 47
42 50
42 54
42 55
42 66
42 67
42 68
42 69
42 72
42 74
42 77
42 79
42 80
42 81
42 86
42 91
42 96
43 45
43 47
43 59
43 60
43 70
43 76
43 77
43 79
43 81
43 86
43 87
43 90
43 91
43 93
43 96
44 46
44 50
44 56
44 57
44 58
44 59
44 71
44 76
44 82
44 83
44 92
44 94
44 95
44 96
44 99
45 48
45 50
45 51
45 60
45 64
45 68
45 71
45 72
45 82
45 83
45 88
45 89
45 90
45 93
46 47
46 48
46 49
46 53
46 54
46 55
46 56
46 57
46 58
46 59
46 62
46 64
46 65
46 69
46 72
46 73
46 78
46 80
46 83
46 84
46 85
46 89
46 92
46 94
46 95
47 49
47 54
47 55
47 60
47 65
47 68
47 79
47 80
47 81
47 83
48 52
48 66
48 67
48 70
48 80
48 82
48 83
48 88
48 94
49 51
49 55
49 56
49 60
49 61
49 63
49 66
49 67
49 68
49 71
49 72
49 74
49 76
49 78
49 82
49 83
49 84
49 87
49 88
49 89
49 97
50 59
50 60
50 62
50 64
50 67
50 68
50 69
50 75
50 76
50 85
50 89
50 92
51 54
51 57
51 60
51 61
51 62
51 74
51 81
51 83
51 84
51 85
51 86
51 87
51 88
51 92
51 94
51 98
52 56
52 62
52 73
52 75
52 77
52 80
52 81
52 85
52 93
52 96
53 55
53 57
53 62
53 66
53 70
53 79
53 80
53 83
53 89
53 90
53 96
53 98
53 99
54 57
54 62
54 67
54 71
54 79
54 84
54 87
54 90
54 93
54 99
55 56
55 60
55 68
55 69
55 70
55 71
55 74
55 75
55 79
55 80
55 81
55 83
55 84
55 85
55 86
55 90
55 92
55 94
55 95
55 96
56 59
56 61
56 64
56 68
56 72
56 74
56 76
56 79
56 80
56 82
56 84
56 94
56 96
56 97
57 58
57 60
57 62
57 63
57 79
57 80
57 84
57 85
57 88
57 92
57 93
57 99
58 64
58 66
58 72
58 73
58 76
58 86
58 88
58 91
58 92
58 95
58 96
58 97
59 62
59 67
59 69
59 72
59 76
59 77
59 83
59 84
59 85
59 88
59 92
59 95
60 64
60 65
60 66
60 69
60 71
60 72
60 73
60 74
60 76
60 77
60 78
60 79
60 82
60 85
60 87
60 90
60 95
61 67
61 71
61 73
61 74
61 75
61 76
61 82
61 84
61 85
61 87
61 89
61 92
61 97
62 63
62 67
62 73
62 74
62 76
62 78
62 79
62 83
62 84
62 86
62 87
62 88
62 89
63 69
63 72
63 73
63 75
63 79
63 82
63 83
63 86
63 90
63 92
63 96
63 98
64 65
64 71
64 72
64 75
64 76
64 77
64 78
64 89
64 93
64 95
64 99
65 67
65 68
65 69
65 77
65 87
65 90
65 92
65 93
65 95
65 96
66 71
66 72
66 75
66 76
66 78
66 82
66 86
66 88
66 89
66 90
66 92
66 93
66 94
66 96
67 68
67 70
67 73
67 78
67 80
67 81
67 82
67 83
67 88
67 89
67 93
67 97
68 72
68 73
68 75
68 76
68 77
68 81
68 84
68 85
68 87
68 88
68 94
69 70
69 75
69 77
69 78
69 80
69 82
69 85
69 88
69 89
69 93
69 95
69 96
70 73
70 76
70 77
70 90
70 97
70 98
71 73
71 77
71 84
71 85
71 92
71 97
71 99
72 75
72 77
72 79
72 84
72 86
72 87
72 89
72 92
72 94
72 97
72 98
72 99
73 74
73 83
73 86
73 90
73 94
73 96
74 79
74 81
74 83
74 84
74 85
74 86
74 87
74 88
74 92
75 77
75 80
75 82
75 84
75 86
75 88
75 91
75 93
76 78
76 81
76 89
77 78
77 81
77 82
77 84
77 88
77 90
77 94
77 95
77 99
78 79
78 83
78 85
78 86
78 90
78 92
78 93
78 98
79 82
79 90
79 95
79 97
79 98
79 99
80 83
80 90
80 91
80 96
81 85
81 89
81 92
81 97
82 83
82 86
82 89
82 91
82 92
82 94
82 95
82 96
82 99
83 91
83 94
83 97
83 99
84 86
84 87
84 88
84 97
85 91
85 93
85 94
86 87
86 88
86 90
86 91
86 93
86 94
87 88
87 89
88 94
88 95
88 99
89 90
89 91
90 93
90 97
91 92
91 93
91 94
92 95
92 96
93 99
94 97
94 98
