0 1
0 2
0 3
0 4
0 8
0 9
0 11
0 12
0 16
0 18
0 21
0 23
0 24
0 25
0 26
0 29
0 30
0 31
0 32
0 33
0 34
0 36
0 38
0 39
0 40
0 42
0 43
0 44
0 45
0 46
0 48
0 49
0 52
0 53
0 56
0 57
0 58
0 60
0 62
0 63
0 64
0 66
0 71
0 74
0 75
0 77
0 80
0 81
0 84
0 87
0 88
0 90
0 91
0 93
0 96
0 98
1 2
1 5
1 6
1 7
1 8
1 13
1 14
1 15
1 16
1 17
1 18
1 19
1 21
1 22
1 23
1 24
1 25
1 28
1 30
1 34
1 35
1 36
1 37
1 42
1 43
1 45
1 48
1 49
1 50
1 51
1 52
1 53
1 54
1 60
1 61
1 62
1 66
1 67
1 72
1 74
1 75
1 76
1 77
1 78
1 81
1 82
1 86
1 92
1 93
1 94
1 96
1 98
1 99
2 4
2 8
2 10
2 12
2 18
2 20
2 21
2 26
2 27
2 28
2 30
2 31
2 32
2 33
2 34
2 37
2 40
2 41
2 44
2 52
2 54
2 55
2 56
2 58
2 59
2 64
2 65
2 66
2 69
2 71
2 74
2 80
2 82
2 84
2 85
2 86
2 90
2 91
2 92
2 94
2 95
2 96
2 97
2 99
3 5
3 6
3 7
3 12
3 13
3 14
3 15
3 16
3 17
3 18
3 20
3 21
3 24
3 25
3 26
3 27
3 33
3 34
3 35
3 36
3 37
3 38
3 39
3 40
3 41
3 42
3 43
3 44
3 46
3 47
3 51
3 53
3 54
3 59
3 60
3 61
3 62
3 63
3 64
3 66
3 68
3 70
3 71
3 75
3 76
3 78
3 84
3 85
3 86
3 88
3 89
3 90
3 92
3 94
3 96
3 97
4 5
4 6
4 7
4 9
4 11
4 12
4 15
4 16
4 17
4 19
4 20
4 24
4 28
4 29
4 32
4 33
4 36
4 39
4 46
4 47
4 49
4 51
4 52
4 53
4 54
4 55
4 60
4 65
4 66
4 67
4 71
4 72
4 75
4 77
4 78
4 79
4 82
4 83
4 89
4 90
4 94
4 98
4 99
5 6
5 7
5 8
5 9
5 11
5 13
5 15
5 16
5 18
5 19
5 20
5 22
5 23
5 24
5 25
5 26
5 27
5 28
5 29
5 30
5 32
5 33
5 36
5 41
5 47
5 49
5 50
5 51
5 53
5 55
5 56
5 57
5 58
5 59
5 64
5 72
5 73
5 74
5 76
5 78
5 81
5 82
5 87
5 88
5 91
5 92
5 93
5 96
5 97
5 98
5 99
6 7
6 9
6 10
6 13
6 15
6 16
6 17
6 19
6 27
6 28
6 29
6 35
6 36
6 37
6 44
6 48
6 50
6 52
6 53
6 54
6 55
6 56
6 58
6 60
6 62
6 63
6 64
6 67
6 70
6 71
6 72
6 73
6 75
6 76
6 77
6 78
6 80
6 81
6 83
6 84
6 85
6 88
6 89
6 92
6 94
6 96
6 99
7 10
7 13
7 14
7 17
7 18
7 19
7 20
7 21
7 23
7 24
7 25
7 28
7 29
7 33
7 35
7 36
7 37
7 38
7 39
7 40
7 43
7 47
7 53
7 54
7 55
7 56
7 59
7 62
7 63
7 64
7 65
7 67
7 69
7 71
7 73
7 80
7 81
7 82
7 83
7 84
7 85
7 86
7 89
7 92
7 93
7 95
7 97
7 99
8 10
8 11
8 16
8 18
8 19
8 21
8 22
8 23
8 25
8 27
8 29
8 32
8 34
8 37
8 38
8 39
8 41
8 42
8 44
8 45
8 47
8 48
8 49
8 52
8 54
8 55
8 56
8 58
8 59
8 60
8 61
8 66
8 69
8 70
8 71
8 72
8 73
8 74
8 76
8 77
8 80
8 81
8 82
8 83
8 85
8 90
8 91
8 92
8 93
8 94
8 95
8 96
8 97
9 10
9 13
9 14
9 15
9 16
9 17
9 21
9 22
9 23
9 24
9 25
9 26
9 27
9 30
9 31
9 33
9 35
9 36
9 39
9 42
9 43
9 46
9 48
9 49
9 50
9 52
9 54
9 55
9 56
9 59
9 63
9 64
9 65
9 66
9 67
9 68
9 71
9 73
9 76
9 77
9 78
9 80
9 82
9 84
9 85
9 86
9 87
9 89
9 91
9 92
9 93
9 95
9 97
9 99
10 11
10 12
10 14
10 15
10 17
10 19
10 20
10 23
10 24
10 25
10 26
10 27
10 28
10 33
10 36
10 37
10 38
10 39
10 41
10 44
10 45
10 46
10 47
10 48
10 53
10 55
10 57
10 58
10 61
10 63
10 64
10 65
10 68
10 70
10 74
10 77
10 78
10 79
10 80
10 82
10 89
10 90
10 92
10 94
10 97
10 99
11 18
11 20
11 21
11 22
11 23
11 24
11 25
11 27
11 28
11 29
11 30
11 33
11 35
11 37
11 38
11 40
11 42
11 43
11 45
11 49
11 50
11 56
11 57
11 58
11 59
11 61
11 62
11 63
11 64
11 65
11 74
11 76
11 77
11 82
11 83
11 84
11 86
11 88
11 90
11 96
11 98
12 13
12 16
12 17
12 18
12 20
12 22
12 24
12 25
12 29
12 30
12 33
12 34
12 37
12 38
12 42
12 45
12 47
12 52
12 53
12 54
12 59
12 60
12 62
12 63
12 66
12 71
12 72
12 74
12 75
12 76
12 77
12 84
12 88
12 90
12 92
12 93
12 94
12 96
12 97
13 14
13 15
13 21
13 22
13 24
13 25
13 26
13 31
13 32
13 36
13 38
13 39
13 40
13 41
13 43
13 44
13 45
13 46
13 48
13 49
13 50
13 52
13 54
13 55
13 57
13 59
13 61
13 62
13 64
13 67
13 68
13 70
13 71
13 74
13 75
13 77
13 78
13 79
13 81
13 82
13 85
13 86
13 87
13 88
13 90
13 91
13 93
13 94
13 96
13 97
14 15
14 16
14 17
14 19
14 20
14 22
14 25
14 26
14 27
14 28
14 30
14 31
14 32
14 34
14 35
14 36
14 39
14 41
14 42
14 44
14 45
14 49
14 51
14 54
14 56
14 58
14 59
14 60
14 64
14 66
14 68
14 69
14 71
14 72
14 74
14 76
14 77
14 78
14 79
14 81
14 82
14 83
14 85
14 87
14 88
14 91
14 93
14 94
14 95
15 16
15 18
15 19
15 21
15 22
15 24
15 27
15 28
15 32
15 34
15 36
15 37
15 38
15 39
15 44
15 46
15 47
15 49
15 52
15 56
15 58
15 60
15 62
15 64
15 67
15 68
15 69
15 70
15 74
15 75
15 76
15 77
15 81
15 85
15 86
15 90
15 94
15 95
15 96
15 98
15 99
16 17
16 18
16 19
16 20
16 21
16 22
16 30
16 33
16 35
16 36
16 39
16 42
16 45
16 46
16 50
16 51
16 52
16 54
16 56
16 58
16 62
16 69
16 70
16 72
16 73
16 74
16 78
16 79
16 80
16 82
16 83
16 84
16 86
16 87
16 88
16 89
16 92
16 95
16 96
16 97
16 99
17 18
17 22
17 26
17 27
17 28
17 29
17 30
17 31
17 34
17 35
17 36
17 38
17 41
17 43
17 44
17 57
17 58
17 61
17 62
17 66
17 67
17 68
17 69
17 73
17 75
17 76
17 81
17 82
17 83
17 84
17 85
17 86
17 87
17 92
17 94
17 96
17 97
18 20
18 21
18 26
18 27
18 28
18 29
18 30
18 31
18 33
18 36
18 37
18 39
18 41
18 42
18 43
18 44
18 45
18 46
18 47
18 51
18 52
18 53
18 54
18 57
18 60
18 63
18 64
18 65
18 66
18 68
18 69
18 70
18 72
18 78
18 79
18 80
18 85
18 88
18 96
19 21
19 22
19 23
19 26
19 28
19 29
19 30
19 31
19 32
19 33
19 35
19 37
19 39
19 40
19 41
19 42
19 44
19 45
19 47
19 49
19 50
19 54
19 55
19 57
19 63
19 66
19 67
19 75
19 76
19 80
19 81
19 82
19 83
19 84
19 85
19 87
19 88
19 89
19 93
19 95
19 96
19 98
19 99
20 23
20 28
20 31
20 34
20 35
20 36
20 38
20 40
20 42
20 43
20 47
20 48
20 49
20 50
20 52
20 55
20 56
20 57
20 58
20 59
20 60
20 61
20 62
20 64
20 66
20 70
20 73
20 76
20 78
20 79
20 80
20 82
20 85
20 86
20 92
20 96
20 98
20 99
21 22
21 25
21 26
21 27
21 28
21 29
21 31
21 32
21 36
21 40
21 42
21 43
21 44
21 46
21 49
21 50
21 51
21 53
21 54
21 57
21 59
21 60
21 62
21 63
21 66
21 67
21 69
21 70
21 72
21 77
21 78
21 80
21 82
21 83
21 84
21 87
21 89
21 92
21 94
21 96
22 24
22 26
22 28
22 30
22 34
22 35
22 39
22 41
22 42
22 43
22 46
22 48
22 50
22 51
22 53
22 54
22 57
22 58
22 60
22 62
22 64
22 65
22 66
22 67
22 69
22 70
22 71
22 74
22 75
22 76
22 78
22 79
22 82
22 83
22 84
22 85
22 87
22 88
22 91
22 96
22 97
22 98
23 24
23 28
23 29
23 30
23 33
23 38
23 44
23 46
23 48
23 51
23 54
23 55
23 57
23 59
23 60
23 63
23 65
23 67
23 70
23 71
23 73
23 74
23 77
23 79
23 80
23 81
23 82
23 84
23 87
23 91
23 93
23 96
23 97
24 25
24 26
24 28
24 30
24 32
24 36
24 39
24 40
24 41
24 53
24 55
24 57
24 59
24 64
24 67
24 68
24 71
24 72
24 73
24 75
24 76
24 77
24 81
24 82
24 85
24 86
24 89
24 90
24 91
24 92
24 94
24 96
25 29
25 30
25 31
25 33
25 36
25 37
25 38
25 39
25 40
25 44
25 46
25 47
25 49
25 54
25 59
25 60
25 61
25 63
25 67
25 68
25 71
25 73
25 79
25 80
25 81
25 83
25 87
25 88
25 89
25 93
25 95
25 97
25 98
26 31
26 32
26 36
26 38
26 39
26 41
26 44
26 45
26 46
26 48
26 49
26 53
26 54
26 57
26 59
26 66
26 70
26 71
26 73
26 74
26 76
26 78
26 80
26 81
26 85
26 87
26 89
26 92
26 93
26 95
26 98
27 28
27 35
27 39
27 40
27 41
27 43
27 45
27 49
27 52
27 54
27 55
27 56
27 57
27 59
27 61
27 68
27 71
27 73
27 83
27 84
27 85
27 87
27 90
27 92
27 93
27 94
27 95
27 96
27 98
27 99
28 34
28 35
28 36
28 37
28 38
28 41
28 43
28 44
28 48
28 49
28 50
28 53
28 54
28 55
28 56
28 57
28 58
28 59
28 60
28 61
28 62
28 63
28 64
28 65
28 66
28 70
28 77
28 78
28 79
28 80
28 82
28 83
28 86
28 87
28 91
28 94
28 96
28 97
28 98
29 30
29 31
29 34
29 35
29 37
29 39
29 41
29 42
29 43
29 44
29 46
29 49
29 50
29 53
29 54
29 55
29 56
29 57
29 62
29 63
29 64
29 65
29 71
29 72
29 73
29 74
29 77
29 79
29 80
29 82
29 86
29 92
29 93
29 96
29 99
30 32
30 37
30 38
30 41
30 42
30 43
30 46
30 47
30 48
30 50
30 52
30 53
30 54
30 55
30 56
30 57
30 58
30 59
30 60
30 61
30 63
30 66
30 67
30 69
30 71
30 73
30 74
30 78
30 79
30 82
30 83
30 84
30 86
30 87
30 88
30 89
30 92
30 93
30 94
30 96
30 97
30 98
30 99
31 35
31 36
31 37
31 38
31 40
31 41
31 45
31 49
31 51
31 52
31 53
31 54
31 56
31 57
31 59
31 60
31 62
31 65
31 67
31 68
31 69
31 70
31 71
31 72
31 73
31 74
31 75
31 76
31 77
31 78
31 79
31 81
31 87
31 88
31 90
31 93
31 96
31 97
31 98
31 99
32 33
32 34
32 35
32 36
32 37
32 39
32 41
32 44
32 45
32 49
32 51
32 57
32 58
32 63
32 65
32 66
32 67
32 69
32 70
32 72
32 73
32 76
32 79
32 80
32 81
32 82
32 84
32 85
32 87
32 88
32 89
32 90
32 91
32 93
32 96
32 97
32 98
32 99
33 34
33 35
33 36
33 39
33 41
33 45
33 46
33 47
33 48
33 50
33 51
33 53
33 54
33 56
33 58
33 59
33 60
33 62
33 64
33 67
33 69
33 70
33 72
33 74
33 76
33 79
33 80
33 81
33 86
33 88
33 89
33 91
33 92
33 93
33 97
33 99
34 36
34 38
34 39
34 40
34 43
34 45
34 46
34 47
34 48
34 50
34 53
34 54
34 60
34 61
34 62
34 63
34 64
34 65
34 66
34 67
34 68
34 69
34 71
34 72
34 74
34 76
34 77
34 78
34 82
34 83
34 89
34 91
34 92
34 93
34 94
34 99
35 36
35 37
35 38
35 45
35 46
35 47
35 48
35 49
35 52
35 53
35 54
35 55
35 57
35 61
35 64
35 66
35 68
35 70
35 71
35 72
35 73
35 74
35 76
35 77
35 78
35 83
35 85
35 86
35 89
35 90
35 92
35 95
35 96
35 97
35 98
36 39
36 41
36 42
36 48
36 50
36 51
36 52
36 54
36 56
36 57
36 59
36 61
36 62
36 65
36 66
36 71
36 72
36 75
36 76
36 78
36 79
36 80
36 84
36 85
36 86
36 88
36 89
36 91
36 93
36 94
36 96
36 98
37 38
37 39
37 41
37 45
37 46
37 48
37 50
37 51
37 52
37 56
37 58
37 64
37 65
37 70
37 71
37 72
37 75
37 76
37 79
37 80
37 82
37 83
37 84
37 85
37 87
37 88
37 91
37 96
37 97
37 98
37 99
38 39
38 41
38 43
38 44
38 45
38 46
38 47
38 50
38 51
38 52
38 53
38 55
38 58
38 60
38 62
38 64
38 65
38 67
38 73
38 78
38 80
38 81
38 84
38 87
38 91
38 92
38 94
38 95
38 96
38 98
38 99
39 42
39 43
39 45
39 47
39 49
39 50
39 51
39 53
39 55
39 57
39 58
39 59
39 60
39 61
39 68
39 71
39 73
39 74
39 75
39 77
39 78
39 79
39 80
39 83
39 84
39 86
39 88
39 89
39 90
39 92
39 95
39 96
39 99
40 42
40 43
40 45
40 46
40 50
40 51
40 53
40 55
40 57
40 59
40 60
40 61
40 63
40 64
40 66
40 67
40 68
40 72
40 74
40 75
40 81
40 82
40 83
40 84
40 86
40 89
40 91
40 96
40 97
41 43
41 44
41 49
41 50
41 51
41 53
41 58
41 61
41 62
41 65
41 71
41 72
41 73
41 74
41 78
41 80
41 82
41 86
41 87
41 88
41 89
41 90
41 91
41 92
41 93
41 96
41 97
41 99
42 43
42 44
42 45
42 46
42 47
42 50
42 52
42 53
42 56
42 57
42 59
42 64
42 65
42 66
42 67
42 68
42 73
42 74
42 75
42 77
42 78
42 85
42 86
42 87
42 88
42 89
42 91
42 92
42 95
42 96
42 98
42 99
43 47
43 48
43 51
43 54
43 56
43 58
43 59
43 60
43 62
43 66
43 68
43 73
43 74
43 75
43 76
43 77
43 81
43 82
43 83
43 88
43 89
43 91
43 97
43 99
44 46
44 47
44 48
44 51
44 54
44 55
44 56
44 57
44 58
44 63
44 64
44 66
44 70
44 71
44 72
44 75
44 77
44 79
44 80
44 81
44 82
44 85
44 90
44 95
44 96
44 97
44 98
45 47
45 49
45 51
45 55
45 57
45 61
45 62
45 63
45 65
45 66
45 68
45 70
45 71
45 72
45 73
45 74
45 75
45 76
45 77
45 81
45 83
45 86
45 87
45 89
45 91
45 93
45 94
45 96
45 97
46 49
46 50
46 52
46 54
46 57
46 63
46 65
46 66
46 72
46 73
46 74
46 78
46 79
46 82
46 83
46 84
46 85
46 86
46 88
46 90
46 91
46 94
46 95
46 98
46 99
47 49
47 50
47 53
47 57
47 59
47 62
47 65
47 66
47 67
47 69
47 70
47 72
47 73
47 75
47 80
47 82
47 83
47 84
47 90
47 96
47 97
47 98
48 49
48 51
48 52
48 54
48 55
48 56
48 59
48 62
48 65
48 67
48 71
48 72
48 77
48 78
48 79
48 81
48 83
48 84
48 85
48 89
48 90
48 93
48 94
48 95
48 97
48 98
48 99
49 50
49 51
49 53
49 55
49 56
49 57
49 58
49 59
49 60
49 61
49 62
49 63
49 67
49 69
49 70
49 72
49 78
49 80
49 81
49 83
49 84
49 85
49 86
49 89
49 91
49 92
49 93
49 94
49 98
50 55
50 56
50 57
50 58
50 60
50 62
50 64
50 68
50 69
50 71
50 72
50 73
50 75
50 76
50 77
50 81
50 82
50 90
50 91
50 92
50 93
50 98
50 99
51 56
51 58
51 59
51 60
51 61
51 66
51 68
51 70
51 71
51 75
51 76
51 77
51 78
51 79
51 80
51 81
51 82
51 84
51 85
51 88
51 89
51 91
51 92
51 93
51 94
51 96
52 56
52 58
52 59
52 60
52 63
52 65
52 66
52 70
52 71
52 74
52 76
52 79
52 80
52 81
52 82
52 83
52 87
52 88
52 89
52 91
52 93
52 94
52 95
52 96
53 54
53 56
53 57
53 60
53 63
53 68
53 69
53 71
53 78
53 79
53 80
53 81
53 82
53 85
53 87
53 89
53 90
53 91
53 92
53 94
53 95
53 96
53 97
53 98
54 56
54 59
54 61
54 62
54 63
54 66
54 68
54 69
54 70
54 71
54 73
54 76
54 77
54 81
54 88
54 89
54 91
54 95
54 99
55 59
55 61
55 62
55 63
55 64
55 65
55 66
55 67
55 69
55 76
55 77
55 78
55 80
55 81
55 82
55 84
55 87
55 88
55 89
55 90
55 92
55 96
55 97
55 98
55 99
56 60
56 62
56 65
56 67
56 68
56 69
56 70
56 72
56 76
56 77
56 79
56 80
56 81
56 83
56 84
56 87
56 89
56 90
56 92
56 93
56 94
56 96
56 97
56 98
57 59
57 60
57 61
57 62
57 65
57 66
57 70
57 73
57 74
57 79
57 80
57 81
57 82
57 83
57 86
57 87
57 90
57 92
57 94
57 96
57 97
58 59
58 61
58 66
58 67
58 68
58 70
58 71
58 73
58 75
58 76
58 77
58 78
58 85
58 91
58 94
58 95
58 96
58 97
58 98
58 99
59 60
59 61
59 63
59 64
59 65
59 66
59 67
59 70
59 74
59 75
59 77
59 78
59 80
59 81
59 82
59 83
59 85
59 86
59 87
59 90
59 94
59 96
59 97
59 99
60 61
60 63
60 64
60 65
60 66
60 67
60 68
60 73
60 74
60 76
60 81
60 82
60 83
60 85
60 86
60 90
60 94
60 96
60 97
61 63
61 64
61 65
61 68
61 69
61 70
61 71
61 75
61 76
61 77
61 78
61 79
61 82
61 85
61 90
61 92
61 93
62 63
62 64
62 65
62 67
62 68
62 71
62 72
62 73
62 74
62 76
62 78
62 79
62 82
62 83
62 88
62 91
62 95
62 99
63 65
63 68
63 69
63 71
63 72
63 73
63 75
63 77
63 80
63 81
63 83
63 88
63 89
63 92
63 93
63 94
63 97
63 98
63 99
64 65
64 67
64 70
64 72
64 73
64 75
64 76
64 77
64 78
64 80
64 83
64 85
64 86
64 88
64 89
64 91
64 95
64 97
64 98
65 66
65 67
65 71
65 72
65 73
65 74
65 75
65 76
65 78
65 81
65 82
65 83
65 85
65 87
65 88
65 89
65 91
65 93
65 96
65 97
65 98
65 99
66 70
66 72
66 75
66 76
66 79
66 85
66 86
66 88
66 89
66 90
66 92
66 93
66 96
66 97
66 98
67 68
67 70
67 71
67 72
67 73
67 75
67 76
67 78
67 80
67 81
67 84
67 85
67 86
67 87
67 89
67 91
67 96
67 99
68 70
68 72
68 73
68 76
68 77
68 78
68 79
68 80
68 81
68 82
68 84
68 85
68 86
68 90
68 91
68 92
68 94
68 96
68 99
69 73
69 74
69 77
69 79
69 81
69 82
69 83
69 85
69 86
69 88
69 89
69 92
69 93
69 95
69 96
69 98
69 99
70 71
70 74
70 76
70 77
70 78
70 79
70 83
70 84
70 85
70 87
70 91
70 92
70 97
70 98
70 99
71 72
71 75
71 76
71 78
71 79
71 80
71 83
71 86
71 87
71 88
71 90
71 92
71 95
71 96
71 97
71 98
71 99
72 78
72 79
72 83
72 84
72 86
72 87
72 88
72 91
72 94
72 97
72 98
72 99
73 77
73 79
73 80
73 84
73 89
73 91
73 92
73 93
73 97
73 98
73 99
74 76
74 81
74 82
74 85
74 86
74 87
74 88
74 89
74 93
74 95
74 98
74 99
75 77
75 79
75 80
75 81
75 84
75 86
75 87
75 89
75 90
75 91
75 94
75 97
75 99
76 78
76 82
76 83
76 84
76 85
76 91
76 96
77 78
77 79
77 81
77 83
77 86
77 88
77 89
77 93
77 94
77 96
77 97
77 99
78 79
78 81
78 82
78 83
78 85
78 89
78 91
78 92
78 93
78 95
78 96
78 98
79 80
79 81
79 82
79 84
79 87
79 90
79 91
79 92
79 93
79 94
79 95
79 97
79 98
79 99
80 81
80 84
80 94
80 96
80 98
80 99
81 82
81 86
81 87
81 89
81 90
81 91
81 92
81 95
81 99
82 83
82 85
82 87
82 89
82 90
82 91
82 93
82 95
82 96
82 98
83 84
83 85
83 89
83 91
83 93
84 90
84 92
84 95
84 97
84 98
85 91
85 93
85 95
85 96
85 98
85 99
86 87
86 91
87 88
87 91
87 92
87 93
87 94
87 98
87 99
88 90
88 93
88 94
88 95
88 96
88 97
88 99
89 92
89 93
89 94
89 96
89 99
90 99
91 93
91 98
92 94
92 99
93 96
93 97
93 98
94 96
94 98
94 99
95 96
95 98
95 99
96 97
96 98
96 99
