0 3
0 4
0 14
0 18
0 20
0 28
0 29
0 30
0 32
0 36
0 44
0 46
0 48
0 49
0 50
0 51
0 52
0 53
0 55
0 56
0 69
0 71
0 73
0 80
0 82
0 84
0 87
0 89
0 93
0 95
0 99
1 8
1 15
1 18
1 22
1 25
1 26
1 30
1 32
1 38
1 48
1 52
1 53
1 56
1 57
1 59
1 60
1 61
1 62
1 69
1 71
1 72
1 74
1 75
1 76
1 78
1 80
1 83
1 84
1 85
1 86
1 91
1 92
1 94
1 97
1 99
2 4
2 6
2 10
2 12
2 15
2 18
2 19
2 20
2 22
2 23
2 24
2 25
2 27
2 28
2 29
2 30
2 33
2 34
2 38
2 40
2 41
2 43
2 48
2 51
2 52
2 54
2 56
2 58
2 59
2 60
2 63
2 66
2 67
2 74
2 76
2 78
2 79
2 80
2 81
2 82
2 85
2 89
2 91
2 93
2 95
2 96
2 98
3 10
3 13
3 15
3 18
3 19
3 20
3 23
3 24
3 25
3 29
3 32
3 35
3 36
3 40
3 41
3 50
3 52
3 53
3 56
3 58
3 59
3 62
3 64
3 69
3 71
3 73
3 74
3 78
3 87
3 92
3 99
4 8
4 10
4 13
4 15
4 16
4 18
4 21
4 23
4 24
4 29
4 30
4 31
4 33
4 34
4 36
4 40
4 41
4 42
4 45
4 46
4 50
4 51
4 58
4 61
4 62
4 67
4 70
4 71
4 73
4 78
4 79
4 82
4 93
4 95
5 11
5 13
5 16
5 18
5 21
5 22
5 23
5 26
5 32
5 33
5 38
5 40
5 41
5 44
5 45
5 48
5 51
5 54
5 58
5 63
5 65
5 66
5 71
5 74
5 77
5 79
5 80
5 81
5 84
5 86
5 87
5 93
5 94
5 95
5 97
5 99
6 7
6 8
6 9
6 10
6 11
6 12
6 13
6 14
6 15
6 17
6 19
6 22
6 23
6 24
6 25
6 28
6 31
6 32
6 34
6 35
6 36
6 39
6 41
6 43
6 45
6 47
6 48
6 50
6 51
6 52
6 53
6 54
6 55
6 57
6 61
6 66
6 69
6 71
6 73
6 75
6 77
6 81
6 82
6 83
6 86
6 93
6 95
6 97
6 98
6 99
7 9
7 10
7 11
7 12
7 16
7 17
7 19
7 21
7 26
7 30
7 31
7 34
7 37
7 46
7 49
7 50
7 51
7 53
7 54
7 55
7 67
7 69
7 71
7 74
7 75
7 77
7 78
7 80
7 83
7 84
7 91
7 92
7 93
7 98
7 99
8 9
8 12
8 13
8 19
8 24
8 30
8 34
8 36
8 41
8 42
8 44
8 46
8 47
8 48
8 52
8 53
8 55
8 57
8 59
8 61
8 64
8 65
8 66
8 67
8 69
8 73
8 74
8 75
8 76
8 81
8 83
8 84
8 87
8 89
8 91
8 92
8 94
8 96
8 99
9 10
9 13
9 16
9 17
9 19
9 21
9 24
9 25
9 26
9 30
9 33
9 34
9 37
9 39
9 47
9 48
9 49
9 53
9 54
9 55
9 57
9 58
9 59
9 60
9 61
9 63
9 65
9 67
9 69
9 72
9 74
9 79
9 81
9 82
9 85
9 88
9 89
9 90
9 91
9 92
9 94
9 97
9 98
10 12
10 13
10 15
10 23
10 24
10 25
10 26
10 27
10 28
10 31
10 32
10 35
10 36
10 38
10 39
10 41
10 42
10 43
10 50
10 51
10 52
10 53
10 54
10 56
10 57
10 60
10 66
10 68
10 69
10 70
10 71
10 73
10 75
10 78
10 80
10 82
10 87
10 89
10 93
10 96
10 99
11 19
11 22
11 25
11 28
11 29
11 32
11 33
11 34
11 35
11 36
11 38
11 39
11 44
11 45
11 46
11 52
11 53
11 54
11 55
11 59
11 64
11 65
11 66
11 70
11 72
11 77
11 78
11 79
11 80
11 83
11 87
11 88
11 90
11 91
11 94
11 96
11 97
12 15
12 19
12 21
12 24
12 26
12 27
12 28
12 32
12 34
12 35
12 37
12 38
12 41
12 43
12 44
12 51
12 52
12 55
12 61
12 63
12 65
12 69
12 77
12 79
12 81
12 83
12 84
12 85
12 86
12 92
12 93
12 96
12 98
13 15
13 17
13 18
13 19
13 20
13 24
13 25
13 26
13 27
13 29
13 30
13 31
13 32
13 33
13 36
13 37
13 40
13 49
13 53
13 58
13 59
13 62
13 64
13 67
13 69
13 75
13 79
13 84
13 85
13 86
13 88
13 89
13 92
13 95
13 97
13 99
14 17
14 20
14 22
14 24
14 31
14 34
14 35
14 37
14 40
14 44
14 46
14 48
14 50
14 51
14 52
14 56
14 58
14 60
14 63
14 64
14 66
14 71
14 74
14 75
14 77
14 78
14 80
14 83
14 84
14 85
14 87
14 88
14 89
14 93
14 94
14 98
14 99
15 17
15 18
15 24
15 27
15 34
15 36
15 40
15 42
15 45
15 48
15 51
15 52
15 53
15 55
15 57
15 62
15 65
15 66
15 67
15 71
15 72
15 73
15 75
15 76
15 78
15 79
15 83
15 86
15 87
15 92
15 93
15 96
15 99
16 18
16 19
16 20
16 21
16 23
16 24
16 25
16 26
16 27
16 29
16 30
16 32
16 36
16 38
16 40
16 42
16 45
16 48
16 51
16 57
16 61
16 64
16 66
16 68
16 69
16 72
16 80
16 81
16 82
16 85
16 86
16 88
16 89
16 90
16 94
16 95
16 98
16 99
17 18
17 21
17 24
17 28
17 30
17 33
17 34
17 39
17 41
17 43
17 52
17 53
17 57
17 58
17 59
17 64
17 66
17 71
17 74
17 76
17 78
17 79
17 82
17 84
17 85
17 86
17 89
17 91
17 92
17 94
17 96
17 98
17 99
18 23
18 25
18 32
18 33
18 34
18 35
18 37
18 38
18 40
18 43
18 47
18 51
18 57
18 60
18 61
18 62
18 69
18 70
18 72
18 75
18 77
18 84
18 85
18 86
18 88
18 89
18 92
18 93
18 99
19 20
19 21
19 25
19 28
19 31
19 33
19 35
19 36
19 37
19 38
19 39
19 44
19 48
19 49
19 53
19 55
19 57
19 58
19 61
19 62
19 67
19 71
19 73
19 74
19 76
19 77
19 79
19 80
19 81
19 82
19 83
19 84
19 85
19 87
19 88
19 91
19 92
19 94
19 96
19 97
19 99
20 21
20 24
20 25
20 26
20 42
20 44
20 47
20 48
20 56
20 59
20 62
20 63
20 64
20 67
20 74
20 75
20 76
20 77
20 79
20 80
20 81
20 84
20 85
20 88
20 89
20 90
20 91
20 93
20 95
21 24
21 26
21 32
21 34
21 36
21 37
21 38
21 46
21 48
21 51
21 52
21 54
21 56
21 57
21 58
21 59
21 61
21 64
21 65
21 66
21 67
21 70
21 73
21 75
21 77
21 81
21 86
21 90
21 92
21 93
21 95
21 96
21 99
22 23
22 26
22 27
22 29
22 31
22 40
22 44
22 45
22 46
22 47
22 49
22 51
22 52
22 59
22 62
22 64
22 66
22 72
22 73
22 78
22 81
22 84
22 85
22 86
22 87
22 88
22 91
22 94
22 96
23 26
23 28
23 29
23 32
23 35
23 38
23 40
23 45
23 46
23 47
23 48
23 50
23 51
23 53
23 56
23 57
23 61
23 62
23 64
23 65
23 68
23 69
23 72
23 73
23 75
23 78
23 79
23 84
23 94
23 96
24 25
24 26
24 29
24 33
24 34
24 39
24 44
24 45
24 48
24 49
24 51
24 52
24 54
24 56
24 61
24 66
24 70
24 75
24 76
24 82
24 84
24 86
24 89
24 98
24 99
25 27
25 28
25 30
25 36
25 37
25 41
25 43
25 48
25 57
25 58
25 59
25 62
25 63
25 67
25 73
25 81
25 86
25 87
25 94
25 96
25 98
25 99
26 27
26 28
26 29
26 31
26 34
26 35
26 38
26 39
26 43
26 44
26 46
26 48
26 52
26 54
26 57
26 58
26 61
26 64
26 65
26 69
26 75
26 76
26 78
26 80
26 81
26 82
26 89
26 90
27 28
27 30
27 33
27 35
27 37
27 38
27 40
27 42
27 44
27 45
27 47
27 48
27 49
27 50
27 51
27 53
27 54
27 60
27 61
27 66
27 67
27 70
27 72
27 74
27 76
27 80
27 85
27 91
27 94
27 95
27 96
27 98
28 34
28 35
28 36
28 38
28 41
28 42
28 44
28 50
28 52
28 53
28 55
28 58
28 69
28 72
28 73
28 74
28 75
28 76
28 77
28 78
28 82
28 85
28 86
28 94
28 95
28 96
28 97
28 98
29 30
29 31
29 33
29 34
29 38
29 39
29 49
29 54
29 57
29 61
29 63
29 69
29 71
29 75
29 76
29 77
29 79
29 80
29 81
29 83
29 84
29 86
29 87
29 88
29 91
29 98
29 99
30 34
30 36
30 37
30 39
30 40
30 44
30 47
30 48
30 49
30 50
30 53
30 55
30 56
30 57
30 58
30 59
30 62
30 68
30 72
30 73
30 74
30 77
30 79
30 80
30 81
30 83
30 85
30 89
30 90
30 92
30 94
30 95
30 97
30 99
31 35
31 38
31 43
31 46
31 51
31 53
31 56
31 57
31 58
31 60
31 63
31 65
31 67
31 68
31 73
31 74
31 75
31 78
31 79
31 83
31 84
31 86
31 87
31 88
31 89
31 90
31 96
31 99
32 38
32 42
32 43
32 48
32 49
32 51
32 54
32 59
32 62
32 63
32 70
32 71
32 73
32 74
32 75
32 77
32 80
32 85
32 93
32 94
32 95
32 96
33 36
33 40
33 41
33 45
33 48
33 51
33 52
33 54
33 55
33 58
33 60
33 61
33 66
33 67
33 69
33 73
33 74
33 75
33 76
33 77
33 78
33 80
33 83
33 84
33 85
33 89
33 92
33 95
33 97
34 37
34 42
34 43
34 46
34 47
34 49
34 51
34 53
34 54
34 59
34 61
34 65
34 66
34 68
34 69
34 75
34 79
34 81
34 82
34 83
34 86
34 88
34 89
34 95
34 97
35 37
35 42
35 44
35 47
35 49
35 50
35 51
35 52
35 57
35 58
35 59
35 60
35 63
35 65
35 67
35 69
35 70
35 71
35 76
35 82
35 86
35 93
35 94
35 99
36 37
36 40
36 45
36 47
36 51
36 52
36 53
36 55
36 59
36 61
36 64
36 72
36 73
36 75
36 77
36 78
36 79
36 80
36 82
36 84
36 85
36 86
36 89
36 93
36 95
36 97
37 44
37 47
37 48
37 50
37 59
37 62
37 64
37 66
37 68
37 70
37 71
37 75
37 81
37 87
37 92
37 94
37 97
37 98
38 41
38 50
38 57
38 61
38 64
38 65
38 66
38 67
38 70
38 72
38 75
38 79
38 81
38 86
38 87
38 89
38 90
38 92
38 96
38 98
39 40
39 41
39 46
39 49
39 53
39 54
39 56
39 57
39 59
39 63
39 65
39 68
39 73
39 75
39 79
39 80
39 88
39 89
39 97
40 42
40 43
40 51
40 52
40 53
40 61
40 63
40 64
40 65
40 66
40 68
40 69
40 70
40 71
40 73
40 77
40 78
40 79
40 86
40 88
40 89
40 90
40 92
40 93
40 95
40 96
40 98
41 43
41 45
41 48
41 55
41 58
41 59
41 60
41 63
41 64
41 65
41 67
41 70
41 71
41 74
41 75
41 77
41 84
41 85
41 87
41 88
41 90
41 97
41 98
42 46
42 48
42 53
42 54
42 55
42 56
42 57
42 58
42 59
42 61
42 66
42 69
42 74
42 75
42 77
42 81
42 86
42 87
42 91
42 93
43 46
43 49
43 52
43 54
43 56
43 57
43 58
43 64
43 68
43 69
43 73
43 74
43 81
43 82
43 85
43 88
43 90
44 47
44 50
44 55
44 56
44 57
44 58
44 60
44 61
44 62
44 64
44 65
44 71
44 74
44 76
44 79
44 80
44 86
44 90
44 94
44 96
45 50
45 52
45 55
45 59
45 60
45 66
45 70
45 72
45 74
45 78
45 79
45 82
45 86
45 88
45 90
45 92
45 94
45 97
45 99
46 47
46 58
46 60
46 64
46 65
46 66
46 73
46 76
46 77
46 82
46 84
46 97
46 98
47 49
47 56
47 60
47 62
47 63
47 65
47 66
47 67
47 69
47 71
47 74
47 75
47 77
47 78
47 83
47 89
47 91
47 96
47 99
48 51
48 53
48 54
48 55
48 63
48 66
48 67
48 68
48 69
48 72
48 76
48 79
48 81
48 84
48 89
48 96
48 97
49 53
49 54
49 61
49 62
49 72
49 73
49 77
49 79
49 81
49 82
49 85
49 86
49 87
49 91
49 94
49 95
49 96
49 97
49 99
50 51
50 53
50 54
50 56
50 57
50 62
50 64
50 65
50 67
50 71
50 74
50 75
50 76
50 77
50 78
50 80
50 88
50 89
50 91
50 92
50 95
50 96
50 97
51 54
51 56
51 61
51 62
51 65
51 67
51 69
51 70
51 71
51 74
51 78
51 82
51 87
51 89
51 92
51 94
51 96
51 99
52 54
52 60
52 64
52 67
52 68
52 70
52 75
52 78
52 80
52 81
52 86
52 90
52 91
52 92
52 96
52 98
52 99
53 55
53 57
53 58
53 59
53 60
53 63
53 64
53 65
53 67
53 68
53 69
53 73
53 75
53 77
53 78
53 79
53 81
53 84
53 85
53 89
53 90
53 92
53 93
53 95
54 56
54 57
54 63
54 64
54 66
54 67
54 69
54 80
54 82
54 88
54 89
54 91
54 97
54 99
55 56
55 63
55 64
55 67
55 69
55 73
55 74
55 75
55 76
55 79
55 83
55 85
55 89
55 91
55 95
55 96
55 97
55 99
56 58
56 61
56 66
56 67
56 72
56 73
56 76
56 78
56 79
56 80
56 81
56 83
56 84
56 87
56 90
56 94
56 96
56 97
57 60
57 62
57 63
57 66
57 70
57 72
57 74
57 75
57 77
57 78
57 79
57 82
57 84
57 88
57 91
57 95
57 97
57 99
58 61
58 63
58 65
58 66
58 68
58 72
58 74
58 76
58 78
58 79
58 82
58 83
58 84
58 85
58 86
58 91
58 92
58 94
58 95
58 98
59 60
59 65
59 67
59 71
59 78
59 83
59 84
59 87
59 91
59 94
59 99
60 61
60 65
60 67
60 68
60 70
60 74
60 76
60 77
60 79
60 83
60 84
60 85
60 86
60 88
60 89
60 91
60 92
60 99
61 62
61 65
61 66
61 67
61 73
61 76
61 78
61 79
61 80
61 83
61 86
61 87
61 88
61 89
61 99
62 63
62 67
62 68
62 69
62 72
62 73
62 76
62 78
62 80
62 85
62 86
62 87
62 88
62 90
62 91
62 95
62 96
62 98
62 99
63 64
63 65
63 66
63 68
63 70
63 73
63 74
63 76
63 77
63 85
63 90
63 92
63 93
63 94
63 97
64 65
64 69
64 75
64 78
64 79
64 84
64 86
64 89
64 94
64 96
65 67
65 68
65 70
65 71
65 73
65 74
65 76
65 83
65 86
65 89
65 91
65 93
65 96
65 97
65 98
65 99
66 71
66 73
66 74
66 76
66 78
66 91
66 93
66 94
66 95
66 98
67 68
67 69
67 71
67 72
67 73
67 79
67 83
67 84
67 86
67 89
67 91
67 94
67 95
67 96
67 98
67 99
68 70
68 77
68 79
68 81
68 84
68 89
68 92
68 97
68 98
69 71
69 75
69 79
69 82
69 83
69 85
69 87
69 92
69 93
69 94
69 95
69 98
69 99
70 72
70 77
70 78
70 79
70 82
70 83
70 86
70 88
70 89
70 90
70 93
70 99
71 72
71 73
71 75
71 77
71 78
71 82
71 86
71 90
71 91
71 93
71 95
71 96
71 97
71 98
72 74
72 76
72 79
72 84
72 86
72 87
72 88
72 90
72 91
72 97
72 99
73 84
73 85
73 86
73 87
73 89
73 90
73 93
73 96
73 97
74 78
74 80
74 81
74 84
74 91
74 92
74 93
74 94
74 96
74 98
74 99
75 76
75 77
75 83
75 86
75 88
75 89
75 90
75 93
75 97
75 98
76 79
76 80
76 81
76 82
76 83
76 91
76 97
77 79
77 81
77 82
77 85
77 87
77 90
77 92
77 95
77 97
78 80
78 81
78 83
78 86
78 87
78 92
78 93
78 94
78 95
79 82
79 83
79 84
79 85
79 86
79 87
79 95
79 97
79 98
79 99
80 84
80 86
80 93
81 83
81 84
81 85
81 90
81 91
81 92
81 93
81 96
81 97
82 83
82 85
82 89
82 91
82 94
83 87
83 88
83 91
83 93
83 94
83 96
84 91
84 92
84 93
84 98
85 86
85 91
85 93
85 95
85 98
86 88
86 90
86 92
86 93
86 94
86 98
86 99
87 90
87 93
87 94
87 95
87 97
87 99
88 91
88 93
88 97
88 98
89 90
89 97
89 98
89 99
90 94
90 97
90 98
91 97
91 98
91 99
92 97
92 98
93 95
93 96
93 98
94 96
95 97
95 98
