0 1
0 4
0 5
0 7
0 8
0 9
0 11
0 15
0 18
0 19
0 20
0 21
0 23
0 24
0 25
0 26
0 27
0 30
0 31
0 32
0 34
0 35
0 36
0 37
0 39
0 42
0 43
0 45
0 49
0 51
0 52
0 53
0 54
0 56
0 57
0 63
0 64
0 67
0 69
0 70
0 71
0 72
0 73
0 75
0 76
0 77
0 81
0 82
0 86
0 87
0 90
0 92
0 93
0 96
0 99
1 2
1 3
1 4
1 6
1 11
1 12
1 15
1 16
1 18
1 19
1 20
1 21
1 23
1 25
1 27
1 28
1 29
1 33
1 34
1 40
1 41
1 42
1 46
1 50
1 53
1 55
1 58
1 61
1 62
1 65
1 67
1 69
1 71
1 74
1 75
1 77
1 78
1 83
1 84
1 87
1 90
1 92
1 95
1 97
1 99
2 4
2 5
2 9
2 11
2 12
2 15
2 17
2 18
2 20
2 22
2 23
2 24
2 25
2 28
2 29
2 30
2 33
2 36
2 37
2 38
2 45
2 47
2 52
2 53
2 55
2 57
2 58
2 59
2 61
2 62
2 66
2 70
2 71
2 73
2 74
2 78
2 79
2 81
2 83
2 87
2 91
2 92
2 94
2 95
2 96
2 98
3 4
3 7
3 10
3 11
3 12
3 14
3 15
3 16
3 17
3 19
3 20
3 24
3 26
3 27
3 29
3 32
3 35
3 37
3 38
3 42
3 44
3 49
3 50
3 51
3 54
3 55
3 59
3 61
3 64
3 66
3 72
3 75
3 77
3 78
3 79
3 82
3 83
3 85
3 86
3 87
3 88
3 89
3 91
3 92
3 97
3 98
3 99
4 5
4 6
4 7
4 8
4 10
4 11
4 12
4 13
4 14
4 15
4 16
4 21
4 26
4 27
4 30
4 31
4 32
4 33
4 34
4 37
4 38
4 41
4 42
4 43
4 44
4 46
4 47
4 48
4 51
4 53
4 57
4 62
4 64
4 65
4 67
4 69
4 71
4 72
4 73
4 74
4 77
4 78
4 80
4 84
4 86
4 88
4 89
4 92
4 94
4 96
4 97
4 98
4 99
5 6
5 9
5 11
5 12
5 13
5 18
5 19
5 20
5 21
5 23
5 24
5 26
5 31
5 33
5 34
5 36
5 37
5 41
5 42
5 45
5 47
5 51
5 52
5 54
5 56
5 57
5 58
5 59
5 61
5 66
5 69
5 71
5 73
5 76
5 77
5 80
5 82
5 83
5 84
5 89
5 91
5 92
5 93
5 94
5 96
5 98
5 99
6 11
6 16
6 17
6 18
6 21
6 23
6 25
6 27
6 28
6 29
6 30
6 33
6 34
6 36
6 38
6 39
6 40
6 41
6 43
6 46
6 48
6 49
6 55
6 58
6 59
6 63
6 65
6 66
6 69
6 71
6 72
6 76
6 80
6 81
6 82
6 83
6 84
6 85
6 86
6 89
6 91
6 92
6 93
7 8
7 11
7 12
7 15
7 16
7 17
7 18
7 20
7 21
7 22
7 26
7 29
7 30
7 33
7 34
7 36
7 40
7 41
7 42
7 43
7 47
7 48
7 49
7 50
7 55
7 58
7 59
7 60
7 68
7 69
7 73
7 74
7 78
7 79
7 80
7 83
7 85
7 88
7 89
7 90
7 92
7 94
7 95
7 99
8 9
8 12
8 19
8 21
8 23
8 24
8 26
8 27
8 28
8 29
8 30
8 31
8 32
8 33
8 35
8 36
8 39
8 41
8 47
8 51
8 52
8 53
8 54
8 55
8 56
8 57
8 58
8 62
8 63
8 66
8 69
8 70
8 73
8 74
8 75
8 79
8 81
8 84
8 87
8 92
8 97
9 10
9 17
9 18
9 19
9 21
9 22
9 24
9 27
9 28
9 29
9 31
9 32
9 34
9 35
9 38
9 41
9 45
9 46
9 48
9 50
9 52
9 54
9 56
9 57
9 58
9 59
9 61
9 63
9 66
9 67
9 68
9 69
9 70
9 71
9 72
9 74
9 75
9 76
9 80
9 82
9 96
9 97
9 99
10 15
10 17
10 18
10 19
10 20
10 22
10 24
10 30
10 31
10 32
10 33
10 34
10 36
10 38
10 41
10 42
10 43
10 44
10 47
10 48
10 49
10 53
10 56
10 58
10 59
10 60
10 61
10 63
10 65
10 66
10 68
10 69
10 75
10 77
10 78
10 84
10 88
10 93
10 94
10 97
11 12
11 13
11 14
11 15
11 18
11 20
11 21
11 25
11 27
11 29
11 30
11 31
11 32
11 33
11 34
11 36
11 37
11 38
11 40
11 41
11 42
11 43
11 44
11 47
11 50
11 53
11 54
11 55
11 57
11 58
11 59
11 60
11 63
11 69
11 70
11 71
11 72
11 73
11 74
11 76
11 77
11 80
11 86
11 87
11 88
11 90
11 94
11 95
11 97
11 98
11 99
12 13
12 15
12 16
12 19
12 20
12 21
12 24
12 26
12 28
12 31
12 32
12 34
12 35
12 36
12 39
12 40
12 43
12 44
12 46
12 47
12 48
12 49
12 50
12 52
12 54
12 56
12 57
12 61
12 62
12 65
12 67
12 68
12 69
12 71
12 72
12 74
12 81
12 83
12 85
12 86
12 89
12 92
12 96
13 14
13 15
13 17
13 18
13 19
13 21
13 23
13 30
13 34
13 36
13 37
13 38
13 40
13 42
13 43
13 45
13 49
13 52
13 53
13 55
13 58
13 61
13 62
13 63
13 65
13 66
13 67
13 69
13 72
13 73
13 76
13 82
13 83
13 85
13 86
13 87
13 88
13 91
13 93
13 94
13 95
13 96
14 15
14 16
14 18
14 19
14 20
14 21
14 23
14 24
14 25
14 26
14 29
14 30
14 31
14 32
14 33
14 34
14 35
14 37
14 44
14 45
14 48
14 55
14 57
14 58
14 59
14 60
14 61
14 63
14 66
14 70
14 73
14 75
14 77
14 78
14 79
14 80
14 84
14 87
14 88
14 89
14 91
14 92
14 94
14 95
14 98
15 16
15 17
15 18
15 19
15 22
15 24
15 27
15 30
15 31
15 32
15 33
15 35
15 43
15 45
15 46
15 47
15 48
15 49
15 50
15 52
15 53
15 55
15 57
15 61
15 68
15 70
15 71
15 72
15 76
15 77
15 78
15 84
15 86
15 87
15 88
15 92
15 93
15 94
15 95
15 97
15 99
16 20
16 24
16 25
16 26
16 27
16 28
16 29
16 30
16 32
16 36
16 38
16 40
16 42
16 43
16 44
16 45
16 46
16 48
16 49
16 50
16 51
16 52
16 55
16 56
16 57
16 59
16 60
16 61
16 62
16 65
16 66
16 68
16 70
16 72
16 73
16 74
16 77
16 78
16 81
16 82
16 83
16 87
16 89
16 90
16 91
16 92
16 93
16 95
16 96
16 98
17 18
17 19
17 20
17 23
17 24
17 25
17 31
17 33
17 35
17 36
17 37
17 38
17 39
17 40
17 41
17 45
17 47
17 48
17 49
17 53
17 55
17 57
17 58
17 59
17 62
17 63
17 66
17 71
17 72
17 73
17 74
17 79
17 82
17 84
17 87
17 88
17 89
17 95
17 96
17 98
17 99
18 19
18 21
18 28
18 29
18 30
18 33
18 34
18 37
18 39
18 40
18 41
18 43
18 44
18 47
18 49
18 52
18 55
18 57
18 58
18 60
18 61
18 64
18 66
18 68
18 69
18 70
18 74
18 79
18 80
18 82
18 85
18 86
18 88
18 89
18 92
18 93
18 94
18 98
18 99
19 20
19 22
19 24
19 26
19 27
19 28
19 30
19 32
19 33
19 36
19 37
19 39
19 40
19 41
19 43
19 44
19 45
19 46
19 48
19 49
19 50
19 52
19 53
19 54
19 56
19 58
19 59
19 61
19 62
19 63
19 68
19 70
19 73
19 74
19 79
19 80
19 82
19 88
19 89
19 92
19 96
19 97
20 22
20 23
20 25
20 31
20 34
20 36
20 40
20 42
20 45
20 47
20 48
20 49
20 50
20 52
20 54
20 58
20 59
20 60
20 62
20 66
20 70
20 72
20 74
20 78
20 79
20 82
20 83
20 84
20 86
20 88
20 90
20 91
20 93
20 94
20 95
20 96
20 97
20 98
20 99
21 22
21 23
21 28
21 29
21 30
21 31
21 33
21 34
21 37
21 38
21 41
21 43
21 44
21 45
21 46
21 47
21 48
21 52
21 53
21 54
21 55
21 56
21 59
21 62
21 65
21 67
21 70
21 73
21 74
21 78
21 79
21 80
21 81
21 83
21 84
21 85
21 86
21 87
21 89
21 90
21 91
21 94
21 97
21 98
21 99
22 23
22 26
22 28
22 29
22 31
22 32
22 33
22 34
22 35
22 40
22 42
22 43
22 44
22 45
22 47
22 50
22 52
22 53
22 61
22 63
22 65
22 66
22 68
22 73
22 76
22 77
22 79
22 80
22 82
22 84
22 85
22 88
22 89
22 90
22 95
22 99
23 24
23 31
23 35
23 38
23 39
23 42
23 46
23 47
23 48
23 50
23 52
23 53
23 55
23 59
23 60
23 62
23 63
23 64
23 67
23 68
23 69
23 73
23 74
23 75
23 77
23 82
23 83
23 84
23 85
23 87
23 92
23 94
23 95
23 96
23 99
24 26
24 27
24 28
24 29
24 30
24 32
24 35
24 36
24 37
24 41
24 42
24 43
24 44
24 45
24 49
24 53
24 55
24 57
24 58
24 59
24 60
24 61
24 63
24 64
24 65
24 68
24 70
24 74
24 75
24 78
24 83
24 85
24 89
24 90
24 91
24 94
24 95
24 97
25 29
25 30
25 32
25 36
25 37
25 39
25 41
25 47
25 49
25 55
25 57
25 58
25 61
25 62
25 63
25 64
25 70
25 71
25 74
25 75
25 77
25 82
25 83
25 85
25 86
25 89
25 90
25 98
26 27
26 28
26 31
26 32
26 33
26 37
26 38
26 39
26 40
26 41
26 44
26 47
26 49
26 50
26 53
26 55
26 57
26 58
26 59
26 60
26 61
26 62
26 63
26 66
26 68
26 69
26 70
26 74
26 76
26 78
26 79
26 80
26 88
26 90
26 92
26 93
26 94
26 96
27 28
27 29
27 36
27 38
27 39
27 44
27 47
27 49
27 51
27 52
27 53
27 55
27 56
27 59
27 60
27 65
27 66
27 70
27 74
27 75
27 76
27 77
27 78
27 79
27 80
27 81
27 87
27 90
27 91
27 92
27 95
27 96
27 99
28 29
28 30
28 32
28 34
28 35
28 37
28 38
28 41
28 43
28 46
28 48
28 49
28 53
28 54
28 55
28 58
28 60
28 64
28 66
28 67
28 68
28 72
28 73
28 74
28 75
28 81
28 87
28 89
28 91
28 92
28 93
28 94
28 96
28 98
28 99
29 33
29 34
29 35
29 37
29 43
29 45
29 46
29 47
29 48
29 51
29 52
29 53
29 54
29 55
29 56
29 57
29 59
29 62
29 65
29 67
29 69
29 74
29 78
29 81
29 82
29 84
29 88
29 90
29 91
29 93
29 94
29 95
29 96
29 97
29 98
29 99
30 31
30 34
30 35
30 38
30 40
30 41
30 42
30 45
30 49
30 50
30 52
30 53
30 56
30 57
30 58
30 59
30 60
30 65
30 67
30 68
30 69
30 72
30 73
30 76
30 78
30 80
30 82
30 85
30 86
30 89
30 90
30 91
30 94
30 97
30 99
31 33
31 34
31 35
31 37
31 38
31 39
31 40
31 42
31 43
31 44
31 45
31 47
31 49
31 51
31 52
31 56
31 57
31 58
31 63
31 64
31 65
31 69
31 70
31 72
31 74
31 75
31 77
31 78
31 79
31 84
31 85
31 86
31 90
31 94
31 97
31 98
32 33
32 34
32 36
32 37
32 39
32 42
32 45
32 47
32 49
32 50
32 51
32 52
32 53
32 56
32 57
32 59
32 61
32 65
32 66
32 67
32 78
32 80
32 81
32 83
32 84
32 86
32 88
32 90
32 91
32 94
32 95
32 97
32 98
32 99
33 36
33 37
33 38
33 39
33 40
33 43
33 45
33 48
33 49
33 51
33 53
33 55
33 56
33 58
33 59
33 60
33 63
33 66
33 67
33 71
33 73
33 74
33 75
33 76
33 81
33 84
33 89
33 90
33 91
33 93
33 94
33 95
33 96
33 97
33 99
34 35
34 37
34 39
34 40
34 41
34 42
34 43
34 44
34 47
34 48
34 49
34 52
34 55
34 56
34 57
34 61
34 63
34 64
34 65
34 66
34 67
34 68
34 69
34 71
34 72
34 74
34 75
34 78
34 80
34 85
34 87
34 89
34 91
34 92
34 95
34 96
34 98
34 99
35 39
35 42
35 45
35 46
35 47
35 48
35 52
35 60
35 62
35 63
35 64
35 66
35 68
35 69
35 70
35 72
35 73
35 74
35 75
35 76
35 78
35 79
35 81
35 82
35 83
35 84
35 86
35 89
35 90
35 91
35 92
35 93
35 95
35 98
35 99
36 41
36 42
36 45
36 46
36 50
36 51
36 53
36 54
36 55
36 56
36 58
36 59
36 60
36 64
36 68
36 69
36 70
36 72
36 73
36 76
36 77
36 79
36 81
36 84
36 92
36 93
36 94
36 96
36 97
37 38
37 40
37 42
37 44
37 45
37 46
37 47
37 48
37 49
37 50
37 51
37 53
37 54
37 58
37 60
37 64
37 65
37 66
37 69
37 71
37 77
37 78
37 81
37 82
37 84
37 87
37 88
37 89
37 90
37 91
37 92
37 96
38 41
38 42
38 43
38 45
38 47
38 48
38 49
38 53
38 54
38 56
38 57
38 59
38 62
38 63
38 64
38 65
38 66
38 67
38 68
38 72
38 73
38 77
38 79
38 83
38 84
38 85
38 88
38 89
38 92
38 93
38 96
38 97
38 98
39 40
39 41
39 42
39 44
39 45
39 46
39 47
39 48
39 49
39 51
39 52
39 53
39 54
39 57
39 58
39 60
39 61
39 65
39 66
39 67
39 69
39 70
39 71
39 74
39 75
39 77
39 80
39 81
39 82
39 84
39 85
39 88
39 89
39 91
39 94
39 96
40 41
40 44
40 46
40 47
40 49
40 51
40 52
40 55
40 59
40 62
40 68
40 69
40 73
40 74
40 76
40 77
40 79
40 82
40 83
40 86
40 87
40 92
40 96
40 98
41 43
41 46
41 47
41 50
41 51
41 53
41 54
41 55
41 57
41 58
41 60
41 61
41 62
41 64
41 71
41 72
41 73
41 78
41 79
41 81
41 83
41 86
41 87
41 88
41 90
41 91
41 94
41 95
41 96
41 97
42 44
42 50
42 51
42 52
42 55
42 57
42 58
42 65
42 67
42 68
42 73
42 76
42 78
42 83
42 85
42 86
42 90
42 91
42 92
42 93
42 94
43 46
43 49
43 52
43 55
43 56
43 57
43 58
43 59
43 62
43 64
43 65
43 66
43 68
43 71
43 72
43 74
43 75
43 76
43 79
43 81
43 84
43 85
43 88
43 89
43 90
43 92
43 96
43 98
43 99
44 49
44 51
44 53
44 56
44 58
44 59
44 60
44 61
44 62
44 63
44 67
44 68
44 70
44 71
44 73
44 75
44 79
44 82
44 89
44 93
44 94
45 46
45 47
45 48
45 51
45 53
45 56
45 58
45 59
45 64
45 65
45 67
45 68
45 69
45 72
45 74
45 76
45 77
45 82
45 84
45 86
45 87
45 89
45 92
45 95
45 96
46 47
46 52
46 55
46 57
46 61
46 67
46 68
46 69
46 73
46 78
46 79
46 80
46 81
46 83
46 84
46 86
46 88
46 90
46 92
46 93
46 94
46 95
46 99
47 48
47 50
47 55
47 59
47 60
47 61
47 62
47 67
47 68
47 69
47 71
47 72
47 74
47 75
47 76
47 77
47 78
47 80
47 81
47 82
47 83
47 84
47 92
47 94
47 96
47 97
47 99
48 56
48 57
48 60
48 61
48 62
48 63
48 65
48 67
48 70
48 72
48 73
48 74
48 75
48 76
48 78
48 81
48 83
48 85
48 86
48 87
48 89
48 92
48 97
49 53
49 54
49 56
49 60
49 64
49 67
49 69
49 71
49 72
49 75
49 76
49 77
49 79
49 81
49 85
49 87
49 88
49 90
49 92
49 94
49 99
50 51
50 52
50 53
50 55
50 56
50 60
50 62
50 63
50 64
50 66
50 67
50 72
50 73
50 76
50 77
50 80
50 81
50 82
50 85
50 88
50 91
50 93
50 94
50 95
50 97
50 98
50 99
51 54
51 57
51 59
51 60
51 61
51 62
51 64
51 66
51 67
51 68
51 71
51 73
51 74
51 75
51 76
51 79
51 80
51 82
51 83
51 84
51 85
51 86
51 90
51 92
51 94
52 53
52 54
52 56
52 57
52 59
52 61
52 62
52 63
52 64
52 65
52 71
52 74
52 75
52 76
52 77
52 80
52 83
52 86
52 87
52 90
52 91
52 92
52 94
52 98
52 99
53 54
53 58
53 59
53 60
53 63
53 65
53 66
53 69
53 70
53 77
53 80
53 83
53 86
53 89
53 91
53 93
53 94
53 96
53 97
53 98
53 99
54 56
54 57
54 58
54 59
54 60
54 61
54 62
54 63
54 64
54 68
54 69
54 71
54 76
54 78
54 85
54 87
54 88
54 89
54 94
54 95
54 96
54 97
54 98
55 57
55 58
55 60
55 61
55 62
55 63
55 65
55 68
55 70
55 71
55 72
55 73
55 75
55 80
55 82
55 83
55 85
55 88
55 90
55 92
55 94
55 95
55 96
55 98
55 99
56 57
56 59
56 65
56 66
56 71
56 73
56 74
56 75
56 76
56 79
56 81
56 83
56 85
56 86
56 88
56 93
56 95
56 97
56 98
57 58
57 60
57 61
57 63
57 64
57 65
57 67
57 69
57 70
57 72
57 75
57 77
57 79
57 80
57 81
57 82
57 84
57 85
57 86
57 87
57 89
57 90
57 91
57 94
57 97
57 99
58 59
58 60
58 62
58 65
58 66
58 68
58 69
58 71
58 72
58 73
58 75
58 76
58 80
58 81
58 82
58 84
58 86
58 87
58 89
58 91
58 92
58 93
58 94
58 96
58 98
59 67
59 69
59 72
59 74
59 75
59 84
59 88
59 89
59 92
59 93
59 94
59 96
59 99
60 61
60 62
60 65
60 66
60 67
60 70
60 71
60 72
60 74
60 75
60 79
60 81
60 82
60 85
60 87
60 88
60 90
60 91
60 92
60 93
60 94
60 95
60 96
60 98
61 63
61 64
61 65
61 66
61 67
61 68
61 69
61 70
61 71
61 72
61 73
61 74
61 75
61 76
61 77
61 80
61 82
61 84
61 89
61 90
61 95
61 96
61 97
61 98
61 99
62 66
62 68
62 77
62 78
62 82
62 83
62 85
62 86
62 88
62 91
62 92
62 93
62 98
62 99
63 64
63 65
63 68
63 70
63 71
63 72
63 75
63 76
63 79
63 82
63 88
63 94
63 96
64 66
64 70
64 74
64 76
64 79
64 80
64 81
64 82
64 83
64 84
64 88
64 89
64 92
64 93
64 94
64 96
64 98
65 66
65 67
65 68
65 73
65 77
65 79
65 80
65 86
65 87
65 90
65 91
65 92
65 93
65 97
65 99
66 67
66 68
66 70
66 71
66 72
66 73
66 74
66 77
66 78
66 79
66 80
66 81
66 84
66 85
66 86
66 88
66 90
66 91
66 94
66 95
66 97
66 99
67 68
67 69
67 73
67 77
67 79
67 83
67 84
67 89
67 91
67 93
67 95
67 96
67 98
67 99
68 70
68 72
68 75
68 76
68 78
68 80
68 81
68 82
68 85
68 86
68 87
68 90
68 91
68 92
68 95
68 97
68 99
69 75
69 77
69 80
69 82
69 84
69 86
69 89
69 91
69 92
69 94
69 96
69 97
69 99
70 71
70 72
70 74
70 75
70 77
70 78
70 83
70 86
70 90
70 91
70 92
70 93
70 97
71 74
71 76
71 77
71 78
71 79
71 80
71 82
71 83
71 85
71 90
71 92
71 93
71 97
71 98
71 99
72 74
72 75
72 79
72 81
72 82
72 83
72 86
72 88
72 89
72 91
72 92
72 93
72 95
73 74
73 77
73 78
73 79
73 80
73 82
73 84
73 86
73 87
73 89
73 91
73 92
73 93
73 96
73 97
73 99
74 75
74 76
74 79
74 81
74 82
74 83
74 84
74 87
74 89
74 91
74 92
74 94
74 95
74 97
74 98
74 99
75 78
75 79
75 80
75 81
75 85
75 88
75 90
75 93
75 96
75 98
75 99
76 81
76 82
76 84
76 85
76 86
76 87
76 90
76 92
76 93
76 95
77 78
77 79
77 82
77 83
77 85
77 87
77 89
77 90
77 92
77 96
77 98
78 81
78 82
78 84
78 85
78 91
78 94
78 96
78 98
79 80
79 85
79 86
79 90
79 93
79 94
79 96
79 98
80 82
80 86
80 87
80 90
80 94
80 95
80 97
81 83
81 86
81 87
81 92
81 93
81 94
81 95
81 97
81 99
82 83
82 86
82 89
82 90
82 92
82 95
82 96
82 97
82 98
83 84
83 85
83 87
83 90
83 92
83 93
83 94
83 96
83 99
84 87
84 88
84 90
84 91
84 95
84 99
85 87
85 88
85 89
85 91
85 94
85 96
85 97
86 87
86 90
86 92
86 93
86 94
86 96
86 98
86 99
87 93
87 94
87 96
87 98
87 99
88 90
88 91
88 93
88 95
88 96
88 97
88 98
88 99
89 91
89 92
89 93
89 95
89 97
89 99
90 94
90 95
90 96
91 92
91 94
91 97
92 93
92 94
92 96
92 97
93 95
93 96
93 98
93 99
94 96
94 97
94 98
94 99
95 97
95 98
97 98
