0 2
0 4
0 5
0 7
0 12
0 14
0 21
0 25
0 28
0 31
0 34
0 41
0 44
0 51
0 52
0 53
0 55
0 56
0 61
0 63
0 64
0 69
0 70
0 72
0 77
0 79
0 83
0 84
0 95
0 97
1 12
1 14
1 16
1 18
1 22
1 31
1 34
1 39
1 42
1 44
1 45
1 50
1 51
1 56
1 64
1 66
1 67
1 69
1 72
1 73
1 76
1 77
1 79
1 80
1 89
1 91
1 93
1 97
2 3
2 5
2 6
2 7
2 14
2 17
2 20
2 21
2 24
2 30
2 35
2 36
2 37
2 42
2 45
2 49
2 50
2 51
2 52
2 55
2 58
2 59
2 60
2 63
2 67
2 73
2 74
2 84
2 87
2 88
3 8
3 10
3 11
3 12
3 15
3 18
3 20
3 26
3 27
3 29
3 32
3 33
3 35
3 36
3 41
3 42
3 43
3 46
3 47
3 50
3 52
3 56
3 58
3 59
3 60
3 62
3 63
3 73
3 74
3 75
3 77
3 85
3 89
3 95
3 96
4 6
4 8
4 9
4 11
4 15
4 16
4 17
4 19
4 26
4 28
4 38
4 42
4 44
4 47
4 51
4 53
4 63
4 64
4 82
4 87
4 93
4 95
4 97
4 98
5 10
5 11
5 12
5 17
5 18
5 22
5 23
5 24
5 34
5 35
5 36
5 43
5 44
5 45
5 53
5 57
5 58
5 71
5 74
5 75
5 76
5 79
5 84
5 85
5 87
5 92
5 93
5 96
6 7
6 12
6 13
6 19
6 23
6 25
6 31
6 33
6 36
6 41
6 42
6 44
6 46
6 49
6 50
6 54
6 59
6 71
6 72
6 79
6 83
6 84
6 86
6 88
7 9
7 10
7 13
7 20
7 21
7 26
7 34
7 35
7 38
7 40
7 43
7 44
7 47
7 48
7 51
7 55
7 57
7 58
7 59
7 64
7 66
7 67
7 70
7 73
7 76
7 79
7 80
7 93
7 94
7 95
8 9
8 11
8 12
8 20
8 25
8 27
8 30
8 31
8 33
8 35
8 37
8 39
8 52
8 58
8 60
8 61
8 63
8 67
8 68
8 76
8 81
8 82
8 83
8 86
8 88
8 89
8 90
8 94
8 95
8 98
9 10
9 11
9 13
9 16
9 18
9 19
9 25
9 30
9 35
9 36
9 37
9 38
9 55
9 60
9 62
9 63
9 67
9 69
9 71
9 73
9 75
9 78
9 80
9 82
9 87
9 88
9 96
10 13
10 21
10 27
10 28
10 32
10 35
10 37
10 42
10 50
10 53
10 54
10 57
10 61
10 62
10 74
10 78
10 82
10 83
10 87
10 93
10 94
10 95
11 20
11 23
11 26
11 27
11 28
11 31
11 32
11 37
11 39
11 40
11 45
11 47
11 50
11 51
11 56
11 63
11 79
11 83
11 84
11 90
11 91
11 93
11 99
12 14
12 15
12 20
12 22
12 30
12 37
12 40
12 52
12 55
12 63
12 66
12 72
12 73
12 76
12 83
12 85
12 97
12 98
13 15
13 20
13 30
13 33
13 35
13 36
13 37
13 45
13 46
13 48
13 51
13 59
13 60
13 62
13 67
13 69
13 74
13 82
13 92
13 95
13 98
14 21
14 26
14 27
14 28
14 32
14 34
14 35
14 42
14 52
14 54
14 56
14 57
14 58
14 68
14 69
14 70
14 71
14 73
14 74
14 76
14 83
14 90
14 92
14 98
14 99
15 18
15 20
15 29
15 32
15 35
15 36
15 37
15 39
15 40
15 41
15 43
15 44
15 45
15 47
15 49
15 57
15 59
15 62
15 65
15 71
15 72
15 85
15 86
15 92
15 94
15 96
16 17
16 19
16 20
16 22
16 24
16 32
16 33
16 35
16 45
16 47
16 55
16 56
16 58
16 59
16 60
16 63
16 64
16 71
16 76
16 80
16 84
16 88
16 91
16 92
16 94
16 96
16 97
16 98
17 19
17 27
17 31
17 33
17 35
17 41
17 51
17 52
17 53
17 55
17 57
17 63
17 65
17 66
17 72
17 78
17 79
17 83
17 85
17 87
17 88
17 90
17 96
18 19
18 27
18 28
18 29
18 30
18 31
18 37
18 41
18 45
18 46
18 52
18 55
18 60
18 65
18 67
18 69
18 70
18 72
18 73
18 81
18 82
18 87
18 89
18 91
18 92
18 93
18 94
18 95
18 97
18 98
19 20
19 21
19 23
19 24
19 25
19 26
19 28
19 29
19 30
19 31
19 33
19 34
19 37
19 40
19 43
19 46
19 54
19 58
19 60
19 61
19 62
19 69
19 70
19 75
19 78
19 79
19 80
19 86
19 87
19 93
19 96
20 22
20 28
20 29
20 32
20 34
20 35
20 43
20 44
20 45
20 48
20 50
20 51
20 55
20 57
20 58
20 70
20 71
20 72
20 73
20 75
20 76
20 77
20 80
20 82
20 86
20 87
20 91
20 94
21 32
21 38
21 41
21 49
21 51
21 52
21 53
21 54
21 56
21 57
21 60
21 61
21 62
21 63
21 65
21 67
21 76
21 78
21 83
21 84
21 87
21 93
21 98
21 99
22 23
22 24
22 25
22 34
22 35
22 36
22 37
22 40
22 41
22 44
22 45
22 50
22 53
22 64
22 65
22 71
22 72
22 77
22 86
22 87
22 94
22 97
22 98
23 28
23 35
23 43
23 44
23 45
23 50
23 53
23 54
23 55
23 57
23 62
23 66
23 68
23 69
23 70
23 74
23 75
23 77
23 79
23 86
23 87
23 92
23 95
23 97
23 98
24 26
24 27
24 35
24 38
24 41
24 44
24 46
24 53
24 60
24 63
24 78
24 79
24 82
24 91
24 94
24 97
25 30
25 42
25 47
25 49
25 59
25 63
25 64
25 69
25 70
25 75
25 76
25 78
25 79
25 80
25 83
25 84
25 99
26 27
26 32
26 36
26 41
26 43
26 53
26 55
26 57
26 61
26 62
26 75
26 76
26 79
26 80
26 83
26 84
26 85
26 87
26 88
26 90
26 94
26 98
27 32
27 33
27 36
27 37
27 40
27 45
27 50
27 52
27 56
27 61
27 62
27 65
27 70
27 72
27 74
27 77
27 78
27 80
27 82
27 84
27 85
27 87
27 88
27 96
28 31
28 34
28 40
28 41
28 43
28 45
28 49
28 51
28 53
28 56
28 57
28 63
28 64
28 65
28 69
28 73
28 76
28 83
28 87
28 91
28 92
28 95
29 31
29 33
29 35
29 36
29 38
29 48
29 49
29 51
29 56
29 63
29 64
29 66
29 83
29 85
29 87
29 89
29 91
29 93
29 94
29 99
30 34
30 35
30 38
30 44
30 46
30 59
30 60
30 64
30 67
30 72
30 76
30 77
30 79
30 81
30 83
30 87
30 95
31 33
31 35
31 38
31 42
31 50
31 60
31 61
31 65
31 73
31 75
31 80
31 81
31 83
31 84
31 91
31 94
32 34
32 36
32 37
32 38
32 40
32 43
32 45
32 48
32 52
32 53
32 61
32 64
32 65
32 67
32 69
32 73
32 83
32 84
32 88
32 89
32 91
32 98
33 38
33 39
33 41
33 43
33 54
33 55
33 56
33 58
33 60
33 64
33 69
33 70
33 73
33 74
33 78
33 79
33 82
33 85
33 87
33 89
33 90
33 93
33 95
33 97
34 36
34 37
34 44
34 46
34 52
34 54
34 56
34 58
34 62
34 74
34 75
34 79
34 83
34 88
34 89
34 91
35 36
35 43
35 44
35 50
35 51
35 55
35 56
35 61
35 64
35 65
35 68
35 76
35 77
35 78
35 87
35 91
35 95
36 40
36 41
36 43
36 45
36 51
36 56
36 57
36 60
36 61
36 63
36 70
36 75
36 76
36 77
36 82
36 84
36 85
36 90
36 94
36 96
36 97
36 98
37 40
37 42
37 52
37 60
37 64
37 66
37 67
37 71
37 72
37 75
37 81
37 83
37 84
37 86
37 87
37 92
37 97
37 98
37 99
38 39
38 41
38 42
38 45
38 46
38 47
38 49
38 65
38 68
38 72
38 73
38 77
38 80
38 84
38 85
38 86
38 87
38 88
38 92
38 93
39 41
39 45
39 46
39 47
39 48
39 49
39 51
39 52
39 55
39 56
39 57
39 61
39 62
39 64
39 68
39 71
39 73
39 75
39 78
39 80
39 81
39 83
39 91
39 95
40 43
40 47
40 49
40 52
40 55
40 58
40 59
40 60
40 61
40 62
40 64
40 66
40 72
40 78
40 83
40 85
40 87
40 95
40 98
41 43
41 44
41 49
41 50
41 53
41 55
41 58
41 59
41 60
41 65
41 66
41 73
41 76
41 79
41 80
41 81
41 82
41 88
41 90
42 44
42 50
42 51
42 58
42 61
42 62
42 67
42 71
42 73
42 75
42 77
42 78
42 86
43 45
43 51
43 56
43 58
43 59
43 63
43 64
43 67
43 71
43 72
43 75
43 77
43 85
43 87
43 88
43 92
43 93
44 45
44 52
44 53
44 54
44 58
44 59
44 61
44 62
44 69
44 71
44 74
44 75
44 78
44 86
44 89
44 90
44 93
44 98
45 54
45 56
45 59
45 65
45 75
45 80
45 81
45 82
45 87
45 89
45 91
45 93
45 95
45 97
46 55
46 56
46 67
46 68
46 75
46 76
46 77
46 78
46 81
46 83
46 87
46 93
46 94
46 95
46 96
46 97
46 98
47 49
47 55
47 60
47 61
47 65
47 69
47 79
47 81
47 82
47 84
47 87
47 95
47 99
48 51
48 58
48 59
48 60
48 65
48 66
48 67
48 70
48 74
48 77
48 85
48 86
48 88
48 93
48 94
48 99
49 51
49 54
49 55
49 59
49 61
49 64
49 72
49 73
49 76
49 78
49 82
49 83
49 94
49 98
50 66
50 69
50 72
50 73
50 82
50 87
50 91
50 96
50 97
50 98
51 52
51 54
51 56
51 61
51 66
51 70
51 71
51 73
51 75
51 78
51 80
51 83
51 84
51 89
51 92
52 53
52 59
52 61
52 64
52 67
52 73
52 75
52 76
52 79
52 81
52 82
52 84
52 86
52 92
52 94
53 54
53 70
53 71
53 72
53 75
53 82
53 84
53 86
53 88
53 89
53 96
54 57
54 58
54 69
54 70
54 72
54 73
54 77
54 80
54 83
54 87
54 88
54 90
54 91
54 99
55 56
55 57
55 60
55 61
55 67
55 76
55 77
55 78
55 81
55 82
55 83
55 84
55 86
55 88
55 91
55 98
55 99
56 66
56 70
56 71
56 75
56 79
56 83
56 87
56 88
56 89
56 94
56 95
56 99
57 58
57 59
57 60
57 63
57 65
57 74
57 76
57 77
57 79
57 82
57 83
57 89
57 98
57 99
58 61
58 62
58 71
58 72
58 73
58 74
58 75
58 80
58 83
58 85
58 88
58 89
58 90
58 92
58 95
58 96
59 69
59 70
59 72
59 78
59 79
59 86
59 89
59 90
59 93
59 94
59 96
59 99
60 62
60 66
60 68
60 70
60 71
60 72
60 75
60 79
60 80
60 82
60 86
60 91
60 94
60 95
60 97
61 62
61 66
61 70
61 71
61 75
61 92
61 93
61 95
61 98
61 99
62 69
62 71
62 77
62 78
62 80
62 82
62 83
62 85
62 86
62 88
62 90
62 98
63 66
63 69
63 70
63 72
63 78
63 79
63 82
63 83
63 86
63 89
63 92
63 95
63 98
63 99
64 71
64 72
64 74
64 81
64 82
64 83
64 86
64 88
64 91
64 92
64 93
64 99
65 67
65 71
65 75
65 78
65 87
65 92
65 93
66 69
66 70
66 71
66 73
66 74
66 75
66 76
66 79
66 80
66 82
66 84
66 94
66 95
67 69
67 70
67 76
67 79
67 84
67 89
68 69
68 83
68 87
68 90
68 93
68 94
68 96
68 97
69 71
69 75
69 76
69 78
69 79
69 80
69 84
69 85
69 91
69 97
69 98
70 75
70 81
70 83
70 85
70 88
70 90
70 97
71 72
71 83
71 87
71 89
71 91
71 92
71 93
71 94
71 99
72 73
72 76
72 86
72 88
72 91
72 98
73 75
73 76
73 77
73 83
73 84
73 89
73 91
73 94
73 96
74 76
74 81
74 85
74 89
74 95
74 96
74 97
74 98
75 76
75 79
75 81
75 82
75 83
75 85
75 94
75 99
76 78
76 79
76 82
76 83
76 87
76 94
77 78
77 81
77 83
77 84
77 85
77 86
77 87
77 90
77 95
77 96
77 99
78 82
78 83
78 85
78 95
78 98
78 99
79 86
79 93
79 95
79 96
80 83
80 86
80 90
80 94
80 96
80 98
81 84
81 85
81 86
81 88
81 91
81 95
81 98
82 83
82 86
82 92
82 93
82 94
82 95
83 90
83 91
83 93
83 94
84 90
85 89
85 94
85 97
86 87
86 92
86 93
86 95
87 95
87 98
87 99
89 94
89 95
89 96
89 98
89 99
90 94
90 95
91 93
91 94
91 96
92 99
93 97
94 96
95 98
