0 4
0 6
0 8
0 13
0 15
0 16
0 17
0 19
0 22
0 23
0 24
0 25
0 26
0 27
0 35
0 36
0 37
0 39
0 41
0 42
0 44
0 47
0 50
0 52
0 53
0 56
0 57
0 58
0 59
0 60
0 63
0 65
0 66
0 70
0 72
0 75
0 77
0 78
0 79
0 81
0 86
0 91
0 92
0 93
0 95
0 97
1 5
1 7
1 8
1 12
1 13
1 15
1 17
1 19
1 20
1 26
1 27
1 32
1 33
1 38
1 40
1 41
1 44
1 45
1 47
1 48
1 49
1 50
1 55
1 57
1 59
1 60
1 61
1 62
1 69
1 70
1 71
1 74
1 76
1 80
1 81
1 82
1 84
1 85
1 87
1 91
1 92
1 94
1 95
1 97
1 98
2 3
2 5
2 7
2 10
2 11
2 12
2 13
2 14
2 17
2 20
2 21
2 22
2 24
2 26
2 29
2 33
2 34
2 35
2 38
2 39
2 42
2 45
2 47
2 49
2 52
2 58
2 59
2 61
2 62
2 63
2 64
2 66
2 68
2 69
2 71
2 78
2 80
2 82
2 83
2 87
2 88
2 91
2 94
2 95
2 96
2 98
3 4
3 5
3 6
3 7
3 8
3 17
3 19
3 22
3 23
3 28
3 30
3 33
3 43
3 45
3 47
3 50
3 51
3 52
3 59
3 60
3 61
3 64
3 65
3 67
3 71
3 76
3 83
3 88
3 95
4 6
4 7
4 11
4 12
4 13
4 15
4 16
4 27
4 28
4 30
4 31
4 32
4 33
4 34
4 41
4 47
4 53
4 54
4 55
4 58
4 59
4 61
4 64
4 66
4 68
4 74
4 79
4 80
4 82
4 85
4 88
4 89
4 90
4 97
5 6
5 19
5 22
5 26
5 27
5 30
5 31
5 34
5 36
5 37
5 41
5 46
5 48
5 49
5 52
5 53
5 59
5 64
5 66
5 69
5 72
5 77
5 79
5 80
5 84
5 91
5 94
5 96
5 99
6 11
6 14
6 20
6 21
6 26
6 30
6 31
6 35
6 38
6 42
6 43
6 44
6 45
6 46
6 48
6 51
6 61
6 66
6 67
6 70
6 73
6 74
6 75
6 78
6 79
6 82
6 83
6 87
6 90
6 92
6 93
6 95
6 96
6 97
7 8
7 11
7 12
7 13
7 14
7 15
7 18
7 28
7 29
7 30
7 32
7 33
7 35
7 45
7 47
7 48
7 49
7 50
7 55
7 58
7 60
7 65
7 67
7 69
7 70
7 71
7 73
7 76
7 77
7 78
7 81
7 84
7 88
7 90
7 91
7 93
8 11
8 12
8 13
8 14
8 17
8 18
8 19
8 20
8 21
8 23
8 26
8 27
8 31
8 35
8 38
8 39
8 44
8 45
8 49
8 51
8 55
8 56
8 57
8 59
8 66
8 68
8 69
8 74
8 75
8 76
8 81
8 83
8 86
8 89
8 90
8 91
8 92
8 96
8 98
9 10
9 12
9 14
9 16
9 17
9 19
9 20
9 21
9 22
9 23
9 24
9 29
9 33
9 34
9 35
9 36
9 37
9 39
9 43
9 45
9 51
9 54
9 55
9 56
9 60
9 61
9 62
9 67
9 68
9 72
9 85
9 86
9 90
9 92
9 93
9 95
9 97
9 99
10 13
10 16
10 18
10 20
10 21
10 24
10 30
10 33
10 34
10 35
10 37
10 43
10 44
10 45
10 47
10 49
10 51
10 52
10 53
10 55
10 59
10 61
10 69
10 70
10 72
10 74
10 79
10 80
10 84
10 86
10 88
10 91
10 93
10 94
10 95
10 98
11 15
11 18
11 21
11 22
11 26
11 27
11 28
11 29
11 38
11 39
11 40
11 44
11 48
11 49
11 51
11 58
11 61
11 65
11 66
11 67
11 71
11 72
11 74
11 75
11 78
11 79
11 81
11 82
11 83
11 86
11 87
11 88
11 89
11 91
11 92
11 95
11 96
11 97
12 16
12 17
12 20
12 23
12 25
12 30
12 31
12 35
12 43
12 46
12 48
12 49
12 54
12 55
12 59
12 60
12 62
12 64
12 65
12 66
12 68
12 77
12 79
12 80
12 85
12 87
12 88
12 90
13 18
13 19
13 20
13 23
13 26
13 36
13 37
13 40
13 44
13 45
13 46
13 50
13 51
13 53
13 56
13 59
13 60
13 61
13 67
13 70
13 72
13 73
13 74
13 76
13 77
13 79
13 82
13 86
13 88
13 91
13 92
13 93
13 94
13 96
13 97
14 15
14 23
14 25
14 28
14 29
14 30
14 33
14 35
14 37
14 38
14 49
14 51
14 53
14 55
14 57
14 58
14 59
14 60
14 73
14 74
14 78
14 80
14 87
14 88
14 89
14 90
14 92
14 94
15 19
15 26
15 29
15 30
15 39
15 41
15 43
15 46
15 51
15 52
15 54
15 57
15 58
15 59
15 61
15 62
15 63
15 65
15 66
15 67
15 69
15 70
15 71
15 73
15 76
15 87
15 88
15 92
15 97
16 17
16 20
16 23
16 24
16 27
16 29
16 31
16 32
16 33
16 34
16 36
16 38
16 41
16 42
16 43
16 44
16 45
16 49
16 50
16 54
16 58
16 63
16 65
16 67
16 69
16 71
16 73
16 74
16 78
16 79
16 80
16 82
16 83
16 84
16 85
16 87
16 92
16 93
16 95
16 98
16 99
17 21
17 22
17 24
17 26
17 31
17 33
17 36
17 41
17 42
17 43
17 44
17 47
17 48
17 51
17 52
17 55
17 56
17 57
17 59
17 60
17 62
17 63
17 68
17 69
17 70
17 76
17 79
17 80
17 81
17 85
17 86
17 87
17 88
17 90
17 91
17 93
17 94
17 96
17 97
17 98
17 99
18 19
18 22
18 28
18 33
18 34
18 36
18 38
18 41
18 43
18 45
18 47
18 54
18 55
18 56
18 61
18 63
18 64
18 66
18 67
18 69
18 72
18 74
18 75
18 79
18 81
18 82
18 83
18 85
18 88
18 89
18 91
18 92
18 94
18 97
19 23
19 28
19 31
19 32
19 35
19 37
19 39
19 40
19 41
19 43
19 44
19 46
19 48
19 49
19 55
19 56
19 57
19 62
19 64
19 65
19 66
19 68
19 71
19 77
19 79
19 80
19 81
19 82
19 84
19 85
19 94
19 98
19 99
20 32
20 34
20 38
20 42
20 45
20 46
20 47
20 48
20 49
20 51
20 52
20 53
20 57
20 58
20 60
20 63
20 66
20 67
20 68
20 73
20 74
20 78
20 81
20 82
20 84
20 86
20 89
20 91
20 94
20 96
20 97
21 29
21 34
21 36
21 41
21 45
21 47
21 52
21 53
21 55
21 57
21 58
21 59
21 60
21 62
21 63
21 64
21 66
21 67
21 69
21 70
21 72
21 73
21 74
21 76
21 81
21 82
21 83
21 84
21 90
21 95
21 97
22 23
22 26
22 28
22 33
22 35
22 37
22 47
22 49
22 51
22 52
22 54
22 57
22 58
22 59
22 61
22 63
22 66
22 67
22 72
22 73
22 76
22 77
22 79
22 80
22 82
22 83
22 84
22 86
22 89
22 90
22 94
22 95
22 99
23 24
23 26
23 27
23 30
23 32
23 33
23 36
23 37
23 40
23 43
23 47
23 48
23 50
23 52
23 56
23 58
23 59
23 62
23 63
23 68
23 75
23 79
23 81
23 85
23 86
23 87
23 88
23 90
23 92
23 93
23 95
24 26
24 28
24 31
24 34
24 36
24 41
24 42
24 47
24 48
24 49
24 51
24 52
24 53
24 54
24 55
24 56
24 57
24 60
24 61
24 62
24 65
24 66
24 72
24 78
24 81
24 83
24 85
24 86
24 90
24 93
24 96
24 99
25 29
25 30
25 33
25 34
25 36
25 40
25 43
25 45
25 48
25 49
25 50
25 51
25 54
25 56
25 58
25 63
25 65
25 67
25 73
25 77
25 78
25 79
25 86
25 87
25 88
25 89
25 91
25 95
25 96
25 98
26 27
26 28
26 29
26 30
26 31
26 33
26 38
26 44
26 46
26 50
26 52
26 56
26 60
26 64
26 66
26 68
26 73
26 74
26 78
26 79
26 80
26 81
26 82
26 84
26 85
26 86
26 99
27 31
27 32
27 34
27 39
27 40
27 45
27 46
27 47
27 50
27 51
27 52
27 53
27 56
27 59
27 62
27 63
27 65
27 66
27 67
27 68
27 70
27 72
27 73
27 85
27 89
27 97
28 29
28 38
28 39
28 43
28 44
28 48
28 50
28 53
28 54
28 59
28 63
28 64
28 65
28 66
28 68
28 69
28 77
28 81
28 82
28 84
28 89
28 91
28 92
28 93
28 96
29 35
29 38
29 39
29 40
29 41
29 42
29 44
29 45
29 47
29 48
29 51
29 59
29 60
29 61
29 63
29 64
29 67
29 70
29 74
29 77
29 85
29 87
29 94
29 95
29 96
29 98
30 32
30 35
30 38
30 40
30 42
30 44
30 47
30 48
30 51
30 52
30 53
30 54
30 60
30 61
30 62
30 63
30 64
30 66
30 69
30 73
30 74
30 80
30 82
30 84
30 88
30 90
30 92
30 97
30 98
31 32
31 36
31 37
31 38
31 41
31 42
31 45
31 46
31 50
31 52
31 53
31 56
31 59
31 60
31 61
31 62
31 63
31 65
31 66
31 72
31 73
31 75
31 76
31 77
31 78
31 81
31 84
31 86
31 99
32 33
32 34
32 41
32 42
32 43
32 44
32 46
32 49
32 52
32 54
32 57
32 61
32 62
32 66
32 69
32 71
32 73
32 75
32 78
32 81
32 82
32 84
32 87
32 88
32 94
32 95
32 96
32 97
32 99
33 34
33 35
33 36
33 39
33 43
33 45
33 47
33 48
33 49
33 53
33 54
33 56
33 63
33 64
33 70
33 71
33 73
33 77
33 78
33 81
33 85
33 88
33 90
33 93
33 95
33 96
34 35
34 36
34 37
34 41
34 43
34 46
34 50
34 51
34 52
34 53
34 57
34 60
34 61
34 65
34 66
34 75
34 76
34 77
34 78
34 79
34 81
34 83
34 85
34 90
34 93
34 95
34 97
34 99
35 36
35 37
35 38
35 40
35 41
35 44
35 47
35 50
35 53
35 58
35 59
35 67
35 68
35 69
35 83
35 86
35 88
35 93
35 95
35 96
35 97
35 99
36 38
36 41
36 42
36 45
36 47
36 48
36 54
36 56
36 57
36 58
36 64
36 66
36 67
36 70
36 73
36 74
36 75
36 76
36 77
36 78
36 79
36 81
36 82
36 83
36 87
36 88
36 89
36 92
36 93
36 96
37 47
37 51
37 53
37 54
37 58
37 61
37 64
37 65
37 68
37 70
37 72
37 73
37 75
37 76
37 85
37 89
37 94
37 96
37 97
38 40
38 42
38 44
38 45
38 46
38 47
38 48
38 49
38 50
38 57
38 58
38 60
38 62
38 63
38 64
38 67
38 69
38 74
38 75
38 76
38 77
38 79
38 80
38 87
38 88
38 91
38 92
38 95
39 40
39 41
39 43
39 46
39 47
39 50
39 53
39 54
39 55
39 58
39 59
39 61
39 62
39 72
39 75
39 76
39 79
39 83
39 84
39 88
39 91
39 95
39 99
40 41
40 45
40 46
40 47
40 48
40 49
40 50
40 53
40 57
40 63
40 66
40 68
40 69
40 70
40 71
40 74
40 75
40 76
40 77
40 80
40 82
40 86
40 87
40 88
40 90
40 92
40 94
40 96
41 42
41 43
41 45
41 49
41 51
41 55
41 56
41 57
41 61
41 68
41 69
41 76
41 77
41 78
41 80
41 82
41 83
41 85
41 88
41 91
41 92
41 93
41 95
42 43
42 45
42 53
42 55
42 58
42 61
42 62
42 65
42 69
42 76
42 79
42 80
42 91
42 94
42 95
42 98
43 44
43 45
43 51
43 53
43 54
43 56
43 60
43 69
43 70
43 71
43 79
43 80
43 84
43 91
43 94
43 97
44 49
44 54
44 55
44 59
44 62
44 66
44 68
44 69
44 74
44 78
44 81
44 82
44 86
44 92
44 95
44 98
45 46
45 48
45 50
45 51
45 58
45 62
45 64
45 66
45 68
45 72
45 73
45 75
45 78
45 79
45 89
45 96
46 52
46 53
46 56
46 58
46 64
46 70
46 74
46 77
46 80
46 81
46 85
46 87
46 89
46 95
46 98
47 48
47 54
47 56
47 58
47 63
47 66
47 67
47 69
47 75
47 76
47 77
47 81
47 82
47 84
47 85
47 90
47 91
47 93
47 95
47 98
48 50
48 51
48 52
48 55
48 56
48 58
48 61
48 62
48 65
48 67
48 69
48 71
48 72
48 74
48 76
48 84
48 89
48 91
48 92
48 93
48 95
48 96
48 98
49 53
49 55
49 56
49 59
49 60
49 64
49 68
49 69
49 73
49 74
49 78
49 79
49 82
49 85
49 86
49 87
49 88
49 89
49 94
49 97
49 98
50 52
50 56
50 59
50 61
50 65
50 67
50 68
50 70
50 73
50 81
50 85
50 86
50 87
50 89
50 97
51 56
51 58
51 59
51 61
51 66
51 69
51 70
51 71
51 74
51 75
51 78
51 79
51 81
51 83
51 87
51 88
51 89
51 91
51 94
51 95
52 55
52 56
52 58
52 59
52 60
52 61
52 62
52 63
52 64
52 65
52 66
52 68
52 69
52 74
52 75
52 79
52 81
52 82
52 86
52 88
52 89
52 90
52 91
52 96
53 55
53 57
53 59
53 60
53 62
53 64
53 67
53 69
53 70
53 71
53 80
53 81
53 83
53 85
53 86
53 87
53 90
53 91
53 92
53 93
54 56
54 59
54 60
54 62
54 64
54 70
54 71
54 72
54 75
54 76
54 77
54 80
54 82
54 86
54 87
54 89
54 91
54 96
54 98
55 59
55 60
55 61
55 63
55 64
55 67
55 68
55 69
55 70
55 71
55 74
55 76
55 78
55 80
55 81
55 82
55 83
55 86
55 89
55 90
55 96
56 61
56 62
56 63
56 64
56 70
56 71
56 75
56 78
56 83
56 86
56 88
56 94
56 99
57 62
57 65
57 67
57 68
57 72
57 74
57 77
57 80
57 84
57 86
57 88
57 90
57 92
57 96
57 98
57 99
58 59
58 65
58 71
58 72
58 76
58 78
58 89
58 90
58 94
58 98
59 61
59 62
59 63
59 65
59 66
59 68
59 70
59 73
59 80
59 81
59 84
59 85
59 86
59 89
59 91
59 92
59 93
59 97
60 62
60 63
60 66
60 68
60 69
60 70
60 71
60 74
60 75
60 77
60 78
60 80
60 88
60 90
60 94
60 95
61 68
61 69
61 74
61 79
61 80
61 81
61 82
61 84
61 87
61 89
61 90
61 92
61 99
62 65
62 68
62 76
62 77
62 78
62 80
62 85
62 93
62 94
62 95
62 97
62 98
62 99
63 64
63 66
63 68
63 71
63 72
63 73
63 75
63 76
63 77
63 82
63 83
63 85
63 87
63 95
63 98
64 65
64 67
64 68
64 74
64 77
64 78
64 79
64 84
64 86
64 88
64 89
64 94
64 96
64 97
65 66
65 67
65 71
65 82
65 84
65 85
65 89
65 90
65 91
65 92
65 95
65 96
65 97
66 70
66 73
66 75
66 77
66 78
66 79
66 80
66 98
66 99
67 76
67 78
67 79
67 80
67 81
67 82
67 83
67 86
67 88
68 71
68 74
68 78
68 81
68 83
68 86
68 88
68 92
68 95
68 98
68 99
69 70
69 73
69 76
69 79
69 80
69 84
69 85
69 92
69 97
69 99
70 72
70 74
70 76
70 80
70 81
70 82
70 88
70 89
70 90
70 92
70 93
71 72
71 73
71 76
71 80
71 81
71 85
71 86
71 88
71 92
71 93
72 77
72 78
72 80
72 81
72 82
72 83
72 84
72 85
72 88
72 89
72 92
72 94
72 95
72 99
73 74
73 75
73 80
73 83
73 87
73 88
73 89
73 90
73 92
73 94
73 97
73 98
73 99
74 76
74 78
74 79
74 82
74 83
74 85
74 86
74 89
74 90
74 96
75 77
75 78
75 80
75 83
75 85
75 86
75 87
75 88
75 89
75 90
75 91
75 92
75 93
75 95
75 98
75 99
76 77
76 79
76 82
76 84
76 85
76 91
76 92
76 93
76 95
77 78
77 81
77 82
77 85
77 88
77 91
77 92
77 94
77 95
77 97
78 82
78 83
78 85
78 86
78 87
78 88
78 89
78 93
78 97
78 99
79 81
79 82
79 83
79 84
79 86
79 87
79 90
79 92
79 93
79 95
80 81
80 88
80 90
80 94
80 99
81 84
81 85
81 89
81 93
81 94
81 95
81 98
82 84
82 85
82 87
82 88
82 90
82 93
82 94
82 95
83 86
83 91
83 92
83 94
84 85
84 87
84 89
84 93
84 96
84 97
84 98
85 88
85 89
85 90
85 93
85 94
85 97
86 88
86 89
86 90
86 95
86 97
86 98
86 99
87 88
87 89
87 93
87 95
87 98
87 99
88 89
88 91
88 92
88 94
88 96
89 94
89 96
89 98
90 91
90 92
90 94
90 98
91 92
91 95
92 93
92 95
92 98
93 96
93 97
93 98
94 95
94 96
94 97
95 98
96 98
96 99
97 98
97 99
