0 1
0 3
0 11
0 13
0 15
0 24
0 26
0 28
0 29
0 31
0 32
0 33
0 34
0 40
0 43
0 44
0 46
0 47
0 49
0 51
0 55
0 56
0 68
0 72
0 75
0 87
0 91
0 92
0 98
0 99
1 2
1 8
1 14
1 15
1 17
1 21
1 22
1 23
1 24
1 25
1 29
1 31
1 33
1 35
1 38
1 39
1 51
1 52
1 55
1 56
1 59
1 60
1 64
1 65
1 72
1 73
1 77
1 79
1 88
1 91
1 93
1 97
1 99
2 4
2 5
2 6
2 9
2 12
2 13
2 16
2 18
2 19
2 20
2 25
2 26
2 29
2 33
2 34
2 35
2 45
2 47
2 54
2 55
2 62
2 64
2 65
2 70
2 80
2 83
2 88
2 90
2 91
2 96
2 97
2 99
3 6
3 7
3 8
3 10
3 11
3 14
3 19
3 21
3 24
3 28
3 31
3 32
3 33
3 34
3 37
3 41
3 43
3 50
3 52
3 60
3 61
3 64
3 68
3 74
3 80
3 84
3 86
3 87
3 88
3 92
4 5
4 7
4 8
4 9
4 11
4 13
4 15
4 18
4 20
4 24
4 27
4 29
4 37
4 39
4 43
4 47
4 49
4 52
4 55
4 58
4 59
4 64
4 68
4 69
4 70
4 73
4 74
4 76
4 80
4 82
4 83
4 84
4 85
4 91
4 92
4 94
4 96
4 99
5 9
5 10
5 13
5 20
5 21
5 23
5 25
5 28
5 31
5 36
5 37
5 38
5 41
5 43
5 45
5 52
5 54
5 59
5 61
5 64
5 71
5 77
5 78
5 82
5 93
5 96
5 98
5 99
6 11
6 12
6 17
6 18
6 20
6 29
6 31
6 35
6 39
6 40
6 43
6 44
6 46
6 47
6 51
6 53
6 60
6 61
6 63
6 69
6 72
6 75
6 79
6 80
6 81
6 82
6 88
6 91
7 10
7 18
7 20
7 26
7 28
7 32
7 39
7 41
7 47
7 53
7 57
7 60
7 65
7 70
7 71
7 73
7 76
7 79
7 80
7 82
7 84
7 85
7 88
7 93
8 13
8 15
8 22
8 23
8 27
8 28
8 29
8 30
8 33
8 35
8 36
8 37
8 38
8 42
8 46
8 47
8 48
8 58
8 59
8 61
8 77
8 88
8 89
8 91
8 98
8 99
9 10
9 12
9 13
9 14
9 21
9 25
9 35
9 36
9 38
9 39
9 42
9 54
9 56
9 57
9 58
9 64
9 66
9 73
9 75
9 77
9 84
9 88
9 89
9 94
9 95
9 96
10 11
10 22
10 23
10 25
10 26
10 29
10 35
10 37
10 38
10 41
10 48
10 49
10 50
10 51
10 54
10 60
10 65
10 69
10 73
10 85
10 93
10 95
10 96
10 97
11 15
11 22
11 27
11 29
11 32
11 34
11 36
11 38
11 39
11 41
11 59
11 60
11 61
11 64
11 73
11 75
11 77
11 81
11 87
11 89
11 90
11 98
12 15
12 16
12 17
12 23
12 27
12 29
12 34
12 36
12 38
12 39
12 48
12 49
12 53
12 54
12 56
12 63
12 65
12 69
12 70
12 71
12 73
12 76
12 78
12 81
12 85
12 87
12 88
12 89
12 92
12 94
12 97
13 17
13 25
13 27
13 32
13 33
13 36
13 38
13 45
13 46
13 47
13 51
13 57
13 63
13 66
13 75
13 76
13 80
13 81
13 82
13 85
13 87
13 89
13 93
13 99
14 15
14 21
14 24
14 31
14 32
14 39
14 40
14 42
14 43
14 44
14 49
14 52
14 54
14 57
14 62
14 68
14 71
14 79
14 80
14 81
14 85
14 87
14 89
14 93
14 95
14 96
15 16
15 23
15 26
15 42
15 55
15 56
15 60
15 61
15 65
15 68
15 70
15 73
15 82
15 87
15 92
15 98
16 17
16 19
16 20
16 21
16 23
16 25
16 26
16 28
16 41
16 46
16 55
16 59
16 62
16 65
16 66
16 67
16 68
16 76
16 80
16 81
16 85
16 87
16 89
16 91
17 20
17 23
17 33
17 34
17 41
17 43
17 48
17 53
17 64
17 70
17 71
17 76
17 78
17 86
17 90
17 96
17 97
17 99
18 20
18 22
18 24
18 28
18 29
18 31
18 33
18 34
18 35
18 36
18 40
18 44
18 52
18 58
18 59
18 60
18 63
18 64
18 66
18 67
18 68
18 70
18 71
18 79
18 91
19 20
19 28
19 30
19 34
19 35
19 38
19 43
19 47
19 49
19 52
19 55
19 56
19 57
19 59
19 60
19 64
19 66
19 72
19 80
19 82
19 83
19 86
19 91
19 93
19 94
20 21
20 23
20 27
20 31
20 33
20 36
20 39
20 44
20 45
20 46
20 47
20 48
20 51
20 52
20 55
20 56
20 61
20 63
20 65
20 67
20 69
20 71
20 73
20 77
20 82
20 86
20 88
20 89
20 93
20 94
20 96
20 99
21 25
21 28
21 29
21 42
21 44
21 49
21 50
21 55
21 57
21 59
21 60
21 61
21 64
21 71
21 76
21 78
21 79
21 82
21 83
21 84
21 87
21 97
22 23
22 24
22 30
22 31
22 34
22 35
22 38
22 40
22 44
22 51
22 58
22 61
22 63
22 66
22 69
22 70
22 71
22 74
22 84
22 90
22 91
23 25
23 29
23 30
23 31
23 35
23 37
23 41
23 43
23 46
23 48
23 52
23 56
23 58
23 60
23 61
23 68
23 69
23 88
23 91
23 92
23 98
24 32
24 36
24 43
24 45
24 46
24 47
24 52
24 57
24 64
24 75
24 76
24 79
24 87
24 92
24 99
25 29
25 31
25 33
25 42
25 45
25 46
25 47
25 48
25 50
25 56
25 61
25 62
25 66
25 67
25 70
25 73
25 74
25 75
25 77
25 80
25 88
25 89
25 91
25 93
26 29
26 31
26 32
26 35
26 36
26 37
26 42
26 43
26 46
26 48
26 49
26 53
26 54
26 56
26 57
26 58
26 60
26 61
26 66
26 68
26 73
26 76
26 77
26 79
26 82
26 94
26 96
26 97
27 39
27 42
27 45
27 46
27 48
27 50
27 54
27 55
27 61
27 65
27 66
27 67
27 70
27 72
27 73
27 75
27 77
27 81
27 82
27 83
27 87
27 91
27 97
27 98
28 33
28 35
28 38
28 46
28 48
28 58
28 61
28 62
28 63
28 65
28 68
28 73
28 74
28 78
28 79
28 80
28 81
28 83
28 84
28 85
28 90
28 92
28 93
28 95
28 96
28 97
28 98
28 99
29 30
29 42
29 46
29 48
29 56
29 60
29 64
29 66
29 67
29 72
29 82
29 85
29 87
29 90
30 32
30 35
30 36
30 37
30 38
30 39
30 41
30 42
30 48
30 53
30 56
30 62
30 63
30 66
30 67
30 68
30 69
30 76
30 77
30 79
30 82
30 87
30 88
30 90
30 91
30 92
30 93
30 96
31 32
31 34
31 39
31 40
31 48
31 52
31 56
31 58
31 65
31 66
31 68
31 73
31 74
31 81
31 89
31 90
31 91
31 93
32 34
32 35
32 36
32 43
32 44
32 47
32 48
32 52
32 56
32 59
32 62
32 64
32 69
32 70
32 71
32 74
32 75
32 78
32 82
32 83
32 84
32 93
32 98
33 34
33 36
33 37
33 39
33 42
33 46
33 47
33 49
33 56
33 59
33 62
33 63
33 64
33 65
33 74
33 75
33 77
33 78
33 79
33 80
33 82
33 83
33 90
33 93
33 94
33 95
33 97
33 99
34 39
34 45
34 47
34 58
34 64
34 67
34 68
34 75
34 78
34 81
34 82
34 86
34 89
34 93
34 94
34 95
34 98
34 99
35 38
35 41
35 46
35 51
35 53
35 58
35 61
35 65
35 67
35 69
35 72
35 76
35 77
35 78
35 79
35 84
35 85
35 88
35 89
35 92
35 94
35 96
35 99
36 37
36 38
36 42
36 47
36 48
36 53
36 54
36 56
36 59
36 62
36 63
36 64
36 65
36 68
36 74
36 75
36 79
36 88
36 91
36 95
36 96
36 97
37 41
37 44
37 50
37 51
37 58
37 63
37 65
37 66
37 68
37 69
37 70
37 71
37 73
37 74
37 77
37 85
37 86
37 89
37 92
37 96
37 98
38 40
38 42
38 47
38 48
38 58
38 63
38 65
38 67
38 68
38 76
38 77
38 79
38 81
38 89
38 90
38 91
38 94
38 97
39 41
39 43
39 46
39 50
39 57
39 59
39 60
39 62
39 76
39 78
39 83
39 88
39 91
39 92
39 96
40 47
40 59
40 61
40 63
40 64
40 65
40 67
40 69
40 73
40 75
40 78
40 81
40 82
40 85
40 86
40 87
40 89
40 91
40 98
41 42
41 43
41 45
41 50
41 60
41 62
41 63
41 72
41 73
41 75
41 78
41 83
41 92
41 96
41 99
42 43
42 46
42 48
42 50
42 56
42 59
42 70
42 71
42 75
42 76
42 85
42 91
42 92
42 97
43 45
43 51
43 53
43 55
43 58
43 62
43 65
43 66
43 76
43 77
43 83
43 90
43 91
43 92
43 95
43 96
44 47
44 48
44 50
44 51
44 55
44 56
44 58
44 60
44 62
44 69
44 71
44 76
44 79
44 80
44 87
44 89
44 90
44 92
44 95
44 97
44 98
45 47
45 49
45 50
45 59
45 60
45 61
45 65
45 67
45 69
45 73
45 76
45 79
45 84
45 86
45 87
45 89
45 94
45 98
45 99
46 51
46 62
46 63
46 65
46 68
46 71
46 77
46 88
46 90
46 91
47 48
47 53
47 56
47 65
47 67
47 71
47 79
47 81
47 86
47 94
47 99
48 52
48 61
48 66
48 70
48 74
48 76
48 82
48 90
48 92
49 54
49 57
49 58
49 61
49 63
49 65
49 68
49 69
49 70
49 74
49 78
49 82
49 85
49 88
49 92
49 99
50 51
50 54
50 65
50 66
50 68
50 72
50 76
50 81
50 83
50 84
50 93
50 95
50 98
50 99
51 54
51 57
51 60
51 64
51 65
51 72
51 73
51 76
51 79
51 82
51 85
51 88
51 92
51 93
51 95
51 99
52 59
52 62
52 65
52 69
52 70
52 71
52 72
52 73
52 74
52 78
52 80
52 81
52 86
52 87
52 88
52 90
52 97
53 56
53 62
53 65
53 66
53 69
53 72
53 78
53 82
53 88
53 93
53 99
54 55
54 62
54 63
54 64
54 68
54 79
54 81
54 82
54 93
54 96
54 98
55 57
55 59
55 61
55 64
55 68
55 71
55 83
55 84
55 88
55 98
56 59
56 62
56 63
56 67
56 68
56 70
56 77
56 81
56 86
56 88
56 92
57 59
57 61
57 64
57 65
57 71
57 75
57 80
57 82
57 89
57 98
57 99
58 62
58 65
58 66
58 70
58 72
58 73
58 76
58 78
58 79
58 80
58 81
58 85
58 87
58 88
58 90
58 91
58 92
58 93
58 94
58 98
58 99
59 60
59 61
59 62
59 64
59 66
59 68
59 71
59 81
59 85
59 87
59 88
59 90
59 91
59 93
59 94
60 63
60 65
60 68
60 72
60 74
60 75
60 79
60 86
60 89
60 93
60 94
60 96
60 97
61 64
61 66
61 70
61 74
61 77
61 83
61 86
61 87
61 88
61 94
61 95
61 98
62 63
62 74
62 76
62 79
62 80
62 81
62 85
62 86
62 87
62 88
62 91
62 96
62 97
62 99
63 66
63 69
63 76
63 77
63 78
63 83
63 92
63 93
64 66
64 70
64 73
64 74
64 78
64 79
64 81
64 85
64 86
64 87
64 97
65 68
65 69
65 71
65 72
65 73
65 76
65 77
65 80
65 81
65 83
65 86
65 87
65 88
65 89
65 92
65 94
65 95
66 67
66 69
66 71
66 74
66 81
66 84
66 85
66 86
66 91
66 94
66 98
67 72
67 75
67 82
67 83
67 85
67 94
68 70
68 71
68 80
68 86
68 87
68 89
68 92
68 94
68 97
68 98
69 78
69 79
69 84
69 89
69 93
69 95
69 96
70 71
70 72
70 78
70 83
70 90
70 93
70 94
70 99
71 74
71 79
71 82
71 90
71 98
72 74
72 81
72 87
72 89
72 90
72 93
72 94
72 97
73 74
73 78
73 82
73 85
73 90
73 92
73 93
73 97
73 99
74 76
74 77
74 78
74 80
74 87
74 90
74 91
75 76
75 79
75 80
75 84
75 86
75 87
75 88
75 91
75 96
75 98
76 77
76 91
76 92
76 95
77 82
77 86
77 87
77 89
77 90
77 91
78 88
78 90
78 98
78 99
79 81
79 86
79 91
79 92
79 96
79 99
80 87
80 88
81 82
81 84
81 86
81 89
81 94
81 97
82 86
82 87
82 91
82 94
82 96
82 99
83 85
83 86
83 88
83 95
83 99
84 89
84 91
84 92
84 97
84 98
85 86
85 90
85 92
85 93
85 94
85 96
85 98
86 93
87 88
87 89
87 91
87 92
87 95
87 99
88 90
88 91
88 96
88 97
88 99
89 98
90 93
90 98
90 99
91 92
91 93
91 96
91 97
91 98
91 99
92 98
92 99
93 94
93 95
93 98
94 95
94 97
94 99
96 97
97 98
98 99
