0 1
0 2
0 7
0 9
0 11
0 12
0 14
0 15
0 16
0 19
0 20
0 25
0 32
0 34
0 36
0 39
0 40
0 42
0 45
0 46
0 47
0 49
0 50
0 53
0 54
0 56
0 57
0 62
0 65
0 66
0 68
0 71
0 72
0 75
0 77
0 78
0 80
0 88
0 96
1 2
1 6
1 15
1 16
1 18
1 19
1 24
1 25
1 30
1 33
1 35
1 45
1 46
1 48
1 50
1 54
1 57
1 61
1 62
1 65
1 77
1 78
1 80
1 81
1 84
1 87
1 88
1 89
1 91
1 92
1 93
1 95
1 96
1 97
1 98
1 99
2 7
2 10
2 12
2 17
2 19
2 22
2 23
2 26
2 29
2 31
2 33
2 34
2 35
2 36
2 40
2 41
2 44
2 47
2 48
2 49
2 50
2 51
2 60
2 64
2 68
2 69
2 74
2 75
2 76
2 83
2 84
2 86
2 87
2 89
2 91
2 92
2 96
3 5
3 6
3 7
3 10
3 14
3 15
3 17
3 18
3 20
3 24
3 26
3 28
3 29
3 30
3 31
3 32
3 34
3 39
3 40
3 42
3 45
3 48
3 50
3 51
3 52
3 55
3 58
3 59
3 60
3 64
3 67
3 68
3 71
3 84
3 85
3 87
3 90
3 97
3 99
4 7
4 12
4 13
4 14
4 16
4 18
4 23
4 27
4 33
4 35
4 36
4 37
4 40
4 42
4 43
4 45
4 48
4 51
4 54
4 55
4 63
4 64
4 68
4 69
4 73
4 76
4 78
4 83
4 84
4 85
4 87
4 91
4 96
5 10
5 11
5 14
5 16
5 20
5 21
5 25
5 26
5 31
5 36
5 39
5 42
5 43
5 50
5 58
5 63
5 65
5 66
5 69
5 74
5 77
5 84
5 85
5 93
5 95
5 97
5 98
5 99
6 11
6 15
6 22
6 23
6 25
6 26
6 27
6 29
6 31
6 34
6 35
6 36
6 39
6 43
6 46
6 47
6 55
6 57
6 60
6 61
6 64
6 72
6 74
6 75
6 79
6 82
6 83
6 84
6 85
6 90
6 92
6 94
6 96
6 98
7 8
7 9
7 10
7 11
7 12
7 14
7 16
7 23
7 24
7 26
7 27
7 30
7 32
7 35
7 36
7 38
7 40
7 41
7 42
7 45
7 48
7 49
7 51
7 54
7 56
7 59
7 60
7 62
7 66
7 67
7 68
7 73
7 76
7 78
7 80
7 85
7 90
7 93
7 95
7 98
8 20
8 23
8 25
8 31
8 32
8 33
8 34
8 35
8 38
8 40
8 41
8 46
8 48
8 58
8 61
8 62
8 65
8 66
8 67
8 71
8 72
8 75
8 76
8 78
8 79
8 81
8 87
8 88
8 95
8 96
8 98
9 11
9 15
9 18
9 19
9 20
9 21
9 22
9 26
9 27
9 28
9 30
9 32
9 33
9 34
9 39
9 42
9 44
9 47
9 48
9 49
9 50
9 52
9 53
9 55
9 62
9 63
9 68
9 73
9 74
9 75
9 82
9 86
9 88
9 89
9 90
9 91
10 16
10 17
10 18
10 19
10 22
10 24
10 26
10 28
10 29
10 33
10 34
10 36
10 38
10 40
10 43
10 49
10 50
10 52
10 53
10 60
10 61
10 63
10 66
10 70
10 75
10 78
10 79
10 81
10 90
10 92
10 93
10 95
10 99
11 12
11 14
11 15
11 18
11 20
11 22
11 23
11 26
11 28
11 29
11 31
11 32
11 34
11 35
11 36
11 37
11 42
11 44
11 45
11 46
11 48
11 50
11 51
11 55
11 56
11 59
11 60
11 61
11 62
11 64
11 65
11 82
11 87
11 88
11 92
11 94
11 96
11 99
12 14
12 16
12 17
12 18
12 19
12 22
12 25
12 27
12 32
12 35
12 37
12 38
12 51
12 53
12 57
12 58
12 62
12 63
12 64
12 65
12 68
12 69
12 76
12 84
12 85
12 87
12 89
12 92
12 95
12 96
13 14
13 16
13 19
13 21
13 22
13 23
13 25
13 26
13 29
13 31
13 33
13 34
13 37
13 40
13 41
13 43
13 44
13 45
13 46
13 47
13 48
13 49
13 54
13 58
13 61
13 62
13 63
13 64
13 65
13 66
13 67
13 68
13 71
13 72
13 73
13 77
13 78
13 83
13 86
13 89
13 90
13 92
13 93
13 94
13 96
13 97
13 98
13 99
14 15
14 18
14 19
14 21
14 22
14 24
14 25
14 27
14 30
14 31
14 32
14 34
14 35
14 37
14 39
14 40
14 42
14 48
14 50
14 51
14 52
14 58
14 59
14 60
14 61
14 64
14 68
14 69
14 71
14 73
14 74
14 77
14 83
14 84
14 86
14 90
14 91
14 93
14 95
14 99
15 17
15 18
15 27
15 29
15 30
15 35
15 37
15 39
15 40
15 41
15 42
15 45
15 46
15 47
15 50
15 51
15 52
15 54
15 55
15 56
15 60
15 62
15 67
15 74
15 76
15 77
15 78
15 80
15 86
15 88
15 90
15 92
15 98
15 99
16 19
16 22
16 25
16 29
16 33
16 34
16 37
16 40
16 41
16 44
16 45
16 46
16 48
16 50
16 51
16 52
16 56
16 58
16 63
16 66
16 70
16 73
16 74
16 79
16 82
16 89
16 91
16 93
16 99
17 18
17 19
17 21
17 22
17 23
17 28
17 29
17 30
17 32
17 33
17 37
17 38
17 40
17 42
17 44
17 45
17 46
17 47
17 51
17 53
17 55
17 56
17 59
17 67
17 70
17 72
17 76
17 79
17 82
17 84
17 85
17 92
17 94
17 99
18 24
18 34
18 36
18 37
18 42
18 45
18 46
18 51
18 52
18 57
18 58
18 61
18 62
18 64
18 65
18 66
18 67
18 69
18 70
18 72
18 73
18 75
18 79
18 80
18 82
18 83
18 87
18 89
18 92
18 94
18 96
18 98
19 21
19 22
19 26
19 29
19 30
19 31
19 32
19 33
19 36
19 47
19 49
19 56
19 60
19 61
19 64
19 65
19 69
19 70
19 81
19 82
19 83
19 84
19 85
19 86
19 90
19 91
19 93
19 96
20 26
20 33
20 41
20 44
20 49
20 55
20 57
20 61
20 62
20 63
20 66
20 74
20 75
20 77
20 79
20 82
20 83
20 84
20 85
20 89
20 92
20 96
20 97
20 98
21 25
21 28
21 30
21 31
21 32
21 33
21 35
21 36
21 37
21 40
21 43
21 44
21 46
21 48
21 49
21 52
21 53
21 54
21 59
21 64
21 65
21 66
21 67
21 70
21 74
21 75
21 78
21 79
21 80
21 81
21 86
21 87
21 93
21 94
21 96
21 98
21 99
22 26
22 28
22 29
22 31
22 34
22 35
22 37
22 38
22 39
22 45
22 46
22 47
22 49
22 51
22 54
22 55
22 58
22 60
22 61
22 62
22 67
22 68
22 69
22 70
22 71
22 73
22 76
22 79
22 80
22 87
22 89
22 92
22 95
22 98
23 24
23 28
23 30
23 35
23 36
23 37
23 41
23 42
23 43
23 47
23 49
23 50
23 59
23 62
23 63
23 64
23 69
23 71
23 72
23 74
23 75
23 76
23 81
23 82
23 83
23 84
23 88
23 91
23 96
23 97
23 98
24 25
24 36
24 37
24 41
24 45
24 46
24 47
24 49
24 51
24 54
24 57
24 61
24 66
24 69
24 70
24 71
24 73
24 74
24 80
24 81
24 84
24 85
24 87
24 88
24 89
24 90
24 92
24 93
24 94
25 32
25 34
25 37
25 38
25 41
25 43
25 46
25 53
25 59
25 60
25 66
25 68
25 69
25 73
25 74
25 79
25 80
25 81
25 87
25 90
25 92
25 95
25 96
26 27
26 28
26 32
26 33
26 36
26 42
26 46
26 49
26 51
26 52
26 55
26 58
26 59
26 61
26 62
26 64
26 66
26 68
26 69
26 70
26 72
26 76
26 77
26 79
26 82
26 84
26 87
26 88
26 95
26 99
27 28
27 33
27 34
27 36
27 37
27 39
27 41
27 42
27 43
27 46
27 50
27 53
27 54
27 56
27 58
27 59
27 60
27 65
27 68
27 71
27 72
27 73
27 75
27 76
27 77
27 79
27 86
27 89
27 94
27 97
27 98
27 99
28 29
28 30
28 31
28 32
28 36
28 40
28 42
28 47
28 48
28 53
28 55
28 56
28 63
28 64
28 65
28 73
28 78
28 83
28 84
28 85
28 87
28 90
28 92
28 95
28 97
28 98
29 30
29 33
29 38
29 44
29 45
29 47
29 49
29 51
29 54
29 56
29 57
29 58
29 60
29 61
29 63
29 64
29 66
29 67
29 69
29 70
29 72
29 74
29 77
29 78
29 80
29 85
29 86
29 87
29 91
29 92
29 95
29 97
29 99
30 31
30 32
30 34
30 38
30 39
30 42
30 43
30 44
30 46
30 51
30 52
30 53
30 55
30 56
30 57
30 58
30 59
30 61
30 66
30 67
30 77
30 78
30 83
30 84
30 86
30 92
30 95
30 96
30 98
31 32
31 35
31 36
31 37
31 44
31 45
31 49
31 54
31 65
31 67
31 68
31 70
31 71
31 73
31 74
31 76
31 79
31 80
31 82
31 83
31 84
31 86
31 87
31 88
31 91
31 96
31 99
32 33
32 34
32 46
32 48
32 49
32 52
32 53
32 55
32 56
32 57
32 58
32 59
32 64
32 65
32 69
32 70
32 71
32 72
32 82
32 84
32 86
32 87
32 88
32 92
32 94
32 95
32 97
32 99
33 35
33 39
33 42
33 43
33 44
33 45
33 46
33 52
33 54
33 60
33 61
33 63
33 68
33 76
33 78
33 81
33 82
33 87
33 88
33 92
33 93
34 35
34 36
34 39
34 41
34 44
34 47
34 53
34 57
34 60
34 63
34 64
34 66
34 68
34 69
34 70
34 71
34 72
34 73
34 77
34 78
34 80
34 81
34 82
34 86
34 88
34 90
34 92
34 96
34 99
35 37
35 38
35 39
35 41
35 43
35 45
35 46
35 50
35 51
35 54
35 55
35 59
35 60
35 64
35 65
35 67
35 68
35 70
35 71
35 76
35 77
35 80
35 82
35 83
35 85
35 86
35 87
35 89
35 94
35 95
35 99
36 38
36 41
36 42
36 45
36 46
36 51
36 54
36 55
36 58
36 61
36 63
36 64
36 69
36 72
36 73
36 75
36 79
36 82
36 84
36 85
36 88
36 91
36 92
36 93
36 94
36 96
36 97
36 98
36 99
37 39
37 42
37 43
37 44
37 46
37 51
37 52
37 53
37 56
37 57
37 59
37 60
37 64
37 68
37 69
37 70
37 72
37 73
37 75
37 78
37 79
37 80
37 81
37 82
37 84
37 85
37 86
37 87
37 88
37 90
37 91
37 92
38 39
38 40
38 41
38 47
38 48
38 49
38 51
38 53
38 54
38 55
38 57
38 58
38 63
38 64
38 66
38 67
38 71
38 72
38 73
38 75
38 78
38 81
38 82
38 84
38 85
38 92
38 94
38 95
38 97
39 42
39 43
39 44
39 45
39 52
39 62
39 66
39 71
39 73
39 75
39 78
39 81
39 89
39 93
39 99
40 41
40 45
40 47
40 48
40 50
40 55
40 57
40 66
40 70
40 71
40 73
40 74
40 77
40 79
40 80
40 81
40 82
40 84
40 85
40 87
40 89
40 90
40 97
40 98
41 47
41 51
41 53
41 57
41 59
41 61
41 63
41 70
41 72
41 74
41 77
41 78
41 84
41 87
41 88
41 89
41 93
41 94
41 96
41 97
42 46
42 47
42 51
42 52
42 53
42 58
42 60
42 65
42 66
42 68
42 69
42 70
42 74
42 77
42 81
42 82
42 83
42 88
42 89
42 90
42 91
42 92
42 94
42 96
43 44
43 45
43 47
43 48
43 49
43 50
43 51
43 58
43 65
43 67
43 73
43 74
43 77
43 80
43 89
43 90
43 95
43 96
44 45
44 47
44 51
44 52
44 54
44 60
44 63
44 66
44 67
44 71
44 73
44 75
44 76
44 78
44 80
44 81
44 84
44 85
44 87
44 88
44 90
44 93
44 96
45 53
45 61
45 63
45 65
45 66
45 67
45 68
45 70
45 76
45 79
45 81
45 84
45 88
45 93
45 98
45 99
46 47
46 48
46 50
46 57
46 58
46 60
46 61
46 62
46 68
46 72
46 74
46 79
46 86
46 92
46 95
46 97
47 49
47 56
47 60
47 61
47 62
47 66
47 67
47 72
47 73
47 76
47 79
47 87
47 91
47 92
47 93
47 94
47 96
47 98
48 53
48 57
48 59
48 71
48 73
48 74
48 75
48 76
48 81
48 82
48 85
48 86
48 89
48 91
48 93
48 95
49 58
49 62
49 63
49 65
49 66
49 68
49 72
49 74
49 78
49 79
49 80
49 82
49 83
49 85
49 88
49 89
49 91
49 93
49 98
50 54
50 56
50 60
50 62
50 64
50 67
50 71
50 73
50 74
50 75
50 76
50 79
50 81
50 83
50 85
50 87
50 88
50 92
50 93
50 95
50 96
51 53
51 56
51 59
51 60
51 62
51 64
51 67
51 69
51 70
51 71
51 73
51 76
51 78
51 82
51 83
51 85
51 86
51 87
51 88
51 91
51 92
51 94
51 95
51 97
52 54
52 55
52 57
52 59
52 64
52 66
52 67
52 69
52 72
52 74
52 78
52 82
52 83
52 85
52 86
52 87
52 88
52 90
52 91
52 94
52 96
52 99
53 54
53 57
53 58
53 60
53 61
53 63
53 64
53 68
53 73
53 74
53 78
53 80
53 81
53 83
53 85
53 86
53 87
53 88
53 90
53 91
53 92
53 93
53 94
53 95
53 96
53 97
54 56
54 59
54 71
54 78
54 80
54 81
54 82
54 83
54 84
54 85
54 86
54 88
54 89
54 91
54 95
54 99
55 58
55 61
55 62
55 63
55 64
55 65
55 69
55 70
55 72
55 75
55 76
55 82
55 83
55 85
55 86
55 91
55 95
55 96
55 97
55 98
55 99
56 60
56 61
56 67
56 74
56 76
56 81
56 82
56 83
56 84
56 85
56 88
56 90
56 92
56 95
56 96
56 97
57 58
57 59
57 62
57 67
57 70
57 73
57 77
57 79
57 84
57 86
57 87
57 88
57 89
57 90
57 93
57 98
57 99
58 61
58 65
58 69
58 70
58 74
58 80
58 81
58 84
58 88
58 94
58 99
59 60
59 63
59 66
59 67
59 77
59 82
59 85
59 89
59 90
59 92
59 93
59 94
59 95
59 97
59 98
60 63
60 64
60 70
60 72
60 74
60 81
60 83
60 85
60 87
60 88
60 90
60 91
60 92
60 93
60 95
60 96
60 98
61 64
61 67
61 68
61 70
61 74
61 77
61 78
61 79
61 82
61 83
61 86
61 88
61 92
61 93
61 96
61 99
62 64
62 68
62 69
62 70
62 72
62 73
62 74
62 78
62 80
62 81
62 84
62 87
62 89
62 93
63 65
63 68
63 73
63 75
63 79
63 81
63 83
63 84
63 85
63 91
63 92
63 94
63 96
63 97
64 67
64 74
64 77
64 79
64 80
64 81
64 84
64 89
64 91
64 94
64 95
64 96
65 67
65 68
65 70
65 71
65 72
65 74
65 76
65 77
65 78
65 82
65 83
65 85
65 87
65 88
65 90
65 91
65 94
65 97
65 99
66 69
66 72
66 74
66 75
66 76
66 79
66 82
66 84
66 87
66 91
66 93
66 99
67 68
67 70
67 74
67 77
67 78
67 81
67 84
67 85
67 87
67 89
67 90
67 91
67 96
67 98
67 99
68 73
68 76
68 77
68 80
68 81
68 88
68 90
69 70
69 71
69 72
69 75
69 76
69 90
69 95
70 72
70 79
70 80
70 85
70 87
70 88
70 91
70 93
70 94
70 97
70 98
70 99
71 72
71 75
71 77
71 83
71 85
71 86
71 89
71 92
71 93
71 95
71 98
72 75
72 78
72 79
72 81
72 82
72 84
72 87
72 88
72 90
72 91
72 93
72 94
72 95
72 98
73 76
73 78
73 81
73 83
73 84
73 85
73 88
73 90
73 92
73 94
73 95
73 99
74 75
74 76
74 77
74 78
74 80
74 82
74 83
74 84
74 85
74 86
74 90
74 93
74 94
74 95
74 99
75 76
75 78
75 80
75 82
75 84
75 90
75 91
75 92
75 93
76 81
76 86
76 93
76 97
76 98
77 79
77 80
77 81
77 82
77 84
77 86
77 87
77 88
77 89
77 90
77 91
77 92
77 95
77 96
77 98
78 79
78 80
78 81
78 86
78 87
78 88
78 93
78 94
79 82
79 85
79 86
79 94
79 95
79 97
79 99
80 81
80 82
80 84
80 85
80 86
80 87
80 89
80 90
80 91
80 92
80 94
80 98
81 86
81 88
81 89
81 93
81 98
82 83
82 84
82 85
82 87
82 88
82 90
82 91
82 92
82 96
82 97
82 98
83 90
83 91
83 93
83 97
83 99
84 87
84 88
84 91
84 92
84 94
84 99
85 86
85 87
85 93
85 95
85 97
85 98
85 99
86 89
86 92
86 93
86 94
86 96
86 97
87 90
87 92
87 94
87 95
87 98
87 99
88 90
88 91
88 93
88 94
88 95
89 90
89 92
89 97
90 91
90 95
90 96
90 97
90 98
91 95
91 96
91 97
91 98
92 94
92 96
93 94
93 95
93 96
93 98
93 99
94 95
94 96
95 96
95 98
95 99
96 99
97 98
