0 5
0 8
0 12
0 23
0 24
0 29
0 35
0 36
0 43
0 44
0 46
0 49
0 52
0 56
0 59
0 62
0 65
0 68
0 70
0 72
0 75
0 77
0 79
0 81
0 84
0 93
0 98
1 4
1 6
1 7
1 9
1 11
1 15
1 19
1 22
1 25
1 29
1 30
1 31
1 39
1 41
1 46
1 52
1 53
1 57
1 61
1 63
1 65
1 67
1 74
1 75
1 76
1 77
1 79
1 84
1 88
1 90
1 93
1 98
1 99
2 11
2 14
2 20
2 24
2 26
2 27
2 31
2 33
2 34
2 36
2 44
2 46
2 47
2 49
2 50
2 56
2 58
2 61
2 62
2 63
2 64
2 65
2 72
2 79
2 82
2 83
2 86
2 87
2 90
2 92
2 98
3 5
3 6
3 12
3 13
3 15
3 19
3 28
3 31
3 32
3 35
3 36
3 38
3 49
3 51
3 58
3 59
3 60
3 66
3 68
3 74
3 75
3 84
3 85
3 88
3 89
3 92
3 96
3 98
4 5
4 6
4 14
4 22
4 24
4 26
4 29
4 31
4 32
4 45
4 47
4 48
4 57
4 65
4 66
4 67
4 68
4 69
4 70
4 71
4 73
4 74
4 75
4 76
4 77
4 82
4 89
4 91
4 92
4 96
4 98
5 7
5 8
5 9
5 13
5 15
5 16
5 17
5 19
5 21
5 28
5 31
5 36
5 38
5 40
5 41
5 44
5 46
5 65
5 69
5 71
5 72
5 74
5 76
5 89
5 91
5 98
5 99
6 17
6 24
6 31
6 32
6 38
6 41
6 43
6 44
6 49
6 51
6 54
6 62
6 70
6 73
6 77
6 83
6 91
6 92
7 8
7 10
7 12
7 14
7 15
7 16
7 17
7 25
7 30
7 35
7 39
7 42
7 44
7 46
7 48
7 52
7 54
7 57
7 60
7 61
7 62
7 64
7 66
7 68
7 70
7 79
7 81
7 82
7 84
7 88
7 89
7 91
7 94
7 95
7 96
8 14
8 25
8 26
8 27
8 30
8 34
8 35
8 42
8 43
8 46
8 47
8 52
8 53
8 56
8 58
8 59
8 64
8 67
8 70
8 73
8 74
8 76
8 81
8 82
8 83
8 91
8 93
8 95
9 10
9 12
9 14
9 15
9 23
9 24
9 36
9 38
9 39
9 42
9 46
9 50
9 51
9 55
9 56
9 61
9 68
9 74
9 90
9 91
9 94
9 99
10 13
10 14
10 16
10 20
10 24
10 28
10 29
10 31
10 35
10 37
10 38
10 41
10 42
10 44
10 46
10 49
10 58
10 60
10 61
10 64
10 68
10 69
10 74
10 75
10 81
10 84
10 89
10 90
10 91
10 92
10 93
10 97
10 98
11 14
11 17
11 23
11 27
11 28
11 29
11 33
11 37
11 41
11 42
11 43
11 44
11 52
11 54
11 60
11 62
11 69
11 70
11 71
11 78
11 84
11 94
12 17
12 21
12 22
12 23
12 25
12 28
12 29
12 33
12 35
12 40
12 42
12 45
12 48
12 52
12 53
12 57
12 60
12 61
12 62
12 67
12 68
12 71
12 72
12 80
12 86
12 94
12 97
12 99
13 25
13 28
13 31
13 36
13 38
13 39
13 40
13 41
13 44
13 46
13 48
13 49
13 57
13 61
13 63
13 65
13 66
13 72
13 74
13 75
13 89
13 91
13 92
13 93
13 97
13 99
14 16
14 18
14 21
14 28
14 32
14 33
14 36
14 37
14 40
14 49
14 52
14 54
14 57
14 63
14 66
14 68
14 71
14 73
14 74
14 76
14 80
14 81
14 83
14 85
14 92
14 94
14 96
15 19
15 21
15 27
15 28
15 29
15 33
15 34
15 36
15 41
15 44
15 46
15 48
15 49
15 56
15 60
15 61
15 64
15 65
15 74
15 75
15 79
15 83
15 84
15 85
15 86
15 91
15 92
15 96
16 18
16 26
16 31
16 39
16 40
16 42
16 43
16 44
16 46
16 49
16 51
16 52
16 53
16 56
16 60
16 61
16 65
16 67
16 68
16 72
16 73
16 74
16 81
16 87
16 89
16 90
16 93
17 18
17 19
17 20
17 21
17 22
17 24
17 28
17 29
17 38
17 40
17 45
17 50
17 51
17 55
17 68
17 69
17 71
17 72
17 77
17 78
17 87
17 92
17 94
17 98
18 21
18 22
18 25
18 33
18 34
18 41
18 42
18 45
18 48
18 49
18 50
18 57
18 58
18 59
18 67
18 73
18 74
18 75
18 77
18 78
18 86
18 87
18 92
18 93
19 24
19 31
19 34
19 36
19 38
19 39
19 40
19 44
19 51
19 53
19 58
19 62
19 67
19 72
19 73
19 75
19 78
19 80
19 82
19 83
19 84
19 90
19 93
19 94
19 95
19 96
19 99
20 22
20 25
20 28
20 33
20 47
20 50
20 54
20 57
20 65
20 72
20 73
20 74
20 75
20 89
20 93
20 98
20 99
21 26
21 33
21 36
21 43
21 44
21 46
21 51
21 59
21 60
21 62
21 64
21 65
21 67
21 73
21 78
21 83
21 87
21 94
21 95
21 96
21 99
22 27
22 28
22 30
22 32
22 42
22 43
22 44
22 48
22 50
22 51
22 55
22 56
22 59
22 61
22 64
22 65
22 70
22 73
22 75
22 79
22 80
22 81
22 82
22 83
22 90
22 91
22 92
22 93
23 26
23 28
23 29
23 30
23 34
23 39
23 40
23 42
23 43
23 49
23 51
23 55
23 60
23 63
23 68
23 72
23 75
23 77
23 80
23 85
23 88
23 93
23 96
23 98
24 28
24 30
24 32
24 33
24 34
24 36
24 41
24 43
24 45
24 51
24 54
24 56
24 58
24 60
24 63
24 64
24 73
24 77
24 79
24 82
24 87
24 92
24 97
24 99
25 26
25 28
25 29
25 31
25 32
25 35
25 38
25 39
25 45
25 46
25 51
25 54
25 59
25 62
25 66
25 68
25 69
25 70
25 73
25 74
25 80
25 83
25 85
25 89
25 90
25 95
25 99
26 28
26 30
26 32
26 33
26 35
26 36
26 37
26 40
26 42
26 46
26 47
26 50
26 52
26 54
26 55
26 57
26 59
26 61
26 62
26 63
26 65
26 73
26 74
26 76
26 78
26 81
26 82
26 83
26 91
26 95
26 96
27 29
27 30
27 34
27 38
27 41
27 44
27 48
27 51
27 55
27 60
27 61
27 62
27 67
27 68
27 78
27 79
27 81
27 84
27 92
27 94
27 95
27 97
28 31
28 32
28 34
28 35
28 38
28 40
28 41
28 44
28 45
28 51
28 56
28 58
28 59
28 60
28 63
28 66
28 70
28 74
28 75
28 77
28 79
28 80
28 81
28 83
28 84
28 86
28 90
28 93
28 95
28 96
28 97
28 98
28 99
29 30
29 31
29 33
29 37
29 39
29 42
29 44
29 45
29 48
29 49
29 59
29 61
29 67
29 69
29 70
29 72
29 73
29 75
29 77
29 78
29 79
29 88
29 92
29 95
29 97
29 98
30 32
30 43
30 45
30 47
30 48
30 49
30 50
30 52
30 54
30 55
30 61
30 64
30 65
30 66
30 67
30 80
30 91
30 92
30 96
31 32
31 34
31 36
31 42
31 43
31 47
31 48
31 51
31 55
31 62
31 70
31 77
31 78
31 81
31 83
31 85
31 87
31 88
31 90
31 95
31 97
32 33
32 34
32 39
32 40
32 48
32 49
32 51
32 53
32 56
32 61
32 62
32 64
32 69
32 86
32 87
32 93
32 99
33 34
33 35
33 38
33 39
33 50
33 61
33 66
33 67
33 68
33 70
33 71
33 72
33 73
33 78
33 84
33 92
33 97
34 36
34 41
34 42
34 44
34 45
34 47
34 48
34 49
34 52
34 53
34 56
34 58
34 61
34 65
34 68
34 70
34 73
34 75
34 78
34 83
34 84
34 86
34 89
34 91
34 92
34 94
34 98
35 40
35 43
35 45
35 46
35 49
35 51
35 53
35 55
35 56
35 59
35 60
35 61
35 63
35 66
35 72
35 73
35 78
35 85
35 89
35 93
35 94
35 95
35 98
36 47
36 48
36 58
36 62
36 64
36 72
36 76
36 79
36 82
36 83
36 93
36 95
36 98
36 99
37 38
37 40
37 41
37 51
37 54
37 56
37 57
37 60
37 62
37 64
37 73
37 75
37 76
37 79
37 92
37 93
37 95
37 96
37 97
38 40
38 51
38 52
38 54
38 56
38 64
38 65
38 66
38 67
38 68
38 70
38 73
38 76
38 78
38 83
38 84
38 86
38 89
38 90
38 91
38 92
38 94
38 96
38 97
38 98
39 51
39 52
39 56
39 66
39 70
39 74
39 77
39 78
39 79
39 80
39 82
39 83
39 85
39 90
39 96
40 41
40 47
40 49
40 58
40 66
40 67
40 68
40 71
40 77
40 78
40 87
40 88
40 94
41 43
41 45
41 48
41 51
41 53
41 64
41 65
41 71
41 74
41 76
41 79
41 80
41 81
41 84
41 90
41 99
42 43
42 44
42 46
42 51
42 52
42 55
42 58
42 62
42 63
42 67
42 70
42 71
42 78
42 79
42 84
42 89
42 93
42 96
42 98
43 44
43 46
43 48
43 49
43 52
43 53
43 57
43 58
43 60
43 61
43 62
43 63
43 65
43 69
43 70
43 74
43 75
43 80
43 87
43 88
43 89
43 91
43 93
43 96
43 98
43 99
44 46
44 47
44 48
44 50
44 53
44 54
44 56
44 61
44 62
44 67
44 69
44 71
44 75
44 76
44 79
44 84
44 88
45 46
45 47
45 53
45 56
45 61
45 62
45 71
45 75
45 78
45 79
45 80
45 81
45 90
45 93
45 94
45 95
45 97
46 47
46 48
46 53
46 57
46 61
46 68
46 70
46 72
46 73
46 76
46 80
46 83
46 85
46 90
46 91
46 94
47 48
47 49
47 54
47 58
47 60
47 61
47 63
47 66
47 70
47 77
47 78
47 79
47 82
47 85
47 95
47 99
48 49
48 50
48 51
48 55
48 57
48 60
48 62
48 68
48 70
48 78
48 83
48 85
48 87
48 93
48 94
48 96
48 98
49 51
49 70
49 77
49 80
49 82
49 89
49 90
49 92
49 95
49 99
50 58
50 61
50 63
50 67
50 71
50 83
50 84
50 86
50 89
50 97
51 55
51 58
51 62
51 63
51 64
51 70
51 75
51 81
51 82
51 83
51 89
51 96
51 97
51 98
51 99
52 55
52 62
52 69
52 70
52 72
52 73
52 80
52 82
52 84
52 85
52 87
52 89
52 97
52 99
53 54
53 55
53 57
53 59
53 64
53 65
53 66
53 70
53 76
53 78
53 84
53 85
53 88
53 89
53 90
53 91
53 95
53 97
54 56
54 57
54 59
54 60
54 63
54 68
54 73
54 75
54 77
54 85
54 88
54 91
54 92
54 94
54 96
54 98
54 99
55 59
55 62
55 65
55 66
55 69
55 74
55 81
55 84
55 87
55 88
55 91
55 92
56 57
56 58
56 59
56 66
56 76
56 84
56 92
56 93
57 61
57 62
57 63
57 66
57 73
57 77
57 80
57 82
57 83
57 86
57 97
57 98
58 59
58 62
58 63
58 64
58 66
58 69
58 72
58 75
58 77
58 79
58 83
58 85
58 87
58 91
58 92
58 93
58 95
58 97
58 98
59 61
59 62
59 64
59 67
59 68
59 69
59 74
59 88
59 91
59 94
60 63
60 64
60 66
60 73
60 75
60 77
60 78
60 81
60 85
60 92
60 95
60 99
61 62
61 63
61 67
61 70
61 82
61 89
61 92
61 98
62 63
62 67
62 72
62 76
62 78
62 92
62 94
62 96
62 99
63 64
63 65
63 75
63 76
63 77
63 80
63 81
63 86
63 88
63 91
63 92
63 93
63 94
64 68
64 69
64 70
64 71
64 74
64 75
64 81
64 84
64 86
64 88
64 95
64 98
65 68
65 70
65 71
65 87
65 88
65 89
65 93
65 96
65 98
66 67
66 68
66 69
66 70
66 80
66 81
66 82
66 84
66 86
66 91
66 92
66 95
66 97
67 68
67 70
67 72
67 73
67 80
67 81
67 82
67 86
67 88
67 90
67 93
67 94
67 97
67 98
68 72
68 78
68 80
68 87
68 93
68 94
69 70
69 71
69 73
69 88
69 90
69 91
69 94
69 95
69 97
70 71
70 74
70 75
70 78
70 80
70 85
70 86
70 87
70 89
70 94
70 95
70 99
71 74
71 75
71 76
71 78
71 81
71 84
71 89
71 94
71 98
72 83
72 84
72 87
72 95
72 96
72 99
73 81
73 84
73 85
73 86
73 90
73 94
74 79
74 80
74 86
74 88
74 89
74 90
74 91
75 88
75 95
75 98
76 83
76 84
76 91
77 78
77 79
77 81
77 86
77 88
77 89
77 90
77 95
78 80
78 86
78 87
78 91
78 93
78 97
79 82
79 85
79 87
79 89
79 90
79 91
79 95
79 98
80 81
80 82
80 86
80 87
80 88
80 89
80 92
80 96
81 83
81 87
81 88
81 92
81 93
81 94
81 96
82 83
82 85
82 87
82 97
82 99
83 86
83 94
83 96
83 97
83 98
83 99
84 86
84 97
85 86
85 90
85 91
86 94
87 88
87 89
87 94
87 97
87 98
88 89
88 90
88 98
89 93
89 95
90 92
90 94
90 97
91 92
91 93
91 97
92 93
93 98
95 98
96 98
97 98
97 99
