0 4
0 7
0 12
0 15
0 16
0 27
0 33
0 43
0 45
0 52
0 55
0 56
0 63
0 64
0 72
0 73
0 77
0 79
0 80
0 81
0 84
0 91
0 94
1 6
1 9
1 11
1 14
1 16
1 18
1 23
1 26
1 31
1 35
1 48
1 53
1 66
1 67
1 68
1 70
1 73
1 79
1 83
1 92
1 95
2 7
2 17
2 19
2 26
2 40
2 41
2 47
2 48
2 63
2 92
2 94
3 5
3 6
3 11
3 12
3 18
3 21
3 22
3 37
3 41
3 45
3 49
3 58
3 64
3 65
3 69
3 75
3 80
3 83
3 88
3 91
3 92
4 10
4 16
4 19
4 20
4 27
4 28
4 31
4 35
4 39
4 44
4 48
4 49
4 51
4 54
4 59
4 63
4 66
4 67
4 72
4 75
4 77
4 79
4 84
4 88
4 96
5 9
5 14
5 17
5 18
5 19
5 22
5 31
5 32
5 34
5 36
5 37
5 55
5 75
5 82
5 92
5 99
6 16
6 24
6 25
6 28
6 31
6 34
6 37
6 38
6 43
6 50
6 51
6 52
6 55
6 58
6 60
6 70
6 71
6 77
6 79
6 88
6 90
6 92
6 95
7 11
7 13
7 14
7 17
7 21
7 24
7 28
7 31
7 42
7 46
7 47
7 52
7 56
7 59
7 66
7 70
7 72
7 73
7 74
7 75
7 80
7 81
7 84
7 99
8 13
8 16
8 18
8 19
8 25
8 31
8 32
8 35
8 41
8 42
8 45
8 53
8 71
8 72
8 79
8 82
8 90
8 98
8 99
9 11
9 13
9 15
9 16
9 25
9 29
9 31
9 33
9 36
9 42
9 43
9 59
9 61
9 62
9 71
9 72
9 77
9 80
9 82
9 83
9 87
9 88
9 91
9 92
9 94
9 95
9 96
10 14
10 18
10 20
10 22
10 24
10 32
10 40
10 44
10 48
10 60
10 61
10 62
10 68
10 79
10 86
10 88
10 89
10 95
10 96
11 17
11 20
11 22
11 27
11 30
11 32
11 47
11 49
11 50
11 51
11 54
11 62
11 68
11 74
11 79
11 81
11 83
11 84
11 86
11 97
12 13
12 17
12 21
12 22
12 28
12 30
12 39
12 60
12 72
12 77
12 93
13 23
13 24
13 30
13 32
13 36
13 40
13 47
13 55
13 81
13 88
14 20
14 27
14 29
14 39
14 41
14 43
14 46
14 49
14 51
14 56
14 59
14 68
14 76
14 81
14 83
14 85
14 87
14 88
14 98
15 18
15 19
15 20
15 27
15 37
15 42
15 44
15 49
15 51
15 60
15 69
15 73
15 77
15 81
15 95
15 96
15 97
16 17
16 36
16 39
16 42
16 49
16 57
16 72
16 74
16 83
16 84
16 87
16 94
17 19
17 24
17 35
17 36
17 37
17 38
17 40
17 43
17 56
17 59
17 77
17 81
17 84
17 86
17 87
17 88
17 96
18 20
18 25
18 30
18 38
18 40
18 41
18 58
18 62
18 63
18 69
18 71
18 83
18 89
18 91
18 93
18 99
19 26
19 41
19 54
19 55
19 60
19 69
19 72
19 89
19 92
19 93
20 28
20 29
20 37
20 38
20 40
20 42
20 46
20 58
20 66
20 67
20 68
20 78
20 79
20 91
20 99
21 27
21 31
21 33
21 39
21 40
21 51
21 55
21 58
21 64
21 66
21 71
21 73
21 76
21 79
21 85
21 86
21 88
21 91
21 93
22 27
22 29
22 30
22 32
22 34
22 50
22 54
22 56
22 63
22 66
22 71
22 78
22 85
22 94
22 98
23 24
23 29
23 33
23 35
23 41
23 42
23 43
23 52
23 54
23 55
23 57
23 58
23 64
23 65
23 73
23 90
23 91
23 92
24 25
24 26
24 32
24 33
24 37
24 45
24 51
24 54
24 67
24 69
24 72
24 74
24 78
24 79
24 80
24 84
24 86
24 87
24 94
25 30
25 39
25 46
25 51
25 53
25 55
25 70
25 76
25 80
25 83
25 84
25 85
25 86
25 87
25 93
26 33
26 34
26 42
26 49
26 53
26 58
26 61
26 66
26 68
26 71
26 72
26 77
26 81
26 87
26 91
26 97
27 28
27 45
27 47
27 48
27 61
27 64
27 65
27 69
27 80
27 82
27 83
27 84
27 92
27 98
28 38
28 40
28 45
28 48
28 50
28 53
28 62
28 63
28 66
28 71
28 73
28 76
28 77
28 78
28 81
28 82
28 83
28 85
28 93
28 97
28 99
29 31
29 35
29 46
29 47
29 55
29 58
29 59
29 61
29 63
29 64
29 65
29 67
29 75
29 81
29 82
29 83
29 95
30 36
30 39
30 40
30 53
30 56
30 58
30 60
30 61
30 62
30 66
30 69
30 72
30 81
30 94
30 98
31 44
31 45
31 46
31 47
31 48
31 50
31 54
31 55
31 61
31 71
31 77
31 85
31 91
31 95
32 36
32 45
32 59
32 62
32 66
32 68
32 76
32 91
33 37
33 45
33 47
33 55
33 59
33 61
33 62
33 65
33 77
33 78
33 94
33 99
34 40
34 42
34 54
34 57
34 60
34 64
34 65
34 76
34 82
34 89
34 91
34 98
35 38
35 44
35 50
35 58
35 62
35 70
35 72
35 74
35 78
35 83
35 95
35 98
36 41
36 44
36 55
36 58
36 60
36 77
36 80
36 84
36 85
37 38
37 41
37 47
37 48
37 51
37 52
37 53
37 54
37 58
37 65
37 66
37 75
37 77
37 84
37 87
37 90
37 98
38 40
38 45
38 47
38 50
38 51
38 53
38 65
38 67
38 71
38 72
38 76
38 82
38 85
38 96
38 99
39 43
39 49
39 50
39 53
39 56
39 60
39 69
39 72
39 78
39 80
39 84
39 91
39 98
40 44
40 46
40 51
40 58
40 67
40 72
40 76
40 82
40 94
40 95
40 99
41 43
41 52
41 57
41 58
41 69
41 73
41 77
41 78
41 79
41 82
41 91
41 92
42 44
42 51
42 54
42 59
42 73
42 76
42 77
42 82
42 83
42 93
43 48
43 51
43 63
43 71
43 72
43 74
43 76
43 79
43 85
44 55
44 65
44 68
44 74
44 84
44 88
44 89
44 91
45 46
45 47
45 48
45 55
45 62
45 75
45 88
45 90
45 91
45 94
45 95
46 51
46 55
46 56
46 59
46 60
46 63
46 65
46 77
46 79
46 90
46 91
46 94
46 95
47 48
47 51
47 54
47 58
47 65
47 72
47 84
47 87
47 91
47 95
47 98
48 49
48 57
48 58
48 74
48 76
48 80
48 82
48 88
48 92
48 93
49 54
49 72
49 76
49 83
49 88
49 89
49 99
50 55
50 56
50 65
50 66
50 68
50 70
50 75
50 83
50 93
50 94
50 98
51 53
51 64
51 65
51 74
51 76
51 77
51 78
51 93
51 95
52 57
52 63
52 64
52 66
52 70
52 76
52 84
52 86
52 88
52 90
52 98
53 55
53 56
53 61
53 66
53 67
53 80
53 82
54 64
54 66
54 79
54 82
54 86
54 88
54 91
55 57
55 67
55 73
55 83
55 87
55 98
56 57
56 61
56 65
56 67
56 69
56 72
56 78
56 79
56 87
56 91
56 93
56 97
57 61
57 69
57 70
57 71
57 72
57 76
57 80
57 84
57 87
57 91
57 98
57 99
58 62
58 68
58 69
58 75
58 82
58 84
58 88
58 96
59 62
59 63
59 75
59 90
59 92
59 95
60 62
60 72
60 82
60 86
61 62
61 70
61 71
61 72
61 77
61 81
61 87
61 98
62 74
63 64
63 65
63 68
63 75
63 82
63 86
63 87
63 89
64 69
64 84
64 87
64 90
64 94
64 96
65 66
65 75
65 93
66 78
66 95
66 97
67 69
67 71
67 81
67 85
67 96
67 97
67 99
68 71
68 75
68 82
68 83
68 84
68 90
68 93
68 96
68 98
69 73
69 74
69 83
69 87
69 93
69 96
70 72
70 77
70 81
70 83
70 87
70 97
71 79
71 80
71 91
71 94
71 95
71 97
71 99
72 73
72 81
72 87
72 96
72 98
72 99
73 75
73 83
73 84
73 87
73 92
74 77
74 79
74 83
75 85
75 94
76 78
76 79
76 84
76 85
76 86
76 88
76 99
77 81
77 87
77 89
77 96
78 79
78 83
78 90
78 94
79 88
79 92
80 93
80 96
81 87
81 89
82 93
82 96
82 97
82 98
83 85
83 90
83 92
83 97
83 98
84 85
84 93
84 99
85 90
85 91
86 92
86 94
86 97
87 88
87 93
88 90
88 97
89 91
89 93
89 95
89 98
90 94
90 95
90 99
91 96
92 93
92 96
92 97
92 99
93 97
94 96
94 97
95 97
96 99
97 98
98 99
