0 1
0 2
0 3
0 4
0 5
0 7
0 8
0 12
0 14
0 16
0 19
0 21
0 24
0 27
0 28
0 33
0 34
0 35
0 36
0 37
0 38
0 40
0 43
0 44
0 45
0 47
0 48
0 49
0 51
0 52
0 53
0 54
0 57
0 62
0 63
0 68
0 69
0 71
0 75
0 76
0 78
0 82
0 83
0 84
0 85
0 86
0 88
0 89
0 95
0 96
1 3
1 4
1 5
1 10
1 11
1 12
1 14
1 16
1 17
1 18
1 22
1 23
1 25
1 26
1 29
1 31
1 32
1 34
1 35
1 36
1 37
1 38
1 39
1 40
1 41
1 42
1 43
1 45
1 48
1 49
1 51
1 52
1 55
1 56
1 57
1 59
1 60
1 61
1 62
1 63
1 64
1 65
1 67
1 68
1 70
1 72
1 73
1 74
1 75
1 77
1 78
1 79
1 80
1 83
1 85
1 87
1 88
1 89
1 90
1 91
1 92
1 96
1 98
1 99
2 3
2 5
2 8
2 9
2 10
2 11
2 12
2 13
2 15
2 17
2 18
2 19
2 22
2 23
2 24
2 25
2 26
2 27
2 28
2 29
2 31
2 32
2 33
2 35
2 36
2 37
2 38
2 39
2 40
2 41
2 42
2 44
2 46
2 48
2 49
2 50
2 51
2 54
2 60
2 61
2 62
2 63
2 64
2 65
2 72
2 74
2 75
2 76
2 77
2 82
2 84
2 85
2 86
2 87
2 89
2 90
2 91
2 92
2 93
2 96
2 98
3 4
3 5
3 6
3 7
3 8
3 10
3 11
3 12
3 14
3 15
3 16
3 17
3 19
3 21
3 22
3 23
3 24
3 26
3 27
3 28
3 29
3 30
3 32
3 34
3 36
3 37
3 38
3 39
3 40
3 41
3 42
3 43
3 44
3 45
3 46
3 47
3 48
3 49
3 51
3 52
3 53
3 59
3 62
3 63
3 64
3 65
3 67
3 68
3 70
3 73
3 74
3 75
3 79
3 80
3 81
3 82
3 83
3 85
3 86
3 89
3 90
3 91
3 94
3 96
3 98
3 99
4 5
4 7
4 8
4 9
4 10
4 13
4 15
4 16
4 17
4 19
4 22
4 23
4 24
4 26
4 29
4 30
4 31
4 32
4 33
4 38
4 39
4 41
4 43
4 49
4 51
4 52
4 53
4 54
4 55
4 56
4 58
4 61
4 62
4 65
4 67
4 70
4 72
4 75
4 77
4 78
4 79
4 80
4 81
4 83
4 84
4 88
4 89
4 93
4 94
4 95
4 96
4 98
5 6
5 8
5 9
5 10
5 12
5 13
5 14
5 15
5 17
5 18
5 20
5 21
5 23
5 25
5 26
5 28
5 29
5 31
5 32
5 33
5 34
5 35
5 36
5 37
5 38
5 40
5 41
5 43
5 44
5 45
5 48
5 49
5 50
5 51
5 54
5 55
5 57
5 58
5 59
5 60
5 63
5 65
5 66
5 67
5 68
5 70
5 72
5 73
5 75
5 76
5 78
5 79
5 81
5 82
5 85
5 86
5 87
5 88
5 89
5 90
5 91
5 96
5 97
5 98
5 99
6 8
6 10
6 13
6 14
6 15
6 19
6 21
6 23
6 24
6 26
6 28
6 29
6 30
6 32
6 33
6 34
6 35
6 36
6 38
6 40
6 41
6 45
6 46
6 48
6 49
6 50
6 51
6 52
6 56
6 57
6 59
6 60
6 61
6 65
6 67
6 69
6 70
6 73
6 74
6 77
6 79
6 80
6 81
6 82
6 83
6 86
6 88
6 89
6 92
6 94
6 95
6 98
6 99
7 8
7 11
7 12
7 15
7 22
7 25
7 30
7 31
7 32
7 35
7 36
7 37
7 39
7 40
7 43
7 44
7 45
7 46
7 47
7 48
7 49
7 52
7 53
7 54
7 56
7 58
7 59
7 61
7 62
7 63
7 64
7 66
7 67
7 68
7 70
7 71
7 73
7 74
7 75
7 77
7 78
7 79
7 80
7 87
7 88
7 91
7 92
7 93
7 94
7 95
7 96
7 97
8 9
8 11
8 12
8 13
8 14
8 16
8 19
8 21
8 22
8 23
8 25
8 27
8 29
8 30
8 31
8 32
8 33
8 35
8 36
8 38
8 41
8 42
8 45
8 47
8 48
8 49
8 50
8 51
8 52
8 53
8 54
8 55
8 56
8 57
8 59
8 60
8 61
8 62
8 63
8 68
8 69
8 70
8 71
8 72
8 73
8 74
8 76
8 78
8 80
8 82
8 83
8 85
8 86
8 89
8 91
8 93
8 95
8 97
8 98
8 99
9 10
9 12
9 13
9 14
9 18
9 22
9 23
9 24
9 25
9 26
9 27
9 28
9 29
9 30
9 31
9 32
9 33
9 35
9 36
9 40
9 44
9 47
9 48
9 49
9 52
9 53
9 55
9 56
9 58
9 59
9 60
9 61
9 62
9 63
9 64
9 68
9 71
9 72
9 74
9 75
9 76
9 77
9 78
9 82
9 84
9 85
9 87
9 89
9 90
9 95
9 97
9 98
9 99
10 11
10 12
10 13
10 14
10 15
10 19
10 20
10 21
10 23
10 24
10 25
10 26
10 28
10 29
10 30
10 34
10 35
10 38
10 39
10 40
10 41
10 42
10 43
10 44
10 47
10 49
10 50
10 53
10 54
10 55
10 56
10 57
10 58
10 59
10 63
10 64
10 66
10 71
10 74
10 75
10 77
10 80
10 81
10 83
10 84
10 86
10 87
10 88
10 89
10 90
10 92
10 93
10 96
10 97
10 99
11 13
11 14
11 15
11 16
11 17
11 18
11 19
11 20
11 21
11 22
11 23
11 24
11 25
11 27
11 29
11 31
11 35
11 36
11 37
11 38
11 39
11 40
11 42
11 45
11 50
11 52
11 54
11 55
11 57
11 58
11 59
11 60
11 62
11 63
11 67
11 68
11 69
11 71
11 72
11 76
11 77
11 82
11 83
11 84
11 85
11 87
11 88
11 89
11 91
11 93
11 94
11 95
11 96
11 98
11 99
12 13
12 14
12 15
12 16
12 17
12 18
12 19
12 20
12 23
12 25
12 26
12 29
12 30
12 32
12 33
12 34
12 36
12 37
12 39
12 42
12 45
12 46
12 47
12 51
12 52
12 55
12 57
12 58
12 60
12 61
12 64
12 66
12 67
12 68
12 71
12 72
12 74
12 76
12 77
12 78
12 81
12 85
12 86
12 88
12 89
12 90
12 91
12 92
12 93
12 94
12 95
12 99
13 14
13 15
13 17
13 18
13 19
13 20
13 21
13 24
13 25
13 27
13 29
13 30
13 31
13 32
13 33
13 34
13 35
13 37
13 38
13 40
13 41
13 42
13 44
13 45
13 46
13 47
13 49
13 50
13 52
13 53
13 54
13 55
13 56
13 57
13 58
13 59
13 60
13 62
13 63
13 64
13 65
13 66
13 67
13 68
13 69
13 71
13 73
13 74
13 75
13 76
13 77
13 78
13 81
13 82
13 83
13 88
13 90
13 92
13 93
13 94
13 97
13 98
13 99
14 15
14 16
14 18
14 20
14 22
14 23
14 26
14 27
14 29
14 31
14 32
14 34
14 36
14 37
14 39
14 41
14 42
14 43
14 44
14 45
14 46
14 47
14 49
14 50
14 51
14 52
14 53
14 54
14 56
14 58
14 59
14 61
14 62
14 63
14 64
14 65
14 66
14 68
14 70
14 71
14 77
14 78
14 79
14 82
14 83
14 84
14 86
14 87
14 88
14 89
14 91
14 92
14 95
14 96
14 98
15 16
15 17
15 18
15 20
15 22
15 23
15 24
15 25
15 26
15 28
15 29
15 30
15 31
15 32
15 33
15 34
15 37
15 42
15 44
15 45
15 46
15 48
15 49
15 52
15 53
15 55
15 56
15 58
15 59
15 62
15 65
15 66
15 68
15 70
15 71
15 72
15 73
15 79
15 81
15 82
15 83
15 86
15 87
15 88
15 89
15 90
15 92
15 94
15 96
15 97
15 99
16 17
16 18
16 20
16 21
16 23
16 26
16 27
16 29
16 31
16 33
16 34
16 36
16 39
16 40
16 44
16 45
16 47
16 48
16 51
16 54
16 55
16 56
16 60
16 61
16 63
16 67
16 70
16 73
16 75
16 76
16 77
16 78
16 79
16 80
16 81
16 83
16 84
16 85
16 86
16 87
16 89
16 90
16 91
16 93
16 94
16 95
16 97
16 98
16 99
17 21
17 22
17 26
17 27
17 28
17 29
17 32
17 34
17 35
17 36
17 38
17 39
17 40
17 42
17 43
17 45
17 47
17 48
17 51
17 53
17 54
17 55
17 56
17 57
17 58
17 61
17 62
17 63
17 66
17 67
17 68
17 69
17 70
17 71
17 74
17 75
17 76
17 78
17 83
17 84
17 87
17 88
17 90
17 91
17 93
17 94
17 97
17 99
18 19
18 20
18 24
18 25
18 26
18 27
18 28
18 30
18 32
18 35
18 37
18 38
18 39
18 41
18 42
18 43
18 44
18 45
18 46
18 47
18 52
18 53
18 54
18 55
18 56
18 60
18 62
18 65
18 67
18 69
18 73
18 74
18 75
18 77
18 80
18 82
18 84
18 86
18 89
18 90
18 92
18 93
18 98
18 99
19 22
19 23
19 24
19 25
19 26
19 27
19 28
19 29
19 30
19 33
19 34
19 35
19 36
19 37
19 38
19 39
19 40
19 44
19 50
19 51
19 52
19 53
19 55
19 56
19 57
19 59
19 61
19 66
19 67
19 68
19 69
19 73
19 76
19 77
19 78
19 80
19 81
19 82
19 84
19 86
19 87
19 91
19 92
19 97
19 98
19 99
20 21
20 24
20 28
20 29
20 32
20 34
20 35
20 37
20 39
20 40
20 41
20 42
20 43
20 45
20 46
20 47
20 48
20 50
20 51
20 52
20 53
20 58
20 59
20 60
20 61
20 63
20 64
20 66
20 67
20 68
20 69
20 70
20 71
20 72
20 78
20 79
20 80
20 81
20 82
20 83
20 84
20 85
20 86
20 88
20 92
20 97
20 98
21 22
21 26
21 27
21 28
21 30
21 32
21 33
21 34
21 35
21 40
21 41
21 43
21 45
21 46
21 48
21 49
21 51
21 54
21 55
21 56
21 57
21 58
21 59
21 61
21 63
21 65
21 67
21 70
21 71
21 72
21 75
21 78
21 79
21 81
21 83
21 85
21 86
21 89
21 93
21 95
21 96
21 97
21 98
22 23
22 26
22 27
22 30
22 31
22 33
22 39
22 41
22 42
22 43
22 44
22 45
22 47
22 49
22 52
22 53
22 56
22 57
22 59
22 60
22 63
22 68
22 69
22 71
22 72
22 75
22 76
22 79
22 80
22 81
22 84
22 85
22 86
22 87
22 90
22 91
22 92
22 93
22 94
22 95
23 24
23 25
23 26
23 27
23 28
23 32
23 33
23 34
23 36
23 37
23 38
23 40
23 41
23 44
23 45
23 46
23 48
23 49
23 50
23 55
23 57
23 59
23 60
23 63
23 64
23 65
23 67
23 69
23 70
23 71
23 72
23 73
23 76
23 77
23 78
23 79
23 81
23 83
23 87
23 88
23 90
23 94
23 95
23 97
23 98
23 99
24 25
24 27
24 28
24 29
24 31
24 32
24 33
24 34
24 36
24 37
24 38
24 39
24 41
24 42
24 43
24 45
24 47
24 48
24 52
24 53
24 54
24 55
24 56
24 58
24 59
24 60
24 63
24 64
24 67
24 68
24 69
24 73
24 74
24 76
24 77
24 78
24 79
24 81
24 84
24 86
24 87
24 88
24 89
24 90
24 92
24 94
24 95
24 96
24 97
24 98
24 99
25 27
25 28
25 30
25 32
25 34
25 35
25 37
25 38
25 39
25 42
25 43
25 45
25 46
25 47
25 48
25 50
25 51
25 52
25 53
25 54
25 55
25 56
25 61
25 63
25 64
25 65
25 66
25 68
25 70
25 71
25 73
25 74
25 77
25 78
25 79
25 81
25 83
25 84
25 86
25 88
25 89
25 92
25 94
25 95
25 96
25 97
26 27
26 28
26 29
26 31
26 32
26 33
26 35
26 36
26 37
26 39
26 42
26 43
26 44
26 46
26 47
26 48
26 49
26 51
26 53
26 54
26 55
26 56
26 57
26 58
26 60
26 62
26 63
26 64
26 65
26 66
26 68
26 69
26 70
26 71
26 76
26 77
26 78
26 79
26 80
26 83
26 84
26 85
26 86
26 87
26 89
26 92
26 93
26 94
26 96
26 97
26 99
27 29
27 30
27 32
27 33
27 34
27 35
27 38
27 39
27 40
27 41
27 42
27 43
27 44
27 46
27 47
27 48
27 50
27 51
27 52
27 53
27 56
27 57
27 59
27 60
27 62
27 63
27 66
27 68
27 69
27 70
27 73
27 74
27 75
27 78
27 82
27 85
27 86
27 87
27 88
27 91
27 94
27 96
27 98
28 29
28 32
28 34
28 36
28 38
28 40
28 41
28 42
28 43
28 44
28 45
28 46
28 48
28 52
28 53
28 56
28 61
28 62
28 63
28 64
28 65
28 67
28 69
28 70
28 72
28 73
28 77
28 78
28 79
28 81
28 83
28 86
28 87
28 88
28 91
28 92
28 94
28 97
28 98
28 99
29 31
29 35
29 36
29 38
29 40
29 41
29 42
29 43
29 46
29 51
29 52
29 56
29 57
29 60
29 61
29 63
29 64
29 65
29 66
29 71
29 73
29 74
29 75
29 76
29 79
29 81
29 83
29 84
29 85
29 86
29 87
29 93
29 95
29 97
29 98
29 99
30 32
30 36
30 37
30 39
30 40
30 41
30 46
30 47
30 48
30 49
30 51
30 52
30 53
30 58
30 60
30 61
30 62
30 64
30 65
30 66
30 68
30 71
30 72
30 73
30 75
30 79
30 80
30 81
30 82
30 84
30 85
30 87
30 88
30 89
30 93
30 96
30 98
30 99
31 32
31 33
31 34
31 35
31 36
31 37
31 38
31 40
31 42
31 44
31 45
31 46
31 47
31 48
31 49
31 50
31 51
31 52
31 57
31 58
31 59
31 60
31 62
31 63
31 64
31 66
31 67
31 71
31 72
31 74
31 76
31 77
31 80
31 81
31 82
31 83
31 84
31 85
31 87
31 88
31 89
31 90
31 91
31 92
31 94
31 95
31 98
31 99
32 33
32 34
32 38
32 39
32 40
32 42
32 45
32 46
32 48
32 49
32 50
32 52
32 55
32 57
32 58
32 59
32 60
32 64
32 65
32 66
32 67
32 68
32 71
32 72
32 73
32 74
32 75
32 76
32 77
32 81
32 83
32 84
32 86
32 88
32 90
32 91
32 92
32 95
32 96
32 97
32 99
33 34
33 35
33 37
33 40
33 41
33 42
33 45
33 46
33 47
33 48
33 49
33 51
33 53
33 54
33 55
33 56
33 57
33 58
33 59
33 60
33 61
33 66
33 67
33 68
33 69
33 70
33 73
33 76
33 77
33 78
33 79
33 80
33 83
33 86
33 88
33 89
33 90
33 91
33 92
33 93
33 94
33 96
34 35
34 36
34 38
34 39
34 41
34 42
34 43
34 44
34 45
34 49
34 51
34 52
34 53
34 55
34 56
34 62
34 64
34 65
34 66
34 67
34 72
34 73
34 74
34 76
34 77
34 78
34 79
34 82
34 83
34 84
34 86
34 87
34 90
34 92
34 96
34 97
34 98
35 36
35 37
35 41
35 42
35 45
35 46
35 47
35 49
35 50
35 51
35 52
35 53
35 54
35 55
35 56
35 57
35 58
35 59
35 60
35 61
35 62
35 63
35 64
35 66
35 68
35 70
35 71
35 72
35 74
35 75
35 76
35 77
35 78
35 79
35 81
35 82
35 85
35 86
35 88
35 91
35 92
35 93
35 96
35 99
36 37
36 39
36 44
36 45
36 46
36 48
36 49
36 53
36 54
36 55
36 61
36 63
36 64
36 66
36 67
36 68
36 74
36 76
36 78
36 79
36 84
36 85
36 86
36 88
36 89
36 91
36 92
36 94
36 96
36 97
36 99
37 40
37 42
37 43
37 45
37 47
37 50
37 51
37 52
37 55
37 58
37 60
37 61
37 62
37 64
37 66
37 67
37 68
37 69
37 71
37 75
37 76
37 77
37 78
37 79
37 81
37 84
37 86
37 87
37 88
37 90
37 95
37 96
38 39
38 40
38 41
38 45
38 46
38 47
38 49
38 50
38 51
38 53
38 56
38 58
38 60
38 61
38 64
38 67
38 68
38 70
38 71
38 73
38 74
38 75
38 76
38 78
38 80
38 84
38 85
38 87
38 88
38 91
38 92
38 94
38 95
38 96
38 97
38 98
39 40
39 41
39 42
39 43
39 44
39 46
39 47
39 49
39 50
39 53
39 54
39 56
39 57
39 58
39 59
39 60
39 63
39 65
39 68
39 69
39 71
39 73
39 74
39 75
39 77
39 78
39 81
39 82
39 86
39 88
39 90
39 91
39 92
39 94
39 95
39 96
39 98
39 99
40 41
40 42
40 43
40 44
40 49
40 52
40 54
40 55
40 56
40 60
40 64
40 66
40 70
40 72
40 75
40 76
40 78
40 82
40 84
40 85
40 86
40 88
40 91
40 92
40 94
40 96
40 99
41 43
41 44
41 47
41 50
41 52
41 53
41 56
41 57
41 58
41 59
41 62
41 64
41 65
41 66
41 67
41 68
41 72
41 73
41 75
41 77
41 78
41 79
41 80
41 81
41 82
41 83
41 84
41 88
41 94
41 97
42 45
42 47
42 49
42 50
42 53
42 54
42 58
42 60
42 62
42 63
42 64
42 68
42 69
42 70
42 71
42 72
42 74
42 75
42 76
42 77
42 78
42 79
42 82
42 83
42 84
42 85
42 86
42 90
42 91
42 92
42 95
42 96
42 97
42 98
42 99
43 44
43 45
43 47
43 54
43 55
43 57
43 58
43 61
43 62
43 64
43 66
43 71
43 73
43 75
43 76
43 77
43 78
43 79
43 81
43 82
43 83
43 86
43 87
43 88
43 89
43 93
43 94
43 95
43 98
43 99
44 45
44 47
44 48
44 49
44 50
44 51
44 52
44 53
44 54
44 57
44 58
44 61
44 62
44 63
44 64
44 65
44 67
44 68
44 69
44 71
44 72
44 74
44 75
44 77
44 78
44 79
44 80
44 82
44 84
44 90
44 93
44 96
44 97
44 98
44 99
45 46
45 48
45 50
45 51
45 52
45 53
45 54
45 55
45 56
45 60
45 61
45 62
45 65
45 67
45 68
45 69
45 70
45 71
45 74
45 75
45 77
45 78
45 83
45 84
45 88
45 91
45 95
45 96
45 99
46 47
46 48
46 51
46 53
46 54
46 56
46 57
46 58
46 59
46 64
46 65
46 66
46 67
46 68
46 70
46 71
46 75
46 79
46 80
46 82
46 83
46 84
46 85
46 86
46 88
46 89
46 90
46 91
46 92
46 93
46 94
46 98
47 49
47 50
47 53
47 54
47 56
47 57
47 61
47 65
47 66
47 67
47 71
47 73
47 74
47 75
47 76
47 78
47 79
47 81
47 82
47 83
47 85
47 87
47 88
47 89
47 90
47 93
47 94
47 96
47 97
47 98
47 99
48 50
48 51
48 52
48 53
48 55
48 56
48 57
48 58
48 59
48 62
48 64
48 65
48 66
48 67
48 68
48 70
48 72
48 73
48 74
48 76
48 77
48 78
48 81
48 82
48 83
48 84
48 87
48 89
48 92
48 93
48 95
48 96
48 97
48 98
49 50
49 51
49 52
49 56
49 57
49 59
49 60
49 62
49 63
49 65
49 67
49 68
49 69
49 72
49 73
49 76
49 80
49 83
49 84
49 85
49 87
49 90
49 92
49 96
49 97
49 99
50 51
50 53
50 54
50 55
50 58
50 59
50 61
50 62
50 65
50 66
50 67
50 69
50 71
50 73
50 74
50 76
50 77
50 79
50 82
50 86
50 87
50 88
50 92
50 97
50 99
51 52
51 53
51 54
51 57
51 58
51 59
51 60
51 61
51 62
51 64
51 65
51 66
51 67
51 69
51 70
51 71
51 72
51 73
51 75
51 76
51 77
51 80
51 81
51 83
51 85
51 86
51 89
51 90
51 92
51 93
51 94
51 95
51 96
51 98
51 99
52 53
52 55
52 56
52 57
52 58
52 59
52 63
52 64
52 65
52 66
52 67
52 68
52 69
52 70
52 71
52 72
52 75
52 77
52 80
52 82
52 83
52 85
52 86
52 87
52 88
52 89
52 90
52 91
52 93
52 96
52 97
52 98
52 99
53 55
53 58
53 63
53 64
53 65
53 66
53 67
53 69
53 70
53 72
53 74
53 75
53 76
53 78
53 80
53 81
53 82
53 83
53 85
53 87
53 92
53 93
53 95
53 96
53 97
53 98
54 56
54 57
54 58
54 59
54 60
54 65
54 68
54 69
54 71
54 72
54 74
54 76
54 77
54 78
54 79
54 80
54 82
54 84
54 85
54 86
54 88
54 89
54 91
54 94
54 95
54 96
54 97
54 98
54 99
55 57
55 58
55 61
55 64
55 68
55 70
55 71
55 73
55 74
55 75
55 78
55 80
55 81
55 83
55 85
55 86
55 87
55 89
55 90
55 91
55 92
55 93
55 95
55 96
55 97
55 98
55 99
56 57
56 58
56 59
56 63
56 65
56 67
56 69
56 70
56 72
56 73
56 74
56 76
56 78
56 79
56 80
56 81
56 82
56 88
56 89
56 90
56 91
56 92
56 96
56 97
56 98
56 99
57 58
57 61
57 62
57 63
57 66
57 69
57 70
57 71
57 74
57 77
57 79
57 80
57 81
57 83
57 84
57 87
57 89
57 90
57 92
57 93
57 94
57 95
57 97
57 99
58 59
58 61
58 62
58 64
58 68
58 70
58 71
58 72
58 73
58 75
58 76
58 77
58 79
58 81
58 83
58 85
58 87
58 88
58 89
58 91
58 94
58 95
58 97
58 99
59 62
59 64
59 67
59 68
59 69
59 70
59 71
59 73
59 74
59 76
59 77
59 78
59 79
59 81
59 82
59 84
59 85
59 86
59 87
59 90
59 91
59 92
59 94
59 96
59 97
59 98
59 99
60 61
60 65
60 66
60 69
60 70
60 71
60 72
60 74
60 75
60 76
60 77
60 78
60 79
60 80
60 83
60 85
60 87
60 89
60 90
60 91
60 92
60 93
60 94
60 96
60 98
60 99
61 62
61 64
61 65
61 68
61 69
61 71
61 73
61 74
61 77
61 79
61 80
61 82
61 83
61 85
61 86
61 87
61 88
61 91
61 93
61 95
61 96
61 97
61 98
61 99
62 64
62 66
62 67
62 69
62 71
62 73
62 74
62 77
62 78
62 80
62 81
62 82
62 84
62 85
62 86
62 87
62 89
62 90
62 91
62 92
62 93
62 94
62 96
62 97
62 98
63 65
63 66
63 67
63 69
63 70
63 71
63 73
63 74
63 75
63 77
63 80
63 83
63 84
63 85
63 88
63 91
63 92
63 93
63 96
63 97
63 98
64 65
64 67
64 68
64 69
64 71
64 73
64 76
64 77
64 78
64 79
64 81
64 83
64 86
64 88
64 89
64 90
64 91
64 94
64 95
64 96
64 97
64 99
65 67
65 68
65 69
65 70
65 71
65 72
65 77
65 79
65 80
65 83
65 88
65 89
65 90
65 92
65 93
65 94
65 96
65 97
65 99
66 67
66 68
66 69
66 71
66 72
66 76
66 78
66 79
66 81
66 82
66 83
66 84
66 85
66 86
66 91
66 92
66 96
66 99
67 68
67 69
67 70
67 73
67 74
67 75
67 76
67 77
67 82
67 83
67 87
67 88
67 89
67 91
67 94
67 96
67 98
68 70
68 71
68 72
68 73
68 74
68 75
68 78
68 79
68 80
68 81
68 82
68 84
68 85
68 87
68 89
68 90
68 93
68 94
68 95
68 96
68 99
69 70
69 74
69 76
69 77
69 82
69 84
69 85
69 87
69 89
69 90
69 92
69 94
69 95
69 96
69 99
70 71
70 76
70 78
70 79
70 80
70 81
70 82
70 84
70 85
70 89
70 90
70 91
70 92
70 93
70 95
70 96
70 97
70 99
71 73
71 74
71 75
71 76
71 80
71 81
71 83
71 84
71 87
71 88
71 91
71 92
71 93
71 94
71 96
71 97
71 99
72 73
72 75
72 76
72 77
72 78
72 79
72 80
72 82
72 83
72 84
72 86
72 88
72 89
72 91
72 93
72 94
72 95
72 96
72 98
72 99
73 74
73 76
73 77
73 78
73 79
73 80
73 81
73 82
73 83
73 86
73 88
73 89
73 91
73 92
73 93
73 96
73 97
73 98
73 99
74 76
74 77
74 79
74 80
74 81
74 84
74 85
74 86
74 88
74 89
74 90
74 91
74 93
74 95
74 97
74 98
74 99
75 76
75 77
75 78
75 79
75 80
75 81
75 82
75 83
75 84
75 86
75 87
75 88
75 89
75 90
75 98
75 99
76 77
76 79
76 81
76 82
76 83
76 84
76 87
76 88
76 90
76 92
76 93
76 95
76 98
77 79
77 81
77 83
77 85
77 86
77 89
77 91
77 92
77 95
77 97
77 98
77 99
78 79
78 85
78 86
78 87
78 89
78 91
78 93
78 94
78 95
78 96
78 98
79 81
79 82
79 85
79 88
79 89
79 92
79 94
79 96
79 97
79 98
80 81
80 82
80 83
80 85
80 87
80 88
80 90
80 94
80 99
81 82
81 83
81 85
81 86
81 87
81 89
81 91
81 93
81 94
81 98
81 99
82 83
82 84
82 87
82 93
82 94
82 96
82 97
82 98
82 99
83 85
83 86
83 87
83 88
83 89
83 91
83 92
83 93
83 94
83 96
83 98
84 85
84 87
84 89
84 91
84 93
84 94
84 95
84 96
84 97
84 98
84 99
85 87
85 89
85 92
85 93
85 94
85 95
85 97
86 87
86 88
86 89
86 90
86 91
86 92
86 93
86 95
86 97
86 99
87 89
87 90
87 94
87 95
87 97
87 98
87 99
88 90
88 93
88 94
88 96
88 98
88 99
89 92
89 95
89 98
89 99
90 92
90 95
90 97
91 92
91 93
91 95
91 96
91 97
91 98
91 99
92 95
92 96
92 97
92 98
92 99
93 94
93 95
93 96
93 99
94 95
95 97
95 98
96 97
96 98
96 99
97 99
98 99
