0 1
0 7
0 10
0 14
0 17
0 19
0 22
0 24
0 31
0 33
0 35
0 37
0 39
0 43
0 45
0 50
0 53
0 54
0 56
0 65
0 70
0 72
0 73
0 75
0 78
0 79
0 82
0 84
0 86
0 88
0 90
0 91
0 95
0 98
1 5
1 7
1 8
1 9
1 10
1 11
1 14
1 15
1 16
1 19
1 20
1 21
1 27
1 28
1 31
1 32
1 42
1 43
1 44
1 45
1 47
1 52
1 53
1 57
1 58
1 59
1 63
1 67
1 71
1 72
1 73
1 76
1 77
1 82
1 83
1 87
1 92
1 94
1 95
1 96
1 98
1 99
2 5
2 8
2 11
2 14
2 15
2 18
2 19
2 20
2 21
2 24
2 25
2 26
2 28
2 32
2 34
2 38
2 39
2 42
2 43
2 49
2 56
2 59
2 60
2 63
2 70
2 73
2 74
2 75
2 76
2 77
2 78
2 82
2 84
2 85
2 86
2 90
2 91
2 92
2 93
2 95
2 97
2 98
3 7
3 9
3 13
3 17
3 21
3 24
3 25
3 26
3 28
3 29
3 31
3 32
3 33
3 36
3 37
3 39
3 42
3 44
3 45
3 46
3 47
3 51
3 52
3 53
3 55
3 59
3 63
3 65
3 67
3 68
3 69
3 70
3 71
3 73
3 76
3 78
3 79
3 83
3 84
3 86
3 88
3 89
3 91
3 92
3 94
3 97
4 5
4 8
4 10
4 11
4 13
4 16
4 17
4 18
4 19
4 22
4 23
4 28
4 31
4 37
4 38
4 40
4 41
4 44
4 45
4 47
4 49
4 50
4 52
4 54
4 55
4 58
4 62
4 67
4 71
4 73
4 74
4 82
4 85
4 86
4 88
4 89
4 91
4 92
4 93
4 94
4 96
4 97
4 98
4 99
5 6
5 8
5 10
5 13
5 14
5 15
5 16
5 18
5 32
5 34
5 36
5 37
5 39
5 42
5 43
5 46
5 47
5 48
5 53
5 61
5 62
5 64
5 66
5 67
5 69
5 71
5 72
5 73
5 80
5 82
5 83
5 94
5 98
6 8
6 14
6 16
6 18
6 23
6 27
6 32
6 38
6 42
6 44
6 51
6 52
6 54
6 55
6 56
6 58
6 60
6 62
6 66
6 67
6 68
6 72
6 74
6 75
6 77
6 78
6 79
6 80
6 85
6 88
6 90
6 92
6 93
6 94
6 95
6 99
7 8
7 10
7 12
7 15
7 16
7 17
7 18
7 19
7 20
7 23
7 24
7 25
7 28
7 29
7 32
7 38
7 39
7 41
7 44
7 51
7 53
7 56
7 61
7 63
7 69
7 73
7 74
7 76
7 77
7 79
7 80
7 83
7 85
7 87
7 91
7 94
7 97
8 9
8 10
8 12
8 14
8 20
8 23
8 24
8 25
8 27
8 31
8 36
8 37
8 43
8 46
8 48
8 51
8 53
8 58
8 65
8 69
8 73
8 74
8 76
8 78
8 80
8 81
8 82
8 86
8 87
8 95
8 96
8 98
8 99
9 10
9 11
9 12
9 13
9 19
9 21
9 22
9 24
9 28
9 29
9 32
9 34
9 39
9 40
9 42
9 44
9 48
9 49
9 50
9 55
9 58
9 60
9 61
9 63
9 69
9 77
9 79
9 83
9 87
9 88
9 98
9 99
10 12
10 15
10 20
10 22
10 23
10 25
10 26
10 28
10 31
10 34
10 35
10 37
10 38
10 39
10 40
10 41
10 44
10 47
10 49
10 50
10 51
10 52
10 54
10 61
10 65
10 67
10 68
10 69
10 73
10 74
10 75
10 76
10 77
10 83
10 84
10 86
10 88
10 92
10 93
10 99
11 16
11 18
11 19
11 20
11 22
11 24
11 27
11 28
11 29
11 33
11 36
11 40
11 42
11 43
11 44
11 46
11 47
11 48
11 50
11 52
11 56
11 57
11 60
11 61
11 63
11 64
11 68
11 69
11 72
11 76
11 79
11 80
11 82
11 84
11 85
11 87
11 88
11 91
11 94
11 97
12 15
12 17
12 19
12 22
12 23
12 25
12 26
12 27
12 28
12 32
12 33
12 40
12 43
12 46
12 48
12 50
12 61
12 64
12 66
12 68
12 74
12 77
12 80
12 82
12 86
12 87
12 88
12 90
12 91
12 92
12 93
12 94
12 95
12 96
12 98
13 14
13 16
13 20
13 21
13 24
13 28
13 32
13 35
13 39
13 40
13 41
13 45
13 46
13 47
13 48
13 52
13 58
13 60
13 63
13 65
13 66
13 67
13 68
13 73
13 74
13 76
13 77
13 78
13 79
13 82
13 83
13 84
13 85
13 86
13 87
13 91
13 94
13 96
13 97
13 98
13 99
14 17
14 18
14 20
14 22
14 26
14 30
14 31
14 35
14 46
14 47
14 50
14 51
14 55
14 60
14 61
14 63
14 65
14 66
14 67
14 68
14 70
14 71
14 73
14 76
14 77
14 81
14 82
14 85
14 88
14 89
14 90
14 92
14 93
14 94
14 95
14 97
15 17
15 21
15 22
15 24
15 25
15 28
15 29
15 32
15 33
15 36
15 37
15 38
15 40
15 45
15 46
15 48
15 51
15 55
15 60
15 61
15 64
15 65
15 68
15 69
15 70
15 73
15 76
15 77
15 80
15 81
15 82
15 85
15 89
15 93
16 17
16 18
16 19
16 21
16 23
16 24
16 25
16 27
16 28
16 30
16 34
16 36
16 38
16 41
16 43
16 46
16 54
16 61
16 62
16 64
16 67
16 73
16 82
16 87
16 93
16 96
16 98
17 19
17 22
17 23
17 25
17 26
17 33
17 34
17 35
17 38
17 41
17 46
17 48
17 49
17 53
17 56
17 60
17 63
17 65
17 68
17 74
17 75
17 78
17 80
17 83
17 88
17 89
17 91
17 93
17 97
18 21
18 22
18 23
18 25
18 29
18 30
18 31
18 36
18 37
18 40
18 42
18 43
18 44
18 45
18 46
18 47
18 52
18 53
18 54
18 56
18 60
18 62
18 63
18 64
18 65
18 68
18 71
18 75
18 76
18 79
18 83
18 85
18 93
19 20
19 22
19 24
19 27
19 30
19 31
19 32
19 36
19 40
19 41
19 45
19 46
19 48
19 49
19 52
19 53
19 57
19 60
19 61
19 62
19 63
19 64
19 65
19 69
19 75
19 78
19 80
19 82
19 84
19 85
19 87
19 88
19 89
19 91
19 92
19 94
19 98
20 24
20 26
20 30
20 33
20 35
20 38
20 40
20 41
20 43
20 44
20 45
20 47
20 48
20 51
20 55
20 60
20 65
20 66
20 69
20 72
20 73
20 75
20 82
20 84
20 85
20 86
20 92
20 93
21 24
21 26
21 27
21 28
21 31
21 35
21 38
21 39
21 42
21 45
21 46
21 49
21 50
21 52
21 53
21 54
21 55
21 56
21 57
21 59
21 62
21 63
21 64
21 66
21 72
21 73
21 74
21 79
21 80
21 84
21 87
21 88
21 89
21 91
21 92
21 97
21 99
22 24
22 25
22 26
22 27
22 28
22 29
22 35
22 36
22 47
22 48
22 49
22 53
22 56
22 60
22 71
22 73
22 76
22 78
22 82
22 83
22 85
22 88
22 90
22 91
22 92
22 93
22 94
22 95
22 96
22 97
23 26
23 30
23 31
23 33
23 41
23 42
23 46
23 47
23 48
23 53
23 61
23 62
23 63
23 64
23 67
23 69
23 73
23 79
23 81
23 86
23 88
23 89
23 90
23 91
23 95
23 96
24 30
24 32
24 33
24 35
24 41
24 44
24 45
24 56
24 57
24 58
24 59
24 62
24 64
24 70
24 73
24 76
24 77
24 78
24 84
24 86
24 88
24 89
24 95
24 99
25 32
25 34
25 38
25 39
25 42
25 43
25 45
25 49
25 50
25 60
25 63
25 65
25 66
25 68
25 71
25 78
25 81
25 85
25 86
25 89
25 91
25 98
26 28
26 29
26 30
26 31
26 37
26 38
26 39
26 40
26 42
26 43
26 44
26 45
26 46
26 47
26 53
26 60
26 63
26 65
26 66
26 71
26 72
26 73
26 76
26 81
26 84
26 88
26 93
26 95
26 98
27 28
27 29
27 32
27 33
27 36
27 37
27 38
27 39
27 41
27 43
27 44
27 47
27 48
27 51
27 52
27 55
27 59
27 64
27 70
27 72
27 73
27 76
27 77
27 79
27 81
27 82
27 86
27 88
27 93
27 96
27 98
27 99
28 32
28 34
28 37
28 39
28 41
28 44
28 45
28 47
28 52
28 55
28 59
28 66
28 71
28 72
28 73
28 75
28 87
28 89
28 90
28 91
28 92
28 93
28 96
29 32
29 36
29 39
29 47
29 58
29 61
29 65
29 68
29 70
29 71
29 74
29 75
29 78
29 79
29 80
29 82
29 86
29 92
29 93
29 94
29 95
29 96
29 97
29 99
30 32
30 34
30 35
30 38
30 41
30 43
30 44
30 46
30 47
30 49
30 55
30 56
30 59
30 60
30 61
30 63
30 65
30 66
30 67
30 68
30 69
30 70
30 71
30 77
30 81
30 82
30 84
30 86
30 88
30 97
31 36
31 42
31 47
31 49
31 52
31 54
31 57
31 58
31 59
31 63
31 64
31 65
31 66
31 71
31 72
31 73
31 74
31 76
31 77
31 82
31 88
31 89
31 92
31 93
31 94
31 98
32 34
32 36
32 37
32 38
32 39
32 40
32 41
32 44
32 48
32 49
32 50
32 52
32 54
32 56
32 58
32 59
32 61
32 62
32 64
32 68
32 70
32 71
32 72
32 73
32 76
32 82
32 83
32 84
32 87
32 89
32 90
32 91
32 94
32 95
32 96
32 99
33 41
33 42
33 44
33 47
33 50
33 51
33 52
33 56
33 59
33 60
33 61
33 63
33 65
33 68
33 71
33 74
33 76
33 78
33 79
33 80
33 82
33 85
33 86
33 88
33 90
33 92
33 94
33 96
33 97
34 35
34 37
34 40
34 43
34 45
34 46
34 47
34 49
34 50
34 53
34 61
34 64
34 65
34 66
34 69
34 70
34 72
34 73
34 75
34 77
34 78
34 79
34 80
34 83
34 85
34 86
34 94
34 97
35 40
35 43
35 46
35 47
35 49
35 51
35 52
35 58
35 62
35 64
35 65
35 67
35 68
35 75
35 77
35 78
35 80
35 84
35 86
35 87
35 90
35 92
35 98
36 38
36 44
36 45
36 46
36 48
36 52
36 62
36 63
36 64
36 66
36 69
36 70
36 71
36 76
36 81
36 84
36 87
36 89
36 92
36 96
36 97
36 99
37 41
37 47
37 48
37 49
37 50
37 54
37 57
37 59
37 67
37 70
37 71
37 75
37 76
37 77
37 79
37 81
37 82
37 87
37 88
37 89
37 92
37 96
38 39
38 40
38 41
38 43
38 44
38 48
38 49
38 50
38 54
38 56
38 59
38 60
38 63
38 64
38 65
38 69
38 70
38 71
38 72
38 74
38 78
38 83
38 87
38 88
38 94
38 95
38 96
38 98
39 40
39 42
39 43
39 46
39 48
39 52
39 53
39 54
39 58
39 60
39 62
39 65
39 66
39 67
39 68
39 71
39 72
39 80
39 83
39 86
39 90
39 95
39 96
39 97
39 98
39 99
40 42
40 45
40 47
40 48
40 50
40 52
40 53
40 55
40 57
40 58
40 60
40 62
40 64
40 68
40 69
40 70
40 71
40 74
40 76
40 77
40 80
40 83
40 87
40 90
40 91
40 94
40 98
40 99
41 42
41 43
41 44
41 46
41 47
41 49
41 54
41 61
41 64
41 67
41 70
41 71
41 72
41 76
41 80
41 82
41 83
41 87
41 91
41 92
41 93
41 99
42 43
42 44
42 47
42 49
42 53
42 55
42 56
42 57
42 58
42 59
42 61
42 64
42 70
42 71
42 78
42 83
42 89
42 92
42 98
43 44
43 45
43 46
43 47
43 50
43 52
43 72
43 74
43 75
43 76
43 78
43 80
43 84
43 85
43 88
43 90
43 92
43 93
43 94
44 45
44 47
44 48
44 49
44 51
44 55
44 56
44 57
44 58
44 59
44 64
44 65
44 66
44 68
44 71
44 74
44 75
44 78
44 80
44 84
44 89
44 91
44 94
44 99
45 48
45 51
45 53
45 56
45 61
45 62
45 70
45 74
45 75
45 79
45 80
45 81
45 84
45 85
45 87
45 88
45 92
45 95
46 47
46 48
46 50
46 53
46 54
46 55
46 57
46 59
46 61
46 63
46 68
46 71
46 72
46 73
46 75
46 76
46 77
46 83
46 84
46 85
46 87
46 91
46 93
46 95
47 48
47 49
47 51
47 54
47 55
47 58
47 62
47 66
47 67
47 69
47 71
47 78
47 79
47 80
47 81
47 83
47 84
47 86
47 92
47 96
47 98
48 51
48 53
48 56
48 58
48 60
48 61
48 62
48 63
48 64
48 67
48 68
48 73
48 75
48 77
48 78
48 80
48 81
48 86
48 87
48 89
48 91
48 96
49 51
49 55
49 57
49 59
49 60
49 62
49 63
49 67
49 68
49 70
49 71
49 72
49 75
49 76
49 78
49 80
49 81
49 89
49 90
49 96
49 98
50 51
50 53
50 60
50 62
50 65
50 71
50 72
50 74
50 75
50 78
50 80
50 83
50 86
50 90
50 91
50 93
50 94
50 96
50 99
51 52
51 57
51 58
51 59
51 60
51 62
51 63
51 64
51 65
51 66
51 68
51 69
51 71
51 73
51 74
51 78
51 82
51 85
51 87
51 89
51 90
51 96
51 97
51 98
51 99
52 53
52 58
52 60
52 61
52 62
52 64
52 69
52 71
52 73
52 74
52 75
52 76
52 78
52 80
52 83
52 84
52 89
52 90
52 91
52 93
52 94
52 96
52 97
53 57
53 60
53 64
53 66
53 72
53 77
53 79
53 80
53 81
53 91
53 94
53 95
54 57
54 60
54 62
54 63
54 64
54 65
54 69
54 70
54 75
54 76
54 78
54 80
54 82
54 83
54 84
54 87
54 88
54 89
54 90
54 91
54 95
54 98
55 58
55 59
55 61
55 63
55 65
55 67
55 71
55 76
55 77
55 78
55 80
55 81
55 82
55 84
55 86
55 90
55 92
55 94
55 96
55 97
55 98
56 57
56 59
56 60
56 62
56 65
56 66
56 68
56 71
56 74
56 75
56 78
56 79
56 82
56 83
56 85
56 86
56 89
56 90
56 92
56 96
56 97
57 58
57 65
57 68
57 69
57 70
57 72
57 74
57 76
57 77
57 78
57 79
57 80
57 82
57 85
57 89
57 91
57 95
57 96
58 64
58 69
58 70
58 71
58 73
58 77
58 82
58 96
58 97
58 98
59 64
59 65
59 66
59 68
59 70
59 74
59 75
59 78
59 80
59 81
59 85
59 88
59 91
59 92
59 95
60 61
60 64
60 65
60 66
60 67
60 70
60 74
60 76
60 77
60 78
60 79
60 80
60 81
60 83
60 85
60 86
60 90
60 95
60 97
61 62
61 63
61 66
61 71
61 72
61 75
61 77
61 81
61 84
61 85
61 87
61 88
61 91
61 93
62 63
62 64
62 65
62 70
62 76
62 77
62 78
62 84
62 85
62 88
62 89
62 94
62 96
62 99
63 67
63 68
63 69
63 71
63 77
63 79
63 80
63 83
63 84
63 90
63 91
63 92
63 93
63 94
63 95
63 97
64 67
64 68
64 69
64 70
64 73
64 74
64 75
64 76
64 77
64 79
64 81
64 82
64 85
64 90
64 91
64 95
64 98
65 68
65 69
65 71
65 73
65 75
65 77
65 78
65 80
65 86
65 88
65 90
65 92
65 93
65 94
65 99
66 68
66 69
66 70
66 76
66 77
66 78
66 80
66 82
66 83
66 84
66 85
66 90
66 91
66 93
66 95
66 98
67 69
67 70
67 72
67 73
67 74
67 75
67 76
67 77
67 79
67 82
67 86
67 87
67 88
67 89
67 91
67 93
67 94
67 96
68 69
68 70
68 71
68 73
68 75
68 78
68 79
68 84
68 85
68 88
68 89
68 92
68 94
68 99
69 74
69 78
69 79
69 81
69 84
69 85
69 89
69 91
69 92
69 93
69 96
69 98
70 71
70 72
70 78
70 79
70 81
70 86
70 87
70 88
70 89
70 96
71 73
71 79
71 80
71 82
71 85
71 88
71 93
72 73
72 76
72 82
72 85
72 87
72 91
72 92
72 97
73 74
73 78
73 82
73 85
73 86
73 87
73 92
73 97
74 77
74 81
74 86
74 91
74 93
74 98
75 76
75 77
75 80
75 81
75 87
75 88
75 91
75 99
76 77
76 79
76 80
76 81
76 83
76 84
76 86
76 87
76 88
76 90
76 91
76 92
76 95
76 99
77 78
77 79
77 82
77 83
77 85
77 86
77 87
77 91
77 92
77 94
78 83
78 85
78 92
79 83
79 88
79 90
79 92
79 98
79 99
80 82
80 83
80 84
80 85
80 90
80 92
80 93
80 94
81 82
81 83
81 88
81 89
81 92
81 96
82 83
82 84
82 85
82 86
82 88
82 91
82 92
82 95
82 97
82 98
83 87
83 89
83 90
83 91
83 93
83 95
83 96
83 98
83 99
84 88
84 89
84 91
84 92
84 93
84 95
85 88
85 94
85 96
85 98
85 99
86 88
86 93
86 94
86 95
86 99
87 90
87 92
87 95
87 97
88 90
88 91
88 92
88 93
88 97
88 99
89 92
89 93
89 94
89 95
90 94
90 96
91 96
91 99
92 94
92 97
93 95
93 96
93 98
94 96
94 97
94 98
94 99
95 96
95 97
95 98
96 97
97 98
97 99
98 99
