0 1
0 2
0 4
0 8
0 9
0 10
0 13
0 14
0 16
0 19
0 20
0 21
0 25
0 29
0 30
0 34
0 35
0 36
0 39
0 40
0 42
0 45
0 50
0 56
0 57
0 59
0 60
0 64
0 65
0 66
0 68
0 69
0 74
0 78
0 80
0 81
0 82
0 84
0 86
0 87
0 88
0 89
0 91
0 92
0 93
0 97
1 4
1 6
1 7
1 9
1 10
1 11
1 12
1 13
1 14
1 15
1 16
1 21
1 22
1 25
1 26
1 30
1 31
1 32
1 34
1 35
1 37
1 38
1 39
1 40
1 42
1 44
1 49
1 50
1 52
1 58
1 59
1 65
1 66
1 67
1 70
1 71
1 75
1 77
1 78
1 79
1 82
1 87
1 88
1 89
1 90
1 91
1 98
2 6
2 7
2 8
2 9
2 10
2 12
2 15
2 22
2 23
2 24
2 26
2 27
2 29
2 31
2 33
2 35
2 36
2 37
2 38
2 41
2 44
2 45
2 46
2 47
2 51
2 52
2 55
2 56
2 57
2 58
2 61
2 62
2 64
2 65
2 66
2 69
2 70
2 71
2 75
2 76
2 78
2 79
2 80
2 84
2 86
2 87
2 89
2 91
2 98
2 99
3 4
3 6
3 8
3 9
3 10
3 11
3 12
3 13
3 14
3 15
3 18
3 20
3 21
3 22
3 23
3 27
3 28
3 29
3 31
3 33
3 38
3 39
3 42
3 43
3 44
3 46
3 47
3 49
3 50
3 57
3 59
3 60
3 61
3 62
3 64
3 66
3 72
3 75
3 77
3 80
3 81
3 84
3 85
3 88
3 90
3 91
3 92
3 94
3 96
3 97
4 5
4 7
4 8
4 10
4 11
4 13
4 17
4 18
4 19
4 21
4 22
4 23
4 24
4 25
4 26
4 27
4 29
4 30
4 31
4 37
4 40
4 45
4 46
4 49
4 51
4 54
4 56
4 60
4 61
4 62
4 67
4 68
4 69
4 72
4 75
4 78
4 81
4 82
4 83
4 84
4 85
4 87
4 88
4 89
4 91
4 93
4 98
4 99
5 6
5 11
5 12
5 13
5 14
5 17
5 18
5 20
5 22
5 24
5 25
5 28
5 29
5 30
5 31
5 34
5 35
5 37
5 38
5 39
5 41
5 43
5 45
5 47
5 49
5 51
5 52
5 55
5 56
5 57
5 58
5 63
5 66
5 67
5 68
5 71
5 72
5 74
5 75
5 77
5 81
5 83
5 84
5 85
5 86
5 89
5 90
5 91
5 93
5 94
5 97
5 98
5 99
6 7
6 8
6 11
6 13
6 14
6 18
6 20
6 21
6 22
6 24
6 25
6 26
6 28
6 29
6 30
6 32
6 35
6 39
6 40
6 41
6 42
6 43
6 44
6 46
6 48
6 49
6 52
6 53
6 54
6 56
6 58
6 59
6 60
6 63
6 64
6 66
6 69
6 71
6 72
6 74
6 76
6 77
6 78
6 79
6 84
6 88
6 90
6 91
6 93
6 94
6 95
6 96
6 98
7 8
7 10
7 11
7 12
7 14
7 17
7 20
7 21
7 23
7 24
7 25
7 26
7 28
7 30
7 32
7 35
7 39
7 43
7 45
7 52
7 54
7 58
7 59
7 61
7 62
7 63
7 67
7 69
7 72
7 76
7 77
7 78
7 82
7 83
7 85
7 86
7 87
7 89
7 90
7 91
7 92
7 95
7 96
7 99
8 14
8 20
8 21
8 27
8 28
8 30
8 33
8 41
8 42
8 43
8 44
8 45
8 46
8 47
8 48
8 51
8 52
8 55
8 56
8 58
8 61
8 62
8 65
8 66
8 67
8 70
8 72
8 75
8 78
8 81
8 83
8 85
8 87
8 92
8 94
8 96
8 97
8 98
8 99
9 10
9 11
9 12
9 13
9 14
9 18
9 19
9 21
9 30
9 34
9 36
9 37
9 38
9 40
9 41
9 42
9 44
9 46
9 47
9 50
9 51
9 52
9 54
9 56
9 59
9 60
9 62
9 64
9 65
9 69
9 73
9 76
9 77
9 78
9 79
9 81
9 82
9 85
9 87
9 90
9 93
9 97
10 14
10 15
10 16
10 17
10 18
10 24
10 30
10 31
10 36
10 37
10 39
10 41
10 43
10 48
10 49
10 50
10 52
10 54
10 59
10 64
10 75
10 76
10 77
10 78
10 80
10 81
10 82
10 84
10 85
10 87
10 89
10 90
10 92
10 93
10 94
10 95
10 96
10 97
11 12
11 15
11 19
11 21
11 22
11 23
11 25
11 26
11 27
11 28
11 29
11 30
11 33
11 36
11 39
11 42
11 43
11 44
11 46
11 48
11 49
11 52
11 53
11 54
11 55
11 57
11 59
11 62
11 64
11 65
11 67
11 68
11 70
11 72
11 74
11 76
11 77
11 79
11 80
11 82
11 83
11 84
11 85
11 93
11 94
11 96
11 97
12 13
12 14
12 16
12 17
12 19
12 21
12 24
12 30
12 32
12 34
12 35
12 36
12 38
12 40
12 45
12 46
12 48
12 49
12 50
12 51
12 52
12 54
12 57
12 58
12 60
12 61
12 62
12 66
12 67
12 69
12 70
12 71
12 73
12 78
12 80
12 83
12 88
12 89
12 91
12 93
12 94
12 95
12 96
13 14
13 16
13 18
13 19
13 21
13 23
13 25
13 26
13 27
13 30
13 31
13 32
13 34
13 37
13 40
13 41
13 43
13 44
13 45
13 46
13 55
13 56
13 57
13 58
13 59
13 60
13 62
13 63
13 69
13 70
13 71
13 74
13 75
13 76
13 77
13 82
13 85
13 87
13 88
13 91
13 92
13 96
13 97
14 15
14 16
14 17
14 19
14 20
14 21
14 22
14 23
14 24
14 25
14 26
14 28
14 29
14 30
14 35
14 36
14 40
14 41
14 43
14 44
14 46
14 47
14 49
14 50
14 51
14 53
14 60
14 61
14 68
14 69
14 71
14 74
14 75
14 79
14 80
14 82
14 85
14 88
14 89
14 91
14 95
14 96
15 16
15 17
15 19
15 21
15 24
15 27
15 29
15 30
15 33
15 35
15 36
15 38
15 39
15 41
15 42
15 46
15 48
15 49
15 51
15 56
15 63
15 65
15 66
15 68
15 71
15 72
15 75
15 77
15 79
15 81
15 82
15 85
15 90
15 93
15 96
16 20
16 22
16 25
16 26
16 27
16 28
16 30
16 40
16 43
16 48
16 49
16 51
16 53
16 54
16 58
16 59
16 63
16 64
16 68
16 69
16 70
16 72
16 73
16 74
16 76
16 78
16 79
16 80
16 82
16 83
16 87
16 88
16 90
16 91
16 96
16 99
17 18
17 21
17 22
17 25
17 30
17 34
17 35
17 36
17 39
17 40
17 41
17 46
17 47
17 49
17 52
17 53
17 55
17 56
17 57
17 58
17 59
17 61
17 62
17 63
17 64
17 65
17 69
17 70
17 73
17 76
17 78
17 81
17 82
17 85
17 86
17 87
17 89
17 91
17 92
17 94
17 97
17 99
18 19
18 20
18 23
18 24
18 29
18 31
18 32
18 33
18 36
18 38
18 42
18 44
18 45
18 47
18 53
18 54
18 56
18 57
18 60
18 62
18 63
18 66
18 67
18 70
18 71
18 72
18 74
18 76
18 78
18 79
18 82
18 83
18 84
18 88
18 91
18 92
18 93
18 96
18 97
18 98
19 23
19 24
19 29
19 30
19 34
19 37
19 39
19 41
19 42
19 44
19 46
19 47
19 48
19 49
19 51
19 52
19 57
19 59
19 61
19 62
19 63
19 65
19 66
19 69
19 70
19 71
19 72
19 73
19 74
19 75
19 76
19 80
19 82
19 83
19 85
19 87
19 88
19 89
19 91
19 93
19 94
19 95
19 96
19 99
20 22
20 23
20 24
20 26
20 27
20 28
20 32
20 33
20 37
20 38
20 39
20 41
20 44
20 45
20 46
20 47
20 50
20 54
20 56
20 58
20 61
20 62
20 64
20 65
20 66
20 67
20 68
20 69
20 70
20 71
20 72
20 73
20 79
20 81
20 83
20 84
20 86
20 87
20 88
20 89
20 94
20 97
20 98
20 99
21 22
21 23
21 24
21 30
21 31
21 32
21 33
21 34
21 37
21 38
21 44
21 45
21 46
21 48
21 50
21 51
21 53
21 54
21 55
21 56
21 58
21 63
21 72
21 73
21 75
21 79
21 80
21 81
21 85
21 86
21 91
21 92
21 93
21 96
21 99
22 26
22 27
22 30
22 32
22 36
22 37
22 38
22 39
22 40
22 46
22 47
22 49
22 50
22 51
22 52
22 58
22 59
22 60
22 64
22 65
22 66
22 67
22 68
22 69
22 71
22 72
22 73
22 74
22 75
22 76
22 77
22 78
22 81
22 82
22 86
22 89
22 91
22 93
22 94
22 95
22 96
22 98
22 99
23 25
23 28
23 29
23 34
23 36
23 38
23 41
23 44
23 45
23 48
23 49
23 50
23 51
23 53
23 54
23 56
23 57
23 58
23 59
23 60
23 61
23 65
23 69
23 74
23 75
23 76
23 78
23 79
23 81
23 88
23 92
23 94
23 95
23 96
23 98
23 99
24 25
24 28
24 29
24 32
24 33
24 34
24 36
24 38
24 39
24 40
24 41
24 43
24 45
24 51
24 52
24 54
24 56
24 58
24 59
24 62
24 64
24 65
24 70
24 72
24 75
24 77
24 78
24 80
24 83
24 85
24 86
24 90
24 91
24 93
24 99
25 31
25 32
25 33
25 35
25 38
25 39
25 40
25 43
25 46
25 47
25 48
25 49
25 51
25 53
25 55
25 56
25 57
25 60
25 61
25 67
25 70
25 71
25 72
25 73
25 74
25 76
25 80
25 81
25 83
25 84
25 85
25 86
25 87
25 92
25 94
25 96
26 27
26 29
26 30
26 32
26 33
26 34
26 36
26 41
26 42
26 44
26 47
26 48
26 49
26 50
26 52
26 53
26 55
26 56
26 58
26 59
26 62
26 63
26 64
26 66
26 68
26 70
26 71
26 72
26 73
26 76
26 77
26 78
26 81
26 87
26 90
26 92
26 93
26 95
26 97
27 28
27 29
27 30
27 32
27 34
27 35
27 37
27 39
27 43
27 44
27 45
27 47
27 49
27 51
27 54
27 58
27 59
27 60
27 62
27 64
27 65
27 67
27 68
27 69
27 70
27 71
27 73
27 74
27 77
27 81
27 82
27 85
27 87
27 92
27 93
27 94
27 95
27 98
27 99
28 29
28 32
28 33
28 35
28 36
28 39
28 40
28 46
28 49
28 53
28 54
28 55
28 58
28 61
28 62
28 65
28 70
28 72
28 73
28 74
28 75
28 76
28 77
28 78
28 79
28 80
28 83
28 85
28 87
28 91
28 92
28 93
28 97
28 99
29 31
29 32
29 33
29 34
29 36
29 40
29 41
29 42
29 43
29 44
29 47
29 48
29 49
29 50
29 52
29 55
29 56
29 58
29 65
29 68
29 69
29 71
29 72
29 73
29 74
29 75
29 76
29 80
29 82
29 83
29 85
29 87
29 89
29 91
29 93
29 94
29 96
29 98
30 31
30 32
30 34
30 35
30 36
30 41
30 42
30 43
30 44
30 45
30 46
30 47
30 48
30 49
30 53
30 55
30 56
30 59
30 61
30 62
30 68
30 70
30 71
30 72
30 73
30 78
30 79
30 83
30 85
30 87
30 88
30 91
30 92
30 93
30 95
30 96
31 32
31 33
31 35
31 40
31 41
31 42
31 43
31 45
31 48
31 51
31 53
31 54
31 56
31 57
31 58
31 59
31 61
31 62
31 63
31 64
31 65
31 67
31 71
31 73
31 74
31 77
31 81
31 86
31 87
31 88
31 91
31 93
31 96
31 97
31 98
32 34
32 35
32 38
32 39
32 40
32 41
32 43
32 44
32 48
32 49
32 50
32 52
32 61
32 62
32 63
32 64
32 66
32 69
32 70
32 71
32 72
32 74
32 75
32 80
32 82
32 83
32 84
32 87
32 88
32 91
32 93
32 94
32 96
32 98
33 35
33 39
33 44
33 50
33 51
33 52
33 53
33 54
33 55
33 58
33 64
33 65
33 66
33 67
33 71
33 72
33 73
33 74
33 75
33 81
33 82
33 83
33 84
33 86
33 88
33 89
33 90
33 94
33 98
33 99
34 35
34 37
34 42
34 48
34 51
34 52
34 53
34 55
34 58
34 62
34 68
34 70
34 73
34 78
34 80
34 81
34 84
34 85
34 86
34 89
34 92
34 96
34 97
35 36
35 41
35 42
35 43
35 44
35 45
35 46
35 52
35 53
35 55
35 58
35 59
35 60
35 61
35 63
35 64
35 65
35 67
35 69
35 70
35 72
35 73
35 78
35 79
35 81
35 83
35 86
35 87
35 90
35 91
35 94
35 95
35 99
36 41
36 43
36 44
36 46
36 47
36 48
36 50
36 52
36 53
36 54
36 56
36 58
36 60
36 61
36 65
36 67
36 69
36 70
36 74
36 78
36 80
36 81
36 83
36 84
36 85
36 87
36 89
36 94
36 95
36 97
36 98
37 40
37 42
37 43
37 48
37 49
37 51
37 55
37 58
37 59
37 60
37 62
37 63
37 65
37 66
37 69
37 72
37 73
37 75
37 77
37 81
37 85
37 86
37 87
37 90
37 91
37 94
37 95
37 97
37 98
38 39
38 41
38 43
38 46
38 47
38 50
38 51
38 53
38 56
38 58
38 59
38 61
38 63
38 65
38 70
38 71
38 74
38 75
38 78
38 79
38 80
38 85
38 86
38 89
38 90
38 93
38 96
38 99
39 41
39 43
39 44
39 45
39 49
39 52
39 56
39 59
39 62
39 64
39 67
39 68
39 70
39 71
39 73
39 75
39 78
39 83
39 84
39 86
39 87
39 91
39 92
39 93
39 94
39 96
39 99
40 41
40 42
40 43
40 46
40 50
40 51
40 52
40 54
40 55
40 59
40 64
40 65
40 67
40 68
40 71
40 73
40 74
40 75
40 77
40 78
40 81
40 82
40 84
40 85
40 86
40 88
40 91
40 93
40 96
40 97
40 98
40 99
41 42
41 44
41 45
41 47
41 49
41 52
41 53
41 54
41 55
41 57
41 60
41 63
41 65
41 68
41 72
41 73
41 74
41 76
41 81
41 83
41 87
41 89
41 95
41 96
41 99
42 43
42 46
42 49
42 51
42 52
42 53
42 54
42 55
42 61
42 62
42 63
42 65
42 68
42 70
42 71
42 72
42 74
42 75
42 76
42 78
42 79
42 83
42 86
42 87
42 91
42 92
42 94
42 95
42 98
42 99
43 45
43 46
43 48
43 52
43 54
43 56
43 58
43 60
43 65
43 68
43 71
43 72
43 75
43 76
43 77
43 78
43 79
43 80
43 81
43 82
43 85
43 89
43 90
43 91
43 92
43 93
43 95
43 97
43 99
44 45
44 47
44 48
44 50
44 51
44 54
44 56
44 57
44 62
44 64
44 67
44 68
44 69
44 70
44 72
44 73
44 75
44 80
44 81
44 83
44 86
44 91
44 92
44 96
45 46
45 47
45 48
45 51
45 54
45 57
45 59
45 60
45 62
45 64
45 65
45 67
45 71
45 72
45 76
45 77
45 78
45 81
45 83
45 85
45 89
45 91
45 93
45 96
45 98
45 99
46 48
46 49
46 51
46 52
46 53
46 55
46 57
46 58
46 62
46 66
46 67
46 68
46 70
46 71
46 72
46 74
46 75
46 79
46 80
46 81
46 83
46 84
46 87
46 95
46 99
47 49
47 50
47 52
47 56
47 57
47 59
47 65
47 66
47 68
47 69
47 70
47 71
47 74
47 75
47 76
47 78
47 79
47 80
47 83
47 86
47 87
47 89
47 90
47 91
47 92
47 95
47 98
48 51
48 52
48 53
48 54
48 55
48 56
48 59
48 60
48 62
48 63
48 64
48 66
48 69
48 70
48 72
48 74
48 75
48 76
48 79
48 80
48 82
48 84
48 86
48 88
48 91
48 95
48 99
49 51
49 52
49 54
49 55
49 56
49 57
49 58
49 60
49 66
49 68
49 69
49 70
49 71
49 73
49 74
49 75
49 76
49 77
49 79
49 81
49 83
49 84
49 85
49 87
49 88
49 89
49 91
49 93
49 94
49 95
49 97
50 51
50 52
50 53
50 56
50 57
50 62
50 67
50 70
50 72
50 73
50 74
50 76
50 78
50 83
50 90
50 95
50 97
50 98
51 56
51 57
51 59
51 63
51 65
51 68
51 69
51 74
51 75
51 77
51 79
51 81
51 82
51 84
51 86
51 90
51 92
51 94
51 96
51 98
51 99
52 54
52 55
52 58
52 59
52 60
52 64
52 67
52 72
52 74
52 76
52 80
52 81
52 83
52 84
52 87
52 88
52 93
52 94
52 95
52 96
52 97
52 99
53 57
53 59
53 62
53 63
53 64
53 66
53 69
53 70
53 73
53 77
53 79
53 82
53 83
53 84
53 85
53 86
53 87
53 92
53 94
53 97
53 99
54 56
54 58
54 59
54 60
54 61
54 63
54 65
54 66
54 67
54 69
54 71
54 73
54 75
54 76
54 77
54 78
54 79
54 81
54 82
54 86
54 87
54 91
54 94
54 96
55 56
55 58
55 60
55 61
55 63
55 67
55 69
55 70
55 73
55 74
55 75
55 81
55 82
55 83
55 84
55 92
55 94
55 95
55 98
56 57
56 60
56 61
56 63
56 68
56 69
56 70
56 73
56 74
56 75
56 77
56 80
56 81
56 82
56 83
56 84
56 85
56 87
56 89
56 90
56 91
56 92
56 94
56 96
56 97
56 98
57 59
57 61
57 67
57 69
57 70
57 71
57 74
57 75
57 78
57 79
57 80
57 87
57 88
57 90
57 92
57 94
57 97
57 99
58 59
58 63
58 64
58 65
58 66
58 67
58 71
58 72
58 73
58 75
58 76
58 77
58 79
58 83
58 84
58 88
58 89
58 92
58 93
58 95
59 60
59 61
59 62
59 63
59 64
59 67
59 68
59 72
59 73
59 75
59 76
59 77
59 79
59 82
59 83
59 84
59 85
59 86
59 89
59 91
59 92
59 96
60 67
60 70
60 72
60 73
60 74
60 76
60 79
60 81
60 82
60 84
60 89
60 90
60 93
60 94
60 96
60 97
60 98
61 62
61 64
61 66
61 67
61 68
61 70
61 71
61 77
61 78
61 84
61 85
61 86
61 88
61 90
61 92
61 93
61 94
61 96
61 97
62 64
62 65
62 67
62 72
62 73
62 78
62 82
62 83
62 85
62 86
62 88
62 89
62 90
62 92
62 93
62 96
62 97
63 64
63 66
63 68
63 69
63 70
63 72
63 74
63 77
63 82
63 87
63 90
63 91
63 93
63 95
63 97
63 98
64 66
64 69
64 70
64 71
64 72
64 74
64 75
64 78
64 79
64 82
64 83
64 84
64 87
64 88
64 90
64 91
64 92
64 94
64 95
64 96
64 97
65 68
65 70
65 72
65 73
65 75
65 76
65 78
65 79
65 84
65 85
65 90
65 92
65 93
65 94
65 96
65 98
66 68
66 69
66 71
66 73
66 74
66 75
66 77
66 81
66 84
66 85
66 86
66 94
66 97
67 68
67 69
67 72
67 74
67 77
67 79
67 82
67 87
67 89
67 94
67 95
67 97
67 98
67 99
68 69
68 70
68 71
68 72
68 73
68 75
68 76
68 77
68 79
68 81
68 82
68 83
68 84
68 85
68 86
68 89
68 90
68 93
68 94
68 95
68 98
69 71
69 72
69 73
69 75
69 78
69 79
69 80
69 82
69 83
69 89
69 91
69 93
69 94
69 98
70 73
70 74
70 75
70 76
70 77
70 79
70 80
70 82
70 83
70 84
70 85
70 88
70 91
70 93
70 94
70 99
71 72
71 74
71 80
71 81
71 82
71 84
71 86
71 88
71 89
71 90
71 91
71 92
71 93
71 96
71 97
72 73
72 76
72 81
72 82
72 84
72 85
72 86
72 87
72 88
72 90
72 92
72 93
72 94
72 96
73 74
73 76
73 86
73 88
73 89
73 90
73 92
73 93
73 94
73 95
73 97
74 75
74 76
74 77
74 79
74 83
74 85
74 87
74 88
74 93
74 97
74 99
75 77
75 80
75 81
75 85
75 86
75 88
75 89
75 92
75 95
75 98
75 99
76 80
76 81
76 82
76 83
76 84
76 85
76 87
76 88
76 91
76 93
76 95
76 97
77 78
77 79
77 82
77 83
77 86
77 89
77 90
77 92
77 95
77 96
78 80
78 82
78 83
78 84
78 86
78 87
78 88
78 89
78 90
78 95
78 97
79 82
79 84
79 85
79 89
79 90
79 91
79 92
79 93
79 96
79 98
80 85
80 86
80 88
80 89
80 91
80 92
80 94
80 95
80 98
80 99
81 83
81 84
81 86
81 87
81 90
81 91
81 92
81 93
81 97
81 98
82 83
82 85
82 87
82 88
82 89
82 91
82 92
82 95
82 98
82 99
83 84
83 85
83 92
83 98
84 85
84 86
84 87
84 88
84 91
84 92
84 93
84 95
84 96
84 97
84 99
85 87
85 90
85 93
85 95
86 87
86 89
86 90
86 92
86 93
86 95
86 96
86 97
86 99
87 89
87 90
87 91
87 95
87 98
88 89
88 90
88 91
88 93
88 96
88 98
89 95
89 96
89 97
89 98
89 99
90 94
90 96
90 97
91 92
91 94
91 96
91 97
91 98
91 99
92 93
92 94
92 96
92 97
92 98
92 99
93 95
93 97
93 98
93 99
94 96
95 96
95 99
96 98
96 99
97 99
98 99
