0 4
0 5
0 8
0 10
0 11
0 12
0 17
0 19
0 21
0 34
0 35
0 37
0 38
0 39
0 43
0 45
0 48
0 49
0 50
0 51
0 52
0 54
0 55
0 59
0 60
0 61
0 63
0 64
0 65
0 69
0 71
0 73
0 75
0 78
0 79
0 83
0 84
0 86
0 88
0 89
0 93
0 97
1 4
1 5
1 7
1 11
1 12
1 15
1 18
1 21
1 23
1 24
1 26
1 29
1 30
1 33
1 34
1 39
1 40
1 43
1 44
1 45
1 49
1 53
1 54
1 55
1 56
1 57
1 59
1 62
1 66
1 67
1 70
1 75
1 79
1 80
1 82
1 85
1 89
1 94
1 95
1 98
1 99
2 3
2 4
2 10
2 21
2 22
2 23
2 28
2 29
2 37
2 38
2 39
2 41
2 43
2 45
2 50
2 53
2 54
2 61
2 63
2 64
2 67
2 70
2 71
2 74
2 78
2 80
2 81
2 82
2 85
2 95
2 99
3 4
3 5
3 14
3 22
3 23
3 24
3 26
3 27
3 28
3 29
3 30
3 32
3 36
3 38
3 39
3 41
3 42
3 43
3 45
3 51
3 53
3 54
3 55
3 56
3 60
3 62
3 63
3 71
3 73
3 75
3 80
3 81
3 93
3 94
3 95
3 96
4 5
4 6
4 7
4 12
4 14
4 17
4 21
4 23
4 26
4 28
4 29
4 31
4 32
4 35
4 36
4 39
4 46
4 47
4 50
4 54
4 57
4 59
4 62
4 63
4 64
4 65
4 66
4 68
4 73
4 80
4 84
4 86
4 90
4 92
4 93
4 96
4 97
4 98
4 99
5 8
5 9
5 10
5 11
5 12
5 16
5 20
5 24
5 29
5 30
5 31
5 32
5 33
5 34
5 37
5 38
5 43
5 47
5 49
5 54
5 56
5 57
5 60
5 62
5 63
5 65
5 66
5 71
5 76
5 77
5 80
5 81
5 82
5 83
5 85
5 86
5 87
5 94
5 97
5 99
6 7
6 8
6 10
6 12
6 16
6 20
6 22
6 23
6 25
6 26
6 28
6 29
6 31
6 32
6 33
6 34
6 35
6 39
6 41
6 47
6 48
6 50
6 54
6 55
6 56
6 57
6 59
6 60
6 66
6 68
6 71
6 72
6 74
6 75
6 76
6 80
6 83
6 85
6 87
6 89
6 92
6 93
6 95
6 98
7 11
7 13
7 16
7 21
7 22
7 26
7 27
7 30
7 31
7 33
7 34
7 35
7 38
7 39
7 43
7 48
7 55
7 59
7 61
7 64
7 67
7 68
7 70
7 73
7 74
7 78
7 79
7 80
7 81
7 83
7 86
7 87
7 91
7 92
7 94
7 95
8 11
8 14
8 16
8 18
8 19
8 26
8 28
8 29
8 33
8 34
8 35
8 36
8 38
8 39
8 41
8 42
8 45
8 48
8 49
8 57
8 59
8 61
8 62
8 63
8 66
8 73
8 77
8 78
8 80
8 85
8 86
8 90
8 91
8 92
8 93
8 95
8 98
8 99
9 11
9 13
9 19
9 20
9 31
9 35
9 36
9 40
9 42
9 45
9 46
9 48
9 59
9 62
9 64
9 66
9 67
9 70
9 75
9 78
9 82
9 83
9 86
9 88
9 90
9 91
9 93
9 95
9 97
9 98
10 12
10 16
10 18
10 22
10 24
10 26
10 32
10 34
10 35
10 36
10 37
10 38
10 40
10 41
10 42
10 46
10 48
10 49
10 52
10 53
10 55
10 56
10 57
10 59
10 60
10 66
10 70
10 71
10 72
10 74
10 76
10 78
10 79
10 80
10 81
10 91
10 93
10 97
10 99
11 12
11 15
11 17
11 18
11 22
11 25
11 28
11 30
11 34
11 38
11 39
11 41
11 42
11 43
11 44
11 47
11 48
11 51
11 53
11 56
11 62
11 63
11 65
11 68
11 69
11 71
11 73
11 76
11 77
11 78
11 80
11 85
11 86
11 87
11 88
11 90
11 91
11 94
11 95
12 21
12 24
12 25
12 30
12 31
12 35
12 38
12 41
12 43
12 44
12 45
12 47
12 52
12 55
12 56
12 58
12 59
12 61
12 64
12 65
12 67
12 70
12 71
12 72
12 73
12 76
12 77
12 81
12 84
12 85
12 86
12 87
12 88
12 89
12 95
12 98
13 14
13 17
13 18
13 19
13 21
13 22
13 23
13 27
13 33
13 34
13 36
13 38
13 39
13 41
13 47
13 52
13 53
13 55
13 57
13 58
13 59
13 64
13 67
13 68
13 73
13 75
13 77
13 78
13 80
13 83
13 89
13 90
13 94
13 95
13 96
13 97
14 17
14 18
14 20
14 25
14 29
14 34
14 36
14 37
14 38
14 40
14 41
14 43
14 45
14 47
14 49
14 52
14 54
14 55
14 57
14 60
14 61
14 62
14 70
14 73
14 74
14 81
14 83
14 84
14 85
14 92
14 93
14 95
14 97
15 20
15 22
15 23
15 26
15 27
15 28
15 30
15 31
15 32
15 33
15 39
15 45
15 54
15 55
15 57
15 58
15 59
15 61
15 62
15 64
15 66
15 68
15 69
15 70
15 71
15 75
15 77
15 79
15 80
15 81
15 82
15 85
15 87
15 94
15 95
15 97
16 22
16 23
16 25
16 35
16 36
16 39
16 40
16 42
16 43
16 46
16 49
16 53
16 54
16 56
16 57
16 59
16 60
16 62
16 63
16 65
16 71
16 73
16 79
16 83
16 86
16 88
16 89
16 96
16 99
17 19
17 22
17 24
17 27
17 29
17 30
17 32
17 33
17 41
17 42
17 47
17 49
17 51
17 56
17 57
17 61
17 69
17 76
17 80
17 81
17 82
17 83
17 85
17 87
17 88
17 90
17 91
17 94
17 96
17 99
18 22
18 25
18 30
18 31
18 35
18 37
18 39
18 47
18 50
18 51
18 54
18 57
18 60
18 66
18 70
18 72
18 74
18 75
18 76
18 77
18 78
18 80
18 84
18 85
18 91
18 92
18 93
18 96
18 98
19 20
19 23
19 24
19 29
19 31
19 34
19 35
19 37
19 40
19 41
19 44
19 45
19 48
19 51
19 52
19 54
19 55
19 58
19 60
19 61
19 66
19 67
19 68
19 75
19 76
19 78
19 80
19 88
19 94
19 95
19 98
19 99
20 21
20 22
20 24
20 28
20 29
20 30
20 40
20 42
20 44
20 45
20 46
20 50
20 54
20 58
20 59
20 60
20 61
20 63
20 67
20 68
20 70
20 73
20 76
20 77
20 79
20 83
20 84
20 87
20 88
20 89
20 90
20 91
20 98
20 99
21 24
21 25
21 26
21 30
21 33
21 38
21 39
21 43
21 45
21 47
21 54
21 57
21 58
21 59
21 60
21 62
21 66
21 68
21 69
21 73
21 75
21 76
21 79
21 87
21 88
21 91
21 92
21 93
21 94
21 97
21 99
22 23
22 24
22 29
22 30
22 31
22 34
22 38
22 42
22 43
22 45
22 46
22 48
22 55
22 56
22 59
22 60
22 62
22 63
22 67
22 69
22 70
22 71
22 72
22 74
22 82
22 83
22 84
22 85
22 87
22 91
22 92
22 93
22 95
22 96
22 98
23 26
23 27
23 29
23 31
23 35
23 37
23 40
23 41
23 47
23 48
23 51
23 53
23 55
23 57
23 58
23 59
23 62
23 63
23 64
23 65
23 68
23 70
23 76
23 87
23 90
23 94
23 98
24 27
24 28
24 29
24 30
24 32
24 33
24 37
24 38
24 40
24 41
24 43
24 44
24 45
24 47
24 48
24 50
24 54
24 56
24 57
24 58
24 60
24 63
24 66
24 79
24 81
24 82
24 83
24 84
24 85
24 86
24 87
24 89
24 90
24 93
24 97
24 98
25 26
25 27
25 29
25 32
25 37
25 38
25 43
25 45
25 47
25 51
25 53
25 55
25 56
25 57
25 58
25 59
25 62
25 63
25 65
25 66
25 69
25 70
25 72
25 73
25 74
25 77
25 78
25 82
25 88
25 90
25 92
25 94
25 95
26 27
26 28
26 30
26 33
26 34
26 38
26 40
26 43
26 44
26 46
26 51
26 55
26 57
26 59
26 63
26 68
26 69
26 70
26 71
26 72
26 75
26 76
26 77
26 78
26 80
26 85
26 86
26 87
26 89
26 94
26 95
26 97
26 98
26 99
27 30
27 33
27 36
27 37
27 41
27 42
27 45
27 48
27 50
27 54
27 57
27 58
27 60
27 64
27 67
27 69
27 71
27 72
27 75
27 77
27 78
27 79
27 82
27 86
27 87
27 91
27 93
27 94
27 95
28 31
28 32
28 33
28 35
28 41
28 46
28 47
28 54
28 62
28 65
28 75
28 79
28 82
28 84
28 86
28 87
28 88
28 90
28 99
29 31
29 35
29 36
29 37
29 41
29 46
29 47
29 48
29 49
29 51
29 53
29 54
29 57
29 61
29 64
29 65
29 69
29 72
29 73
29 74
29 75
29 78
29 84
29 89
29 96
29 97
30 31
30 33
30 35
30 36
30 37
30 38
30 40
30 42
30 43
30 48
30 51
30 55
30 66
30 68
30 69
30 72
30 74
30 77
30 78
30 82
30 83
30 88
30 89
30 90
30 91
30 92
30 95
30 96
30 97
31 38
31 44
31 45
31 46
31 47
31 49
31 55
31 56
31 57
31 58
31 59
31 61
31 62
31 63
31 71
31 76
31 79
31 81
31 85
31 86
31 94
31 95
32 33
32 34
32 39
32 40
32 45
32 46
32 47
32 54
32 57
32 58
32 59
32 64
32 66
32 73
32 77
32 78
32 81
32 84
32 86
32 87
32 88
32 91
32 92
32 94
32 98
33 36
33 39
33 41
33 43
33 45
33 47
33 51
33 57
33 58
33 59
33 60
33 62
33 63
33 65
33 67
33 70
33 73
33 76
33 77
33 79
33 85
33 91
33 93
33 96
33 97
33 98
33 99
34 35
34 37
34 38
34 39
34 42
34 51
34 52
34 53
34 55
34 56
34 57
34 58
34 60
34 65
34 66
34 67
34 68
34 71
34 73
34 74
34 75
34 77
34 78
34 80
34 81
34 84
34 87
34 88
34 89
34 91
34 94
34 95
34 97
34 98
35 37
35 38
35 46
35 47
35 50
35 54
35 56
35 58
35 62
35 63
35 64
35 66
35 70
35 75
35 80
35 83
35 85
35 93
36 37
36 38
36 39
36 41
36 46
36 49
36 51
36 53
36 54
36 61
36 62
36 65
36 67
36 72
36 73
36 74
36 75
36 77
36 78
36 80
36 86
36 90
36 92
36 93
37 41
37 43
37 45
37 47
37 49
37 50
37 51
37 56
37 61
37 63
37 64
37 68
37 71
37 72
37 76
37 77
37 80
37 81
37 83
37 87
37 89
37 92
37 93
37 94
37 98
37 99
38 39
38 40
38 41
38 43
38 44
38 46
38 48
38 49
38 51
38 55
38 58
38 60
38 61
38 62
38 63
38 68
38 72
38 80
38 84
38 85
38 87
38 91
38 94
38 95
38 97
39 40
39 45
39 48
39 50
39 51
39 53
39 54
39 59
39 62
39 63
39 65
39 67
39 68
39 70
39 71
39 74
39 75
39 79
39 80
39 81
39 82
39 83
39 87
39 89
39 90
39 91
39 94
39 95
39 97
40 47
40 48
40 50
40 52
40 53
40 54
40 57
40 61
40 63
40 64
40 65
40 68
40 69
40 72
40 73
40 76
40 78
40 79
40 81
40 83
40 84
40 86
40 90
40 95
40 96
40 98
41 47
41 49
41 51
41 56
41 57
41 58
41 59
41 60
41 62
41 64
41 66
41 69
41 70
41 71
41 73
41 79
41 80
41 87
41 90
41 91
41 92
41 93
41 96
42 43
42 45
42 53
42 54
42 58
42 60
42 64
42 66
42 67
42 69
42 71
42 73
42 74
42 79
42 83
42 89
42 90
42 91
42 93
42 94
42 95
42 97
42 98
42 99
43 45
43 53
43 54
43 57
43 60
43 63
43 65
43 66
43 68
43 70
43 72
43 79
43 86
43 88
43 95
43 97
44 45
44 46
44 47
44 48
44 49
44 52
44 56
44 57
44 59
44 61
44 66
44 67
44 70
44 73
44 74
44 85
44 87
44 88
44 90
44 91
44 93
44 94
44 97
44 98
45 55
45 57
45 60
45 62
45 63
45 69
45 70
45 72
45 74
45 75
45 79
45 81
45 85
45 86
45 87
45 93
46 49
46 50
46 52
46 54
46 66
46 67
46 69
46 71
46 75
46 76
46 79
46 86
46 93
46 94
46 95
46 97
46 98
47 50
47 52
47 55
47 59
47 61
47 62
47 63
47 64
47 69
47 76
47 77
47 79
47 81
47 82
47 84
47 87
47 90
47 93
47 94
47 96
47 97
48 50
48 52
48 54
48 55
48 57
48 59
48 60
48 62
48 64
48 66
48 67
48 72
48 73
48 74
48 75
48 77
48 83
48 84
48 85
48 90
48 92
48 95
48 96
48 98
48 99
49 51
49 54
49 56
49 58
49 64
49 65
49 70
49 74
49 75
49 77
49 79
49 80
49 81
49 84
49 86
49 87
49 89
49 93
49 94
49 95
49 97
49 98
50 54
50 55
50 58
50 60
50 61
50 63
50 67
50 69
50 72
50 73
50 75
50 82
50 92
50 99
51 57
51 58
51 59
51 60
51 61
51 67
51 68
51 72
51 74
51 84
51 89
51 91
51 93
51 96
52 55
52 57
52 58
52 61
52 62
52 64
52 66
52 67
52 72
52 73
52 75
52 78
52 79
52 82
52 83
52 84
52 86
52 88
52 94
52 95
52 96
52 97
52 99
53 54
53 56
53 57
53 59
53 65
53 66
53 68
53 69
53 72
53 73
53 74
53 76
53 78
53 80
53 82
53 83
53 84
53 87
53 90
53 91
53 97
53 99
54 55
54 57
54 61
54 64
54 65
54 70
54 71
54 74
54 77
54 80
54 81
54 82
54 84
54 87
54 88
54 89
54 91
54 92
54 93
54 97
54 99
55 56
55 58
55 59
55 64
55 65
55 66
55 71
55 77
55 78
55 80
55 81
55 83
55 84
55 86
55 87
55 93
55 95
55 99
56 60
56 63
56 68
56 71
56 74
56 77
56 87
56 89
56 93
56 96
56 97
57 60
57 63
57 64
57 65
57 71
57 72
57 73
57 75
57 78
57 81
57 82
57 85
57 91
57 92
57 95
58 64
58 66
58 67
58 68
58 71
58 74
58 75
58 83
58 85
58 86
58 87
58 88
58 93
58 96
58 97
58 98
59 60
59 61
59 62
59 64
59 73
59 76
59 77
59 79
59 81
59 82
59 84
59 86
59 87
59 90
59 92
59 94
60 64
60 66
60 67
60 68
60 69
60 73
60 75
60 80
60 82
60 83
60 88
60 93
60 96
60 97
61 62
61 66
61 67
61 68
61 70
61 72
61 73
61 74
61 78
61 79
61 83
61 86
61 92
61 93
61 95
62 63
62 64
62 69
62 70
62 71
62 78
62 79
62 84
62 85
62 93
62 94
62 95
62 96
62 97
62 99
63 71
63 73
63 75
63 76
63 80
63 82
63 83
63 86
63 92
63 96
63 97
64 65
64 68
64 72
64 74
64 75
64 76
64 77
64 79
64 82
64 86
64 90
64 94
64 95
65 67
65 68
65 72
65 73
65 75
65 76
65 81
65 87
65 89
65 90
65 92
65 94
66 67
66 73
66 74
66 75
66 76
66 79
66 81
66 82
66 84
66 92
66 97
67 68
67 70
67 74
67 75
67 78
67 79
67 82
67 83
67 86
67 89
67 90
67 92
67 93
67 94
67 96
67 98
68 70
68 71
68 73
68 74
68 75
68 76
68 77
68 83
68 85
68 87
68 88
68 89
68 96
69 72
69 78
69 81
69 82
69 92
69 93
69 97
70 71
70 72
70 73
70 75
70 89
70 91
70 98
71 73
71 74
71 79
71 81
71 82
71 86
71 87
71 90
71 92
71 96
72 73
72 80
72 82
72 83
72 84
72 85
72 86
72 87
72 91
72 92
72 99
73 74
73 85
73 91
73 94
73 99
74 78
74 81
74 82
74 83
74 89
74 90
74 92
74 95
74 96
74 97
75 76
75 80
75 81
75 83
75 86
75 95
76 77
76 79
76 80
76 81
76 82
76 83
76 85
76 90
76 93
76 96
77 84
77 85
77 87
77 90
77 91
77 93
77 95
77 97
77 98
78 80
78 82
78 84
78 85
78 88
78 94
78 97
78 99
79 83
79 88
79 93
79 94
79 95
79 97
79 99
80 82
80 87
80 89
80 92
80 95
81 82
81 83
81 85
81 86
81 87
81 92
81 94
81 95
81 98
82 83
82 84
82 87
82 88
82 90
82 91
82 93
82 96
82 97
83 84
83 87
83 88
83 94
83 98
83 99
84 87
84 88
84 89
84 93
84 95
84 98
85 86
85 89
85 90
85 93
85 94
86 89
86 90
86 91
86 92
86 94
86 95
86 98
87 88
87 89
87 90
87 91
87 93
87 94
87 95
87 97
88 90
88 91
88 94
88 95
88 96
89 95
89 97
90 91
90 94
90 98
91 95
91 98
92 94
92 98
92 99
93 96
93 97
93 98
93 99
94 97
94 99
95 96
95 98
96 97
