0 2
0 3
0 4
0 5
0 7
0 11
0 12
0 14
0 15
0 16
0 18
0 20
0 24
0 25
0 26
0 27
0 36
0 41
0 43
0 45
0 47
0 48
0 50
0 54
0 55
0 56
0 61
0 63
0 64
0 66
0 70
0 71
0 72
0 74
0 76
0 79
0 81
0 82
0 83
0 84
0 85
0 90
0 91
0 94
0 96
0 99
1 4
1 5
1 6
1 7
1 8
1 9
1 11
1 12
1 13
1 15
1 16
1 19
1 21
1 22
1 23
1 26
1 27
1 28
1 29
1 30
1 35
1 36
1 39
1 40
1 43
1 46
1 48
1 49
1 50
1 51
1 52
1 54
1 57
1 58
1 59
1 64
1 65
1 66
1 68
1 71
1 73
1 77
1 79
1 81
1 82
1 85
1 86
1 87
1 88
1 89
1 99
2 4
2 5
2 6
2 8
2 10
2 11
2 13
2 16
2 17
2 18
2 19
2 20
2 21
2 22
2 23
2 24
2 26
2 29
2 30
2 33
2 40
2 41
2 42
2 45
2 47
2 48
2 49
2 50
2 56
2 57
2 58
2 60
2 62
2 68
2 69
2 70
2 74
2 78
2 80
2 82
2 83
2 84
2 85
2 90
2 94
2 95
2 97
2 99
3 4
3 5
3 6
3 7
3 8
3 10
3 11
3 12
3 17
3 18
3 22
3 23
3 26
3 27
3 28
3 29
3 32
3 37
3 38
3 40
3 41
3 43
3 45
3 46
3 48
3 50
3 52
3 53
3 55
3 56
3 57
3 58
3 60
3 62
3 63
3 64
3 65
3 66
3 69
3 70
3 71
3 72
3 74
3 75
3 76
3 77
3 78
3 80
3 82
3 84
3 85
3 86
3 91
3 93
3 95
3 96
3 97
3 98
3 99
4 11
4 12
4 13
4 14
4 16
4 21
4 25
4 28
4 29
4 30
4 31
4 32
4 33
4 34
4 35
4 36
4 37
4 38
4 39
4 40
4 42
4 44
4 46
4 47
4 49
4 50
4 53
4 54
4 55
4 58
4 60
4 62
4 63
4 66
4 67
4 69
4 71
4 72
4 74
4 75
4 76
4 80
4 85
4 86
4 88
4 91
4 94
4 97
4 98
5 8
5 11
5 13
5 17
5 19
5 20
5 21
5 22
5 23
5 28
5 29
5 30
5 31
5 32
5 33
5 36
5 39
5 42
5 44
5 47
5 49
5 50
5 52
5 53
5 54
5 57
5 58
5 60
5 63
5 64
5 66
5 67
5 68
5 70
5 71
5 72
5 73
5 79
5 81
5 86
5 89
5 90
5 92
5 93
5 94
5 95
5 96
5 98
6 7
6 9
6 11
6 13
6 14
6 18
6 19
6 20
6 22
6 26
6 27
6 28
6 31
6 32
6 35
6 36
6 38
6 40
6 41
6 43
6 45
6 46
6 52
6 55
6 59
6 62
6 63
6 65
6 67
6 68
6 69
6 72
6 74
6 75
6 76
6 78
6 79
6 80
6 81
6 83
6 84
6 85
6 86
6 88
6 90
6 91
6 94
6 95
6 96
6 98
6 99
7 8
7 9
7 14
7 19
7 20
7 21
7 23
7 26
7 28
7 30
7 31
7 32
7 33
7 36
7 42
7 43
7 45
7 48
7 49
7 51
7 56
7 57
7 58
7 60
7 61
7 63
7 65
7 66
7 67
7 71
7 73
7 74
7 76
7 77
7 79
7 80
7 81
7 82
7 84
7 85
7 87
7 90
7 92
7 95
7 96
7 97
7 99
8 10
8 11
8 12
8 18
8 20
8 23
8 25
8 27
8 28
8 29
8 30
8 40
8 41
8 43
8 44
8 46
8 47
8 53
8 56
8 59
8 60
8 62
8 63
8 66
8 67
8 68
8 69
8 72
8 73
8 74
8 75
8 80
8 81
8 82
8 84
8 86
8 89
8 92
8 94
8 97
8 98
8 99
9 12
9 13
9 14
9 15
9 16
9 18
9 19
9 25
9 27
9 28
9 29
9 30
9 33
9 34
9 36
9 37
9 38
9 39
9 41
9 42
9 43
9 45
9 48
9 49
9 53
9 54
9 60
9 62
9 63
9 65
9 66
9 67
9 68
9 69
9 71
9 73
9 75
9 77
9 79
9 82
9 83
9 84
9 85
9 87
9 88
9 91
9 92
9 95
9 96
9 99
10 11
10 13
10 14
10 15
10 17
10 18
10 21
10 22
10 23
10 24
10 26
10 30
10 31
10 33
10 34
10 35
10 36
10 38
10 39
10 41
10 42
10 43
10 44
10 48
10 52
10 53
10 55
10 56
10 57
10 58
10 60
10 62
10 63
10 64
10 65
10 68
10 69
10 72
10 75
10 78
10 79
10 80
10 81
10 82
10 83
10 85
10 88
10 89
10 91
10 94
10 95
10 96
10 97
10 99
11 13
11 14
11 15
11 17
11 18
11 21
11 25
11 28
11 29
11 32
11 33
11 36
11 37
11 38
11 40
11 42
11 43
11 44
11 50
11 53
11 54
11 55
11 56
11 58
11 63
11 64
11 65
11 66
11 68
11 70
11 71
11 72
11 77
11 78
11 81
11 82
11 83
11 84
11 86
11 87
11 89
11 91
11 92
11 93
11 94
12 13
12 17
12 18
12 21
12 22
12 27
12 32
12 35
12 39
12 40
12 42
12 43
12 44
12 46
12 50
12 56
12 58
12 59
12 60
12 64
12 66
12 68
12 70
12 71
12 72
12 73
12 75
12 77
12 80
12 81
12 83
12 86
12 88
12 90
12 92
12 93
12 95
12 97
12 99
13 14
13 15
13 16
13 17
13 19
13 20
13 21
13 23
13 24
13 25
13 32
13 33
13 35
13 36
13 38
13 39
13 40
13 41
13 42
13 43
13 44
13 45
13 47
13 48
13 49
13 50
13 56
13 59
13 62
13 63
13 64
13 65
13 67
13 69
13 72
13 73
13 75
13 77
13 80
13 84
13 85
13 90
13 91
13 94
13 97
14 15
14 16
14 21
14 23
14 24
14 25
14 27
14 32
14 34
14 37
14 39
14 40
14 46
14 52
14 54
14 57
14 60
14 61
14 62
14 64
14 74
14 77
14 80
14 81
14 84
14 85
14 88
14 91
14 94
14 97
14 98
14 99
15 16
15 17
15 18
15 20
15 21
15 22
15 23
15 24
15 25
15 26
15 27
15 28
15 29
15 31
15 32
15 33
15 36
15 40
15 41
15 48
15 49
15 50
15 51
15 55
15 56
15 57
15 61
15 62
15 63
15 64
15 66
15 67
15 75
15 76
15 77
15 79
15 83
15 86
15 88
15 93
15 94
15 96
15 98
16 17
16 18
16 21
16 23
16 24
16 26
16 28
16 29
16 31
16 33
16 34
16 38
16 39
16 44
16 45
16 51
16 53
16 55
16 57
16 59
16 60
16 61
16 62
16 64
16 66
16 68
16 69
16 70
16 72
16 73
16 79
16 80
16 86
16 90
16 91
16 95
16 97
17 20
17 22
17 24
17 27
17 29
17 31
17 33
17 40
17 41
17 43
17 44
17 49
17 50
17 51
17 52
17 53
17 56
17 59
17 61
17 63
17 64
17 66
17 67
17 68
17 69
17 72
17 73
17 74
17 76
17 78
17 79
17 80
17 81
17 82
17 83
17 84
17 88
17 89
17 91
17 93
17 96
17 97
17 98
18 20
18 27
18 29
18 31
18 32
18 33
18 34
18 35
18 37
18 38
18 39
18 40
18 42
18 43
18 44
18 46
18 47
18 48
18 50
18 52
18 53
18 56
18 58
18 65
18 68
18 69
18 70
18 75
18 77
18 78
18 83
18 84
18 85
18 86
18 87
18 88
18 89
18 90
18 92
19 26
19 29
19 32
19 34
19 37
19 38
19 39
19 40
19 41
19 48
19 49
19 50
19 52
19 53
19 56
19 58
19 59
19 64
19 67
19 71
19 72
19 73
19 78
19 79
19 80
19 81
19 82
19 84
19 85
19 87
19 88
19 92
19 97
19 98
20 21
20 25
20 26
20 28
20 29
20 31
20 32
20 33
20 39
20 41
20 42
20 46
20 50
20 51
20 52
20 53
20 54
20 56
20 59
20 63
20 65
20 67
20 68
20 72
20 74
20 75
20 76
20 77
20 81
20 82
20 85
20 87
20 88
20 89
20 90
20 92
20 94
20 95
20 97
20 98
21 23
21 25
21 26
21 28
21 29
21 30
21 32
21 33
21 34
21 35
21 38
21 40
21 41
21 42
21 43
21 44
21 45
21 46
21 49
21 51
21 54
21 56
21 61
21 62
21 64
21 65
21 66
21 70
21 71
21 74
21 76
21 77
21 78
21 79
21 80
21 81
21 84
21 85
21 86
21 88
21 91
21 92
21 93
21 94
21 97
21 99
22 24
22 25
22 26
22 29
22 32
22 34
22 35
22 36
22 38
22 40
22 41
22 42
22 43
22 44
22 46
22 47
22 49
22 52
22 53
22 57
22 60
22 62
22 63
22 64
22 68
22 69
22 74
22 75
22 77
22 78
22 79
22 82
22 84
22 85
22 89
22 90
22 91
22 93
22 94
22 95
22 96
22 97
23 25
23 26
23 27
23 28
23 29
23 30
23 31
23 33
23 34
23 36
23 37
23 40
23 41
23 44
23 47
23 51
23 53
23 55
23 58
23 61
23 62
23 63
23 64
23 70
23 71
23 74
23 75
23 82
23 87
23 88
23 89
23 90
23 92
23 93
23 96
23 97
23 98
23 99
24 27
24 28
24 29
24 30
24 32
24 33
24 37
24 40
24 42
24 44
24 45
24 47
24 49
24 50
24 51
24 52
24 54
24 56
24 57
24 59
24 60
24 61
24 63
24 64
24 66
24 70
24 71
24 72
24 73
24 76
24 77
24 79
24 80
24 81
24 82
24 84
24 86
24 89
24 90
24 91
24 92
24 93
24 95
24 96
24 97
24 99
25 26
25 27
25 28
25 29
25 30
25 33
25 34
25 39
25 41
25 42
25 43
25 44
25 48
25 49
25 51
25 52
25 56
25 57
25 62
25 65
25 67
25 68
25 69
25 70
25 71
25 72
25 73
25 75
25 76
25 79
25 80
25 81
25 83
25 84
25 85
25 86
25 87
25 89
25 90
25 93
25 98
25 99
26 28
26 29
26 30
26 32
26 36
26 37
26 39
26 40
26 41
26 42
26 43
26 45
26 46
26 48
26 52
26 53
26 55
26 56
26 58
26 59
26 60
26 63
26 64
26 65
26 67
26 70
26 72
26 75
26 76
26 80
26 81
26 84
26 86
26 88
26 89
26 90
26 92
26 93
26 94
26 95
26 97
26 98
27 29
27 31
27 32
27 33
27 35
27 38
27 42
27 44
27 45
27 46
27 47
27 50
27 51
27 52
27 53
27 55
27 56
27 57
27 60
27 62
27 63
27 64
27 65
27 67
27 68
27 71
27 72
27 73
27 75
27 77
27 78
27 80
27 81
27 84
27 85
27 86
27 87
27 88
27 89
27 94
27 96
27 97
27 99
28 32
28 34
28 35
28 36
28 37
28 38
28 39
28 41
28 43
28 44
28 47
28 50
28 51
28 54
28 55
28 57
28 58
28 60
28 64
28 65
28 67
28 69
28 70
28 71
28 73
28 74
28 76
28 78
28 79
28 81
28 85
28 88
28 91
28 92
28 93
28 94
28 97
29 30
29 31
29 33
29 35
29 37
29 38
29 39
29 41
29 42
29 43
29 44
29 45
29 48
29 50
29 51
29 52
29 53
29 56
29 57
29 58
29 61
29 62
29 63
29 64
29 66
29 67
29 69
29 70
29 74
29 75
29 78
29 79
29 80
29 81
29 82
29 83
29 84
29 86
29 87
29 92
29 93
29 94
29 95
29 96
29 97
29 98
30 31
30 32
30 34
30 36
30 37
30 39
30 41
30 42
30 43
30 49
30 50
30 54
30 55
30 56
30 57
30 59
30 60
30 61
30 63
30 64
30 65
30 66
30 67
30 68
30 70
30 71
30 72
30 74
30 76
30 77
30 81
30 82
30 83
30 85
30 88
30 90
30 92
30 93
30 94
30 95
30 97
30 99
31 34
31 35
31 36
31 37
31 39
31 40
31 41
31 44
31 54
31 55
31 56
31 57
31 58
31 60
31 61
31 63
31 64
31 65
31 69
31 70
31 71
31 73
31 74
31 75
31 76
31 79
31 80
31 83
31 84
31 85
31 87
31 89
31 90
31 91
31 94
31 96
32 34
32 36
32 37
32 39
32 40
32 46
32 49
32 50
32 53
32 55
32 57
32 58
32 59
32 61
32 63
32 65
32 66
32 68
32 69
32 71
32 74
32 76
32 78
32 79
32 81
32 82
32 83
32 84
32 86
32 93
32 94
32 98
32 99
33 34
33 35
33 36
33 37
33 44
33 46
33 49
33 50
33 53
33 55
33 59
33 61
33 64
33 67
33 68
33 69
33 73
33 74
33 77
33 78
33 81
33 82
33 85
33 86
33 88
33 91
33 92
33 93
33 95
33 96
33 97
34 35
34 36
34 38
34 39
34 42
34 43
34 44
34 45
34 46
34 49
34 50
34 52
34 54
34 56
34 59
34 62
34 63
34 64
34 66
34 68
34 69
34 71
34 74
34 76
34 77
34 78
34 80
34 81
34 82
34 85
34 87
34 88
34 89
34 91
34 93
34 94
34 95
34 96
34 97
34 99
35 37
35 38
35 39
35 40
35 43
35 47
35 50
35 52
35 53
35 55
35 56
35 58
35 59
35 61
35 62
35 69
35 71
35 72
35 73
35 75
35 77
35 78
35 79
35 82
35 83
35 84
35 86
35 87
35 88
35 91
35 93
35 94
35 95
35 98
36 37
36 39
36 42
36 49
36 51
36 53
36 54
36 55
36 57
36 60
36 61
36 62
36 63
36 64
36 65
36 66
36 71
36 73
36 79
36 80
36 81
36 82
36 85
36 89
36 90
36 92
36 93
36 95
36 97
37 39
37 43
37 46
37 47
37 51
37 53
37 56
37 57
37 58
37 63
37 65
37 69
37 71
37 74
37 75
37 76
37 79
37 80
37 84
37 88
37 89
37 90
37 91
37 94
37 96
37 98
38 39
38 41
38 43
38 44
38 46
38 49
38 52
38 54
38 57
38 59
38 66
38 67
38 68
38 72
38 73
38 75
38 78
38 79
38 81
38 83
38 85
38 86
38 91
38 92
38 93
38 96
38 99
39 40
39 41
39 42
39 45
39 46
39 47
39 48
39 49
39 50
39 51
39 53
39 54
39 55
39 56
39 59
39 60
39 64
39 66
39 71
39 74
39 75
39 77
39 80
39 81
39 83
39 85
39 86
39 89
39 92
39 93
39 94
39 95
39 96
39 97
40 41
40 42
40 46
40 50
40 51
40 57
40 58
40 60
40 61
40 62
40 64
40 66
40 68
40 69
40 76
40 77
40 79
40 81
40 82
40 84
40 85
40 86
40 87
40 91
40 95
40 96
40 97
41 43
41 47
41 48
41 51
41 52
41 53
41 55
41 59
41 62
41 63
41 66
41 67
41 70
41 73
41 74
41 75
41 76
41 77
41 78
41 80
41 81
41 85
41 86
41 87
41 91
41 92
41 94
41 99
42 43
42 44
42 45
42 46
42 47
42 48
42 52
42 53
42 57
42 58
42 61
42 62
42 67
42 68
42 69
42 70
42 73
42 75
42 76
42 82
42 85
42 88
42 89
42 93
42 97
42 99
43 45
43 46
43 47
43 51
43 53
43 57
43 60
43 66
43 68
43 69
43 71
43 72
43 74
43 77
43 79
43 80
43 81
43 82
43 85
43 86
43 88
43 89
43 91
43 95
43 98
44 45
44 46
44 47
44 50
44 51
44 56
44 57
44 58
44 63
44 64
44 67
44 70
44 71
44 79
44 80
44 81
44 84
44 85
44 92
44 96
44 97
44 99
45 46
45 47
45 49
45 52
45 53
45 54
45 55
45 56
45 58
45 59
45 60
45 62
45 63
45 65
45 66
45 67
45 68
45 70
45 73
45 74
45 75
45 76
45 77
45 78
45 80
45 82
45 83
45 86
45 90
45 92
45 93
45 94
45 96
45 98
46 47
46 50
46 51
46 52
46 53
46 55
46 56
46 58
46 59
46 60
46 61
46 63
46 64
46 66
46 68
46 69
46 70
46 71
46 72
46 73
46 74
46 79
46 80
46 81
46 83
46 85
46 86
46 91
46 92
46 94
46 95
46 97
46 99
47 50
47 54
47 55
47 57
47 58
47 59
47 61
47 62
47 63
47 65
47 69
47 70
47 71
47 72
47 73
47 74
47 75
47 77
47 78
47 79
47 85
47 89
47 90
47 91
47 93
47 94
47 96
47 97
48 49
48 50
48 52
48 54
48 56
48 57
48 61
48 64
48 66
48 69
48 70
48 72
48 73
48 78
48 79
48 80
48 81
48 84
48 85
48 86
48 87
48 89
48 90
48 91
48 92
48 94
48 95
48 96
49 51
49 52
49 54
49 57
49 58
49 59
49 60
49 65
49 67
49 73
49 75
49 78
49 80
49 84
49 90
49 91
49 93
49 95
49 99
50 51
50 52
50 55
50 58
50 59
50 63
50 64
50 65
50 66
50 67
50 71
50 73
50 74
50 77
50 78
50 80
50 84
50 87
50 88
50 91
50 92
50 93
51 52
51 53
51 57
51 58
51 63
51 65
51 67
51 69
51 73
51 74
51 75
51 80
51 81
51 86
51 87
51 90
51 94
51 95
51 97
52 54
52 55
52 61
52 64
52 65
52 68
52 70
52 73
52 74
52 75
52 79
52 82
52 83
52 85
52 89
52 92
52 93
52 95
52 96
52 97
52 98
52 99
53 57
53 59
53 62
53 63
53 67
53 70
53 73
53 75
53 77
53 80
53 81
53 82
53 84
53 86
53 87
53 88
53 89
53 93
53 97
53 98
54 55
54 56
54 61
54 62
54 64
54 65
54 66
54 68
54 71
54 76
54 77
54 78
54 80
54 81
54 86
54 89
54 91
54 93
54 94
54 95
54 98
54 99
55 58
55 60
55 61
55 64
55 65
55 66
55 71
55 72
55 77
55 80
55 81
55 82
55 83
55 89
55 91
55 92
55 93
55 95
55 97
55 98
56 58
56 61
56 62
56 63
56 64
56 65
56 67
56 68
56 76
56 77
56 79
56 81
56 85
56 86
56 87
56 89
56 91
56 94
56 96
56 98
57 58
57 60
57 64
57 65
57 69
57 70
57 71
57 73
57 74
57 75
57 77
57 78
57 79
57 80
57 81
57 82
57 84
57 88
57 89
57 90
57 91
57 92
57 95
57 97
57 98
57 99
58 59
58 60
58 66
58 67
58 69
58 70
58 73
58 74
58 75
58 76
58 79
58 80
58 82
58 84
58 85
58 87
58 93
58 94
58 95
58 97
58 98
59 61
59 62
59 65
59 66
59 67
59 68
59 69
59 73
59 75
59 76
59 77
59 78
59 79
59 80
59 85
59 87
59 88
59 91
59 92
59 93
59 94
59 95
59 96
59 99
60 61
60 62
60 64
60 67
60 79
60 84
60 86
60 87
60 88
60 89
60 90
60 93
60 94
60 95
60 96
60 97
60 98
60 99
61 65
61 68
61 69
61 70
61 72
61 73
61 74
61 75
61 76
61 77
61 78
61 79
61 84
61 86
61 89
61 91
61 92
61 95
61 97
61 98
62 63
62 64
62 67
62 68
62 69
62 70
62 74
62 75
62 76
62 79
62 82
62 83
62 85
62 87
62 89
62 90
62 94
62 95
62 99
63 68
63 70
63 72
63 74
63 75
63 78
63 80
63 81
63 85
63 87
63 88
63 89
63 90
63 92
63 94
63 95
63 97
63 98
64 66
64 68
64 69
64 71
64 72
64 73
64 74
64 75
64 76
64 77
64 78
64 82
64 83
64 84
64 86
64 94
64 96
64 97
65 70
65 71
65 72
65 73
65 74
65 76
65 78
65 79
65 81
65 84
65 85
65 88
65 91
65 96
65 99
66 67
66 68
66 71
66 72
66 75
66 76
66 77
66 81
66 82
66 83
66 85
66 86
66 87
66 88
66 89
66 93
66 95
66 98
67 68
67 70
67 72
67 73
67 77
67 79
67 80
67 83
67 84
67 87
67 89
67 90
67 93
67 95
67 97
68 71
68 76
68 78
68 79
68 82
68 83
68 85
68 86
68 87
68 92
68 94
69 71
69 72
69 75
69 77
69 78
69 84
69 88
69 89
69 93
69 94
69 95
69 97
70 72
70 73
70 75
70 76
70 77
70 83
70 85
70 87
70 88
70 91
70 93
70 97
70 99
71 72
71 73
71 75
71 76
71 77
71 78
71 80
71 81
71 82
71 83
71 85
71 90
71 92
71 93
71 94
71 95
71 97
72 75
72 77
72 78
72 79
72 83
72 85
72 86
72 87
72 89
72 90
72 91
72 92
72 94
72 95
72 99
73 74
73 75
73 77
73 78
73 80
73 81
73 82
73 83
73 84
73 87
73 89
73 90
73 91
73 94
73 97
73 98
73 99
74 76
74 77
74 78
74 79
74 80
74 81
74 82
74 84
74 90
74 91
74 92
74 94
74 95
74 99
75 76
75 79
75 81
75 83
75 86
75 88
75 90
75 92
75 93
75 94
75 95
75 96
75 97
75 98
76 80
76 81
76 82
76 84
76 85
76 90
76 92
76 95
76 97
76 98
77 78
77 79
77 80
77 81
77 83
77 86
77 87
77 89
77 90
77 92
77 93
77 94
77 96
77 98
78 79
78 81
78 84
78 87
78 89
78 90
78 91
78 92
78 95
78 98
78 99
79 80
79 83
79 84
79 85
79 86
79 87
79 88
79 90
79 92
79 96
79 97
79 98
79 99
80 82
80 83
80 86
80 88
80 90
80 91
80 92
80 93
80 94
80 98
81 83
81 84
81 85
81 87
81 88
81 90
81 92
81 96
81 97
82 84
82 85
82 87
82 89
82 90
82 92
82 95
82 96
82 98
82 99
83 84
83 85
83 87
83 90
83 92
83 93
83 94
83 95
84 85
84 88
84 95
84 97
85 86
85 87
85 89
85 93
85 94
86 87
86 88
86 90
86 92
86 94
86 95
86 97
86 98
86 99
87 88
87 90
87 92
87 96
87 97
87 98
87 99
88 89
88 90
88 91
88 92
88 93
88 98
89 90
89 91
89 97
89 99
90 94
90 95
90 96
90 97
91 92
91 93
91 95
91 96
91 97
92 93
92 99
93 94
93 97
93 99
94 95
94 97
94 98
95 97
95 98
95 99
97 99
98 99
