0 4
0 15
0 16
0 17
0 26
0 36
0 41
0 43
0 54
0 56
0 65
0 67
0 69
0 71
0 90
0 95
0 98
1 4
1 8
1 18
1 21
1 22
1 26
1 34
1 35
1 37
1 41
1 46
1 48
1 50
1 55
1 56
1 59
1 61
1 64
1 69
1 92
1 94
1 97
1 99
2 4
2 9
2 12
2 16
2 17
2 18
2 20
2 25
2 32
2 39
2 49
2 51
2 53
2 68
2 70
2 72
2 76
2 78
2 83
2 96
2 97
2 99
3 6
3 12
3 16
3 24
3 25
3 32
3 37
3 39
3 40
3 47
3 55
3 59
3 62
3 73
3 87
3 88
3 89
3 93
3 94
4 13
4 14
4 16
4 18
4 28
4 39
4 52
4 56
4 62
4 77
4 83
4 89
4 91
5 9
5 20
5 28
5 38
5 41
5 43
5 55
5 64
5 68
5 73
5 76
5 79
5 80
5 82
5 83
5 84
5 87
5 94
5 96
6 15
6 26
6 27
6 35
6 41
6 48
6 60
6 66
6 74
6 97
6 98
7 11
7 17
7 19
7 35
7 43
7 51
7 53
7 57
7 58
7 69
7 70
7 77
7 94
7 98
8 15
8 23
8 28
8 31
8 33
8 45
8 49
8 51
8 55
8 57
8 82
8 87
8 96
9 11
9 20
9 21
9 24
9 30
9 39
9 40
9 48
9 52
9 54
9 62
9 63
9 65
9 67
9 68
9 74
9 83
9 87
9 93
9 99
10 16
10 18
10 19
10 20
10 21
10 25
10 29
10 34
10 45
10 52
10 58
10 60
10 63
10 74
10 82
10 84
10 90
10 96
11 13
11 22
11 24
11 27
11 32
11 37
11 40
11 44
11 45
11 46
11 66
11 68
11 84
11 87
11 91
11 92
12 16
12 22
12 25
12 29
12 35
12 36
12 38
12 40
12 43
12 50
12 61
12 69
12 79
12 84
12 86
12 92
12 95
12 96
12 97
13 15
13 20
13 22
13 30
13 37
13 41
13 43
13 48
13 51
13 59
13 60
13 62
13 67
13 69
13 71
13 72
13 76
13 78
13 79
13 81
13 83
13 89
14 16
14 24
14 28
14 31
14 34
14 42
14 45
14 47
14 55
14 57
14 64
14 67
14 72
14 73
14 75
14 77
14 80
14 81
14 84
14 98
15 19
15 21
15 23
15 27
15 32
15 36
15 39
15 46
15 55
15 61
15 66
15 67
15 75
15 76
15 82
15 83
15 85
15 86
15 94
15 98
16 31
16 35
16 36
16 43
16 46
16 52
16 58
16 63
16 66
16 78
16 90
16 93
17 28
17 33
17 37
17 38
17 41
17 48
17 51
17 63
17 68
17 77
17 83
17 84
17 86
17 95
17 96
18 19
18 20
18 22
18 28
18 35
18 40
18 41
18 45
18 46
18 50
18 52
18 63
18 72
18 74
18 77
18 78
18 82
18 84
18 85
18 86
18 89
18 93
18 94
18 96
19 24
19 27
19 28
19 29
19 30
19 34
19 40
19 41
19 43
19 44
19 54
19 59
19 61
19 63
19 66
19 71
19 72
19 74
19 75
19 84
19 94
19 97
20 21
20 27
20 29
20 31
20 38
20 39
20 45
20 46
20 47
20 57
20 83
20 84
20 85
20 96
20 99
21 36
21 38
21 41
21 46
21 48
21 50
21 65
21 72
21 78
21 93
22 23
22 26
22 28
22 32
22 36
22 40
22 45
22 48
22 49
22 50
22 53
22 57
22 59
22 65
22 66
22 72
22 77
22 80
22 87
22 96
22 97
23 28
23 39
23 46
23 47
23 56
23 59
23 62
23 81
23 89
23 91
23 92
23 93
24 27
24 46
24 50
24 52
24 60
24 62
24 63
24 65
24 67
24 88
24 90
24 93
24 98
25 27
25 31
25 35
25 47
25 48
25 52
25 56
25 66
25 68
25 69
25 74
25 76
25 77
25 78
25 85
25 91
25 99
26 33
26 40
26 43
26 50
26 53
26 55
26 61
26 68
26 69
26 70
26 93
26 99
27 35
27 38
27 39
27 41
27 42
27 49
27 51
27 57
27 58
27 59
27 68
27 71
27 81
27 82
27 84
27 88
27 93
28 31
28 33
28 37
28 50
28 57
28 62
28 63
28 67
28 75
28 81
28 84
29 34
29 36
29 42
29 46
29 59
29 63
29 64
29 77
29 82
29 87
29 91
29 94
29 96
29 98
29 99
30 34
30 38
30 49
30 50
30 53
30 59
30 62
30 68
30 70
30 77
30 84
30 87
30 88
30 92
30 95
30 96
30 97
30 98
31 33
31 40
31 49
31 71
31 78
31 79
31 85
31 86
31 97
31 99
32 34
32 35
32 48
32 49
32 51
32 53
32 61
32 77
32 92
32 95
33 48
33 51
33 52
33 59
33 61
33 77
33 85
33 88
33 99
34 40
34 45
34 47
34 71
34 73
34 77
34 84
34 85
35 42
35 43
35 50
35 63
35 69
35 73
35 76
35 82
35 83
35 98
35 99
36 37
36 40
36 44
36 48
36 54
36 62
36 64
36 72
36 73
36 80
36 83
36 85
36 92
36 93
36 97
36 98
37 38
37 43
37 45
37 52
37 55
37 63
37 67
37 68
37 69
37 70
37 72
37 74
37 87
37 94
38 39
38 53
38 55
38 58
38 64
38 72
38 75
38 78
38 79
38 82
38 85
38 87
38 89
38 93
38 97
39 44
39 47
39 50
39 57
39 66
39 70
39 71
39 73
39 74
39 75
39 76
39 77
39 81
39 89
39 91
40 43
40 45
40 47
40 61
40 63
40 64
40 66
40 69
40 75
40 81
40 88
40 90
40 96
41 42
41 43
41 45
41 46
41 47
41 48
41 51
41 53
41 54
41 58
41 62
41 69
41 75
41 91
41 99
42 44
42 45
42 46
42 47
42 56
42 57
42 58
42 61
42 69
42 70
42 71
42 77
42 82
43 60
43 67
43 74
43 93
44 45
44 47
44 52
44 54
44 60
44 61
44 63
44 70
44 71
44 73
44 84
44 90
44 94
45 51
45 56
45 60
45 82
45 85
45 99
46 47
46 48
46 49
46 50
46 56
46 57
46 66
46 67
46 69
46 80
46 83
46 91
46 96
47 50
47 64
47 66
47 70
47 71
47 77
47 78
47 81
47 86
47 87
47 89
47 92
47 97
48 49
48 55
48 66
48 73
48 78
48 85
48 90
49 53
49 66
49 68
49 75
49 77
49 80
49 81
49 82
49 91
49 94
49 95
49 96
49 98
49 99
50 73
50 74
50 81
50 90
50 92
50 93
51 55
51 57
51 62
51 64
51 66
51 68
51 79
51 82
51 86
51 96
52 54
52 61
52 63
52 68
52 70
52 84
52 91
52 94
53 58
53 61
53 62
53 67
53 68
53 70
53 71
53 72
53 73
53 75
53 78
53 84
53 89
53 96
53 99
54 69
54 70
54 74
54 76
54 85
54 87
54 98
55 56
55 57
55 59
55 65
55 68
55 77
55 80
55 84
55 91
55 99
56 60
56 71
56 73
56 74
56 87
56 88
56 92
56 96
57 72
57 77
57 78
57 89
57 94
57 97
58 59
58 60
58 62
58 65
58 69
58 73
58 79
58 82
58 83
58 84
58 85
58 92
58 95
58 96
58 97
59 73
59 81
59 83
59 84
59 86
59 99
60 63
60 74
60 77
60 78
60 93
60 99
61 63
61 76
61 80
61 82
61 89
61 92
61 98
62 69
62 79
62 83
62 87
62 88
62 89
62 91
62 96
62 98
62 99
63 64
63 68
63 77
63 91
63 96
63 99
64 66
64 69
64 77
64 79
64 80
64 86
64 88
64 92
64 97
65 67
65 70
65 75
65 84
65 87
65 93
65 98
66 71
66 72
66 74
66 86
66 87
66 92
66 93
66 94
66 99
67 68
67 82
67 84
67 85
68 76
68 78
68 81
68 82
68 85
68 86
68 88
68 99
69 92
69 94
70 76
70 82
70 83
70 86
70 90
71 75
71 83
71 91
71 96
71 98
72 75
72 80
72 88
72 93
72 95
72 96
73 76
73 77
73 85
73 90
73 94
73 96
73 99
74 78
74 79
74 83
74 84
74 87
74 89
74 93
74 94
75 76
75 85
75 93
76 85
76 93
76 95
76 99
77 80
77 87
77 93
77 95
78 80
78 81
78 85
78 87
78 89
78 91
78 93
78 95
78 97
79 80
79 81
79 84
79 91
80 88
81 82
81 83
81 85
81 91
81 93
82 83
82 90
82 93
82 94
82 99
83 85
83 87
83 88
83 90
84 85
84 93
84 99
85 87
85 99
86 88
86 89
86 90
86 91
86 98
88 91
88 93
88 95
89 91
89 99
90 92
90 97
91 93
91 98
92 95
92 97
93 94
94 96
94 98
95 99
