0 1
0 2
0 4
0 9
0 13
0 14
0 16
0 19
0 21
0 22
0 24
0 25
0 26
0 28
0 29
0 30
0 31
0 33
0 34
0 37
0 38
0 39
0 40
0 41
0 42
0 43
0 45
0 46
0 48
0 49
0 50
0 51
0 53
0 54
0 55
0 56
0 58
0 60
0 63
0 64
0 65
0 68
0 69
0 70
0 71
0 72
0 73
0 75
0 76
0 78
0 79
0 82
0 83
0 85
0 86
0 89
0 93
0 94
0 95
1 2
1 3
1 4
1 6
1 10
1 11
1 13
1 14
1 15
1 16
1 20
1 24
1 25
1 27
1 28
1 32
1 33
1 34
1 35
1 36
1 39
1 40
1 41
1 42
1 43
1 44
1 47
1 49
1 50
1 51
1 55
1 56
1 59
1 60
1 62
1 63
1 64
1 65
1 67
1 68
1 71
1 72
1 73
1 75
1 77
1 78
1 80
1 82
1 83
1 85
1 86
1 89
1 90
1 91
1 95
1 99
2 3
2 5
2 6
2 7
2 11
2 13
2 17
2 23
2 24
2 25
2 28
2 30
2 31
2 33
2 34
2 37
2 38
2 39
2 41
2 43
2 44
2 45
2 46
2 47
2 50
2 51
2 54
2 56
2 58
2 61
2 63
2 64
2 65
2 66
2 67
2 70
2 72
2 74
2 75
2 76
2 77
2 79
2 80
2 81
2 82
2 83
2 85
2 86
2 90
2 91
2 93
2 96
2 97
2 98
3 6
3 11
3 12
3 14
3 15
3 16
3 18
3 19
3 20
3 22
3 23
3 25
3 26
3 28
3 30
3 33
3 35
3 37
3 38
3 39
3 45
3 48
3 50
3 52
3 53
3 57
3 59
3 60
3 62
3 64
3 65
3 66
3 67
3 69
3 70
3 71
3 76
3 78
3 79
3 81
3 84
3 87
3 89
3 91
3 92
3 94
3 96
3 97
4 8
4 10
4 11
4 12
4 13
4 14
4 15
4 16
4 19
4 20
4 25
4 26
4 27
4 28
4 30
4 33
4 35
4 36
4 37
4 40
4 44
4 45
4 46
4 48
4 51
4 52
4 54
4 55
4 56
4 57
4 60
4 61
4 62
4 66
4 67
4 68
4 69
4 71
4 74
4 75
4 76
4 80
4 81
4 84
4 85
4 86
4 87
4 89
4 96
4 99
5 6
5 8
5 13
5 14
5 16
5 18
5 20
5 26
5 29
5 31
5 32
5 34
5 35
5 36
5 38
5 39
5 40
5 44
5 45
5 46
5 48
5 49
5 50
5 52
5 56
5 57
5 58
5 59
5 61
5 66
5 67
5 70
5 72
5 73
5 75
5 76
5 78
5 79
5 80
5 81
5 82
5 83
5 85
5 91
5 92
5 96
5 99
6 11
6 16
6 17
6 21
6 22
6 27
6 28
6 29
6 30
6 32
6 38
6 40
6 42
6 44
6 46
6 50
6 53
6 58
6 60
6 62
6 64
6 65
6 66
6 68
6 70
6 72
6 73
6 74
6 75
6 76
6 78
6 80
6 81
6 82
6 83
6 84
6 86
6 88
6 91
6 92
6 93
6 94
6 95
6 97
6 99
7 8
7 11
7 13
7 15
7 18
7 19
7 20
7 21
7 22
7 24
7 25
7 28
7 32
7 34
7 35
7 39
7 42
7 43
7 45
7 46
7 47
7 48
7 49
7 50
7 54
7 56
7 58
7 60
7 65
7 68
7 70
7 71
7 72
7 74
7 78
7 80
7 81
7 82
7 84
7 86
7 88
7 92
7 94
7 95
7 98
7 99
8 11
8 12
8 13
8 16
8 17
8 18
8 21
8 22
8 23
8 25
8 26
8 29
8 31
8 32
8 39
8 40
8 41
8 44
8 45
8 46
8 47
8 48
8 49
8 50
8 51
8 53
8 55
8 56
8 58
8 61
8 62
8 63
8 66
8 67
8 69
8 72
8 73
8 74
8 75
8 78
8 80
8 82
8 83
8 84
8 85
8 87
8 88
8 90
8 92
8 93
8 94
8 95
8 97
9 10
9 12
9 13
9 14
9 19
9 21
9 24
9 26
9 27
9 29
9 33
9 35
9 36
9 39
9 40
9 42
9 43
9 44
9 48
9 50
9 54
9 55
9 58
9 59
9 63
9 66
9 68
9 72
9 74
9 76
9 81
9 84
9 85
9 87
9 89
9 90
9 91
9 93
9 94
9 95
9 96
9 99
10 12
10 16
10 20
10 21
10 22
10 23
10 24
10 25
10 27
10 31
10 32
10 34
10 36
10 38
10 39
10 40
10 43
10 45
10 48
10 49
10 50
10 51
10 52
10 61
10 63
10 64
10 68
10 70
10 72
10 75
10 76
10 81
10 82
10 83
10 85
10 88
10 89
10 91
10 92
11 13
11 14
11 18
11 22
11 24
11 25
11 28
11 29
11 32
11 33
11 35
11 36
11 37
11 38
11 41
11 43
11 44
11 46
11 51
11 55
11 57
11 59
11 60
11 61
11 62
11 63
11 64
11 65
11 66
11 67
11 68
11 70
11 71
11 73
11 74
11 76
11 78
11 79
11 81
11 82
11 84
11 85
11 86
11 87
11 88
11 90
11 94
12 13
12 15
12 17
12 18
12 19
12 20
12 21
12 23
12 24
12 25
12 26
12 28
12 29
12 31
12 34
12 36
12 37
12 41
12 43
12 44
12 49
12 50
12 53
12 54
12 55
12 59
12 60
12 63
12 65
12 67
12 68
12 70
12 73
12 76
12 78
12 79
12 80
12 82
12 83
12 84
12 85
12 87
12 88
12 90
12 91
12 93
12 94
12 97
12 98
13 15
13 16
13 18
13 19
13 20
13 24
13 25
13 27
13 28
13 29
13 30
13 31
13 32
13 37
13 39
13 40
13 41
13 42
13 43
13 47
13 48
13 49
13 51
13 52
13 55
13 61
13 62
13 64
13 65
13 66
13 68
13 69
13 70
13 71
13 72
13 75
13 79
13 80
13 81
13 82
13 84
13 85
13 86
13 87
13 91
13 92
13 93
13 94
13 95
13 99
14 17
14 19
14 22
14 25
14 26
14 28
14 29
14 30
14 32
14 33
14 34
14 35
14 36
14 41
14 42
14 43
14 44
14 45
14 46
14 47
14 48
14 49
14 53
14 55
14 56
14 57
14 61
14 63
14 64
14 65
14 67
14 68
14 69
14 73
14 75
14 80
14 81
14 82
14 85
14 86
14 88
14 90
14 93
14 98
15 16
15 17
15 18
15 20
15 22
15 25
15 27
15 28
15 31
15 33
15 35
15 36
15 37
15 43
15 46
15 47
15 48
15 50
15 51
15 54
15 55
15 57
15 64
15 65
15 68
15 72
15 73
15 75
15 76
15 80
15 83
15 85
15 86
15 88
15 89
15 92
15 94
15 95
15 97
15 99
16 18
16 19
16 21
16 29
16 30
16 32
16 34
16 36
16 42
16 44
16 45
16 48
16 49
16 50
16 53
16 57
16 58
16 59
16 60
16 61
16 62
16 66
16 67
16 71
16 80
16 84
16 86
16 87
16 90
16 92
16 93
16 95
16 96
16 98
16 99
17 20
17 21
17 23
17 27
17 28
17 35
17 36
17 37
17 39
17 42
17 44
17 46
17 49
17 50
17 52
17 53
17 57
17 59
17 61
17 63
17 64
17 65
17 67
17 68
17 69
17 70
17 72
17 73
17 74
17 75
17 76
17 79
17 83
17 86
17 87
17 88
17 91
17 94
17 97
17 99
18 19
18 20
18 23
18 24
18 28
18 30
18 31
18 33
18 39
18 43
18 48
18 49
18 51
18 52
18 55
18 58
18 60
18 62
18 63
18 65
18 66
18 67
18 68
18 69
18 70
18 72
18 73
18 77
18 80
18 89
18 94
18 95
18 96
18 98
18 99
19 21
19 23
19 26
19 29
19 30
19 34
19 35
19 36
19 37
19 38
19 39
19 41
19 42
19 43
19 46
19 47
19 49
19 51
19 52
19 53
19 55
19 56
19 58
19 60
19 61
19 62
19 64
19 65
19 66
19 68
19 69
19 70
19 71
19 76
19 78
19 81
19 82
19 84
19 85
19 86
19 88
19 93
19 94
19 97
19 98
20 24
20 26
20 28
20 30
20 31
20 32
20 35
20 36
20 38
20 39
20 43
20 44
20 45
20 50
20 52
20 55
20 57
20 59
20 60
20 62
20 66
20 67
20 68
20 69
20 71
20 72
20 73
20 78
20 82
20 84
20 85
20 88
20 90
20 92
20 93
20 95
20 96
20 97
21 22
21 23
21 30
21 33
21 34
21 35
21 37
21 38
21 39
21 40
21 43
21 45
21 53
21 57
21 58
21 61
21 62
21 64
21 66
21 68
21 69
21 70
21 72
21 73
21 76
21 81
21 83
21 84
21 85
21 87
21 88
21 89
21 90
21 91
21 92
21 94
21 96
21 97
21 98
22 24
22 26
22 27
22 29
22 33
22 35
22 36
22 38
22 40
22 45
22 49
22 50
22 51
22 57
22 58
22 59
22 60
22 62
22 66
22 71
22 75
22 76
22 78
22 82
22 83
22 84
22 88
22 89
22 90
22 91
22 94
22 97
22 98
23 25
23 26
23 27
23 29
23 31
23 32
23 33
23 36
23 37
23 38
23 40
23 41
23 42
23 43
23 44
23 45
23 48
23 49
23 53
23 61
23 65
23 66
23 67
23 78
23 79
23 81
23 82
23 83
23 84
23 85
23 88
23 89
23 90
23 91
23 93
23 97
23 99
24 29
24 30
24 32
24 35
24 36
24 37
24 38
24 40
24 41
24 43
24 46
24 48
24 49
24 50
24 54
24 55
24 57
24 61
24 62
24 63
24 64
24 68
24 73
24 74
24 75
24 76
24 77
24 78
24 86
24 88
24 89
24 90
24 91
24 93
24 95
24 96
24 97
24 99
25 28
25 29
25 30
25 32
25 34
25 36
25 37
25 38
25 39
25 40
25 42
25 44
25 46
25 48
25 49
25 51
25 52
25 59
25 61
25 65
25 69
25 72
25 73
25 74
25 75
25 76
25 79
25 87
25 89
25 90
25 94
25 95
25 97
25 99
26 27
26 28
26 30
26 31
26 36
26 37
26 38
26 39
26 42
26 44
26 45
26 49
26 52
26 53
26 54
26 56
26 58
26 61
26 64
26 65
26 67
26 68
26 69
26 71
26 73
26 77
26 78
26 82
26 83
26 85
26 87
26 88
26 89
26 90
26 92
26 93
26 94
26 97
27 35
27 37
27 38
27 41
27 45
27 48
27 49
27 50
27 51
27 54
27 56
27 58
27 66
27 68
27 69
27 70
27 72
27 73
27 76
27 81
27 82
27 84
27 86
27 93
27 95
27 96
27 97
27 99
28 29
28 30
28 34
28 35
28 36
28 37
28 38
28 39
28 40
28 44
28 45
28 48
28 49
28 50
28 51
28 53
28 54
28 55
28 57
28 60
28 63
28 66
28 67
28 69
28 70
28 72
28 74
28 79
28 83
28 84
28 85
28 86
28 88
28 89
28 95
28 96
28 98
29 30
29 31
29 35
29 36
29 37
29 40
29 42
29 47
29 49
29 50
29 51
29 53
29 55
29 56
29 57
29 59
29 60
29 61
29 62
29 64
29 65
29 66
29 67
29 69
29 70
29 73
29 74
29 75
29 77
29 78
29 80
29 83
29 85
29 86
29 88
29 89
29 92
29 93
29 94
29 96
29 97
30 31
30 32
30 33
30 36
30 38
30 40
30 43
30 45
30 47
30 50
30 54
30 55
30 56
30 59
30 61
30 62
30 63
30 64
30 67
30 69
30 72
30 73
30 76
30 77
30 80
30 83
30 84
30 87
30 88
30 92
30 96
30 99
31 38
31 39
31 40
31 43
31 44
31 45
31 52
31 55
31 56
31 61
31 64
31 66
31 67
31 69
31 71
31 74
31 75
31 77
31 78
31 79
31 81
31 82
31 88
31 91
31 93
31 94
31 95
31 96
31 98
32 34
32 36
32 40
32 41
32 43
32 44
32 47
32 48
32 51
32 53
32 54
32 55
32 59
32 62
32 63
32 64
32 66
32 68
32 69
32 70
32 71
32 72
32 73
32 75
32 76
32 77
32 78
32 81
32 82
32 85
32 91
32 92
32 93
32 94
32 98
33 36
33 37
33 38
33 40
33 43
33 45
33 49
33 57
33 59
33 60
33 62
33 63
33 64
33 68
33 69
33 70
33 72
33 74
33 76
33 77
33 81
33 83
33 84
33 92
34 35
34 36
34 39
34 40
34 42
34 43
34 45
34 46
34 47
34 49
34 51
34 52
34 53
34 54
34 57
34 60
34 61
34 64
34 69
34 71
34 72
34 74
34 75
34 77
34 78
34 82
34 88
34 89
34 92
34 94
34 97
34 98
35 36
35 38
35 41
35 42
35 43
35 46
35 49
35 50
35 51
35 52
35 53
35 57
35 60
35 62
35 64
35 67
35 68
35 69
35 70
35 71
35 73
35 75
35 83
35 84
35 85
35 87
35 88
35 89
35 93
35 94
35 96
36 37
36 38
36 40
36 41
36 42
36 44
36 47
36 50
36 52
36 53
36 55
36 58
36 59
36 63
36 66
36 67
36 68
36 69
36 77
36 79
36 81
36 82
36 84
36 85
36 87
36 90
36 91
36 98
37 38
37 39
37 44
37 46
37 50
37 51
37 52
37 53
37 54
37 55
37 57
37 59
37 61
37 63
37 65
37 67
37 68
37 69
37 70
37 71
37 74
37 75
37 76
37 79
37 81
37 83
37 86
37 87
37 89
37 91
37 92
37 93
37 95
37 97
37 99
38 40
38 42
38 43
38 46
38 48
38 49
38 50
38 53
38 55
38 59
38 60
38 61
38 64
38 66
38 71
38 72
38 73
38 74
38 75
38 76
38 78
38 87
38 93
38 95
38 96
38 98
38 99
39 41
39 42
39 43
39 44
39 46
39 47
39 50
39 51
39 54
39 58
39 59
39 62
39 63
39 64
39 67
39 68
39 70
39 75
39 76
39 80
39 82
39 84
39 85
39 89
39 90
39 91
39 92
39 93
39 94
39 97
39 99
40 43
40 44
40 47
40 48
40 49
40 51
40 52
40 53
40 55
40 58
40 64
40 66
40 67
40 69
40 72
40 77
40 81
40 82
40 84
40 85
40 86
40 87
40 88
40 89
40 91
40 95
40 96
40 97
40 98
41 47
41 48
41 51
41 54
41 57
41 60
41 61
41 65
41 66
41 67
41 68
41 70
41 73
41 76
41 81
41 86
41 92
41 95
41 96
41 98
41 99
42 43
42 44
42 45
42 46
42 48
42 51
42 53
42 55
42 56
42 58
42 59
42 61
42 63
42 65
42 68
42 69
42 70
42 72
42 73
42 74
42 75
42 76
42 79
42 80
42 81
42 82
42 83
42 84
42 85
42 88
42 93
42 94
42 96
42 97
42 99
43 45
43 49
43 56
43 58
43 59
43 61
43 62
43 66
43 67
43 68
43 75
43 76
43 79
43 83
43 84
43 92
43 94
43 95
43 96
43 98
44 50
44 53
44 54
44 55
44 57
44 59
44 61
44 63
44 64
44 65
44 68
44 71
44 72
44 76
44 77
44 78
44 81
44 84
44 86
44 87
44 88
44 91
44 93
44 96
45 46
45 48
45 50
45 51
45 52
45 54
45 55
45 57
45 58
45 64
45 65
45 67
45 70
45 73
45 79
45 81
45 82
45 83
45 85
45 86
45 87
45 92
45 94
45 95
45 97
45 99
46 47
46 48
46 50
46 56
46 57
46 62
46 63
46 64
46 70
46 71
46 73
46 75
46 76
46 79
46 81
46 82
46 83
46 84
46 85
46 86
46 88
46 89
46 90
46 91
46 92
46 93
46 94
46 95
46 99
47 48
47 50
47 52
47 53
47 54
47 55
47 58
47 61
47 66
47 67
47 70
47 71
47 72
47 74
47 75
47 77
47 78
47 79
47 81
47 83
47 84
47 85
47 89
47 91
47 93
47 97
47 99
48 50
48 52
48 56
48 59
48 60
48 63
48 64
48 65
48 67
48 72
48 74
48 77
48 78
48 83
48 87
48 92
48 96
48 97
48 99
49 52
49 54
49 55
49 56
49 59
49 63
49 66
49 67
49 70
49 76
49 77
49 79
49 80
49 83
49 89
49 92
49 93
49 96
49 97
49 98
49 99
50 53
50 59
50 60
50 65
50 71
50 72
50 73
50 74
50 76
50 77
50 80
50 81
50 84
50 85
50 87
50 89
50 91
50 95
50 99
51 54
51 57
51 60
51 63
51 64
51 65
51 66
51 67
51 68
51 69
51 71
51 74
51 78
51 79
51 82
51 84
51 86
51 90
51 92
51 94
51 95
51 98
51 99
52 55
52 56
52 58
52 59
52 60
52 61
52 64
52 67
52 71
52 73
52 74
52 76
52 78
52 80
52 83
52 84
52 88
52 91
52 94
52 95
52 96
53 54
53 57
53 58
53 60
53 63
53 67
53 68
53 69
53 71
53 74
53 75
53 76
53 77
53 78
53 80
53 84
53 85
53 87
53 88
53 90
53 91
53 95
53 98
54 55
54 56
54 57
54 59
54 63
54 65
54 66
54 67
54 74
54 77
54 78
54 79
54 80
54 83
54 84
54 85
54 88
54 89
54 91
54 94
54 95
54 98
54 99
55 58
55 59
55 60
55 64
55 67
55 68
55 69
55 70
55 72
55 74
55 75
55 76
55 80
55 81
55 83
55 84
55 89
55 91
55 92
55 93
55 95
55 98
56 57
56 58
56 63
56 64
56 65
56 66
56 67
56 69
56 70
56 73
56 75
56 76
56 79
56 80
56 83
56 84
56 88
56 89
56 91
56 92
56 94
56 96
56 98
56 99
57 58
57 59
57 61
57 62
57 66
57 68
57 69
57 70
57 74
57 75
57 77
57 79
57 80
57 82
57 86
57 87
57 88
57 90
57 92
57 96
58 59
58 60
58 64
58 66
58 67
58 68
58 69
58 72
58 73
58 77
58 80
58 81
58 83
58 85
58 88
58 93
58 94
58 99
59 60
59 64
59 65
59 71
59 75
59 77
59 78
59 79
59 81
59 82
59 83
59 84
59 86
59 87
59 89
59 90
59 99
60 62
60 64
60 65
60 67
60 68
60 69
60 73
60 74
60 75
60 80
60 81
60 84
60 89
60 90
60 93
60 99
61 62
61 64
61 66
61 67
61 68
61 69
61 70
61 71
61 79
61 80
61 83
61 85
61 86
61 89
61 91
61 92
61 93
61 95
61 99
62 69
62 70
62 71
62 72
62 73
62 74
62 78
62 79
62 81
62 82
62 84
62 85
62 86
62 87
62 91
62 92
62 93
62 94
62 95
62 98
63 65
63 66
63 67
63 68
63 70
63 72
63 74
63 77
63 79
63 80
63 81
63 83
63 84
63 85
63 86
63 87
63 89
63 91
63 96
63 97
63 99
64 68
64 71
64 73
64 75
64 77
64 78
64 79
64 80
64 82
64 85
64 86
64 88
64 89
64 90
64 94
64 95
64 96
64 97
65 67
65 68
65 69
65 71
65 74
65 76
65 78
65 79
65 80
65 81
65 82
65 83
65 87
65 88
65 91
65 95
65 96
65 97
65 98
65 99
66 70
66 71
66 72
66 78
66 79
66 81
66 82
66 85
66 86
66 90
66 96
67 69
67 71
67 74
67 75
67 76
67 79
67 82
67 84
67 86
67 87
67 88
67 89
67 90
67 92
67 94
67 95
67 97
68 69
68 70
68 72
68 76
68 85
68 89
68 92
68 94
68 96
68 98
68 99
69 70
69 71
69 72
69 76
69 77
69 78
69 80
69 82
69 87
69 88
69 90
69 91
69 92
69 94
69 95
69 96
70 72
70 75
70 79
70 81
70 83
70 84
70 92
70 95
70 96
70 97
70 98
71 76
71 78
71 79
71 83
71 85
71 86
71 88
71 94
71 95
71 96
71 97
71 98
71 99
72 75
72 76
72 79
72 81
72 82
72 83
72 84
72 85
72 86
72 87
72 89
72 92
72 94
72 97
72 98
73 75
73 76
73 81
73 83
73 84
73 85
73 87
73 89
73 92
73 93
73 94
73 96
73 97
73 98
73 99
74 76
74 79
74 85
74 88
74 90
74 94
74 95
74 96
74 98
74 99
75 77
75 79
75 81
75 83
75 84
75 86
75 87
75 88
75 93
75 94
75 98
76 77
76 79
76 82
76 83
76 85
76 88
76 90
76 99
77 78
77 79
77 80
77 81
77 82
77 83
77 84
77 87
77 88
77 92
77 94
77 98
77 99
78 80
78 82
78 85
78 87
78 88
78 89
78 90
78 92
78 96
78 98
79 81
79 82
79 86
79 87
79 89
79 93
79 95
79 97
80 81
80 85
80 87
80 90
80 92
80 93
80 94
80 96
80 98
81 82
81 85
81 87
81 88
81 89
81 90
81 91
81 93
81 96
81 97
82 83
82 84
82 88
82 91
82 93
82 94
82 95
82 96
82 97
82 98
82 99
83 84
83 85
83 86
83 87
83 91
83 93
83 98
83 99
84 85
84 86
84 87
84 90
84 91
84 92
84 93
84 95
84 96
84 98
85 87
85 91
85 92
85 99
86 93
86 94
86 96
86 99
87 89
87 90
87 91
87 92
87 94
87 98
88 90
88 92
88 93
88 94
88 95
88 97
88 98
89 90
89 93
89 96
89 97
89 98
89 99
90 93
90 98
91 93
91 94
91 96
91 97
91 99
92 93
92 94
92 98
92 99
93 94
93 95
93 98
93 99
94 96
94 99
96 97
96 98
97 98
