0 5
0 6
0 7
0 8
0 13
0 16
0 17
0 19
0 20
0 21
0 23
0 24
0 29
0 31
0 36
0 37
0 38
0 40
0 42
0 43
0 46
0 50
0 53
0 57
0 62
0 63
0 64
0 68
0 69
0 70
0 71
0 72
0 76
0 78
0 79
0 80
0 81
0 82
0 83
0 88
0 91
0 92
0 97
0 99
1 6
1 11
1 12
1 15
1 16
1 17
1 18
1 21
1 24
1 25
1 30
1 34
1 36
1 38
1 39
1 40
1 41
1 44
1 45
1 51
1 52
1 56
1 60
1 63
1 64
1 74
1 75
1 77
1 78
1 83
1 88
1 91
1 96
1 99
2 4
2 5
2 7
2 10
2 16
2 21
2 26
2 30
2 31
2 33
2 39
2 43
2 45
2 46
2 47
2 48
2 49
2 51
2 53
2 54
2 61
2 63
2 64
2 65
2 71
2 75
2 76
2 77
2 81
2 82
2 86
2 87
2 88
2 89
2 90
2 91
2 96
2 97
2 98
2 99
3 4
3 6
3 7
3 8
3 9
3 10
3 11
3 12
3 14
3 15
3 16
3 17
3 19
3 20
3 22
3 27
3 29
3 30
3 31
3 32
3 41
3 43
3 44
3 45
3 47
3 48
3 49
3 57
3 62
3 63
3 65
3 68
3 72
3 75
3 84
3 85
3 87
3 88
3 89
3 92
3 94
3 95
3 98
3 99
4 7
4 11
4 12
4 13
4 14
4 16
4 19
4 20
4 24
4 25
4 27
4 28
4 29
4 30
4 36
4 38
4 40
4 43
4 44
4 48
4 49
4 50
4 53
4 56
4 58
4 59
4 63
4 64
4 65
4 68
4 69
4 72
4 76
4 77
4 83
4 85
4 86
4 91
4 92
4 95
4 96
5 7
5 8
5 10
5 11
5 16
5 17
5 20
5 23
5 27
5 30
5 33
5 36
5 38
5 44
5 48
5 49
5 50
5 52
5 53
5 57
5 61
5 63
5 69
5 70
5 71
5 73
5 74
5 81
5 82
5 83
5 85
5 86
5 89
5 91
5 92
5 93
5 94
5 95
6 7
6 8
6 10
6 11
6 12
6 14
6 18
6 19
6 21
6 28
6 29
6 31
6 33
6 37
6 38
6 39
6 42
6 44
6 48
6 49
6 51
6 52
6 53
6 54
6 56
6 65
6 66
6 69
6 72
6 75
6 79
6 83
6 84
6 85
6 88
6 89
6 90
6 94
6 95
6 97
7 8
7 9
7 12
7 13
7 17
7 21
7 22
7 24
7 27
7 28
7 32
7 38
7 43
7 45
7 49
7 50
7 52
7 54
7 55
7 56
7 57
7 58
7 60
7 62
7 69
7 70
7 73
7 75
7 80
7 85
7 86
7 88
7 93
7 95
7 98
8 9
8 12
8 13
8 14
8 15
8 16
8 17
8 19
8 20
8 21
8 22
8 26
8 29
8 30
8 34
8 36
8 38
8 39
8 43
8 44
8 45
8 48
8 49
8 51
8 52
8 55
8 57
8 59
8 63
8 66
8 67
8 69
8 71
8 73
8 74
8 77
8 79
8 87
8 90
8 91
8 93
8 94
8 96
8 97
9 17
9 22
9 23
9 24
9 27
9 28
9 29
9 30
9 31
9 37
9 38
9 39
9 41
9 42
9 43
9 44
9 45
9 47
9 49
9 51
9 52
9 54
9 55
9 57
9 59
9 62
9 63
9 64
9 66
9 67
9 68
9 71
9 72
9 73
9 75
9 79
9 80
9 81
9 83
9 86
9 87
9 89
9 93
9 96
9 99
10 11
10 17
10 20
10 21
10 23
10 24
10 26
10 28
10 29
10 32
10 33
10 36
10 38
10 41
10 47
10 52
10 54
10 55
10 59
10 62
10 65
10 69
10 70
10 72
10 74
10 75
10 76
10 77
10 79
10 80
10 82
10 84
10 90
10 96
11 13
11 24
11 25
11 26
11 28
11 30
11 31
11 33
11 36
11 40
11 42
11 44
11 47
11 49
11 50
11 52
11 56
11 57
11 58
11 61
11 72
11 73
11 74
11 76
11 81
11 83
11 85
11 87
11 88
11 89
11 95
11 96
11 97
11 99
12 13
12 17
12 18
12 19
12 20
12 21
12 23
12 24
12 25
12 26
12 27
12 28
12 31
12 34
12 35
12 37
12 46
12 50
12 51
12 55
12 56
12 59
12 61
12 62
12 66
12 68
12 69
12 70
12 72
12 79
12 88
12 95
12 98
12 99
13 14
13 16
13 20
13 22
13 27
13 28
13 29
13 33
13 34
13 35
13 36
13 37
13 38
13 41
13 43
13 44
13 46
13 48
13 53
13 54
13 55
13 59
13 60
13 62
13 64
13 65
13 66
13 69
13 71
13 74
13 80
13 82
13 83
13 84
13 88
13 90
13 97
14 15
14 17
14 19
14 20
14 25
14 26
14 27
14 31
14 33
14 36
14 37
14 38
14 40
14 41
14 42
14 43
14 44
14 62
14 63
14 64
14 66
14 68
14 73
14 80
14 83
14 85
14 86
14 87
14 88
14 90
14 91
14 93
14 95
14 96
14 97
14 98
15 16
15 17
15 20
15 23
15 24
15 29
15 31
15 36
15 38
15 41
15 45
15 47
15 51
15 52
15 53
15 54
15 55
15 57
15 58
15 59
15 60
15 61
15 64
15 69
15 72
15 74
15 76
15 79
15 80
15 82
15 85
15 95
15 98
15 99
16 19
16 22
16 23
16 27
16 31
16 32
16 36
16 38
16 40
16 44
16 50
16 52
16 60
16 64
16 65
16 66
16 68
16 70
16 71
16 73
16 74
16 75
16 76
16 78
16 79
16 80
16 82
16 85
16 86
16 91
16 92
16 94
16 98
17 18
17 23
17 29
17 35
17 38
17 43
17 45
17 46
17 49
17 51
17 52
17 54
17 55
17 56
17 63
17 64
17 65
17 67
17 68
17 69
17 72
17 73
17 74
17 75
17 77
17 78
17 79
17 84
17 85
17 87
17 90
17 91
17 93
17 94
17 97
17 99
18 20
18 21
18 22
18 23
18 24
18 25
18 29
18 30
18 31
18 33
18 37
18 40
18 41
18 42
18 43
18 48
18 52
18 53
18 55
18 58
18 59
18 60
18 61
18 62
18 67
18 68
18 75
18 76
18 80
18 82
18 85
18 86
18 87
18 90
18 99
19 20
19 21
19 26
19 28
19 29
19 30
19 31
19 32
19 33
19 34
19 37
19 38
19 42
19 43
19 44
19 46
19 48
19 49
19 61
19 62
19 63
19 64
19 65
19 68
19 77
19 91
19 92
19 94
19 95
19 99
20 21
20 27
20 30
20 32
20 35
20 42
20 53
20 55
20 56
20 57
20 61
20 62
20 67
20 68
20 71
20 73
20 74
20 75
20 76
20 77
20 78
20 79
20 81
20 82
20 84
20 86
20 87
20 88
20 90
20 91
20 92
20 96
20 98
21 22
21 25
21 26
21 27
21 29
21 36
21 37
21 38
21 39
21 41
21 47
21 50
21 53
21 54
21 56
21 57
21 68
21 69
21 71
21 74
21 75
21 77
21 80
21 81
21 82
21 83
21 84
21 85
21 87
21 89
21 93
21 99
22 24
22 28
22 33
22 36
22 37
22 39
22 41
22 42
22 46
22 47
22 48
22 50
22 53
22 54
22 56
22 57
22 62
22 64
22 68
22 71
22 75
22 76
22 78
22 82
22 84
22 88
22 90
22 91
22 97
23 27
23 28
23 29
23 31
23 33
23 39
23 43
23 44
23 46
23 49
23 52
23 53
23 55
23 56
23 57
23 62
23 63
23 64
23 65
23 67
23 70
23 71
23 74
23 75
23 76
23 78
23 80
23 82
23 83
23 84
23 85
23 86
23 88
23 90
23 91
23 93
24 26
24 28
24 31
24 32
24 33
24 34
24 35
24 39
24 42
24 44
24 46
24 47
24 50
24 51
24 52
24 53
24 54
24 56
24 60
24 62
24 63
24 64
24 66
24 74
24 75
24 79
24 83
24 85
24 86
24 90
24 91
24 92
24 94
24 95
24 96
24 97
24 99
25 29
25 33
25 35
25 36
25 38
25 39
25 40
25 42
25 44
25 46
25 47
25 49
25 52
25 54
25 56
25 57
25 63
25 69
25 70
25 71
25 73
25 75
25 76
25 78
25 82
25 83
25 85
25 87
25 89
25 91
25 92
25 93
25 95
25 96
25 99
26 27
26 28
26 29
26 33
26 34
26 38
26 39
26 45
26 47
26 49
26 50
26 55
26 56
26 58
26 60
26 61
26 62
26 69
26 70
26 74
26 77
26 79
26 88
26 93
26 94
26 99
27 29
27 31
27 32
27 35
27 36
27 40
27 41
27 46
27 52
27 53
27 56
27 57
27 60
27 61
27 64
27 68
27 69
27 70
27 72
27 75
27 83
27 85
27 87
27 88
27 89
27 91
27 93
27 94
27 95
27 97
27 98
28 29
28 31
28 36
28 42
28 45
28 49
28 50
28 52
28 57
28 61
28 64
28 65
28 70
28 73
28 75
28 77
28 78
28 79
28 80
28 81
28 86
28 87
28 88
28 90
28 91
28 93
28 95
28 98
29 31
29 32
29 34
29 40
29 41
29 42
29 44
29 46
29 47
29 48
29 51
29 52
29 56
29 60
29 61
29 64
29 70
29 71
29 73
29 74
29 79
29 81
29 82
29 84
29 89
29 94
30 31
30 34
30 35
30 39
30 44
30 53
30 56
30 62
30 66
30 68
30 69
30 78
30 79
30 83
30 84
30 87
30 88
30 89
30 92
30 94
30 95
30 96
30 98
31 36
31 37
31 39
31 40
31 41
31 43
31 44
31 45
31 47
31 48
31 53
31 54
31 55
31 56
31 57
31 58
31 60
31 63
31 70
31 72
31 74
31 75
31 77
31 80
31 83
31 84
31 86
31 89
31 90
31 91
31 94
31 96
31 98
32 35
32 37
32 38
32 40
32 41
32 43
32 46
32 47
32 48
32 50
32 51
32 53
32 57
32 60
32 69
32 70
32 74
32 76
32 77
32 79
32 83
32 87
32 88
32 89
32 90
32 91
32 93
32 96
33 34
33 37
33 40
33 41
33 46
33 49
33 50
33 52
33 54
33 56
33 57
33 59
33 64
33 65
33 71
33 73
33 74
33 81
33 83
33 85
33 86
33 88
33 90
33 93
33 98
34 36
34 37
34 39
34 40
34 43
34 45
34 46
34 52
34 57
34 58
34 63
34 65
34 69
34 70
34 71
34 73
34 75
34 79
34 81
34 86
34 87
34 89
34 92
34 97
35 36
35 38
35 39
35 43
35 46
35 48
35 49
35 52
35 53
35 55
35 56
35 58
35 59
35 61
35 62
35 64
35 66
35 72
35 73
35 80
35 85
35 88
35 90
35 91
35 94
35 97
36 38
36 40
36 43
36 44
36 45
36 50
36 51
36 54
36 55
36 57
36 61
36 65
36 67
36 68
36 69
36 70
36 72
36 74
36 77
36 78
36 80
36 81
36 84
36 87
36 91
36 92
36 93
36 94
36 99
37 41
37 49
37 51
37 54
37 62
37 65
37 69
37 71
37 73
37 74
37 75
37 76
37 77
37 80
37 81
37 83
37 84
37 86
37 89
37 93
37 94
37 98
37 99
38 42
38 44
38 48
38 51
38 55
38 58
38 63
38 67
38 70
38 71
38 72
38 78
38 86
38 99
39 40
39 42
39 43
39 45
39 46
39 49
39 50
39 51
39 53
39 56
39 57
39 63
39 64
39 65
39 66
39 67
39 68
39 69
39 70
39 76
39 80
39 84
39 85
39 89
39 90
39 91
39 92
39 94
39 96
39 97
39 98
39 99
40 43
40 48
40 49
40 51
40 52
40 53
40 54
40 56
40 57
40 58
40 59
40 61
40 64
40 65
40 70
40 73
40 78
40 81
40 83
40 84
40 86
40 91
40 95
40 99
41 45
41 48
41 54
41 56
41 57
41 60
41 61
41 64
41 67
41 68
41 73
41 76
41 78
41 80
41 81
41 89
41 91
41 96
41 97
42 43
42 45
42 46
42 48
42 51
42 52
42 56
42 66
42 67
42 68
42 69
42 75
42 76
42 77
42 78
42 80
42 81
42 84
42 86
42 87
42 91
42 93
42 95
42 97
43 47
43 49
43 51
43 53
43 54
43 55
43 57
43 60
43 61
43 62
43 65
43 67
43 70
43 71
43 73
43 76
43 80
43 81
43 84
43 85
43 87
43 88
43 90
43 92
43 95
43 97
44 46
44 47
44 53
44 55
44 56
44 57
44 64
44 68
44 69
44 71
44 76
44 79
44 80
44 83
44 85
44 89
44 92
44 93
44 96
45 46
45 49
45 51
45 53
45 57
45 58
45 61
45 62
45 66
45 68
45 77
45 78
45 87
45 88
45 91
45 93
45 96
45 97
46 47
46 54
46 56
46 58
46 59
46 62
46 64
46 66
46 73
46 75
46 79
46 80
46 83
46 85
46 86
46 87
46 88
46 93
46 95
46 99
47 48
47 50
47 52
47 53
47 59
47 60
47 66
47 67
47 69
47 70
47 74
47 75
47 76
47 78
47 82
47 83
47 90
47 91
47 95
47 96
47 98
48 49
48 54
48 56
48 57
48 59
48 64
48 65
48 68
48 69
48 70
48 71
48 72
48 74
48 75
48 77
48 79
48 81
48 92
48 93
48 94
48 95
48 98
49 54
49 61
49 65
49 66
49 67
49 71
49 72
49 73
49 75
49 80
49 81
49 82
49 88
49 89
49 91
49 93
49 94
49 95
49 96
50 54
50 56
50 58
50 61
50 66
50 75
50 79
50 81
50 82
50 83
50 86
50 89
50 92
50 96
50 98
51 54
51 55
51 57
51 60
51 62
51 63
51 66
51 67
51 71
51 74
51 79
51 85
51 90
51 92
51 95
51 96
51 97
51 98
51 99
52 53
52 57
52 58
52 59
52 62
52 63
52 69
52 70
52 71
52 74
52 75
52 77
52 78
52 85
52 87
52 88
52 89
52 90
52 92
52 94
53 54
53 58
53 61
53 66
53 68
53 69
53 70
53 71
53 72
53 76
53 78
53 79
53 81
53 84
53 88
53 94
53 99
54 57
54 59
54 60
54 62
54 65
54 66
54 73
54 74
54 77
54 80
54 81
54 83
54 84
54 85
54 91
54 94
54 96
54 97
54 98
55 61
55 62
55 64
55 66
55 68
55 69
55 73
55 77
55 79
55 80
55 86
55 88
55 89
55 93
55 94
56 60
56 65
56 69
56 70
56 72
56 75
56 80
56 82
56 86
56 90
56 91
56 96
56 97
57 58
57 61
57 65
57 69
57 70
57 71
57 74
57 76
57 79
57 80
57 83
57 85
57 86
57 87
57 88
57 89
57 90
57 91
57 94
57 95
57 98
58 59
58 64
58 67
58 70
58 76
58 78
58 81
58 86
58 88
58 92
58 94
58 96
58 99
59 60
59 64
59 66
59 70
59 77
59 78
59 79
59 80
59 81
59 82
59 83
59 87
59 88
59 89
59 93
59 94
59 96
59 98
60 61
60 62
60 63
60 69
60 70
60 82
60 88
60 92
60 93
60 95
60 97
60 99
61 62
61 63
61 69
61 70
61 73
61 74
61 75
61 80
61 82
61 83
61 84
61 87
61 90
61 96
61 98
62 63
62 67
62 68
62 70
62 72
62 73
62 77
62 85
62 86
62 93
62 95
62 97
62 99
63 66
63 68
63 73
63 78
63 81
63 82
63 86
63 87
63 91
63 94
63 95
63 96
63 98
63 99
64 66
64 69
64 70
64 73
64 77
64 78
64 80
64 82
64 84
64 86
64 89
64 90
64 95
64 97
65 66
65 67
65 69
65 74
65 76
65 78
65 80
65 81
65 85
65 88
65 90
65 91
65 94
66 67
66 76
66 77
66 78
66 79
66 80
66 82
66 83
66 86
66 89
66 90
66 96
67 69
67 70
67 71
67 72
67 76
67 77
67 83
67 84
67 87
67 88
67 90
67 92
67 95
68 69
68 70
68 71
68 73
68 78
68 82
68 83
68 84
68 85
68 90
68 93
68 94
69 71
69 73
69 74
69 79
69 85
69 86
69 89
69 91
69 95
69 96
69 97
70 72
70 73
70 75
70 76
70 82
70 91
70 93
70 95
70 96
70 98
70 99
71 74
71 77
71 80
71 84
71 86
71 89
71 93
71 94
71 95
71 96
71 99
72 74
72 79
72 80
72 81
72 83
72 90
72 95
72 96
72 97
73 76
73 81
73 83
73 86
73 89
73 90
73 94
73 95
73 96
74 76
74 77
74 80
74 82
74 85
74 88
74 92
74 93
74 94
74 95
74 98
75 82
75 85
75 87
75 88
75 89
75 92
75 95
75 96
75 97
76 77
76 79
76 82
76 86
76 91
76 92
76 95
76 96
76 97
77 83
77 84
77 85
77 87
77 94
77 96
77 97
77 99
78 79
78 84
78 87
78 88
78 89
78 90
78 92
78 94
78 97
79 83
79 85
79 89
79 91
79 92
79 98
80 85
80 86
80 89
80 90
80 93
80 94
80 95
80 96
80 98
81 82
81 88
81 89
81 90
81 93
81 94
81 98
82 85
82 95
82 96
82 97
83 84
83 85
83 91
83 92
83 93
83 94
83 95
83 96
83 97
83 98
83 99
84 85
84 86
84 87
84 90
85 87
85 89
85 93
85 97
85 98
86 87
86 94
86 96
87 88
87 93
87 95
87 97
87 99
88 90
88 91
88 92
88 93
88 96
89 90
89 91
89 92
89 97
89 99
90 91
90 97
90 98
90 99
91 92
91 96
91 98
91 99
92 93
92 94
92 95
92 98
93 99
94 99
95 98
96 97
96 99
97 98
