0 1
0 2
0 7
0 8
0 9
0 11
0 13
0 15
0 16
0 19
0 20
0 22
0 24
0 25
0 27
0 28
0 31
0 32
0 34
0 35
0 36
0 37
0 44
0 45
0 47
0 49
0 51
0 52
0 65
0 66
0 67
0 69
0 72
0 74
0 77
0 80
0 83
0 84
0 88
0 89
0 91
0 94
0 96
0 97
1 2
1 3
1 5
1 6
1 9
1 11
1 14
1 16
1 18
1 20
1 21
1 23
1 24
1 27
1 28
1 32
1 33
1 34
1 35
1 38
1 40
1 41
1 44
1 46
1 48
1 50
1 53
1 55
1 56
1 57
1 60
1 64
1 65
1 68
1 75
1 77
1 78
1 79
1 80
1 83
1 84
1 87
1 88
1 90
1 91
1 92
1 94
1 98
2 3
2 5
2 7
2 9
2 10
2 11
2 12
2 17
2 18
2 19
2 20
2 21
2 22
2 26
2 28
2 30
2 31
2 33
2 34
2 36
2 37
2 41
2 43
2 44
2 45
2 47
2 48
2 49
2 50
2 52
2 53
2 54
2 55
2 59
2 60
2 62
2 63
2 65
2 66
2 68
2 71
2 72
2 73
2 74
2 75
2 80
2 81
2 82
2 84
2 86
2 89
2 91
2 95
2 96
2 97
3 4
3 6
3 7
3 9
3 11
3 13
3 14
3 15
3 18
3 20
3 21
3 24
3 28
3 33
3 34
3 35
3 36
3 37
3 38
3 39
3 43
3 44
3 45
3 47
3 48
3 50
3 52
3 54
3 56
3 58
3 61
3 63
3 66
3 67
3 70
3 71
3 73
3 74
3 76
3 77
3 79
3 81
3 82
3 83
3 84
3 85
3 87
3 92
3 94
3 96
4 6
4 7
4 10
4 11
4 13
4 14
4 15
4 16
4 18
4 21
4 24
4 25
4 26
4 29
4 33
4 35
4 39
4 40
4 41
4 45
4 48
4 50
4 54
4 56
4 59
4 60
4 62
4 63
4 64
4 65
4 66
4 67
4 69
4 71
4 72
4 76
4 77
4 78
4 79
4 80
4 84
4 85
4 88
4 90
4 94
4 96
5 8
5 9
5 10
5 13
5 17
5 20
5 21
5 23
5 24
5 28
5 30
5 31
5 32
5 38
5 40
5 41
5 42
5 44
5 47
5 48
5 50
5 51
5 53
5 54
5 55
5 56
5 57
5 59
5 60
5 62
5 63
5 64
5 65
5 70
5 74
5 75
5 77
5 78
5 83
5 84
5 85
5 89
5 90
5 91
5 93
5 94
5 96
5 97
5 99
6 8
6 10
6 11
6 12
6 13
6 15
6 23
6 25
6 28
6 30
6 33
6 34
6 35
6 37
6 38
6 40
6 42
6 44
6 48
6 51
6 52
6 53
6 54
6 59
6 60
6 61
6 64
6 65
6 67
6 71
6 72
6 73
6 74
6 75
6 77
6 78
6 80
6 81
6 87
6 88
6 89
6 94
6 97
7 8
7 12
7 14
7 15
7 19
7 21
7 23
7 25
7 26
7 28
7 30
7 33
7 36
7 38
7 41
7 46
7 48
7 49
7 50
7 51
7 52
7 54
7 55
7 59
7 64
7 68
7 73
7 75
7 79
7 80
7 82
7 83
7 90
7 94
7 95
7 96
7 97
7 98
8 9
8 10
8 13
8 17
8 19
8 20
8 25
8 26
8 27
8 28
8 30
8 33
8 37
8 45
8 47
8 48
8 49
8 52
8 53
8 55
8 56
8 58
8 61
8 63
8 64
8 65
8 68
8 70
8 71
8 74
8 76
8 78
8 82
8 86
8 88
8 89
8 90
8 91
8 97
9 10
9 12
9 14
9 16
9 19
9 20
9 22
9 23
9 24
9 25
9 26
9 31
9 33
9 34
9 36
9 37
9 45
9 48
9 51
9 53
9 54
9 55
9 58
9 59
9 64
9 67
9 73
9 81
9 87
9 88
9 90
9 91
9 92
9 93
9 94
9 96
9 98
9 99
10 12
10 15
10 16
10 17
10 18
10 19
10 20
10 22
10 23
10 27
10 28
10 29
10 32
10 37
10 38
10 39
10 40
10 44
10 45
10 46
10 48
10 49
10 50
10 51
10 52
10 54
10 56
10 58
10 59
10 62
10 63
10 65
10 66
10 68
10 69
10 71
10 72
10 73
10 77
10 80
10 81
10 82
10 83
10 84
10 88
10 91
10 92
10 93
10 94
10 96
10 99
11 13
11 14
11 15
11 17
11 19
11 20
11 21
11 23
11 24
11 26
11 27
11 28
11 31
11 32
11 35
11 36
11 38
11 43
11 44
11 47
11 48
11 50
11 51
11 53
11 54
11 56
11 57
11 58
11 59
11 61
11 63
11 64
11 65
11 66
11 68
11 70
11 71
11 76
11 77
11 78
11 81
11 82
11 83
11 84
11 86
11 92
11 94
11 97
11 98
11 99
12 15
12 16
12 17
12 18
12 20
12 21
12 22
12 23
12 24
12 25
12 26
12 27
12 28
12 31
12 34
12 37
12 38
12 39
12 41
12 43
12 48
12 49
12 50
12 53
12 54
12 60
12 61
12 64
12 67
12 68
12 69
12 70
12 72
12 73
12 76
12 78
12 79
12 80
12 81
12 82
12 83
12 85
12 86
12 88
12 90
12 93
12 95
13 14
13 16
13 18
13 20
13 21
13 22
13 24
13 25
13 26
13 28
13 30
13 33
13 36
13 39
13 40
13 43
13 44
13 45
13 48
13 49
13 55
13 57
13 60
13 61
13 62
13 64
13 68
13 71
13 72
13 73
13 74
13 75
13 80
13 81
13 82
13 84
13 85
13 87
13 88
13 89
13 90
13 92
13 95
13 98
14 20
14 22
14 23
14 24
14 27
14 28
14 30
14 32
14 33
14 34
14 36
14 40
14 42
14 49
14 51
14 55
14 57
14 58
14 64
14 65
14 66
14 67
14 71
14 72
14 73
14 74
14 76
14 80
14 81
14 82
14 83
14 84
14 85
14 88
14 89
14 90
14 91
14 93
14 94
14 95
14 96
14 97
14 98
14 99
15 16
15 20
15 21
15 23
15 25
15 26
15 27
15 29
15 30
15 32
15 35
15 36
15 37
15 39
15 40
15 41
15 43
15 46
15 51
15 52
15 56
15 57
15 58
15 61
15 62
15 64
15 65
15 66
15 70
15 75
15 76
15 77
15 78
15 83
15 92
15 94
15 95
15 98
16 17
16 19
16 21
16 25
16 26
16 31
16 33
16 34
16 40
16 41
16 43
16 45
16 46
16 51
16 54
16 58
16 59
16 61
16 65
16 66
16 67
16 69
16 77
16 80
16 81
16 84
16 85
16 87
16 89
16 92
16 94
16 95
16 96
16 97
16 99
17 18
17 19
17 20
17 25
17 26
17 30
17 35
17 36
17 37
17 38
17 39
17 41
17 43
17 44
17 45
17 48
17 55
17 59
17 60
17 61
17 62
17 63
17 65
17 69
17 70
17 72
17 73
17 75
17 76
17 78
17 84
17 85
17 86
17 89
17 91
17 92
17 93
17 94
17 97
17 99
18 19
18 20
18 23
18 24
18 25
18 26
18 27
18 28
18 32
18 34
18 38
18 39
18 40
18 41
18 43
18 44
18 45
18 46
18 49
18 50
18 51
18 54
18 57
18 58
18 59
18 61
18 67
18 73
18 74
18 76
18 77
18 78
18 80
18 81
18 83
18 86
18 91
18 92
18 96
18 98
19 20
19 23
19 25
19 27
19 28
19 31
19 36
19 37
19 38
19 40
19 41
19 42
19 44
19 45
19 46
19 49
19 50
19 52
19 54
19 55
19 56
19 62
19 63
19 65
19 66
19 67
19 71
19 75
19 76
19 77
19 79
19 80
19 83
19 84
19 87
19 88
19 89
19 90
19 91
19 92
19 94
19 95
19 97
19 99
20 21
20 22
20 23
20 25
20 28
20 29
20 30
20 31
20 38
20 39
20 42
20 43
20 45
20 46
20 47
20 49
20 50
20 55
20 59
20 60
20 61
20 63
20 64
20 65
20 68
20 69
20 70
20 74
20 76
20 77
20 80
20 84
20 85
20 86
20 87
20 88
20 89
20 93
20 97
21 22
21 23
21 24
21 25
21 29
21 31
21 32
21 35
21 36
21 37
21 39
21 40
21 42
21 44
21 46
21 47
21 50
21 52
21 53
21 56
21 58
21 61
21 64
21 66
21 68
21 74
21 75
21 76
21 79
21 88
21 89
21 92
21 93
21 94
21 95
21 96
21 97
21 98
22 28
22 30
22 33
22 34
22 36
22 38
22 40
22 42
22 43
22 45
22 46
22 47
22 48
22 51
22 52
22 53
22 55
22 57
22 59
22 61
22 62
22 64
22 65
22 67
22 68
22 69
22 71
22 73
22 76
22 78
22 79
22 80
22 81
22 82
22 83
22 84
22 85
22 86
22 88
22 89
22 93
22 94
22 97
22 99
23 24
23 25
23 26
23 27
23 29
23 30
23 32
23 38
23 40
23 42
23 43
23 44
23 47
23 48
23 51
23 58
23 59
23 60
23 61
23 62
23 63
23 65
23 66
23 67
23 70
23 71
23 72
23 73
23 74
23 75
23 79
23 82
23 83
23 84
23 85
23 88
23 91
23 94
23 96
23 97
24 26
24 27
24 28
24 29
24 30
24 33
24 37
24 38
24 39
24 42
24 45
24 46
24 48
24 50
24 52
24 55
24 58
24 59
24 60
24 61
24 62
24 65
24 66
24 68
24 71
24 72
24 74
24 78
24 79
24 81
24 82
24 83
24 84
24 86
24 90
24 95
24 96
25 27
25 30
25 33
25 34
25 38
25 41
25 42
25 43
25 47
25 48
25 49
25 51
25 53
25 55
25 56
25 58
25 60
25 61
25 62
25 64
25 65
25 72
25 74
25 78
25 79
25 80
25 83
25 84
25 88
25 89
25 90
25 92
25 93
25 94
26 27
26 28
26 29
26 31
26 32
26 36
26 37
26 46
26 48
26 49
26 50
26 52
26 53
26 54
26 58
26 59
26 64
26 65
26 69
26 70
26 71
26 74
26 75
26 78
26 79
26 81
26 86
26 89
26 91
26 93
26 94
26 95
26 96
27 28
27 31
27 32
27 33
27 34
27 36
27 37
27 43
27 45
27 46
27 51
27 52
27 53
27 54
27 55
27 60
27 63
27 65
27 70
27 74
27 75
27 80
27 81
27 82
27 84
27 85
27 86
27 88
27 89
27 91
27 93
27 95
27 98
28 30
28 32
28 35
28 36
28 37
28 38
28 40
28 43
28 44
28 45
28 47
28 48
28 51
28 52
28 58
28 59
28 61
28 62
28 64
28 65
28 67
28 70
28 71
28 72
28 73
28 74
28 75
28 76
28 77
28 79
28 80
28 81
28 86
28 90
28 91
28 92
28 93
28 95
28 96
28 97
28 98
28 99
29 32
29 33
29 34
29 37
29 39
29 40
29 41
29 43
29 44
29 45
29 46
29 49
29 50
29 51
29 52
29 54
29 55
29 56
29 57
29 59
29 62
29 66
29 67
29 70
29 71
29 75
29 78
29 81
29 82
29 83
29 86
29 89
29 90
29 99
30 32
30 37
30 40
30 41
30 44
30 47
30 49
30 50
30 51
30 52
30 55
30 56
30 59
30 64
30 66
30 67
30 68
30 70
30 72
30 75
30 77
30 83
30 89
30 90
30 91
30 94
30 95
30 97
31 33
31 35
31 36
31 37
31 40
31 41
31 43
31 44
31 48
31 53
31 54
31 56
31 59
31 60
31 61
31 64
31 67
31 68
31 74
31 76
31 78
31 79
31 81
31 82
31 84
31 85
31 87
31 88
31 89
31 93
31 94
31 96
31 97
31 98
31 99
32 33
32 34
32 35
32 36
32 38
32 39
32 40
32 43
32 44
32 47
32 48
32 51
32 53
32 59
32 60
32 61
32 62
32 68
32 69
32 70
32 71
32 72
32 73
32 75
32 76
32 77
32 79
32 81
32 82
32 84
32 87
32 90
32 92
32 94
32 97
33 35
33 36
33 38
33 39
33 40
33 44
33 46
33 49
33 50
33 51
33 52
33 53
33 56
33 57
33 61
33 72
33 73
33 75
33 78
33 79
33 81
33 82
33 83
33 84
33 85
33 87
33 89
33 90
33 91
33 92
33 93
33 94
33 95
33 96
33 97
33 98
34 35
34 37
34 39
34 40
34 41
34 45
34 46
34 48
34 49
34 54
34 55
34 56
34 58
34 59
34 60
34 61
34 62
34 63
34 64
34 65
34 67
34 69
34 70
34 72
34 73
34 75
34 77
34 79
34 81
34 83
34 85
34 87
34 88
34 91
34 93
34 94
34 96
34 98
34 99
35 37
35 39
35 40
35 42
35 44
35 46
35 47
35 48
35 49
35 50
35 53
35 54
35 56
35 59
35 61
35 64
35 68
35 70
35 71
35 72
35 74
35 77
35 79
35 82
35 84
35 85
35 87
35 89
35 94
35 95
35 97
35 98
36 37
36 42
36 43
36 44
36 50
36 51
36 54
36 55
36 57
36 63
36 64
36 65
36 67
36 69
36 73
36 74
36 75
36 78
36 84
36 88
36 91
36 96
37 40
37 42
37 43
37 44
37 45
37 46
37 48
37 50
37 52
37 55
37 57
37 59
37 61
37 65
37 66
37 67
37 68
37 69
37 71
37 79
37 80
37 82
37 84
37 85
37 88
37 92
37 93
37 95
37 96
37 98
38 40
38 41
38 45
38 46
38 55
38 56
38 57
38 58
38 59
38 60
38 61
38 62
38 64
38 65
38 67
38 70
38 75
38 80
38 81
38 83
38 84
38 88
38 90
38 91
38 96
38 98
39 40
39 41
39 42
39 43
39 48
39 50
39 51
39 52
39 57
39 58
39 62
39 64
39 66
39 67
39 68
39 71
39 72
39 74
39 79
39 80
39 81
39 82
39 83
39 85
39 88
39 91
39 95
40 44
40 47
40 48
40 49
40 50
40 51
40 55
40 56
40 59
40 60
40 61
40 62
40 66
40 67
40 69
40 76
40 77
40 78
40 79
40 82
40 83
40 86
40 87
40 88
40 89
40 93
40 94
40 98
40 99
41 42
41 44
41 46
41 47
41 50
41 51
41 52
41 53
41 55
41 56
41 58
41 59
41 60
41 61
41 62
41 67
41 68
41 69
41 70
41 71
41 73
41 76
41 77
41 79
41 81
41 82
41 83
41 84
41 85
41 87
41 88
41 89
41 90
41 92
41 94
41 95
41 97
41 98
41 99
42 47
42 48
42 49
42 51
42 52
42 55
42 56
42 58
42 59
42 60
42 63
42 66
42 67
42 68
42 69
42 70
42 71
42 73
42 74
42 75
42 76
42 81
42 82
42 83
42 86
42 89
42 97
42 99
43 44
43 47
43 48
43 49
43 50
43 53
43 57
43 60
43 63
43 65
43 66
43 67
43 69
43 73
43 74
43 76
43 78
43 83
43 85
43 87
43 88
43 89
43 90
43 97
43 99
44 45
44 46
44 48
44 49
44 50
44 51
44 55
44 60
44 62
44 63
44 67
44 68
44 74
44 75
44 76
44 77
44 79
44 82
44 83
44 85
44 88
44 89
44 92
44 93
44 96
44 97
45 46
45 47
45 48
45 50
45 51
45 52
45 53
45 56
45 57
45 60
45 61
45 65
45 66
45 68
45 69
45 71
45 72
45 77
45 80
45 81
45 82
45 84
45 86
45 89
45 92
45 94
45 96
45 97
45 99
46 48
46 49
46 52
46 53
46 54
46 55
46 56
46 62
46 64
46 66
46 67
46 70
46 71
46 74
46 78
46 82
46 83
46 84
46 94
46 98
47 48
47 49
47 50
47 53
47 54
47 58
47 59
47 61
47 62
47 73
47 74
47 76
47 78
47 79
47 80
47 81
47 82
47 83
47 84
47 87
47 89
47 93
47 94
47 96
47 97
48 51
48 53
48 54
48 57
48 58
48 59
48 60
48 61
48 64
48 65
48 66
48 67
48 68
48 69
48 70
48 71
48 75
48 77
48 78
48 80
48 81
48 82
48 84
48 85
48 93
48 94
48 96
48 97
48 98
49 56
49 61
49 63
49 64
49 67
49 68
49 71
49 72
49 74
49 75
49 78
49 79
49 80
49 81
49 82
49 84
49 85
49 86
49 87
49 91
49 92
49 94
49 96
49 97
49 99
50 51
50 53
50 54
50 55
50 57
50 58
50 59
50 62
50 63
50 64
50 66
50 67
50 71
50 75
50 80
50 85
50 86
50 87
50 89
50 93
50 96
50 97
51 54
51 60
51 62
51 63
51 64
51 67
51 75
51 76
51 77
51 80
51 81
51 82
51 83
51 84
51 85
51 86
51 87
51 89
51 90
51 91
51 92
51 93
51 94
51 95
51 96
51 98
51 99
52 54
52 55
52 58
52 62
52 63
52 64
52 65
52 66
52 67
52 68
52 69
52 71
52 72
52 74
52 76
52 77
52 79
52 82
52 84
52 85
52 90
52 91
52 93
52 94
52 96
53 59
53 61
53 62
53 63
53 65
53 68
53 69
53 70
53 71
53 74
53 76
53 77
53 79
53 80
53 81
53 82
53 84
53 86
53 88
53 89
53 90
53 93
53 96
53 97
53 99
54 55
54 56
54 58
54 61
54 66
54 69
54 74
54 76
54 77
54 78
54 80
54 81
54 83
54 85
54 89
54 90
54 92
54 94
54 95
54 96
55 56
55 57
55 60
55 64
55 66
55 68
55 70
55 73
55 75
55 76
55 77
55 82
55 85
55 86
55 87
55 89
55 90
55 91
55 92
55 93
55 94
55 99
56 57
56 60
56 61
56 62
56 63
56 64
56 66
56 67
56 70
56 73
56 77
56 80
56 81
56 84
56 85
56 88
56 90
56 93
56 94
56 99
57 58
57 60
57 63
57 66
57 68
57 69
57 70
57 72
57 73
57 74
57 75
57 77
57 79
57 92
57 93
57 94
57 95
57 98
58 59
58 61
58 65
58 67
58 69
58 72
58 73
58 74
58 76
58 80
58 81
58 83
58 85
58 86
58 87
58 89
58 92
59 61
59 65
59 66
59 67
59 68
59 76
59 80
59 82
59 84
59 88
59 89
59 90
59 92
59 93
59 94
59 97
59 98
60 61
60 62
60 63
60 64
60 65
60 66
60 68
60 69
60 73
60 74
60 75
60 76
60 77
60 84
60 87
60 94
60 96
60 97
61 64
61 65
61 67
61 74
61 77
61 78
61 79
61 82
61 84
61 85
61 86
61 87
61 89
61 90
61 93
61 94
61 95
61 98
62 63
62 64
62 65
62 66
62 67
62 68
62 69
62 70
62 72
62 74
62 77
62 78
62 79
62 82
62 87
62 88
62 90
62 91
62 92
62 93
62 96
62 97
63 64
63 67
63 74
63 76
63 77
63 78
63 80
63 83
63 84
63 85
63 92
63 93
63 98
64 65
64 66
64 67
64 69
64 70
64 71
64 77
64 78
64 79
64 80
64 81
64 82
64 86
64 87
64 88
64 89
64 90
64 91
64 93
64 94
64 98
65 66
65 67
65 68
65 71
65 72
65 73
65 74
65 75
65 76
65 77
65 78
65 80
65 81
65 82
65 84
65 86
65 90
65 92
65 93
65 94
65 97
65 98
66 68
66 73
66 74
66 76
66 79
66 81
66 86
66 89
66 91
66 92
66 95
66 97
67 68
67 69
67 70
67 72
67 74
67 76
67 78
67 79
67 80
67 82
67 84
67 85
67 86
67 87
67 89
67 90
67 91
67 92
67 94
67 95
67 96
68 70
68 71
68 77
68 78
68 82
68 83
68 84
68 86
68 87
68 88
68 91
68 96
68 99
69 70
69 72
69 74
69 75
69 78
69 82
69 83
69 84
69 90
69 91
69 93
69 99
70 73
70 75
70 77
70 78
70 79
70 80
70 81
70 82
70 83
70 86
70 90
70 94
71 73
71 74
71 75
71 76
71 77
71 78
71 79
71 80
71 83
71 84
71 85
71 86
71 88
71 89
71 90
71 92
71 94
71 95
71 98
71 99
72 73
72 74
72 76
72 77
72 80
72 81
72 83
72 84
72 85
72 86
72 87
72 89
72 90
72 92
72 94
72 95
72 96
72 98
72 99
73 79
73 81
73 83
73 86
73 91
73 93
73 95
73 97
74 77
74 80
74 82
74 85
74 86
74 88
74 90
74 93
74 94
74 95
74 96
74 97
74 98
75 76
75 81
75 82
75 84
75 85
75 86
75 87
75 90
75 91
75 93
75 94
75 96
75 98
76 77
76 78
76 79
76 80
76 81
76 83
76 86
76 90
76 92
76 93
76 95
76 98
76 99
77 79
77 80
77 82
77 84
77 85
77 88
77 93
77 97
78 79
78 80
78 82
78 83
78 85
78 86
78 87
78 90
78 93
78 94
78 96
78 97
78 98
79 80
79 83
79 84
79 86
79 93
79 99
80 82
80 83
80 84
80 86
80 88
80 90
80 92
80 94
80 97
81 82
81 83
81 84
81 85
81 86
81 87
81 88
81 90
81 93
81 96
82 83
82 87
82 89
82 90
82 92
82 93
82 94
82 95
82 97
82 99
83 85
83 86
83 92
83 94
83 98
84 87
84 88
84 89
84 90
84 91
84 95
84 96
84 97
85 86
85 88
85 90
85 91
85 93
85 97
85 98
86 87
86 88
86 90
86 91
86 92
86 93
86 94
87 88
87 94
87 95
87 98
88 89
88 90
88 91
88 93
88 94
88 95
88 96
88 99
89 90
89 91
89 93
89 95
89 96
89 97
89 98
89 99
90 92
90 93
90 95
90 96
90 97
90 99
91 92
91 93
91 95
91 98
91 99
92 93
92 94
92 96
92 97
92 99
93 97
93 98
93 99
94 95
94 97
94 99
95 98
96 97
96 99
97 98
