0 1
0 2
0 3
0 4
0 7
0 9
0 12
0 13
0 14
0 17
0 20
0 21
0 23
0 26
0 27
0 30
0 46
0 47
0 50
0 54
0 55
0 65
0 67
0 69
0 75
0 83
0 84
0 87
0 89
0 90
0 91
0 92
0 94
0 96
1 3
1 4
1 18
1 23
1 25
1 27
1 30
1 33
1 36
1 41
1 48
1 49
1 54
1 56
1 57
1 58
1 60
1 62
1 63
1 65
1 69
1 72
1 73
1 74
1 76
1 79
1 82
1 84
1 85
1 86
1 88
1 89
1 90
1 92
1 94
1 99
2 6
2 8
2 10
2 11
2 14
2 15
2 16
2 20
2 21
2 28
2 35
2 36
2 44
2 45
2 48
2 52
2 54
2 56
2 58
2 62
2 67
2 68
2 72
2 73
2 74
2 75
2 76
2 78
2 79
2 81
2 83
2 84
2 87
2 90
2 94
2 95
2 97
2 98
3 4
3 7
3 8
3 9
3 10
3 14
3 20
3 24
3 26
3 28
3 29
3 35
3 36
3 37
3 38
3 39
3 40
3 41
3 42
3 43
3 45
3 46
3 49
3 50
3 55
3 57
3 61
3 63
3 64
3 65
3 68
3 69
3 71
3 72
3 75
3 77
3 80
3 86
3 87
3 89
3 91
3 94
4 6
4 7
4 8
4 11
4 13
4 23
4 24
4 27
4 29
4 37
4 39
4 40
4 45
4 52
4 53
4 59
4 61
4 63
4 65
4 66
4 68
4 72
4 73
4 74
4 75
4 77
4 80
4 83
4 84
4 87
4 89
4 90
4 92
4 93
4 95
4 96
4 98
5 8
5 9
5 11
5 12
5 14
5 15
5 17
5 22
5 24
5 27
5 28
5 32
5 43
5 45
5 48
5 49
5 54
5 55
5 57
5 59
5 60
5 61
5 62
5 63
5 64
5 77
5 78
5 80
5 82
5 84
5 91
5 92
5 93
5 96
5 98
5 99
6 8
6 12
6 15
6 16
6 17
6 23
6 25
6 27
6 29
6 31
6 32
6 38
6 41
6 45
6 48
6 49
6 50
6 52
6 53
6 55
6 57
6 66
6 68
6 69
6 70
6 72
6 76
6 83
6 84
6 86
6 87
6 89
6 90
6 93
6 95
6 97
6 99
7 8
7 9
7 10
7 14
7 15
7 18
7 19
7 20
7 27
7 38
7 41
7 43
7 44
7 45
7 48
7 53
7 54
7 57
7 59
7 60
7 61
7 64
7 68
7 74
7 77
7 80
7 81
7 82
7 83
7 86
7 87
7 88
7 90
7 91
7 92
7 96
7 98
8 9
8 11
8 12
8 15
8 17
8 18
8 19
8 20
8 23
8 24
8 26
8 28
8 34
8 35
8 38
8 39
8 41
8 42
8 44
8 45
8 48
8 52
8 61
8 65
8 72
8 74
8 76
8 80
8 81
8 83
8 84
8 85
8 87
8 88
8 92
8 94
8 95
8 98
8 99
9 13
9 18
9 21
9 22
9 24
9 32
9 33
9 36
9 43
9 47
9 49
9 50
9 52
9 56
9 64
9 65
9 66
9 68
9 69
9 72
9 76
9 83
9 87
9 88
9 89
9 90
9 91
9 92
9 93
9 99
10 20
10 22
10 24
10 26
10 29
10 30
10 33
10 36
10 37
10 42
10 45
10 48
10 50
10 51
10 52
10 55
10 56
10 59
10 60
10 61
10 62
10 64
10 67
10 70
10 72
10 74
10 75
10 76
10 77
10 80
10 83
10 84
10 86
10 87
10 91
10 92
10 93
10 94
10 95
10 97
10 98
11 12
11 13
11 15
11 16
11 17
11 19
11 20
11 21
11 25
11 28
11 31
11 33
11 35
11 37
11 40
11 41
11 42
11 46
11 47
11 50
11 51
11 53
11 54
11 56
11 58
11 59
11 62
11 63
11 68
11 70
11 71
11 76
11 82
11 83
11 85
11 87
11 89
11 90
11 91
11 93
11 97
12 13
12 16
12 17
12 20
12 27
12 28
12 29
12 31
12 32
12 33
12 36
12 38
12 44
12 48
12 50
12 55
12 59
12 65
12 66
12 72
12 74
12 79
12 81
12 82
12 85
12 88
12 90
12 93
12 94
12 96
12 99
13 16
13 32
13 33
13 34
13 36
13 39
13 40
13 41
13 42
13 43
13 44
13 48
13 50
13 53
13 56
13 60
13 62
13 66
13 72
13 73
13 75
13 77
13 79
13 82
13 84
13 92
13 93
13 95
14 16
14 17
14 18
14 20
14 22
14 33
14 34
14 35
14 37
14 42
14 48
14 52
14 58
14 59
14 65
14 73
14 74
14 80
14 83
14 85
14 86
14 89
14 90
14 92
14 93
14 95
15 16
15 17
15 20
15 21
15 25
15 26
15 29
15 30
15 32
15 34
15 36
15 38
15 40
15 42
15 43
15 48
15 51
15 52
15 53
15 56
15 58
15 60
15 61
15 63
15 66
15 67
15 68
15 69
15 70
15 71
15 74
15 75
15 76
15 78
15 84
15 87
15 88
15 89
15 90
15 92
15 93
15 95
15 98
16 18
16 20
16 21
16 23
16 25
16 26
16 30
16 31
16 32
16 40
16 41
16 49
16 51
16 55
16 59
16 61
16 63
16 65
16 66
16 70
16 71
16 74
16 82
16 83
16 84
16 87
16 95
16 96
16 98
17 20
17 21
17 23
17 24
17 28
17 29
17 30
17 32
17 34
17 35
17 36
17 40
17 41
17 50
17 53
17 56
17 57
17 58
17 64
17 70
17 73
17 74
17 75
17 78
17 79
17 80
17 83
17 84
17 85
17 91
17 92
17 96
17 99
18 19
18 20
18 22
18 29
18 31
18 32
18 35
18 36
18 37
18 38
18 39
18 40
18 41
18 44
18 45
18 50
18 51
18 53
18 60
18 61
18 64
18 69
18 71
18 75
18 76
18 78
18 79
18 83
18 84
18 85
18 86
18 88
18 90
18 91
18 92
18 98
18 99
19 20
19 22
19 24
19 26
19 27
19 28
19 37
19 38
19 41
19 44
19 47
19 48
19 55
19 59
19 62
19 66
19 67
19 68
19 69
19 70
19 72
19 75
19 78
19 79
19 81
19 83
19 84
19 85
19 86
19 88
19 89
19 91
19 97
19 99
20 21
20 26
20 27
20 31
20 32
20 33
20 36
20 38
20 40
20 43
20 44
20 46
20 47
20 49
20 50
20 54
20 55
20 59
20 60
20 61
20 62
20 64
20 65
20 66
20 67
20 71
20 74
20 75
20 77
20 78
20 80
20 86
20 88
20 89
20 90
20 92
21 29
21 30
21 32
21 33
21 34
21 35
21 36
21 37
21 38
21 42
21 43
21 45
21 48
21 55
21 56
21 61
21 63
21 68
21 73
21 74
21 76
21 77
21 78
21 95
21 96
21 99
22 23
22 24
22 25
22 26
22 29
22 32
22 34
22 39
22 46
22 48
22 49
22 51
22 52
22 53
22 54
22 56
22 57
22 58
22 61
22 63
22 64
22 66
22 69
22 71
22 74
22 78
22 79
22 82
22 83
22 85
22 87
22 88
22 89
22 93
23 27
23 34
23 36
23 38
23 39
23 43
23 44
23 45
23 48
23 49
23 52
23 53
23 56
23 57
23 58
23 61
23 65
23 71
23 74
23 76
23 80
23 81
23 82
23 85
23 90
23 97
24 25
24 27
24 31
24 35
24 39
24 44
24 45
24 50
24 51
24 54
24 56
24 61
24 65
24 67
24 69
24 70
24 71
24 73
24 74
24 78
24 80
24 82
24 87
24 93
24 95
24 98
25 27
25 28
25 30
25 31
25 33
25 35
25 36
25 38
25 42
25 44
25 48
25 49
25 59
25 63
25 64
25 67
25 68
25 69
25 70
25 72
25 73
25 74
25 78
25 81
25 82
25 84
25 88
25 89
25 91
25 93
25 95
25 98
26 27
26 33
26 36
26 38
26 39
26 40
26 42
26 43
26 45
26 46
26 48
26 49
26 53
26 54
26 58
26 59
26 63
26 66
26 67
26 76
26 78
26 79
26 83
26 84
26 88
26 90
26 93
26 94
26 95
26 98
27 28
27 30
27 35
27 38
27 42
27 45
27 47
27 49
27 51
27 52
27 53
27 55
27 56
27 58
27 60
27 64
27 70
27 71
27 75
27 81
27 88
27 90
27 94
28 29
28 31
28 33
28 35
28 40
28 41
28 44
28 48
28 51
28 52
28 53
28 57
28 60
28 61
28 66
28 68
28 73
28 77
28 78
28 83
28 85
28 89
28 90
28 95
28 98
28 99
29 38
29 39
29 40
29 41
29 43
29 46
29 50
29 52
29 55
29 57
29 58
29 59
29 60
29 62
29 64
29 66
29 67
29 68
29 74
29 76
29 78
29 80
29 83
29 84
29 87
29 88
29 89
29 93
29 99
30 31
30 33
30 45
30 48
30 50
30 52
30 57
30 58
30 66
30 67
30 68
30 76
30 78
30 80
30 81
30 83
30 85
30 94
30 96
30 97
30 99
31 34
31 38
31 39
31 40
31 41
31 44
31 46
31 47
31 51
31 60
31 62
31 63
31 65
31 70
31 71
31 73
31 74
31 78
31 79
31 84
31 85
31 90
31 91
31 92
31 97
32 34
32 36
32 37
32 40
32 41
32 43
32 45
32 49
32 52
32 55
32 57
32 58
32 61
32 62
32 63
32 64
32 67
32 69
32 72
32 74
32 75
32 76
32 77
32 78
32 82
32 86
32 90
32 91
32 92
32 93
32 98
33 36
33 37
33 38
33 39
33 41
33 50
33 51
33 56
33 59
33 61
33 65
33 71
33 72
33 79
33 80
33 82
33 84
33 86
33 89
33 92
33 93
33 97
34 36
34 37
34 38
34 42
34 47
34 48
34 50
34 55
34 56
34 60
34 61
34 64
34 66
34 67
34 69
34 71
34 72
34 73
34 79
34 81
34 83
34 88
34 91
34 94
34 96
34 97
34 98
34 99
35 37
35 39
35 44
35 45
35 48
35 53
35 59
35 61
35 63
35 64
35 65
35 68
35 69
35 71
35 74
35 76
35 80
35 84
35 85
35 87
35 91
35 94
35 95
35 96
35 97
35 98
35 99
36 37
36 38
36 40
36 41
36 43
36 45
36 46
36 48
36 49
36 51
36 57
36 62
36 67
36 69
36 70
36 77
36 81
36 85
36 87
36 92
36 93
36 94
36 95
37 38
37 40
37 42
37 46
37 47
37 50
37 52
37 53
37 54
37 60
37 63
37 64
37 65
37 68
37 71
37 72
37 73
37 75
37 79
37 81
37 87
37 90
37 91
37 95
37 96
37 97
38 39
38 45
38 46
38 47
38 49
38 54
38 58
38 67
38 69
38 71
38 72
38 73
38 74
38 76
38 79
38 81
38 85
38 86
38 87
38 90
38 91
38 92
38 93
38 94
38 99
39 41
39 45
39 48
39 49
39 51
39 57
39 60
39 62
39 63
39 64
39 67
39 72
39 74
39 75
39 78
39 79
39 80
39 82
39 87
39 90
39 91
39 95
39 96
39 97
40 41
40 42
40 43
40 44
40 46
40 52
40 55
40 57
40 59
40 61
40 62
40 65
40 67
40 69
40 75
40 82
40 83
40 87
40 92
40 95
40 96
40 99
41 42
41 44
41 46
41 47
41 48
41 49
41 50
41 51
41 61
41 62
41 64
41 65
41 66
41 67
41 68
41 71
41 73
41 75
41 78
41 79
41 81
41 82
41 85
41 88
41 89
41 91
41 92
41 93
41 95
42 44
42 46
42 47
42 48
42 49
42 50
42 55
42 56
42 58
42 63
42 64
42 65
42 66
42 69
42 71
42 72
42 75
42 79
42 80
42 83
42 84
42 85
42 90
42 95
42 97
43 46
43 47
43 48
43 52
43 57
43 59
43 60
43 64
43 66
43 67
43 69
43 71
43 72
43 79
43 82
43 85
43 89
43 96
43 98
44 45
44 46
44 49
44 53
44 56
44 62
44 63
44 64
44 65
44 67
44 68
44 69
44 71
44 73
44 74
44 76
44 78
44 80
44 81
44 83
44 87
44 89
44 92
44 93
44 95
44 96
44 97
44 98
44 99
45 49
45 51
45 55
45 56
45 63
45 67
45 69
45 70
45 71
45 75
45 77
45 79
45 84
45 86
45 93
45 96
45 97
45 99
46 57
46 59
46 60
46 63
46 65
46 66
46 68
46 70
46 71
46 73
46 78
46 80
46 82
46 84
46 86
46 87
46 90
46 95
46 96
47 48
47 49
47 50
47 54
47 60
47 61
47 65
47 67
47 68
47 76
47 77
47 80
47 82
47 86
47 87
47 88
47 90
47 91
47 93
47 97
48 50
48 52
48 55
48 59
48 60
48 63
48 66
48 68
48 69
48 72
48 73
48 74
48 77
48 78
48 79
48 80
48 81
48 83
48 85
48 86
48 91
48 92
48 93
48 95
48 97
48 99
49 52
49 57
49 59
49 60
49 62
49 64
49 65
49 66
49 74
49 75
49 76
49 78
49 79
49 81
49 87
49 93
49 95
49 96
50 55
50 57
50 59
50 61
50 67
50 68
50 71
50 72
50 73
50 76
50 78
50 79
50 81
50 82
50 84
50 85
50 86
50 87
50 88
50 89
50 90
50 96
50 97
51 52
51 53
51 55
51 56
51 61
51 64
51 80
51 81
51 82
51 84
51 85
51 89
51 93
51 94
51 95
51 96
51 99
52 54
52 55
52 56
52 62
52 63
52 64
52 67
52 68
52 69
52 71
52 75
52 76
52 77
52 78
52 79
52 81
52 84
52 85
52 87
52 88
52 99
53 55
53 56
53 61
53 65
53 67
53 70
53 72
53 75
53 76
53 82
53 84
53 85
53 86
53 88
53 90
53 93
53 94
54 56
54 60
54 61
54 62
54 66
54 67
54 68
54 69
54 77
54 78
54 80
54 82
54 83
54 84
54 85
54 86
54 88
54 92
54 93
54 96
55 57
55 58
55 60
55 65
55 66
55 67
55 75
55 80
55 81
55 82
55 83
55 87
55 88
55 90
55 92
55 96
55 99
56 57
56 58
56 59
56 61
56 62
56 63
56 66
56 67
56 68
56 72
56 79
56 82
56 83
56 84
56 85
56 86
56 87
56 88
56 90
56 92
56 96
56 97
56 99
57 62
57 64
57 66
57 67
57 69
57 72
57 75
57 77
57 78
57 81
57 83
57 87
57 88
57 89
57 92
57 93
57 95
57 96
58 59
58 61
58 63
58 67
58 69
58 70
58 77
58 85
58 86
58 88
58 89
58 90
58 92
58 93
58 94
58 96
58 98
59 63
59 64
59 65
59 68
59 69
59 72
59 73
59 74
59 78
59 79
59 80
59 82
59 85
59 91
59 92
59 95
59 97
59 99
60 61
60 62
60 66
60 67
60 70
60 71
60 72
60 73
60 74
60 86
60 88
60 98
61 63
61 64
61 65
61 67
61 72
61 73
61 78
61 79
61 80
61 83
61 85
61 87
61 89
61 90
61 91
61 96
61 97
62 64
62 68
62 70
62 78
62 80
62 81
62 83
62 86
62 88
62 89
62 90
62 92
62 94
62 98
62 99
63 65
63 66
63 67
63 69
63 74
63 78
63 79
63 82
63 83
63 88
63 90
63 92
63 93
63 94
63 95
63 98
63 99
64 66
64 68
64 75
64 76
64 79
64 82
64 84
64 85
64 86
64 87
64 92
64 93
64 94
64 95
65 66
65 68
65 69
65 70
65 71
65 74
65 77
65 80
65 81
65 83
65 84
65 86
65 88
65 89
65 90
65 93
65 97
65 99
66 68
66 71
66 72
66 75
66 79
66 81
66 82
66 84
66 88
66 91
66 92
66 94
66 96
66 99
67 69
67 70
67 74
67 75
67 78
67 81
67 82
67 83
67 88
67 89
67 90
67 91
67 92
67 95
67 96
67 97
68 71
68 72
68 74
68 76
68 77
68 78
68 79
68 80
68 87
68 91
68 94
68 95
68 99
69 71
69 74
69 76
69 78
69 79
69 83
69 86
69 89
69 92
69 93
69 99
70 71
70 76
70 82
70 83
70 85
70 86
70 89
70 91
70 92
70 94
70 95
70 97
71 74
71 75
71 79
71 83
71 84
71 85
71 87
71 88
71 89
71 95
71 99
72 73
72 75
72 76
72 77
72 81
72 84
72 87
72 90
72 97
72 98
73 76
73 79
73 80
73 82
73 88
73 89
73 96
73 98
74 75
74 80
74 82
74 83
74 86
74 88
74 92
74 94
74 95
74 96
74 97
74 99
75 76
75 77
75 81
75 85
75 86
75 88
75 91
75 94
75 98
76 78
76 83
76 86
76 88
76 94
76 95
76 97
77 79
77 80
77 82
77 84
77 92
77 93
77 95
77 96
77 97
77 99
78 79
78 81
78 83
78 89
78 91
78 93
78 97
78 98
78 99
79 81
79 85
79 87
79 89
79 90
79 96
79 98
80 88
80 90
80 91
80 94
80 96
80 99
81 85
81 87
81 88
81 89
81 92
81 94
81 99
82 84
82 87
82 88
82 94
82 98
83 85
83 87
83 90
83 91
83 92
83 93
83 97
84 85
84 86
84 93
84 97
85 86
85 87
85 90
85 91
85 96
85 97
86 88
86 89
86 90
86 91
86 94
86 95
86 97
86 98
87 88
87 89
87 90
87 93
87 94
87 98
87 99
88 89
88 90
88 92
88 93
88 94
88 97
89 91
89 92
89 94
89 95
90 98
91 92
91 93
91 94
91 98
92 99
93 96
94 97
94 99
95 96
95 98
97 99
