0 9
0 12
0 14
0 15
0 23
0 33
0 39
0 47
0 54
0 55
0 59
0 61
0 64
0 70
0 72
0 73
0 75
0 76
0 90
0 91
0 94
1 5
1 8
1 13
1 20
1 28
1 36
1 43
1 47
1 50
1 53
1 63
1 65
1 67
1 85
1 99
2 4
2 6
2 13
2 15
2 18
2 21
2 22
2 26
2 30
2 38
2 39
2 42
2 51
2 53
2 55
2 64
2 68
2 69
2 71
2 82
2 96
3 5
3 7
3 15
3 16
3 17
3 20
3 29
3 34
3 41
3 47
3 52
3 53
3 59
3 62
3 63
3 64
3 68
3 70
3 78
3 84
3 89
3 93
4 10
4 20
4 24
4 46
4 56
4 58
4 65
4 73
4 74
4 77
4 78
4 82
4 83
4 85
4 88
4 92
4 97
4 99
5 7
5 8
5 11
5 14
5 16
5 18
5 20
5 21
5 25
5 27
5 30
5 34
5 36
5 48
5 60
5 67
5 83
5 87
5 94
5 99
6 14
6 18
6 22
6 30
6 37
6 38
6 46
6 50
6 54
6 55
6 63
6 64
6 65
6 68
6 81
6 89
6 95
7 10
7 33
7 34
7 40
7 45
7 54
7 55
7 56
7 63
7 67
7 68
7 72
7 76
7 81
7 85
7 87
7 91
7 92
7 98
8 16
8 28
8 32
8 35
8 37
8 43
8 59
8 61
8 62
8 68
8 77
8 84
8 94
8 95
9 12
9 24
9 30
9 31
9 37
9 42
9 46
9 51
9 52
9 60
9 70
9 76
9 77
9 80
9 82
9 94
9 98
10 26
10 28
10 36
10 51
10 53
10 60
10 69
10 76
10 88
10 90
10 96
11 13
11 14
11 17
11 25
11 36
11 37
11 50
11 53
11 54
11 59
11 63
11 67
11 73
11 74
11 76
11 79
11 80
11 83
11 84
11 87
11 91
11 96
11 97
12 14
12 16
12 26
12 30
12 33
12 38
12 41
12 53
12 55
12 71
12 79
12 91
12 94
12 97
13 15
13 22
13 28
13 34
13 36
13 38
13 43
13 44
13 51
13 58
13 70
13 78
13 83
13 93
13 95
13 97
14 16
14 17
14 19
14 24
14 26
14 34
14 53
14 55
14 56
14 57
14 59
14 64
14 66
14 70
14 81
14 84
14 85
14 86
14 89
15 27
15 29
15 35
15 40
15 42
15 43
15 47
15 48
15 50
15 55
15 58
15 61
15 78
15 81
15 83
15 84
15 85
15 94
15 95
16 19
16 24
16 26
16 30
16 32
16 37
16 48
16 58
16 72
16 73
16 79
16 80
16 82
16 90
16 93
16 96
16 98
17 20
17 23
17 26
17 28
17 36
17 41
17 49
17 51
17 56
17 65
17 68
17 71
17 72
17 94
17 98
18 29
18 33
18 36
18 41
18 45
18 59
18 60
18 61
18 84
18 88
18 94
18 96
18 98
19 26
19 34
19 47
19 51
19 52
19 74
19 75
19 85
19 87
19 93
20 25
20 32
20 37
20 38
20 44
20 49
20 59
20 63
20 65
20 78
20 79
20 88
20 90
20 91
20 93
20 94
21 22
21 23
21 26
21 31
21 38
21 51
21 54
21 59
21 79
21 82
21 83
21 88
21 91
21 97
21 99
22 26
22 45
22 50
22 74
22 76
22 82
22 86
22 89
22 95
23 24
23 27
23 28
23 44
23 45
23 48
23 57
23 79
23 83
23 86
23 91
23 93
24 25
24 29
24 33
24 54
24 58
24 59
24 70
24 74
24 78
24 81
24 82
24 86
24 88
24 96
25 31
25 34
25 35
25 38
25 40
25 44
25 47
25 52
25 57
25 61
25 62
25 70
25 74
25 86
25 87
25 88
25 91
25 93
26 31
26 32
26 37
26 39
26 43
26 50
26 66
26 69
26 71
26 72
26 73
26 78
26 79
26 81
26 82
26 84
26 91
26 99
27 31
27 44
27 45
27 46
27 47
27 49
27 53
27 57
27 60
27 65
27 69
27 71
27 85
27 89
28 33
28 41
28 45
28 46
28 48
28 50
28 65
28 75
28 88
28 93
28 96
29 37
29 51
29 56
29 58
29 66
29 78
29 90
29 94
29 96
29 99
30 38
30 40
30 42
30 43
30 59
30 67
30 69
30 70
30 72
30 78
31 33
31 37
31 46
31 48
31 50
31 52
31 53
31 56
31 60
31 67
31 69
31 79
31 80
31 82
31 84
31 90
31 95
31 98
32 40
32 42
32 45
32 54
32 56
32 57
32 58
32 72
32 84
32 85
32 90
32 91
32 93
32 94
32 95
32 98
33 38
33 41
33 44
33 50
33 52
33 58
33 61
33 67
33 70
33 82
33 87
33 95
34 39
34 43
34 48
34 51
34 59
34 62
34 65
34 69
34 74
34 81
34 86
34 99
35 38
35 39
35 48
35 49
35 52
35 54
35 55
35 63
35 64
35 65
35 66
35 72
35 76
35 80
35 81
35 88
35 93
35 94
35 99
36 37
36 44
36 48
36 55
36 56
36 68
36 71
36 72
36 88
36 96
36 97
36 98
37 39
37 40
37 41
37 52
37 54
37 57
37 63
37 64
37 65
37 68
37 72
37 77
37 78
37 81
37 94
37 95
38 40
38 41
38 43
38 44
38 45
38 50
38 55
38 56
38 60
38 63
38 69
38 71
38 76
38 83
38 86
38 89
38 91
38 97
39 40
39 41
39 43
39 48
39 50
39 55
39 56
39 64
39 73
39 75
39 80
39 81
39 83
39 95
40 52
40 59
40 60
40 65
40 68
40 71
40 75
40 77
40 94
40 99
41 46
41 50
41 58
41 65
41 66
41 71
41 72
41 76
41 77
41 78
41 97
42 43
42 52
42 59
42 71
42 75
42 76
42 81
42 83
43 46
43 53
43 54
43 59
43 61
43 65
43 66
43 68
43 72
43 75
43 77
43 82
43 83
43 91
44 45
44 48
44 49
44 55
44 57
44 73
44 78
44 85
44 98
45 47
45 50
45 51
45 56
45 57
45 59
45 64
45 65
45 71
45 72
45 77
45 82
45 91
45 95
45 98
46 55
46 57
46 64
46 83
46 92
46 98
46 99
47 50
47 51
47 52
47 54
47 55
47 61
47 72
47 73
47 79
47 80
47 88
47 89
47 92
47 99
48 50
48 54
48 56
48 64
48 66
48 73
48 78
48 79
48 80
48 84
48 86
48 91
48 92
49 62
49 64
49 67
49 78
49 81
49 89
49 99
50 51
50 54
50 57
50 60
50 65
50 66
50 67
50 72
50 85
50 88
50 89
50 94
51 61
51 65
51 66
51 72
51 77
51 86
51 87
51 92
52 56
52 57
52 59
52 79
52 88
52 97
53 55
53 59
53 66
53 68
53 73
53 81
53 85
53 89
53 90
53 99
54 55
54 56
54 58
54 61
54 62
54 67
54 73
54 84
54 87
54 89
54 92
55 78
55 80
55 91
55 98
56 69
56 70
56 71
56 73
56 81
56 85
56 88
56 92
57 61
57 69
57 77
57 83
57 94
57 95
57 98
57 99
58 62
58 66
58 67
58 73
58 79
58 80
58 84
58 85
58 89
58 90
58 99
59 67
59 75
59 88
59 90
59 99
60 67
60 69
60 72
60 80
60 81
60 82
60 96
61 70
61 75
61 76
61 83
61 88
61 95
62 68
62 73
62 81
62 87
62 88
62 90
62 93
62 94
63 75
63 79
63 84
63 95
63 98
64 72
64 77
64 88
64 92
64 93
64 94
65 72
65 76
65 80
65 86
66 73
66 77
66 78
66 91
67 68
67 69
67 70
67 79
67 84
67 87
67 88
68 71
68 79
68 87
68 91
68 93
68 95
69 70
69 80
69 84
69 85
69 87
69 89
69 94
69 97
69 99
70 71
70 83
70 92
70 96
71 72
71 78
71 79
71 93
71 98
72 75
72 78
72 80
72 81
72 83
73 76
73 81
73 82
73 92
73 98
74 84
74 85
74 97
75 77
75 82
75 89
76 77
76 78
76 79
76 80
76 91
76 95
76 96
76 98
77 79
77 91
77 95
77 97
77 98
78 94
79 81
79 84
79 85
79 86
79 88
79 93
79 97
80 85
80 86
80 95
81 84
81 86
81 89
82 86
82 91
82 98
83 87
83 90
84 88
84 89
84 98
86 91
86 93
86 94
88 89
88 90
88 96
89 90
90 94
92 93
92 98
93 95
95 98
96 99
97 98
97 99
