0 1
0 2
0 4
0 9
0 11
0 16
0 17
0 19
0 23
0 24
0 26
0 31
0 32
0 37
0 43
0 44
0 45
0 50
0 54
0 57
0 58
0 67
0 68
0 69
0 75
0 76
0 78
0 81
0 84
0 85
0 87
0 88
0 89
0 90
0 91
0 95
0 99
1 6
1 9
1 10
1 12
1 14
1 16
1 20
1 23
1 24
1 25
1 26
1 27
1 28
1 31
1 33
1 36
1 38
1 39
1 42
1 46
1 54
1 55
1 57
1 59
1 65
1 66
1 67
1 74
1 77
1 78
1 79
1 81
1 82
1 85
1 86
1 88
1 92
1 93
1 95
1 99
2 3
2 6
2 9
2 11
2 13
2 14
2 15
2 17
2 20
2 21
2 23
2 25
2 34
2 35
2 37
2 38
2 41
2 43
2 44
2 59
2 62
2 63
2 64
2 67
2 68
2 69
2 70
2 71
2 73
2 76
2 77
2 81
2 82
2 84
2 85
2 87
2 89
2 94
2 95
3 11
3 13
3 15
3 16
3 17
3 18
3 19
3 20
3 21
3 23
3 24
3 25
3 27
3 28
3 29
3 30
3 31
3 33
3 36
3 39
3 43
3 45
3 46
3 48
3 50
3 53
3 54
3 55
3 58
3 59
3 60
3 63
3 67
3 68
3 69
3 71
3 72
3 76
3 78
3 81
3 85
3 90
3 91
3 92
3 95
3 96
3 97
3 98
3 99
4 5
4 7
4 8
4 12
4 14
4 15
4 19
4 23
4 24
4 25
4 26
4 29
4 30
4 35
4 38
4 48
4 50
4 52
4 53
4 55
4 60
4 63
4 64
4 67
4 71
4 73
4 74
4 75
4 78
4 79
4 80
4 90
4 92
4 95
4 96
4 98
5 6
5 15
5 22
5 25
5 26
5 28
5 30
5 35
5 39
5 42
5 44
5 45
5 48
5 50
5 51
5 54
5 56
5 59
5 61
5 62
5 64
5 67
5 68
5 71
5 74
5 75
5 76
5 83
5 84
5 87
5 89
5 96
5 97
5 98
5 99
6 8
6 11
6 18
6 20
6 24
6 26
6 31
6 32
6 33
6 38
6 39
6 41
6 46
6 47
6 50
6 53
6 54
6 56
6 60
6 61
6 64
6 65
6 67
6 68
6 69
6 73
6 76
6 78
6 81
6 82
6 83
6 85
6 90
6 91
6 94
6 98
7 10
7 13
7 14
7 15
7 17
7 18
7 20
7 24
7 25
7 26
7 27
7 29
7 31
7 32
7 35
7 37
7 40
7 41
7 45
7 46
7 49
7 52
7 56
7 57
7 58
7 63
7 65
7 67
7 68
7 69
7 71
7 72
7 73
7 74
7 79
7 80
7 88
7 89
7 90
7 95
8 13
8 14
8 21
8 24
8 25
8 26
8 28
8 31
8 32
8 37
8 38
8 41
8 42
8 45
8 46
8 49
8 51
8 52
8 53
8 55
8 56
8 62
8 65
8 66
8 67
8 72
8 75
8 76
8 77
8 79
8 80
8 81
8 84
8 88
8 89
8 90
8 94
8 95
8 96
9 12
9 14
9 15
9 18
9 21
9 23
9 24
9 25
9 27
9 29
9 31
9 32
9 33
9 36
9 38
9 39
9 40
9 41
9 43
9 45
9 47
9 50
9 52
9 55
9 58
9 59
9 60
9 61
9 62
9 63
9 64
9 67
9 68
9 70
9 71
9 72
9 73
9 75
9 76
9 78
9 79
9 80
9 85
9 88
9 91
9 93
9 97
9 98
10 13
10 16
10 18
10 19
10 20
10 22
10 27
10 28
10 29
10 31
10 33
10 34
10 39
10 40
10 41
10 47
10 48
10 49
10 53
10 54
10 55
10 57
10 60
10 63
10 65
10 68
10 69
10 70
10 74
10 75
10 82
10 85
10 87
10 88
10 93
10 97
11 12
11 13
11 14
11 17
11 18
11 21
11 26
11 27
11 28
11 29
11 30
11 31
11 32
11 34
11 38
11 39
11 40
11 41
11 42
11 43
11 44
11 45
11 46
11 48
11 51
11 52
11 53
11 56
11 59
11 60
11 66
11 69
11 77
11 86
11 88
11 93
11 97
12 19
12 23
12 26
12 28
12 32
12 34
12 36
12 37
12 40
12 42
12 45
12 50
12 53
12 64
12 69
12 73
12 76
12 83
12 84
12 88
12 97
13 16
13 17
13 18
13 20
13 21
13 23
13 25
13 26
13 27
13 28
13 29
13 33
13 34
13 39
13 41
13 42
13 46
13 48
13 49
13 51
13 52
13 53
13 54
13 55
13 57
13 65
13 66
13 67
13 68
13 71
13 72
13 73
13 74
13 75
13 77
13 79
13 81
13 84
13 85
13 86
13 88
13 91
13 93
13 95
13 96
13 99
14 17
14 19
14 23
14 24
14 28
14 30
14 31
14 32
14 40
14 43
14 44
14 48
14 50
14 52
14 59
14 62
14 63
14 65
14 66
14 70
14 71
14 75
14 80
14 82
14 91
14 92
14 94
14 96
14 97
14 98
15 21
15 25
15 30
15 32
15 37
15 38
15 41
15 42
15 46
15 47
15 49
15 51
15 55
15 56
15 57
15 58
15 59
15 65
15 66
15 67
15 68
15 70
15 73
15 75
15 78
15 80
15 83
15 85
15 89
15 90
15 95
15 98
16 17
16 20
16 21
16 23
16 25
16 26
16 27
16 33
16 36
16 37
16 38
16 44
16 45
16 49
16 50
16 54
16 55
16 56
16 57
16 58
16 61
16 62
16 67
16 70
16 71
16 72
16 77
16 83
16 87
16 89
16 90
16 91
16 92
16 93
16 96
17 19
17 22
17 23
17 24
17 26
17 28
17 34
17 37
17 39
17 41
17 46
17 48
17 49
17 52
17 54
17 55
17 56
17 57
17 58
17 62
17 63
17 67
17 69
17 70
17 71
17 74
17 75
17 77
17 79
17 81
17 84
17 88
17 89
17 92
17 96
17 97
17 99
18 20
18 21
18 23
18 24
18 27
18 28
18 30
18 35
18 37
18 39
18 42
18 44
18 46
18 47
18 48
18 49
18 50
18 51
18 54
18 57
18 58
18 72
18 76
18 77
18 78
18 79
18 80
18 83
18 90
18 92
18 94
18 97
18 99
19 21
19 25
19 26
19 27
19 30
19 31
19 32
19 35
19 37
19 40
19 41
19 42
19 43
19 44
19 46
19 48
19 55
19 58
19 61
19 62
19 65
19 68
19 69
19 72
19 74
19 75
19 77
19 85
19 86
19 91
19 93
19 94
19 96
19 97
20 22
20 24
20 28
20 30
20 34
20 38
20 40
20 41
20 42
20 43
20 44
20 46
20 47
20 48
20 49
20 51
20 52
20 53
20 55
20 56
20 59
20 60
20 62
20 65
20 68
20 69
20 72
20 74
20 75
20 76
20 79
20 80
20 81
20 82
20 84
20 88
20 94
20 95
20 96
20 98
20 99
21 22
21 25
21 27
21 28
21 36
21 42
21 43
21 45
21 46
21 47
21 57
21 60
21 62
21 63
21 64
21 65
21 67
21 73
21 74
21 75
21 76
21 83
21 88
21 91
21 94
22 26
22 28
22 29
22 31
22 33
22 34
22 35
22 37
22 45
22 47
22 49
22 50
22 51
22 53
22 57
22 60
22 61
22 63
22 65
22 66
22 69
22 71
22 75
22 79
22 80
22 86
22 87
22 90
22 91
22 96
22 97
23 24
23 25
23 33
23 37
23 40
23 42
23 43
23 44
23 46
23 47
23 48
23 50
23 52
23 54
23 56
23 63
23 64
23 65
23 69
23 70
23 76
23 81
23 82
23 83
23 84
23 89
23 90
23 92
23 94
23 95
23 96
23 97
23 99
24 27
24 28
24 30
24 31
24 32
24 33
24 35
24 38
24 39
24 41
24 47
24 49
24 52
24 53
24 54
24 55
24 56
24 58
24 59
24 62
24 64
24 65
24 69
24 70
24 72
24 73
24 75
24 88
24 91
24 96
24 98
25 26
25 30
25 33
25 39
25 41
25 43
25 45
25 48
25 49
25 52
25 53
25 54
25 55
25 56
25 57
25 60
25 62
25 63
25 64
25 67
25 71
25 76
25 79
25 80
25 81
25 83
25 84
25 85
25 86
25 88
25 91
25 92
25 93
25 95
25 98
26 29
26 30
26 33
26 34
26 36
26 37
26 39
26 41
26 42
26 44
26 46
26 47
26 48
26 51
26 55
26 65
26 68
26 69
26 72
26 74
26 79
26 80
26 84
26 89
26 92
26 93
26 94
26 95
26 98
26 99
27 32
27 36
27 40
27 41
27 42
27 44
27 45
27 47
27 48
27 49
27 51
27 53
27 55
27 56
27 57
27 58
27 59
27 60
27 61
27 66
27 69
27 70
27 71
27 82
27 83
27 86
27 87
27 89
27 92
27 95
27 96
27 98
28 38
28 48
28 52
28 54
28 57
28 61
28 62
28 63
28 67
28 70
28 71
28 72
28 73
28 76
28 79
28 82
28 83
28 91
28 93
28 94
28 98
28 99
29 31
29 35
29 36
29 39
29 41
29 42
29 45
29 46
29 48
29 49
29 51
29 53
29 54
29 59
29 60
29 63
29 64
29 74
29 76
29 77
29 80
29 81
29 82
29 83
29 86
29 87
29 96
29 97
30 31
30 35
30 39
30 43
30 46
30 47
30 48
30 49
30 52
30 53
30 54
30 56
30 57
30 58
30 62
30 67
30 69
30 70
30 79
30 80
30 81
30 83
30 85
30 90
30 92
30 96
30 97
30 98
31 32
31 36
31 39
31 41
31 42
31 45
31 51
31 52
31 54
31 59
31 61
31 68
31 69
31 76
31 77
31 78
31 79
31 82
31 83
31 85
31 95
31 96
31 98
31 99
32 34
32 36
32 37
32 39
32 43
32 44
32 45
32 46
32 48
32 50
32 51
32 58
32 59
32 60
32 63
32 64
32 66
32 70
32 71
32 73
32 74
32 75
32 79
32 83
32 84
32 87
32 92
32 98
33 39
33 42
33 43
33 44
33 46
33 47
33 50
33 54
33 55
33 57
33 58
33 60
33 62
33 63
33 65
33 66
33 67
33 68
33 74
33 75
33 80
33 81
33 82
33 83
33 86
33 87
33 88
33 89
33 91
33 95
33 96
33 97
33 98
34 35
34 40
34 41
34 43
34 45
34 48
34 49
34 51
34 52
34 53
34 54
34 55
34 57
34 60
34 61
34 62
34 66
34 67
34 68
34 71
34 72
34 74
34 80
34 82
34 85
34 86
34 90
34 92
34 93
34 96
35 36
35 38
35 44
35 46
35 47
35 49
35 51
35 54
35 59
35 60
35 67
35 69
35 79
35 84
35 85
35 86
35 87
35 92
35 93
35 94
35 97
35 98
36 39
36 40
36 41
36 43
36 46
36 47
36 51
36 52
36 53
36 55
36 59
36 63
36 64
36 66
36 68
36 71
36 72
36 73
36 75
36 80
36 85
36 89
36 91
36 96
36 97
36 98
37 38
37 42
37 44
37 45
37 46
37 51
37 53
37 54
37 57
37 60
37 62
37 63
37 64
37 68
37 70
37 75
37 77
37 79
37 81
37 82
37 83
37 84
37 85
37 86
37 87
37 89
37 90
37 91
37 99
38 40
38 41
38 46
38 47
38 49
38 51
38 53
38 56
38 59
38 64
38 65
38 66
38 67
38 68
38 72
38 75
38 76
38 77
38 78
38 80
38 83
38 86
38 88
38 93
38 96
38 99
39 40
39 44
39 46
39 50
39 54
39 55
39 57
39 58
39 60
39 62
39 63
39 66
39 73
39 75
39 78
39 79
39 81
39 84
39 85
39 86
39 87
39 99
40 48
40 50
40 51
40 52
40 53
40 54
40 57
40 58
40 59
40 62
40 63
40 64
40 65
40 66
40 67
40 68
40 71
40 72
40 73
40 74
40 75
40 76
40 79
40 81
40 86
40 87
40 90
40 93
40 97
40 99
41 42
41 44
41 45
41 48
41 52
41 56
41 59
41 61
41 63
41 69
41 71
41 73
41 77
41 78
41 79
41 82
41 91
41 92
41 94
41 96
41 98
42 46
42 49
42 51
42 52
42 54
42 55
42 57
42 59
42 60
42 61
42 62
42 64
42 65
42 66
42 67
42 70
42 73
42 74
42 75
42 82
42 84
42 91
42 94
43 44
43 45
43 46
43 50
43 56
43 57
43 59
43 62
43 63
43 65
43 68
43 73
43 74
43 75
43 80
43 81
43 82
43 83
43 86
43 88
43 90
43 97
44 47
44 49
44 52
44 53
44 55
44 56
44 59
44 60
44 63
44 65
44 66
44 78
44 81
44 84
44 86
44 89
44 91
44 93
44 95
44 96
44 98
44 99
45 46
45 47
45 48
45 51
45 52
45 54
45 55
45 60
45 63
45 72
45 73
45 79
45 80
45 81
45 86
45 88
45 89
45 94
45 96
45 97
45 98
46 49
46 51
46 52
46 53
46 54
46 55
46 57
46 59
46 60
46 66
46 68
46 71
46 73
46 76
46 79
46 85
46 87
46 88
46 90
46 91
46 92
46 93
46 94
46 98
46 99
47 48
47 50
47 53
47 54
47 56
47 59
47 60
47 62
47 65
47 66
47 69
47 71
47 73
47 77
47 80
47 82
47 85
47 86
47 89
47 93
47 95
47 97
47 99
48 50
48 53
48 55
48 59
48 62
48 63
48 65
48 66
48 67
48 69
48 72
48 74
48 77
48 78
48 79
48 82
48 84
48 85
48 86
48 88
48 95
48 96
49 51
49 56
49 58
49 63
49 65
49 71
49 72
49 75
49 76
49 77
49 81
49 86
49 87
49 90
49 92
49 96
49 97
49 99
50 57
50 59
50 61
50 62
50 63
50 70
50 71
50 73
50 74
50 78
50 86
50 87
50 89
50 98
51 55
51 56
51 62
51 63
51 67
51 68
51 69
51 70
51 71
51 72
51 75
51 77
51 81
51 82
51 84
51 86
51 89
51 91
51 92
51 96
51 99
52 54
52 55
52 57
52 58
52 66
52 67
52 69
52 73
52 74
52 78
52 80
52 83
52 85
52 86
52 87
52 88
52 89
52 92
52 93
52 96
52 97
52 99
53 54
53 55
53 62
53 65
53 68
53 69
53 76
53 80
53 82
53 84
53 85
53 87
53 88
53 89
53 90
53 92
53 93
53 94
53 95
53 97
54 55
54 56
54 57
54 58
54 62
54 64
54 66
54 75
54 76
54 78
54 83
54 89
54 90
54 92
54 97
54 98
54 99
55 56
55 57
55 60
55 61
55 64
55 71
55 76
55 77
55 79
55 81
55 83
55 84
55 86
55 87
55 88
55 89
55 91
55 93
55 94
55 97
56 57
56 58
56 59
56 60
56 61
56 62
56 63
56 64
56 65
56 68
56 69
56 70
56 77
56 85
56 86
56 91
56 92
56 98
57 58
57 62
57 66
57 70
57 71
57 74
57 80
57 81
57 82
57 86
57 90
57 92
57 94
57 96
58 60
58 68
58 71
58 72
58 73
58 74
58 75
58 79
58 83
58 91
58 93
58 97
59 60
59 61
59 62
59 69
59 73
59 74
59 75
59 78
59 84
59 89
59 93
59 96
59 97
60 64
60 65
60 67
60 68
60 70
60 75
60 79
60 83
60 84
60 86
60 87
60 93
60 94
60 95
60 98
60 99
61 64
61 67
61 68
61 69
61 71
61 73
61 74
61 75
61 77
61 78
61 79
61 80
61 82
61 87
61 91
61 93
61 99
62 64
62 65
62 66
62 68
62 69
62 72
62 73
62 77
62 79
62 80
62 84
62 85
62 87
62 89
62 90
62 91
62 93
62 96
62 98
62 99
63 65
63 69
63 72
63 78
63 79
63 80
63 81
63 84
63 88
63 92
63 97
63 98
64 67
64 70
64 71
64 73
64 81
64 82
64 84
64 87
64 91
64 94
64 95
64 97
65 68
65 69
65 71
65 76
65 77
65 79
65 81
65 82
65 86
65 87
65 91
65 93
65 94
65 95
65 96
65 97
66 67
66 68
66 73
66 75
66 78
66 79
66 85
66 88
66 89
66 91
66 95
66 96
66 97
67 69
67 70
67 74
67 75
67 76
67 77
67 82
67 86
67 87
67 88
67 89
67 93
67 94
67 98
68 69
68 73
68 77
68 78
68 79
68 85
68 88
68 90
68 95
68 98
68 99
69 72
69 73
69 76
69 77
69 78
69 79
69 81
69 82
69 86
69 87
69 88
69 91
69 92
69 93
69 95
69 96
69 99
70 71
70 72
70 75
70 78
70 80
70 81
70 82
70 84
70 85
70 88
70 98
70 99
71 72
71 74
71 75
71 76
71 78
71 79
71 82
71 83
71 84
71 88
71 94
71 97
71 98
72 77
72 82
72 83
72 84
72 85
72 86
72 89
72 90
72 91
72 93
72 97
73 75
73 80
73 86
73 88
73 90
73 91
73 94
73 96
73 99
74 76
74 80
74 89
74 90
74 92
74 93
74 94
74 95
74 98
74 99
75 76
75 77
75 78
75 79
75 80
75 81
75 84
75 90
75 91
75 92
75 96
75 99
76 83
76 85
76 87
76 89
76 91
76 92
76 96
76 98
77 82
77 84
77 86
77 90
77 91
77 93
77 97
77 98
78 82
78 85
78 86
78 95
78 98
78 99
79 80
79 81
79 83
79 84
79 85
79 86
79 90
79 92
79 95
79 96
79 97
79 99
80 81
80 82
80 85
80 87
80 92
80 94
80 96
80 98
80 99
81 82
81 83
81 84
81 85
81 86
81 87
81 91
81 92
81 93
81 94
81 95
81 96
81 97
81 99
82 83
82 85
82 86
82 89
82 90
82 93
82 94
82 95
82 96
82 97
82 98
82 99
83 85
83 87
83 90
83 93
83 98
83 99
84 86
84 92
84 95
84 97
85 87
85 95
86 88
86 89
86 92
86 93
86 97
87 88
87 94
87 95
87 96
87 97
87 98
88 89
88 91
88 92
88 93
88 94
88 96
89 91
89 92
89 94
89 95
89 99
90 94
90 95
90 96
91 93
91 94
91 99
92 93
92 97
92 98
93 94
95 97
96 98
97 99
