0 2
0 3
0 9
0 10
0 14
0 15
0 17
0 20
0 21
0 22
0 24
0 27
0 28
0 33
0 34
0 36
0 40
0 41
0 43
0 45
0 48
0 50
0 51
0 57
0 64
0 65
0 66
0 67
0 73
0 77
0 78
0 81
0 82
0 84
0 85
0 89
0 91
0 92
1 2
1 3
1 8
1 9
1 10
1 16
1 18
1 24
1 30
1 32
1 36
1 40
1 42
1 43
1 44
1 47
1 49
1 51
1 60
1 79
1 80
1 83
1 86
1 87
1 90
1 91
1 94
1 97
1 98
2 5
2 8
2 9
2 12
2 17
2 20
2 24
2 25
2 27
2 39
2 44
2 48
2 51
2 55
2 59
2 61
2 63
2 64
2 69
2 70
2 73
2 74
2 76
2 78
2 85
2 87
2 89
2 96
2 98
3 4
3 6
3 7
3 8
3 9
3 14
3 16
3 17
3 21
3 22
3 23
3 28
3 34
3 36
3 46
3 47
3 54
3 59
3 64
3 65
3 66
3 69
3 78
3 84
3 85
3 93
3 94
3 97
4 5
4 8
4 11
4 13
4 18
4 23
4 29
4 30
4 32
4 37
4 38
4 40
4 41
4 49
4 50
4 52
4 55
4 60
4 64
4 67
4 70
4 73
4 79
4 80
4 81
4 83
4 85
4 89
4 90
4 93
4 95
4 96
4 98
5 7
5 10
5 15
5 17
5 24
5 28
5 30
5 32
5 41
5 42
5 44
5 46
5 48
5 50
5 52
5 58
5 59
5 60
5 62
5 66
5 67
5 68
5 71
5 73
5 74
5 76
5 77
5 82
5 84
5 87
5 88
5 91
5 92
5 93
5 97
6 8
6 12
6 13
6 16
6 18
6 20
6 24
6 25
6 33
6 34
6 36
6 42
6 43
6 49
6 54
6 57
6 59
6 61
6 66
6 70
6 71
6 72
6 79
6 80
6 82
6 84
6 92
6 95
6 99
7 11
7 12
7 15
7 24
7 26
7 27
7 30
7 33
7 37
7 43
7 46
7 47
7 54
7 56
7 58
7 62
7 65
7 69
7 70
7 71
7 73
7 74
7 75
7 79
7 83
7 86
7 88
7 89
7 98
8 9
8 13
8 14
8 22
8 24
8 33
8 42
8 45
8 47
8 53
8 55
8 62
8 63
8 65
8 76
8 86
8 88
8 89
8 96
9 11
9 12
9 14
9 16
9 20
9 23
9 28
9 31
9 32
9 36
9 37
9 39
9 41
9 46
9 50
9 52
9 54
9 57
9 59
9 60
9 62
9 66
9 69
9 75
9 78
9 82
9 83
9 91
9 94
10 21
10 23
10 24
10 25
10 27
10 28
10 30
10 31
10 34
10 37
10 38
10 40
10 45
10 48
10 49
10 52
10 58
10 59
10 60
10 63
10 67
10 69
10 70
10 76
10 80
10 85
10 93
10 97
11 12
11 13
11 14
11 16
11 17
11 18
11 19
11 30
11 35
11 38
11 42
11 43
11 45
11 46
11 48
11 50
11 53
11 65
11 66
11 76
11 80
11 86
11 87
11 93
11 94
11 95
12 13
12 15
12 18
12 19
12 25
12 32
12 35
12 38
12 39
12 40
12 41
12 47
12 49
12 54
12 58
12 59
12 66
12 69
12 78
12 81
12 82
12 84
12 86
12 87
12 89
12 93
12 95
12 98
13 14
13 16
13 19
13 24
13 29
13 31
13 37
13 41
13 42
13 51
13 55
13 59
13 60
13 61
13 62
13 68
13 70
13 72
13 76
13 84
13 85
13 86
13 88
13 93
13 96
13 99
14 16
14 18
14 19
14 22
14 25
14 28
14 34
14 35
14 39
14 47
14 50
14 54
14 58
14 59
14 62
14 70
14 74
14 76
14 78
14 85
14 93
14 95
15 20
15 22
15 26
15 27
15 28
15 29
15 35
15 41
15 50
15 61
15 63
15 64
15 67
15 69
15 76
15 77
15 78
15 81
15 85
15 86
15 90
15 91
15 92
15 96
15 99
16 18
16 19
16 20
16 21
16 28
16 30
16 31
16 32
16 33
16 39
16 40
16 41
16 43
16 44
16 45
16 51
16 58
16 62
16 63
16 74
16 75
16 80
16 87
16 91
16 94
16 98
17 18
17 20
17 21
17 22
17 23
17 31
17 34
17 36
17 42
17 45
17 48
17 50
17 51
17 52
17 55
17 56
17 57
17 58
17 63
17 66
17 68
17 76
17 77
17 86
17 87
17 90
17 95
18 19
18 24
18 27
18 28
18 32
18 45
18 46
18 47
18 52
18 59
18 63
18 66
18 68
18 69
18 71
18 72
18 75
18 77
18 78
18 82
18 83
18 85
18 92
18 96
18 97
19 21
19 24
19 31
19 33
19 35
19 50
19 52
19 57
19 58
19 59
19 62
19 68
19 79
19 80
19 85
19 86
19 91
20 24
20 27
20 30
20 33
20 35
20 36
20 37
20 38
20 39
20 42
20 43
20 45
20 48
20 56
20 57
20 61
20 65
20 66
20 74
20 81
20 83
20 91
21 25
21 27
21 34
21 36
21 40
21 41
21 45
21 50
21 54
21 60
21 61
21 65
21 69
21 71
21 75
21 81
21 82
21 87
21 88
21 90
21 92
22 25
22 26
22 31
22 36
22 37
22 42
22 43
22 44
22 45
22 50
22 53
22 55
22 62
22 67
22 68
22 69
22 76
22 80
22 81
22 82
22 86
22 91
23 24
23 28
23 37
23 38
23 39
23 43
23 48
23 52
23 58
23 59
23 65
23 67
23 76
23 77
23 81
23 88
23 90
23 92
23 93
23 94
23 98
24 26
24 27
24 31
24 34
24 38
24 45
24 48
24 50
24 51
24 52
24 53
24 56
24 61
24 65
24 67
24 72
24 77
24 90
24 97
24 98
24 99
25 27
25 28
25 29
25 36
25 37
25 41
25 48
25 50
25 51
25 52
25 54
25 60
25 63
25 74
25 76
25 81
25 87
25 89
25 92
25 94
25 95
25 96
25 97
25 99
26 28
26 30
26 32
26 36
26 39
26 43
26 45
26 50
26 51
26 55
26 56
26 59
26 62
26 64
26 65
26 69
26 75
26 80
26 81
26 90
26 91
26 94
26 96
27 31
27 40
27 41
27 42
27 44
27 47
27 49
27 52
27 58
27 63
27 66
27 70
27 71
27 74
27 75
27 76
27 79
27 80
27 81
27 84
27 85
27 92
27 99
28 36
28 37
28 43
28 46
28 51
28 54
28 55
28 60
28 61
28 63
28 65
28 71
28 74
28 75
28 76
28 77
28 87
28 95
28 96
29 36
29 39
29 44
29 45
29 48
29 53
29 62
29 65
29 75
29 76
29 81
29 82
29 86
29 96
29 98
30 31
30 33
30 37
30 45
30 50
30 55
30 57
30 60
30 68
30 74
30 75
30 76
30 80
30 85
30 86
30 95
30 96
30 99
31 35
31 45
31 46
31 49
31 52
31 53
31 54
31 56
31 61
31 65
31 67
31 74
31 77
31 78
31 82
31 85
31 88
31 92
31 93
31 96
31 97
31 99
32 33
32 34
32 40
32 42
32 43
32 44
32 45
32 57
32 61
32 65
32 67
32 68
32 69
32 70
32 74
32 77
32 80
32 81
32 83
32 85
32 88
32 90
32 91
32 92
32 93
32 98
32 99
33 34
33 40
33 41
33 46
33 53
33 57
33 59
33 65
33 71
33 72
33 73
33 75
33 81
33 87
33 89
33 99
34 35
34 37
34 39
34 42
34 43
34 46
34 52
34 55
34 57
34 58
34 59
34 67
34 83
34 84
34 86
34 87
34 88
34 89
34 91
34 94
34 95
34 97
35 41
35 42
35 46
35 53
35 55
35 58
35 64
35 67
35 69
35 72
35 73
35 75
35 85
35 86
35 88
35 98
36 37
36 38
36 40
36 42
36 44
36 45
36 49
36 50
36 55
36 56
36 63
36 71
36 74
36 76
36 78
36 82
36 83
36 86
36 87
36 88
36 89
36 90
37 40
37 41
37 53
37 54
37 56
37 59
37 73
37 74
37 77
37 78
37 80
37 83
37 84
37 90
37 92
37 94
37 99
38 39
38 41
38 42
38 56
38 59
38 61
38 62
38 67
38 70
38 71
38 79
38 85
38 87
38 88
38 91
38 93
39 45
39 46
39 49
39 55
39 57
39 59
39 61
39 62
39 66
39 67
39 69
39 70
39 72
39 73
39 74
39 75
39 82
39 84
39 88
39 92
40 45
40 49
40 50
40 57
40 64
40 65
40 79
40 80
40 81
40 86
40 91
40 97
41 46
41 47
41 49
41 52
41 59
41 62
41 64
41 65
41 67
41 68
41 70
41 71
41 73
41 75
41 76
41 77
41 79
41 83
41 94
42 44
42 46
42 49
42 51
42 54
42 56
42 58
42 60
42 65
42 67
42 68
42 72
42 73
42 74
42 80
42 81
42 85
42 89
42 95
42 96
43 46
43 61
43 63
43 65
43 67
43 71
43 72
43 77
43 78
43 79
43 83
43 87
43 88
43 90
43 91
43 92
43 94
44 54
44 55
44 59
44 62
44 68
44 76
44 79
44 97
44 99
45 50
45 61
45 63
45 67
45 71
45 79
45 83
45 84
45 85
45 87
45 91
45 93
45 95
45 96
45 98
45 99
46 48
46 51
46 53
46 55
46 59
46 63
46 65
46 67
46 70
46 72
46 73
46 76
46 77
46 81
46 84
46 86
46 97
47 51
47 53
47 55
47 59
47 62
47 65
47 67
47 70
47 71
47 74
47 76
47 78
47 80
47 81
47 85
47 96
48 51
48 59
48 64
48 70
48 72
48 73
48 79
48 83
48 85
48 86
48 87
48 91
48 98
49 50
49 53
49 54
49 62
49 63
49 66
49 69
49 70
49 71
49 76
49 77
49 81
49 84
49 87
49 88
49 94
49 98
50 51
50 52
50 54
50 55
50 56
50 64
50 65
50 73
50 74
50 76
50 78
50 79
50 81
50 84
50 91
51 53
51 58
51 59
51 62
51 65
51 66
51 68
51 69
51 71
51 76
51 77
51 78
51 86
51 89
51 92
51 94
51 95
51 98
51 99
52 53
52 54
52 58
52 63
52 66
52 69
52 82
52 87
52 94
52 96
53 54
53 55
53 56
53 59
53 73
53 74
53 77
53 81
53 83
53 84
53 85
53 86
53 87
53 89
53 93
53 95
53 99
54 56
54 59
54 63
54 69
54 72
54 75
54 80
54 81
54 89
54 90
54 91
54 92
54 98
55 56
55 64
55 66
55 67
55 69
55 78
55 89
55 95
56 60
56 61
56 66
56 67
56 71
56 73
56 75
56 91
56 94
57 60
57 64
57 66
57 71
57 76
57 77
57 79
57 81
57 89
57 90
57 92
57 94
57 96
57 99
58 66
58 70
58 72
58 79
58 80
58 83
58 88
58 93
58 96
58 97
59 63
59 68
59 70
59 73
59 77
59 78
59 85
59 86
59 89
60 61
60 67
60 73
60 76
60 79
60 85
60 86
60 94
60 96
61 69
61 70
61 72
61 78
61 81
61 84
61 85
61 89
61 90
61 94
61 95
61 97
62 66
62 71
62 75
62 76
62 77
62 82
62 85
62 89
62 93
62 94
62 96
62 97
63 66
63 68
63 75
63 81
63 82
63 83
63 85
63 87
63 94
63 95
63 98
64 68
64 70
64 78
64 88
64 91
65 72
65 77
65 79
65 82
65 84
65 87
65 91
65 99
66 69
66 70
66 87
66 89
66 91
66 95
66 98
66 99
67 69
67 72
67 78
67 79
67 80
67 84
67 85
67 89
67 92
67 93
67 97
67 98
67 99
68 70
68 75
68 76
68 77
68 81
68 86
68 87
68 89
68 90
68 93
68 94
69 70
69 74
69 75
69 87
69 88
69 90
69 95
69 98
70 75
70 80
70 87
70 88
70 89
70 90
70 92
70 97
71 77
71 80
71 84
71 85
71 86
71 87
71 89
71 93
71 96
71 97
72 74
72 78
72 81
72 82
72 83
72 90
72 92
72 93
72 95
72 99
73 76
73 85
73 88
73 90
73 91
73 96
73 99
74 75
74 76
74 77
74 86
74 88
74 94
74 97
74 98
75 76
75 92
75 93
76 77
76 81
76 82
76 88
76 89
76 90
77 84
77 89
77 96
78 82
78 84
78 88
78 89
78 92
78 95
78 96
78 99
79 84
79 87
79 88
79 89
80 82
80 85
80 86
80 87
80 93
80 94
80 95
80 98
80 99
81 82
81 85
81 90
81 91
81 94
81 98
81 99
82 83
82 86
82 94
82 96
82 98
83 84
83 85
83 87
83 89
83 91
83 95
83 96
83 98
84 90
84 91
84 94
85 87
85 90
85 97
85 98
85 99
86 87
86 88
86 90
86 91
86 93
86 94
86 95
86 97
87 91
87 92
87 94
87 96
88 92
89 90
89 91
89 93
89 95
89 99
90 91
90 93
90 95
90 96
90 99
91 92
91 93
91 94
91 99
92 93
92 97
93 95
93 96
94 97
94 99
95 96
97 99
98 99
