0 2
0 3
0 4
0 5
0 9
0 10
0 14
0 16
0 17
0 20
0 25
0 28
0 33
0 42
0 44
0 46
0 47
0 51
0 52
0 53
0 55
0 59
0 61
0 62
0 65
0 67
0 70
0 71
0 72
0 73
0 75
0 78
0 79
0 83
0 86
0 87
0 90
0 91
0 92
0 94
0 95
0 99
1 2
1 4
1 7
1 8
1 9
1 11
1 12
1 15
1 16
1 17
1 18
1 21
1 23
1 24
1 25
1 27
1 28
1 29
1 30
1 32
1 33
1 41
1 43
1 44
1 51
1 52
1 56
1 58
1 64
1 69
1 74
1 75
1 81
1 82
1 85
1 87
1 89
1 93
1 95
1 98
2 3
2 4
2 5
2 6
2 8
2 14
2 17
2 21
2 23
2 24
2 25
2 29
2 30
2 31
2 39
2 43
2 46
2 47
2 49
2 50
2 51
2 55
2 57
2 58
2 60
2 62
2 66
2 69
2 70
2 73
2 74
2 77
2 82
2 85
2 86
2 88
2 89
2 90
2 91
2 92
2 95
2 97
3 4
3 5
3 7
3 8
3 11
3 13
3 14
3 15
3 16
3 18
3 25
3 30
3 31
3 32
3 33
3 37
3 39
3 41
3 43
3 44
3 50
3 53
3 57
3 59
3 61
3 62
3 63
3 66
3 67
3 70
3 72
3 76
3 77
3 79
3 80
3 84
3 86
3 88
3 89
3 90
3 91
3 93
3 96
3 97
3 98
3 99
4 8
4 9
4 12
4 19
4 29
4 32
4 35
4 36
4 40
4 41
4 42
4 44
4 47
4 48
4 49
4 56
4 57
4 58
4 62
4 67
4 69
4 75
4 77
4 78
4 87
4 92
4 95
4 99
5 11
5 18
5 21
5 22
5 23
5 28
5 30
5 33
5 40
5 48
5 51
5 58
5 59
5 63
5 64
5 65
5 66
5 67
5 68
5 79
5 81
5 83
5 88
5 89
5 91
5 93
5 94
5 96
5 97
5 99
6 8
6 12
6 13
6 14
6 16
6 17
6 20
6 21
6 22
6 24
6 26
6 28
6 30
6 31
6 32
6 33
6 38
6 41
6 42
6 43
6 46
6 47
6 49
6 50
6 51
6 53
6 54
6 55
6 60
6 61
6 62
6 67
6 72
6 73
6 75
6 77
6 81
6 84
6 85
6 90
6 92
6 93
6 97
6 98
7 9
7 10
7 13
7 14
7 18
7 19
7 23
7 28
7 30
7 31
7 33
7 35
7 39
7 40
7 42
7 44
7 49
7 51
7 53
7 59
7 60
7 61
7 68
7 69
7 74
7 75
7 80
7 83
7 86
7 88
7 99
8 12
8 13
8 16
8 17
8 18
8 21
8 22
8 24
8 25
8 31
8 33
8 36
8 37
8 44
8 46
8 49
8 51
8 53
8 54
8 55
8 58
8 64
8 66
8 67
8 74
8 75
8 77
8 79
8 80
8 82
8 83
8 87
8 88
8 91
8 95
8 96
8 97
8 98
8 99
9 10
9 11
9 14
9 15
9 16
9 18
9 19
9 20
9 23
9 24
9 25
9 27
9 29
9 31
9 38
9 40
9 42
9 43
9 44
9 46
9 47
9 51
9 52
9 58
9 65
9 66
9 67
9 69
9 74
9 78
9 80
9 90
9 92
9 94
9 96
9 97
9 98
9 99
10 13
10 15
10 16
10 18
10 23
10 24
10 25
10 27
10 34
10 36
10 43
10 46
10 49
10 53
10 54
10 55
10 59
10 61
10 63
10 64
10 69
10 72
10 73
10 77
10 79
10 83
10 85
10 88
10 89
10 92
10 93
10 98
11 15
11 17
11 20
11 21
11 27
11 28
11 29
11 31
11 32
11 34
11 35
11 37
11 38
11 41
11 42
11 43
11 44
11 46
11 47
11 49
11 53
11 55
11 58
11 60
11 62
11 65
11 69
11 70
11 72
11 73
11 78
11 82
11 84
11 86
11 87
11 90
11 92
11 94
11 95
11 96
11 99
12 14
12 16
12 17
12 19
12 21
12 25
12 27
12 30
12 32
12 38
12 41
12 42
12 43
12 45
12 46
12 50
12 52
12 55
12 58
12 60
12 61
12 65
12 67
12 68
12 69
12 80
12 81
12 89
12 90
12 91
12 92
12 95
12 97
12 98
13 14
13 15
13 17
13 21
13 24
13 27
13 28
13 30
13 32
13 33
13 34
13 35
13 37
13 39
13 40
13 42
13 44
13 48
13 49
13 50
13 53
13 54
13 55
13 59
13 60
13 67
13 69
13 73
13 77
13 80
13 81
13 82
13 89
13 97
14 17
14 22
14 25
14 29
14 31
14 42
14 46
14 47
14 51
14 54
14 55
14 56
14 58
14 60
14 64
14 66
14 71
14 72
14 75
14 82
14 85
14 92
14 94
14 95
14 99
15 16
15 20
15 21
15 22
15 23
15 24
15 29
15 30
15 31
15 35
15 45
15 46
15 48
15 49
15 50
15 53
15 54
15 57
15 59
15 62
15 65
15 68
15 69
15 73
15 75
15 77
15 78
15 80
15 81
15 83
15 84
15 86
15 87
15 89
15 92
15 93
15 95
15 98
16 18
16 19
16 20
16 21
16 27
16 30
16 35
16 37
16 44
16 47
16 54
16 56
16 64
16 66
16 67
16 69
16 70
16 71
16 72
16 73
16 78
16 80
16 81
16 82
16 85
16 89
16 90
16 94
16 98
17 18
17 19
17 22
17 24
17 26
17 36
17 37
17 38
17 39
17 40
17 45
17 47
17 49
17 53
17 55
17 57
17 58
17 59
17 61
17 62
17 67
17 73
17 78
17 79
17 86
17 92
17 95
17 96
17 98
18 19
18 20
18 22
18 27
18 28
18 34
18 40
18 41
18 42
18 44
18 46
18 47
18 49
18 52
18 55
18 57
18 58
18 63
18 64
18 65
18 66
18 67
18 70
18 76
18 77
18 78
18 82
18 83
18 86
18 88
18 89
18 90
18 91
18 93
18 99
19 20
19 21
19 22
19 23
19 25
19 32
19 34
19 36
19 38
19 39
19 41
19 43
19 44
19 45
19 48
19 49
19 51
19 54
19 56
19 59
19 60
19 62
19 63
19 64
19 69
19 75
19 78
19 85
19 86
19 89
19 90
19 92
19 94
19 98
19 99
20 21
20 24
20 25
20 28
20 33
20 36
20 39
20 40
20 41
20 44
20 47
20 52
20 53
20 54
20 55
20 57
20 59
20 61
20 62
20 64
20 65
20 67
20 69
20 71
20 75
20 78
20 79
20 85
20 86
20 88
20 91
20 97
20 98
20 99
21 23
21 26
21 27
21 29
21 30
21 35
21 38
21 39
21 42
21 45
21 48
21 49
21 51
21 54
21 55
21 57
21 58
21 61
21 74
21 79
21 80
21 83
21 84
21 85
21 86
21 87
21 89
21 92
21 95
21 96
22 26
22 27
22 28
22 29
22 32
22 35
22 41
22 44
22 47
22 49
22 51
22 54
22 55
22 61
22 66
22 68
22 73
22 75
22 76
22 78
22 79
22 85
22 86
22 92
22 93
22 94
22 95
22 97
22 98
23 26
23 27
23 28
23 29
23 30
23 38
23 39
23 47
23 51
23 52
23 58
23 61
23 62
23 66
23 67
23 68
23 72
23 74
23 75
23 76
23 85
23 87
23 90
23 94
23 97
24 29
24 31
24 34
24 37
24 38
24 39
24 40
24 42
24 45
24 49
24 52
24 55
24 56
24 59
24 66
24 67
24 69
24 70
24 74
24 75
24 80
24 81
24 83
24 85
24 86
24 94
24 97
25 27
25 28
25 29
25 30
25 31
25 33
25 35
25 37
25 38
25 42
25 51
25 55
25 56
25 61
25 62
25 67
25 72
25 74
25 77
25 78
25 86
25 92
25 97
25 98
25 99
26 29
26 35
26 39
26 43
26 44
26 45
26 49
26 52
26 53
26 55
26 63
26 64
26 65
26 66
26 68
26 71
26 73
26 74
26 77
26 79
26 80
26 82
26 83
26 84
26 88
26 89
26 90
26 96
26 97
27 28
27 29
27 33
27 34
27 36
27 38
27 39
27 43
27 44
27 45
27 46
27 48
27 51
27 53
27 56
27 57
27 59
27 65
27 68
27 71
27 72
27 73
27 75
27 77
27 78
27 79
27 80
27 82
27 83
27 84
27 87
27 90
27 93
27 96
27 97
28 30
28 32
28 34
28 36
28 38
28 40
28 42
28 44
28 46
28 49
28 52
28 53
28 57
28 60
28 62
28 63
28 67
28 68
28 71
28 74
28 82
28 84
28 86
28 87
28 88
28 89
28 91
28 96
28 98
28 99
29 31
29 32
29 33
29 34
29 39
29 43
29 51
29 54
29 56
29 59
29 60
29 62
29 63
29 67
29 69
29 71
29 74
29 81
29 82
29 83
29 86
29 90
29 92
29 93
29 96
29 97
29 99
30 31
30 36
30 40
30 41
30 42
30 47
30 48
30 49
30 50
30 51
30 54
30 55
30 56
30 58
30 60
30 63
30 65
30 66
30 68
30 70
30 71
30 76
30 78
30 82
30 83
30 84
30 89
30 91
30 92
30 95
31 32
31 34
31 38
31 41
31 44
31 45
31 48
31 51
31 54
31 61
31 62
31 64
31 66
31 69
31 71
31 72
31 74
31 80
31 84
31 86
31 90
31 91
31 95
31 97
32 33
32 35
32 39
32 40
32 41
32 42
32 43
32 44
32 50
32 51
32 53
32 58
32 59
32 61
32 62
32 66
32 71
32 72
32 75
32 79
32 80
32 81
32 82
32 83
32 89
32 91
32 94
32 95
33 34
33 35
33 37
33 40
33 41
33 47
33 48
33 49
33 50
33 51
33 53
33 55
33 56
33 57
33 60
33 64
33 71
33 73
33 75
33 78
33 80
33 82
33 83
33 85
33 87
33 90
33 91
33 93
33 96
33 98
33 99
34 35
34 37
34 39
34 41
34 42
34 44
34 46
34 49
34 51
34 64
34 69
34 71
34 72
34 73
34 75
34 76
34 77
34 78
34 79
34 81
34 83
34 84
34 86
34 87
34 91
34 94
35 38
35 42
35 43
35 46
35 47
35 49
35 50
35 51
35 52
35 54
35 56
35 58
35 60
35 61
35 64
35 66
35 68
35 72
35 73
35 74
35 81
35 83
35 84
35 85
35 93
35 95
35 99
36 37
36 39
36 42
36 43
36 46
36 50
36 51
36 55
36 65
36 67
36 68
36 71
36 74
36 77
36 79
36 80
36 82
36 88
36 90
36 91
36 92
36 96
36 99
37 38
37 39
37 42
37 43
37 47
37 48
37 49
37 51
37 52
37 53
37 54
37 56
37 61
37 65
37 66
37 67
37 68
37 70
37 72
37 79
37 80
37 87
37 88
37 89
37 92
37 93
37 94
37 95
37 96
37 99
38 42
38 45
38 46
38 48
38 50
38 52
38 53
38 62
38 70
38 71
38 72
38 79
38 80
38 82
38 86
38 94
38 96
38 97
39 40
39 44
39 46
39 50
39 54
39 56
39 66
39 70
39 73
39 74
39 76
39 81
39 84
39 85
39 87
39 88
39 89
39 90
39 92
39 94
39 99
40 47
40 48
40 50
40 55
40 59
40 61
40 65
40 66
40 68
40 70
40 71
40 73
40 75
40 76
40 81
40 84
40 89
40 90
40 94
40 95
40 97
40 99
41 42
41 45
41 47
41 54
41 58
41 64
41 66
41 71
41 73
41 74
41 75
41 77
41 79
41 80
41 83
41 86
41 87
41 88
41 95
41 96
41 99
42 44
42 45
42 49
42 50
42 54
42 55
42 56
42 57
42 58
42 60
42 62
42 63
42 66
42 71
42 74
42 76
42 78
42 80
42 81
42 82
42 84
42 88
42 91
42 92
42 93
42 95
42 98
43 45
43 47
43 48
43 52
43 54
43 55
43 56
43 58
43 59
43 60
43 63
43 64
43 65
43 68
43 70
43 71
43 73
43 76
43 77
43 78
43 83
43 85
43 89
43 92
43 94
43 96
43 98
44 52
44 54
44 55
44 61
44 64
44 66
44 68
44 72
44 73
44 83
44 84
44 87
44 88
44 91
44 94
44 95
44 96
44 98
45 47
45 50
45 53
45 55
45 59
45 61
45 68
45 69
45 71
45 72
45 73
45 74
45 76
45 78
45 80
45 81
45 82
45 85
45 87
45 92
45 95
45 96
45 97
45 99
46 49
46 52
46 54
46 55
46 56
46 57
46 65
46 67
46 68
46 69
46 70
46 71
46 72
46 73
46 77
46 79
46 82
46 86
46 90
46 96
46 97
46 99
47 49
47 50
47 52
47 54
47 59
47 61
47 66
47 68
47 69
47 70
47 76
47 78
47 82
47 84
47 85
47 86
47 87
47 90
47 92
47 94
47 95
47 99
48 50
48 57
48 59
48 61
48 63
48 64
48 66
48 70
48 73
48 75
48 79
48 83
48 84
48 86
48 89
48 93
48 99
49 51
49 52
49 53
49 57
49 58
49 60
49 61
49 65
49 68
49 72
49 76
49 78
49 79
49 83
49 93
49 94
49 95
49 96
49 99
50 55
50 57
50 65
50 67
50 68
50 70
50 71
50 73
50 75
50 81
50 82
50 84
50 87
50 91
50 99
51 56
51 57
51 60
51 63
51 65
51 66
51 67
51 72
51 77
51 79
51 81
51 86
51 87
51 89
51 90
51 95
52 54
52 58
52 59
52 60
52 61
52 62
52 63
52 64
52 65
52 66
52 67
52 71
52 78
52 79
52 80
52 81
52 84
52 85
52 86
52 87
52 89
52 96
53 54
53 55
53 59
53 60
53 62
53 64
53 65
53 71
53 72
53 73
53 74
53 75
53 76
53 81
53 85
53 89
53 90
53 95
53 96
53 98
54 57
54 60
54 66
54 67
54 74
54 76
54 79
54 81
54 87
54 90
54 91
54 92
54 93
54 98
54 99
55 56
55 60
55 64
55 65
55 67
55 68
55 71
55 73
55 75
55 80
55 81
55 82
55 83
55 87
55 89
55 91
55 96
55 99
56 64
56 66
56 67
56 69
56 71
56 72
56 76
56 78
56 81
56 85
56 88
56 91
56 94
57 61
57 64
57 65
57 66
57 67
57 68
57 75
57 78
57 79
57 81
57 82
57 90
57 93
57 94
57 95
57 96
57 99
58 59
58 60
58 64
58 70
58 74
58 80
58 85
58 87
58 90
58 92
58 93
58 96
58 97
58 99
59 60
59 61
59 62
59 68
59 70
59 71
59 74
59 76
59 77
59 78
59 79
59 82
59 83
59 84
59 88
59 91
60 61
60 64
60 65
60 66
60 68
60 69
60 71
60 73
60 76
60 78
60 80
60 84
60 85
60 89
60 91
60 94
60 95
60 96
61 62
61 63
61 67
61 69
61 71
61 72
61 75
61 76
61 77
61 78
61 79
61 80
61 82
61 83
61 84
61 89
61 94
61 96
62 63
62 64
62 65
62 68
62 69
62 70
62 74
62 78
62 79
62 81
62 83
62 84
62 85
62 91
62 94
62 95
63 64
63 67
63 70
63 71
63 81
63 82
63 83
63 84
63 86
63 89
63 92
63 97
63 99
64 65
64 67
64 72
64 74
64 76
64 79
64 80
64 82
64 85
64 87
64 90
64 91
64 93
64 95
64 97
64 99
65 67
65 68
65 69
65 74
65 77
65 79
65 80
65 82
65 83
65 84
65 85
65 87
65 91
65 92
65 93
65 96
65 98
65 99
66 68
66 70
66 72
66 73
66 75
66 78
66 79
66 80
66 81
66 84
66 85
66 88
66 98
67 68
67 71
67 72
67 76
67 77
67 78
67 84
67 86
67 88
67 89
67 90
67 93
67 94
67 95
67 96
67 98
68 71
68 74
68 75
68 76
68 77
68 83
68 85
68 87
68 90
68 95
68 96
68 97
69 70
69 72
69 73
69 74
69 75
69 76
69 80
69 81
69 86
69 87
69 90
69 94
69 95
69 96
70 71
70 72
70 73
70 74
70 78
70 80
70 81
70 88
70 90
70 94
70 95
70 96
70 98
70 99
71 74
71 78
71 82
71 84
71 85
71 91
71 92
71 93
71 95
71 96
72 73
72 76
72 80
72 82
72 84
72 86
72 88
72 91
72 94
72 96
72 97
72 98
73 74
73 78
73 82
73 83
73 84
73 85
73 86
73 87
73 94
73 96
74 75
74 76
74 78
74 79
74 82
74 85
74 91
74 92
74 97
74 99
75 78
75 81
75 85
75 86
75 91
75 93
75 94
75 96
75 98
76 77
76 78
76 81
76 88
76 89
76 90
76 92
76 93
76 96
76 97
77 81
77 82
77 84
77 87
77 88
77 89
77 91
77 92
77 94
78 80
78 83
78 84
78 86
78 87
78 89
78 96
78 98
79 82
79 84
79 85
79 86
79 90
79 93
79 94
79 95
79 97
79 98
80 81
80 87
80 88
80 91
80 92
80 96
80 98
81 84
81 87
81 90
81 94
82 83
82 84
82 87
82 90
82 93
82 94
82 95
82 98
83 87
83 89
83 93
83 96
84 87
84 88
84 93
85 86
85 88
85 89
85 90
85 91
85 96
85 98
86 87
86 88
86 89
86 91
86 93
86 95
86 98
86 99
87 90
87 92
87 93
87 94
88 90
88 91
88 93
88 94
88 96
89 91
89 93
89 94
89 97
89 99
90 94
90 99
91 92
93 94
93 95
93 98
95 99
96 97
96 99
97 99
