0 2
0 7
0 10
0 11
0 21
0 23
0 24
0 26
0 27
0 28
0 31
0 48
0 62
0 64
0 69
0 71
0 77
0 79
0 85
0 90
0 93
0 95
1 3
1 15
1 16
1 19
1 20
1 27
1 38
1 46
1 50
1 58
1 65
1 66
1 73
1 77
1 81
1 88
2 5
2 17
2 27
2 39
2 41
2 44
2 47
2 49
2 50
2 56
2 63
2 73
2 76
2 80
2 81
2 85
2 88
2 92
2 93
2 99
3 9
3 21
3 22
3 31
3 33
3 34
3 36
3 52
3 65
3 71
3 76
3 79
3 82
3 85
3 91
3 96
3 98
4 17
4 18
4 27
4 30
4 35
4 38
4 51
4 54
4 55
4 66
4 67
4 70
4 74
4 80
4 88
4 90
4 93
5 7
5 13
5 19
5 26
5 28
5 35
5 43
5 48
5 58
5 59
5 62
5 63
5 72
5 75
5 83
5 85
5 86
5 88
5 97
6 9
6 15
6 33
6 34
6 38
6 40
6 56
6 57
6 67
6 68
6 70
6 72
6 73
6 78
6 79
6 81
6 82
6 95
6 99
7 13
7 14
7 19
7 40
7 41
7 48
7 50
7 52
7 64
7 65
7 69
7 70
7 79
7 86
7 93
7 94
7 96
7 98
8 9
8 10
8 13
8 24
8 26
8 31
8 32
8 52
8 53
8 61
8 66
8 67
8 72
8 73
8 77
8 81
8 82
8 85
8 90
8 98
9 10
9 11
9 18
9 29
9 30
9 32
9 33
9 46
9 51
9 52
9 53
9 57
9 59
9 60
9 84
9 94
9 96
10 11
10 18
10 19
10 29
10 36
10 39
10 41
10 43
10 44
10 46
10 70
10 71
10 73
10 78
10 80
10 81
10 93
10 97
10 98
11 12
11 14
11 25
11 29
11 31
11 35
11 37
11 38
11 43
11 60
11 71
11 72
11 75
11 79
11 85
11 86
11 89
11 93
11 95
12 18
12 24
12 45
12 52
12 58
12 60
12 62
12 78
12 80
12 85
13 20
13 32
13 35
13 38
13 43
13 48
13 55
13 57
13 68
13 75
13 80
13 90
13 91
13 93
13 95
13 98
14 33
14 38
14 40
14 46
14 56
14 58
14 62
14 63
14 64
14 67
14 69
14 70
14 71
14 73
14 75
14 77
14 82
14 85
14 94
14 96
14 99
15 25
15 29
15 34
15 38
15 41
15 42
15 47
15 51
15 52
15 54
15 55
15 59
15 64
15 68
15 69
15 79
15 84
15 86
15 94
15 96
16 22
16 25
16 26
16 32
16 51
16 54
16 59
16 63
16 71
16 75
16 77
16 78
16 83
16 86
16 93
16 94
16 97
17 23
17 24
17 27
17 31
17 33
17 36
17 40
17 48
17 50
17 52
17 53
17 59
17 62
17 64
17 97
18 33
18 35
18 39
18 43
18 45
18 47
18 54
18 59
18 61
18 67
18 71
18 72
18 77
18 79
18 82
18 83
18 87
19 22
19 28
19 30
19 49
19 59
19 63
19 71
19 80
19 82
19 85
19 90
19 92
19 93
20 21
20 31
20 35
20 39
20 41
20 50
20 52
20 53
20 56
20 57
20 64
20 70
20 73
20 75
20 76
20 78
20 80
20 82
20 84
20 94
20 95
21 29
21 33
21 35
21 38
21 40
21 41
21 42
21 46
21 47
21 52
21 53
21 55
21 64
21 66
21 71
21 85
21 89
21 91
21 96
22 33
22 42
22 43
22 44
22 51
22 55
22 59
22 70
22 77
22 78
22 81
22 89
22 90
22 94
23 25
23 27
23 33
23 38
23 53
23 59
23 63
23 65
23 69
23 75
23 77
23 86
23 90
23 91
24 29
24 41
24 59
24 61
24 65
24 71
24 72
24 74
24 78
24 82
24 88
24 95
25 31
25 45
25 46
25 65
25 68
25 72
25 77
25 78
25 79
25 81
25 87
25 89
25 91
25 94
25 99
26 28
26 30
26 31
26 36
26 47
26 48
26 49
26 50
26 60
26 70
26 78
26 98
26 99
27 29
27 31
27 47
27 50
27 55
27 57
27 64
27 67
27 76
27 80
27 84
27 85
27 90
27 91
27 94
27 97
28 30
28 32
28 39
28 41
28 43
28 54
28 58
28 62
28 70
28 72
28 79
28 84
28 97
29 35
29 40
29 42
29 51
29 53
29 63
29 65
29 74
29 76
29 77
29 78
29 82
29 86
29 89
29 91
30 36
30 37
30 40
30 45
30 46
30 49
30 59
30 72
30 74
30 76
30 84
30 89
30 97
31 32
31 33
31 39
31 40
31 50
31 52
31 54
31 60
31 62
31 65
31 66
31 80
31 93
31 94
31 98
32 33
32 42
32 47
32 55
32 56
32 58
32 61
32 62
32 71
32 72
32 75
32 79
32 85
32 86
32 89
33 34
33 35
33 40
33 42
33 43
33 49
33 67
33 73
33 77
33 79
33 81
33 82
33 88
33 94
34 42
34 46
34 55
34 61
34 63
34 82
35 42
35 52
35 56
35 59
35 62
35 66
35 72
35 80
35 92
35 97
35 98
36 40
36 42
36 48
36 49
36 55
36 56
36 57
36 59
36 62
36 71
36 73
36 75
36 77
36 82
36 86
36 87
36 88
36 95
37 43
37 44
37 45
37 48
37 51
37 57
37 58
37 63
37 71
37 74
37 80
37 81
37 85
37 94
38 41
38 44
38 46
38 49
38 52
38 54
38 58
38 63
38 66
38 71
38 80
38 81
38 83
38 86
38 92
38 94
39 46
39 53
39 55
39 58
39 59
39 61
39 74
39 75
39 79
39 83
39 87
39 98
40 42
40 50
40 57
40 58
40 62
40 64
40 65
40 69
40 76
40 90
40 91
41 47
41 49
41 56
41 58
41 60
41 65
41 66
41 80
41 87
41 88
41 93
41 96
41 98
42 55
42 56
42 58
42 59
42 62
42 63
42 64
42 66
42 67
42 71
42 82
42 90
42 97
42 99
43 45
43 67
43 73
43 79
43 80
43 88
43 90
43 93
44 47
44 49
44 51
44 55
44 64
44 65
44 75
44 76
44 79
44 94
44 95
44 96
44 97
44 99
45 53
45 57
45 63
45 77
45 79
45 83
45 84
45 88
45 91
45 95
46 47
46 48
46 49
46 58
46 61
46 65
46 71
46 72
46 80
46 82
46 86
46 91
46 93
46 99
47 53
47 61
47 65
47 69
47 70
47 75
47 78
47 89
47 90
47 99
48 51
48 58
48 59
48 69
48 73
48 77
48 79
48 80
48 81
48 89
48 90
48 98
49 56
49 57
49 59
49 62
49 73
49 78
49 85
49 90
49 98
49 99
50 52
50 55
50 59
50 70
50 72
50 75
50 85
50 92
50 97
51 64
51 68
51 89
51 94
51 98
51 99
52 57
52 58
52 62
52 65
52 69
52 70
52 72
52 83
52 85
52 87
52 89
52 93
52 97
53 61
53 62
53 63
53 64
53 67
53 76
53 85
53 87
53 90
53 97
54 69
54 70
54 73
54 80
54 84
54 85
54 92
55 57
55 63
55 65
55 71
55 73
55 89
55 93
56 62
56 74
56 87
56 90
57 63
57 65
57 68
57 73
57 74
57 82
57 90
57 94
58 59
58 63
58 65
58 69
58 73
58 76
58 82
58 87
58 90
58 92
58 93
58 94
58 95
59 61
59 64
59 67
59 70
59 79
59 82
59 83
59 85
60 66
60 68
60 72
60 73
60 76
60 82
60 83
60 89
60 96
60 98
60 99
61 67
61 76
61 78
61 80
61 81
61 82
61 84
61 87
61 88
61 89
61 91
61 99
62 64
62 67
62 71
63 65
63 67
63 72
63 76
63 78
63 83
63 87
63 90
64 74
64 79
64 80
64 87
64 90
65 66
65 69
65 81
65 87
65 89
65 95
66 67
66 69
66 98
67 68
67 73
67 76
67 77
67 82
67 83
67 87
67 89
67 99
68 76
68 79
68 84
69 75
69 85
69 89
69 94
69 96
69 99
70 82
70 88
70 89
70 90
70 99
71 80
71 84
71 87
71 89
71 90
71 94
71 95
71 98
71 99
72 85
72 86
72 91
72 95
72 97
72 99
73 82
73 83
74 81
74 82
74 90
74 99
75 80
75 92
75 93
75 98
76 78
76 80
76 81
76 85
76 92
76 96
77 89
77 90
77 95
78 86
79 82
79 92
79 96
80 83
80 87
80 95
80 96
80 97
81 82
81 84
81 87
81 88
81 92
81 98
81 99
82 84
82 90
82 91
82 98
83 84
83 85
83 86
83 89
83 95
84 86
84 90
84 98
85 92
85 93
85 96
85 98
85 99
86 93
86 97
88 89
88 95
88 97
89 94
89 96
90 91
90 97
91 94
91 95
93 94
93 95
96 97
