0 1
0 3
0 5
0 6
0 8
0 9
0 10
0 11
0 12
0 13
0 14
0 15
0 17
0 18
0 26
0 30
0 31
0 32
0 33
0 36
0 37
0 41
0 42
0 44
0 46
0 47
0 49
0 50
0 52
0 54
0 56
0 57
0 60
0 62
0 63
0 64
0 65
0 67
0 68
0 69
0 72
0 75
0 77
0 79
0 81
0 82
0 83
0 84
0 86
0 87
0 88
0 90
0 92
0 96
0 97
0 98
1 3
1 4
1 5
1 9
1 10
1 12
1 13
1 14
1 15
1 16
1 17
1 18
1 19
1 22
1 24
1 26
1 27
1 32
1 33
1 34
1 37
1 41
1 42
1 43
1 47
1 49
1 51
1 52
1 54
1 57
1 58
1 61
1 66
1 68
1 70
1 73
1 74
1 76
1 80
1 82
1 83
1 86
1 87
1 89
1 90
1 91
1 93
1 94
1 99
2 3
2 5
2 8
2 10
2 13
2 15
2 17
2 20
2 21
2 22
2 24
2 25
2 27
2 34
2 35
2 36
2 39
2 40
2 42
2 43
2 45
2 46
2 48
2 50
2 52
2 57
2 59
2 60
2 61
2 62
2 66
2 67
2 69
2 71
2 73
2 74
2 76
2 79
2 80
2 81
2 82
2 83
2 85
2 86
2 87
2 88
2 90
2 91
2 92
2 93
2 94
2 95
2 96
2 97
3 5
3 7
3 9
3 10
3 12
3 16
3 18
3 21
3 23
3 25
3 28
3 30
3 32
3 33
3 34
3 35
3 37
3 38
3 40
3 42
3 43
3 44
3 45
3 46
3 47
3 50
3 51
3 54
3 55
3 58
3 59
3 60
3 61
3 62
3 63
3 64
3 65
3 66
3 67
3 69
3 70
3 72
3 73
3 74
3 75
3 79
3 80
3 81
3 83
3 85
3 86
3 87
3 88
3 89
3 90
3 91
3 93
3 95
3 97
3 98
3 99
4 6
4 8
4 11
4 13
4 17
4 20
4 21
4 24
4 25
4 28
4 29
4 31
4 33
4 36
4 37
4 40
4 44
4 45
4 46
4 47
4 49
4 52
4 54
4 55
4 57
4 59
4 60
4 61
4 62
4 63
4 64
4 66
4 70
4 71
4 73
4 74
4 79
4 80
4 82
4 83
4 84
4 86
4 88
4 89
4 90
4 91
4 92
4 93
4 94
4 95
4 96
4 97
4 99
5 8
5 10
5 12
5 14
5 16
5 17
5 19
5 20
5 21
5 22
5 24
5 25
5 27
5 28
5 31
5 32
5 37
5 40
5 44
5 45
5 46
5 48
5 49
5 51
5 52
5 53
5 54
5 59
5 65
5 68
5 71
5 72
5 73
5 75
5 76
5 78
5 81
5 88
5 89
5 95
6 10
6 14
6 15
6 17
6 18
6 19
6 21
6 23
6 25
6 28
6 29
6 33
6 34
6 35
6 36
6 39
6 41
6 42
6 46
6 58
6 61
6 69
6 70
6 71
6 72
6 73
6 75
6 78
6 79
6 81
6 85
6 86
6 87
6 88
6 89
6 91
6 94
6 95
6 96
6 98
6 99
7 10
7 14
7 15
7 17
7 19
7 24
7 26
7 28
7 29
7 30
7 33
7 38
7 39
7 40
7 42
7 46
7 48
7 49
7 51
7 54
7 58
7 62
7 63
7 68
7 69
7 70
7 71
7 72
7 74
7 75
7 77
7 78
7 80
7 84
7 86
7 88
7 89
7 94
7 96
7 97
8 10
8 11
8 13
8 18
8 20
8 22
8 24
8 25
8 27
8 28
8 30
8 32
8 34
8 35
8 38
8 40
8 41
8 44
8 47
8 48
8 51
8 52
8 53
8 57
8 59
8 60
8 64
8 65
8 67
8 71
8 75
8 77
8 78
8 79
8 80
8 84
8 86
8 87
8 90
8 91
8 96
8 98
8 99
9 10
9 11
9 12
9 14
9 16
9 17
9 19
9 24
9 25
9 26
9 28
9 32
9 33
9 36
9 42
9 43
9 45
9 46
9 47
9 48
9 51
9 52
9 55
9 58
9 60
9 61
9 62
9 65
9 67
9 69
9 70
9 71
9 73
9 74
9 75
9 76
9 77
9 78
9 79
9 80
9 83
9 84
9 85
9 91
9 92
9 93
9 94
9 97
9 98
9 99
10 13
10 17
10 18
10 19
10 21
10 22
10 23
10 25
10 28
10 31
10 34
10 37
10 38
10 40
10 41
10 42
10 46
10 47
10 48
10 49
10 53
10 55
10 57
10 58
10 62
10 65
10 66
10 69
10 72
10 75
10 77
10 78
10 81
10 82
10 84
10 85
10 86
10 89
10 92
10 93
10 94
10 97
10 99
11 12
11 14
11 15
11 16
11 19
11 20
11 22
11 23
11 25
11 28
11 29
11 30
11 34
11 35
11 36
11 38
11 39
11 42
11 44
11 46
11 48
11 49
11 51
11 53
11 54
11 55
11 56
11 58
11 62
11 65
11 66
11 67
11 72
11 73
11 74
11 76
11 80
11 83
11 84
11 85
11 88
11 91
11 92
11 93
11 96
11 98
12 13
12 15
12 17
12 21
12 24
12 25
12 27
12 29
12 30
12 31
12 36
12 37
12 38
12 39
12 41
12 44
12 49
12 52
12 54
12 59
12 60
12 69
12 70
12 71
12 75
12 76
12 77
12 78
12 79
12 80
12 83
12 86
12 88
12 89
12 93
12 96
12 99
13 17
13 19
13 24
13 26
13 29
13 30
13 31
13 32
13 34
13 40
13 43
13 44
13 47
13 48
13 51
13 52
13 55
13 56
13 58
13 60
13 62
13 64
13 65
13 66
13 67
13 69
13 70
13 73
13 74
13 78
13 81
13 82
13 84
13 85
13 87
13 88
13 90
13 91
13 95
13 96
13 98
14 15
14 16
14 18
14 19
14 20
14 21
14 22
14 23
14 24
14 25
14 26
14 27
14 28
14 29
14 30
14 33
14 35
14 36
14 37
14 38
14 40
14 42
14 43
14 45
14 46
14 49
14 52
14 53
14 59
14 60
14 62
14 63
14 64
14 66
14 69
14 70
14 71
14 72
14 73
14 74
14 75
14 78
14 80
14 82
14 84
14 88
14 89
14 93
14 95
14 96
14 97
14 98
15 20
15 25
15 26
15 28
15 31
15 34
15 35
15 36
15 38
15 39
15 40
15 43
15 45
15 48
15 50
15 53
15 55
15 59
15 60
15 61
15 62
15 63
15 64
15 65
15 66
15 71
15 73
15 76
15 77
15 79
15 80
15 81
15 82
15 86
15 87
15 90
15 92
15 93
15 95
15 98
15 99
16 18
16 19
16 23
16 25
16 26
16 27
16 29
16 30
16 31
16 32
16 33
16 38
16 39
16 40
16 41
16 43
16 44
16 45
16 49
16 52
16 53
16 56
16 63
16 64
16 67
16 68
16 69
16 74
16 81
16 86
16 88
16 89
16 90
16 93
16 94
16 96
16 97
17 19
17 21
17 22
17 24
17 27
17 29
17 30
17 34
17 36
17 37
17 40
17 43
17 44
17 45
17 47
17 48
17 51
17 52
17 53
17 54
17 57
17 58
17 59
17 60
17 63
17 67
17 69
17 70
17 72
17 79
17 86
17 88
17 89
17 90
17 91
17 92
17 94
17 97
17 98
17 99
18 20
18 22
18 23
18 24
18 25
18 26
18 27
18 30
18 32
18 33
18 34
18 36
18 37
18 41
18 42
18 43
18 45
18 50
18 51
18 52
18 54
18 56
18 58
18 59
18 60
18 61
18 62
18 63
18 66
18 67
18 68
18 71
18 72
18 73
18 76
18 78
18 79
18 81
18 83
18 84
18 87
18 89
18 93
18 96
18 97
18 98
18 99
19 20
19 21
19 24
19 25
19 29
19 31
19 32
19 34
19 35
19 36
19 38
19 41
19 43
19 44
19 45
19 47
19 48
19 50
19 51
19 52
19 53
19 54
19 56
19 57
19 59
19 64
19 65
19 69
19 70
19 73
19 74
19 76
19 79
19 87
19 93
19 95
19 96
19 97
19 98
19 99
20 21
20 23
20 25
20 26
20 27
20 31
20 34
20 35
20 37
20 38
20 39
20 44
20 47
20 50
20 53
20 54
20 59
20 60
20 61
20 62
20 66
20 67
20 68
20 71
20 72
20 76
20 79
20 80
20 82
20 83
20 84
20 85
20 88
20 93
20 94
20 95
20 96
20 98
20 99
21 24
21 27
21 30
21 31
21 33
21 34
21 39
21 40
21 41
21 43
21 44
21 45
21 49
21 50
21 51
21 54
21 55
21 56
21 58
21 59
21 61
21 62
21 63
21 64
21 65
21 72
21 74
21 75
21 77
21 78
21 80
21 83
21 89
21 91
21 92
21 93
21 94
21 97
21 98
21 99
22 24
22 25
22 26
22 27
22 31
22 32
22 34
22 35
22 36
22 37
22 38
22 40
22 41
22 43
22 45
22 46
22 48
22 49
22 50
22 51
22 54
22 55
22 56
22 64
22 68
22 71
22 75
22 76
22 77
22 78
22 79
22 83
22 84
22 85
22 86
22 88
22 89
22 90
22 92
22 94
22 95
22 98
22 99
23 24
23 27
23 29
23 30
23 32
23 33
23 34
23 35
23 37
23 40
23 42
23 44
23 45
23 46
23 47
23 50
23 52
23 53
23 56
23 57
23 59
23 62
23 63
23 64
23 67
23 68
23 70
23 74
23 75
23 84
23 85
23 87
23 88
23 91
23 96
24 26
24 27
24 28
24 29
24 32
24 34
24 35
24 38
24 39
24 43
24 44
24 46
24 48
24 49
24 54
24 57
24 58
24 59
24 60
24 62
24 63
24 65
24 67
24 68
24 70
24 79
24 82
24 83
24 86
24 87
24 88
24 90
24 91
24 93
24 94
24 95
24 96
25 27
25 30
25 33
25 34
25 37
25 39
25 42
25 43
25 44
25 45
25 49
25 52
25 55
25 58
25 59
25 61
25 63
25 65
25 66
25 67
25 68
25 70
25 72
25 74
25 75
25 76
25 77
25 80
25 86
25 87
25 90
25 96
25 97
25 98
26 28
26 31
26 32
26 34
26 35
26 36
26 41
26 44
26 46
26 47
26 48
26 50
26 54
26 55
26 56
26 58
26 59
26 62
26 63
26 64
26 65
26 67
26 71
26 72
26 73
26 74
26 76
26 77
26 78
26 80
26 81
26 82
26 84
26 85
26 88
26 89
26 90
26 93
26 94
26 96
26 97
26 98
27 33
27 36
27 41
27 42
27 43
27 44
27 46
27 47
27 49
27 50
27 51
27 53
27 54
27 59
27 61
27 64
27 69
27 70
27 71
27 73
27 75
27 77
27 78
27 79
27 81
27 82
27 83
27 84
27 86
27 90
27 93
27 95
27 96
27 97
28 29
28 30
28 34
28 36
28 38
28 39
28 40
28 42
28 43
28 44
28 50
28 51
28 53
28 55
28 57
28 58
28 59
28 60
28 62
28 63
28 69
28 70
28 73
28 76
28 77
28 80
28 82
28 83
28 84
28 86
28 89
28 91
28 93
28 95
28 97
29 34
29 35
29 38
29 39
29 42
29 43
29 44
29 47
29 48
29 49
29 50
29 51
29 54
29 56
29 60
29 61
29 65
29 67
29 68
29 69
29 70
29 71
29 72
29 73
29 76
29 77
29 80
29 81
29 82
29 86
29 90
29 91
29 93
29 95
29 96
30 31
30 32
30 34
30 35
30 37
30 40
30 45
30 50
30 51
30 52
30 53
30 54
30 55
30 59
30 61
30 62
30 63
30 65
30 66
30 69
30 70
30 72
30 73
30 75
30 76
30 80
30 81
30 83
30 86
30 88
30 91
30 93
30 97
31 32
31 35
31 41
31 43
31 44
31 45
31 46
31 47
31 49
31 51
31 52
31 54
31 55
31 57
31 60
31 67
31 70
31 73
31 74
31 76
31 78
31 82
31 84
31 86
31 90
31 92
31 95
31 97
31 98
32 33
32 35
32 39
32 40
32 41
32 43
32 44
32 46
32 47
32 48
32 54
32 55
32 56
32 57
32 58
32 60
32 61
32 63
32 67
32 71
32 72
32 74
32 78
32 79
32 82
32 83
32 84
32 90
32 91
32 92
32 97
32 98
32 99
33 35
33 36
33 38
33 39
33 40
33 42
33 44
33 46
33 47
33 50
33 51
33 53
33 55
33 57
33 58
33 60
33 61
33 62
33 63
33 65
33 69
33 70
33 71
33 80
33 82
33 87
33 88
33 90
33 92
33 93
33 94
33 96
33 97
33 98
34 35
34 38
34 42
34 45
34 49
34 53
34 54
34 55
34 56
34 57
34 59
34 60
34 61
34 62
34 64
34 65
34 69
34 70
34 71
34 73
34 75
34 76
34 80
34 81
34 82
34 83
34 84
34 85
34 86
34 87
34 88
34 89
34 90
34 94
34 96
35 43
35 45
35 50
35 52
35 57
35 58
35 62
35 65
35 66
35 67
35 70
35 71
35 72
35 74
35 77
35 78
35 79
35 80
35 84
35 85
35 89
35 90
35 92
35 96
35 97
36 37
36 38
36 39
36 41
36 42
36 44
36 45
36 46
36 47
36 50
36 52
36 54
36 55
36 56
36 57
36 59
36 60
36 61
36 63
36 65
36 69
36 70
36 73
36 76
36 77
36 79
36 86
36 87
36 88
36 89
36 90
36 91
36 93
36 94
36 95
36 96
36 97
36 99
37 38
37 39
37 41
37 42
37 43
37 45
37 49
37 52
37 54
37 56
37 58
37 60
37 61
37 64
37 65
37 66
37 68
37 69
37 70
37 71
37 73
37 74
37 77
37 78
37 79
37 80
37 82
37 87
37 88
37 89
37 92
37 96
37 98
37 99
38 40
38 41
38 43
38 45
38 52
38 53
38 57
38 58
38 61
38 62
38 64
38 65
38 67
38 68
38 74
38 75
38 77
38 78
38 79
38 80
38 83
38 86
38 87
38 91
38 93
38 94
38 95
38 97
38 98
38 99
39 40
39 41
39 48
39 49
39 52
39 53
39 54
39 55
39 57
39 59
39 60
39 64
39 65
39 67
39 69
39 70
39 71
39 72
39 73
39 74
39 75
39 76
39 78
39 81
39 84
39 85
39 87
39 91
39 93
39 94
39 95
39 96
39 97
40 42
40 44
40 46
40 47
40 48
40 53
40 55
40 56
40 57
40 58
40 61
40 62
40 71
40 73
40 75
40 76
40 80
40 82
40 85
40 89
40 91
40 92
40 94
40 95
41 44
41 45
41 47
41 48
41 49
41 51
41 53
41 56
41 61
41 62
41 63
41 64
41 67
41 68
41 71
41 74
41 78
41 79
41 82
41 83
41 84
41 85
41 88
41 89
41 90
41 95
41 96
42 47
42 49
42 50
42 51
42 52
42 53
42 58
42 60
42 61
42 65
42 68
42 69
42 70
42 71
42 72
42 75
42 78
42 83
42 86
42 88
42 89
42 91
42 93
42 95
42 96
42 98
43 48
43 49
43 50
43 52
43 54
43 57
43 59
43 60
43 61
43 66
43 67
43 70
43 71
43 72
43 75
43 80
43 84
43 85
43 86
43 88
43 89
43 90
43 91
43 92
43 97
43 99
44 46
44 47
44 49
44 50
44 51
44 54
44 55
44 58
44 61
44 66
44 70
44 77
44 78
44 79
44 80
44 81
44 85
44 89
44 90
44 91
44 93
44 94
44 95
44 99
45 46
45 47
45 49
45 51
45 53
45 54
45 55
45 58
45 59
45 60
45 64
45 66
45 67
45 70
45 74
45 79
45 80
45 82
45 83
45 84
45 85
45 86
45 87
45 88
45 89
45 94
45 95
45 96
45 98
46 49
46 50
46 57
46 58
46 59
46 61
46 64
46 68
46 69
46 71
46 74
46 77
46 80
46 82
46 83
46 86
46 87
46 89
46 90
46 91
46 93
46 95
46 96
46 98
47 48
47 49
47 51
47 53
47 54
47 56
47 59
47 60
47 61
47 62
47 63
47 66
47 71
47 74
47 76
47 78
47 79
47 81
47 82
47 84
47 86
47 89
47 93
47 95
47 96
47 97
48 50
48 51
48 52
48 53
48 54
48 56
48 57
48 58
48 61
48 62
48 65
48 66
48 67
48 70
48 71
48 74
48 75
48 78
48 79
48 80
48 81
48 82
48 84
48 87
48 88
48 90
48 92
48 94
48 97
48 99
49 50
49 51
49 52
49 53
49 55
49 57
49 58
49 59
49 68
49 69
49 76
49 77
49 78
49 79
49 80
49 81
49 83
49 84
49 85
49 88
49 91
49 93
49 95
49 97
49 99
50 54
50 56
50 58
50 65
50 66
50 69
50 71
50 74
50 76
50 78
50 80
50 81
50 84
50 89
50 92
50 94
50 96
50 98
51 53
51 54
51 60
51 64
51 67
51 73
51 76
51 78
51 81
51 83
51 84
51 85
51 86
51 93
51 98
52 53
52 54
52 59
52 61
52 62
52 66
52 67
52 68
52 70
52 72
52 73
52 76
52 77
52 78
52 79
52 80
52 86
52 92
52 96
52 97
52 98
53 55
53 56
53 57
53 58
53 61
53 64
53 65
53 67
53 69
53 71
53 72
53 73
53 75
53 81
53 82
53 83
53 84
53 86
53 87
53 88
53 90
53 93
53 95
53 97
54 55
54 57
54 58
54 59
54 60
54 61
54 62
54 63
54 64
54 67
54 69
54 70
54 71
54 72
54 75
54 76
54 77
54 79
54 80
54 81
54 83
54 87
54 88
54 89
54 90
54 92
54 93
54 99
55 58
55 59
55 60
55 61
55 62
55 63
55 64
55 66
55 67
55 68
55 69
55 72
55 73
55 75
55 80
55 82
55 83
55 84
55 85
55 88
55 89
55 92
55 93
55 94
55 96
55 98
56 58
56 59
56 61
56 62
56 65
56 70
56 71
56 73
56 74
56 75
56 77
56 78
56 79
56 80
56 81
56 82
56 87
56 89
56 90
56 92
56 95
56 97
57 61
57 68
57 69
57 71
57 75
57 76
57 77
57 78
57 81
57 83
57 87
57 91
57 92
57 93
57 94
57 96
57 97
57 99
58 59
58 60
58 63
58 65
58 70
58 71
58 74
58 77
58 79
58 82
58 84
58 86
58 88
58 89
58 91
58 92
58 93
58 94
58 95
58 96
59 61
59 65
59 66
59 68
59 71
59 73
59 74
59 77
59 79
59 80
59 81
59 82
59 83
59 85
59 86
59 87
59 88
59 89
59 92
59 93
59 94
59 98
60 61
60 62
60 65
60 67
60 70
60 72
60 74
60 77
60 78
60 82
60 84
60 85
60 86
60 87
60 89
60 92
60 96
60 99
61 62
61 63
61 66
61 68
61 71
61 72
61 73
61 74
61 79
61 80
61 81
61 82
61 83
61 85
61 86
61 88
61 90
61 91
61 92
61 93
61 95
61 96
61 97
61 98
62 63
62 64
62 65
62 68
62 72
62 73
62 74
62 76
62 79
62 80
62 82
62 84
62 88
62 89
62 92
62 93
62 95
62 97
62 99
63 64
63 73
63 74
63 77
63 78
63 79
63 80
63 82
63 84
63 85
63 86
63 87
63 88
63 89
63 90
63 91
63 93
63 94
63 97
64 66
64 68
64 70
64 71
64 75
64 79
64 80
64 82
64 83
64 84
64 88
64 92
64 94
64 96
65 66
65 68
65 73
65 81
65 82
65 83
65 85
65 86
65 87
65 89
65 90
65 96
65 97
65 98
65 99
66 67
66 69
66 72
66 73
66 75
66 77
66 78
66 79
66 80
66 81
66 83
66 85
66 86
66 87
66 88
66 89
66 90
66 91
66 92
66 96
66 97
66 98
67 70
67 72
67 73
67 74
67 75
67 78
67 80
67 81
67 87
67 88
67 89
67 90
67 91
67 92
67 93
67 94
67 99
68 69
68 72
68 74
68 82
68 83
68 84
68 88
68 91
68 92
68 95
68 97
69 70
69 71
69 74
69 77
69 80
69 81
69 83
69 86
69 87
69 88
69 89
69 91
69 96
69 97
69 98
69 99
70 71
70 72
70 73
70 76
70 77
70 79
70 82
70 83
70 85
70 86
70 87
70 88
70 90
70 91
70 92
70 94
70 95
70 96
70 97
70 98
71 72
71 79
71 80
71 82
71 83
71 84
71 90
71 92
71 94
71 95
71 98
72 74
72 75
72 77
72 81
72 83
72 84
72 87
72 88
72 94
72 95
72 96
72 97
72 98
73 74
73 75
73 77
73 78
73 81
73 82
73 83
73 86
73 87
73 92
73 93
73 94
73 97
74 77
74 79
74 80
74 81
74 87
74 90
74 94
74 95
74 96
74 97
74 98
74 99
75 77
75 78
75 79
75 80
75 82
75 85
75 86
75 87
75 90
75 91
75 92
75 95
75 96
75 97
75 99
76 78
76 79
76 80
76 83
76 85
76 90
76 91
76 93
76 94
76 96
76 98
77 78
77 80
77 81
77 85
77 89
77 96
77 97
77 98
77 99
78 79
78 80
78 83
78 85
78 86
78 87
78 89
78 92
78 94
78 96
78 97
78 99
79 80
79 81
79 82
79 85
79 86
79 89
79 92
79 94
79 95
79 96
79 97
79 98
80 82
80 85
80 90
80 91
80 94
80 95
80 96
80 97
80 99
81 83
81 84
81 85
81 88
81 93
81 94
81 95
81 99
82 83
82 84
82 86
82 88
82 89
82 90
82 91
82 93
82 94
82 95
82 96
82 97
83 86
83 89
83 90
83 92
83 93
83 94
83 96
83 97
83 99
84 85
84 92
84 95
84 96
84 98
84 99
85 86
85 87
85 89
85 90
85 92
85 96
85 98
86 90
86 93
86 95
86 96
86 97
87 91
87 93
87 94
88 96
88 97
89 94
89 95
89 97
89 98
90 94
90 98
91 94
91 95
91 97
91 98
92 93
92 95
92 96
92 99
93 96
93 97
93 98
93 99
94 99
95 98
96 99
