0 2
0 9
0 14
0 15
0 19
0 21
0 23
0 37
0 38
0 47
0 50
0 52
0 61
0 65
0 90
0 92
1 11
1 14
1 20
1 23
1 29
1 30
1 34
1 37
1 39
1 40
1 41
1 44
1 46
1 49
1 54
1 55
1 61
1 63
1 67
1 68
1 84
1 88
1 95
1 97
1 98
2 5
2 20
2 21
2 25
2 30
2 31
2 35
2 36
2 50
2 62
2 65
2 66
2 68
2 71
2 74
2 78
2 84
2 86
2 99
3 22
3 29
3 37
3 39
3 44
3 50
3 59
3 68
3 69
3 83
3 92
3 96
4 6
4 21
4 22
4 25
4 32
4 43
4 48
4 51
4 52
4 56
4 80
4 93
4 95
5 9
5 16
5 22
5 24
5 29
5 33
5 35
5 43
5 52
5 63
5 72
5 76
5 83
5 85
5 88
5 89
5 93
6 14
6 28
6 35
6 38
6 40
6 41
6 42
6 48
6 53
6 54
6 56
6 57
6 58
6 65
6 68
6 71
6 72
6 74
6 81
6 82
6 93
7 10
7 11
7 12
7 13
7 16
7 21
7 28
7 29
7 34
7 45
7 48
7 50
7 61
7 67
7 68
7 72
7 74
7 75
7 83
7 86
7 89
7 94
7 96
7 98
8 12
8 16
8 19
8 21
8 22
8 23
8 30
8 36
8 39
8 43
8 44
8 57
8 61
8 68
8 72
8 82
8 84
8 92
8 96
9 13
9 16
9 17
9 26
9 28
9 37
9 38
9 43
9 44
9 48
9 55
9 57
9 62
9 63
9 66
9 74
9 75
9 79
9 92
10 11
10 12
10 13
10 16
10 18
10 19
10 42
10 55
10 57
10 60
10 61
10 62
10 68
10 70
10 82
10 90
10 94
11 14
11 21
11 22
11 26
11 37
11 38
11 40
11 42
11 81
11 83
11 84
11 89
11 95
11 98
12 17
12 26
12 36
12 37
12 44
12 48
12 51
12 57
12 59
12 61
12 70
12 71
12 75
12 80
12 96
13 15
13 19
13 20
13 25
13 30
13 31
13 36
13 39
13 46
13 53
13 58
13 63
13 67
13 72
13 87
13 88
13 99
14 22
14 24
14 26
14 27
14 28
14 32
14 37
14 39
14 46
14 64
14 69
14 70
14 72
14 73
14 74
14 94
14 98
15 17
15 18
15 24
15 27
15 33
15 37
15 39
15 42
15 43
15 44
15 57
15 63
15 79
15 80
15 97
16 21
16 22
16 26
16 29
16 34
16 36
16 37
16 44
16 46
16 48
16 55
16 57
16 58
16 68
16 78
16 81
16 90
16 98
16 99
17 21
17 22
17 23
17 31
17 32
17 36
17 40
17 48
17 54
17 60
17 69
17 73
17 74
17 76
17 81
17 84
18 24
18 28
18 34
18 36
18 42
18 48
18 49
18 51
18 67
18 70
18 76
18 78
18 80
18 86
18 89
18 95
19 31
19 36
19 52
19 59
19 70
19 71
19 72
19 76
19 80
19 98
20 25
20 27
20 28
20 32
20 34
20 35
20 43
20 48
20 51
20 54
20 58
20 62
20 65
20 71
20 72
20 78
20 80
20 85
20 88
20 94
20 97
21 25
21 28
21 31
21 34
21 37
21 40
21 41
21 51
21 54
21 56
21 58
21 69
21 70
21 71
21 74
21 78
21 80
21 98
22 31
22 47
22 54
22 74
22 75
22 79
22 81
22 82
22 85
22 92
22 93
22 94
22 96
23 24
23 26
23 31
23 33
23 43
23 45
23 49
23 53
23 63
23 66
23 74
23 79
23 85
23 86
23 95
23 98
23 99
24 42
24 47
24 48
24 50
24 60
24 61
24 62
24 64
24 69
24 71
24 74
24 85
24 98
25 31
25 38
25 39
25 41
25 43
25 46
25 47
25 50
25 51
25 54
25 60
25 61
25 62
25 63
25 64
25 66
25 68
25 83
25 87
25 92
25 93
25 96
26 30
26 32
26 40
26 45
26 47
26 49
26 51
26 52
26 53
26 54
26 57
26 63
26 64
26 71
26 75
26 86
26 88
26 97
26 98
27 30
27 38
27 39
27 48
27 57
27 59
27 63
27 64
27 65
27 66
27 68
27 73
27 79
27 81
27 83
27 92
27 94
27 98
27 99
28 32
28 34
28 44
28 45
28 48
28 49
28 57
28 58
28 76
28 84
28 86
28 90
28 91
28 94
29 41
29 45
29 51
29 56
29 57
29 61
29 67
29 78
29 82
29 84
29 90
29 97
29 98
30 42
30 45
30 54
30 65
30 66
30 68
30 71
30 72
30 76
30 77
30 78
30 84
30 85
30 86
30 91
31 32
31 42
31 44
31 45
31 46
31 51
31 55
31 57
31 69
31 79
31 82
31 85
31 87
31 93
31 94
31 95
31 99
32 33
32 35
32 36
32 37
32 44
32 47
32 59
32 63
32 65
32 75
32 76
32 86
32 87
32 93
32 98
33 47
33 49
33 50
33 56
33 60
33 63
33 65
33 78
33 82
33 85
33 87
33 93
34 39
34 44
34 45
34 48
34 62
34 63
34 72
34 85
34 86
34 93
34 99
35 39
35 45
35 47
35 52
35 57
35 61
35 64
35 76
35 89
36 38
36 39
36 60
36 65
36 68
36 71
36 79
36 80
36 86
36 87
36 93
36 94
37 40
37 41
37 45
37 46
37 50
37 53
37 58
37 65
37 68
37 72
37 74
37 78
37 82
37 93
38 42
38 48
38 53
38 57
38 61
38 64
38 67
38 70
38 74
38 76
38 80
38 83
38 86
38 98
39 40
39 41
39 47
39 49
39 50
39 52
39 56
39 65
39 67
39 73
39 80
39 83
39 84
39 93
39 95
39 97
39 99
40 41
40 53
40 55
40 57
40 59
40 67
40 72
40 78
40 92
40 99
41 59
41 65
41 82
41 84
41 91
41 92
41 99
42 54
42 59
42 64
42 66
42 67
42 74
42 77
42 90
42 95
42 99
43 52
43 59
43 60
43 71
43 77
43 78
43 86
43 89
44 47
44 51
44 54
44 55
44 63
44 66
44 69
44 71
44 78
44 87
44 91
44 93
44 95
45 52
45 54
45 57
45 58
45 60
45 69
45 72
45 74
45 78
45 85
45 86
45 89
45 92
46 49
46 52
46 60
46 61
46 62
46 65
46 67
46 72
46 75
46 77
46 82
46 87
47 53
47 55
47 56
47 59
47 62
47 69
47 76
47 77
47 78
47 83
47 85
47 86
47 90
47 93
48 49
48 53
48 57
48 59
48 62
48 78
48 81
48 84
48 93
48 94
48 98
49 56
49 57
49 58
49 59
49 66
49 76
49 82
49 84
49 85
49 86
49 92
49 93
49 96
49 99
50 54
50 60
50 61
50 64
50 76
50 83
50 94
51 62
51 64
51 73
51 77
51 84
51 86
51 87
51 90
51 95
51 96
51 99
52 58
52 60
52 63
52 68
52 70
52 72
52 73
52 74
52 83
52 85
52 92
52 99
53 58
53 59
53 65
53 69
53 79
54 56
54 58
54 62
54 63
54 65
54 66
54 70
54 73
54 74
54 75
54 80
54 81
54 83
54 88
54 92
55 59
55 61
55 63
55 69
55 73
55 82
55 94
56 59
56 60
56 63
56 67
56 73
56 79
56 80
56 85
56 88
56 97
57 59
57 63
57 65
57 70
57 75
57 76
57 79
57 82
57 94
57 95
58 68
58 70
58 71
58 73
58 75
58 77
58 78
58 80
58 83
58 86
59 66
59 69
59 76
59 79
59 80
59 84
59 94
59 96
60 62
60 63
60 67
60 68
60 78
60 88
60 96
61 72
61 77
61 80
61 85
61 87
61 92
61 95
62 69
62 74
62 76
62 79
62 82
62 94
62 98
63 65
63 66
63 74
63 91
63 94
64 69
64 70
64 73
64 74
64 78
64 90
64 95
64 97
64 99
65 69
65 70
65 72
65 75
65 77
65 79
65 83
65 91
65 95
65 96
65 98
66 69
66 81
66 91
66 96
66 97
67 70
67 72
67 78
67 79
67 90
68 76
68 79
68 81
68 84
68 91
68 96
68 97
69 71
69 72
69 74
69 75
69 79
69 82
69 86
69 90
69 94
69 95
69 96
70 73
70 85
70 86
70 94
70 95
70 97
70 98
71 77
71 85
71 90
71 97
71 99
72 73
72 80
72 87
72 90
73 75
73 92
73 96
74 75
74 77
74 81
74 82
74 86
74 87
74 92
74 95
75 76
75 79
75 98
76 83
76 95
76 97
76 99
77 90
77 93
77 97
78 82
78 86
79 81
79 82
79 84
79 88
79 91
79 99
80 81
80 84
81 83
81 88
81 89
81 94
81 96
82 90
82 94
82 95
82 97
83 89
84 89
84 99
85 87
85 89
85 94
85 96
85 97
87 90
87 99
88 90
88 94
89 93
89 95
90 93
90 94
90 98
90 99
91 93
92 94
93 96
94 96
96 97
98 99
