0 2
0 4
0 6
0 7
0 9
0 14
0 15
0 19
0 21
0 22
0 23
0 25
0 27
0 28
0 29
0 30
0 31
0 36
0 38
0 39
0 40
0 41
0 45
0 46
0 47
0 48
0 49
0 51
0 52
0 53
0 55
0 57
0 59
0 65
0 67
0 68
0 69
0 73
0 76
0 77
0 79
0 81
0 83
0 85
0 86
0 89
0 91
0 94
0 95
0 97
0 98
1 2
1 5
1 8
1 10
1 12
1 13
1 16
1 18
1 20
1 21
1 22
1 23
1 27
1 28
1 29
1 32
1 34
1 35
1 36
1 37
1 38
1 39
1 40
1 41
1 42
1 47
1 49
1 50
1 51
1 53
1 56
1 58
1 59
1 62
1 64
1 65
1 66
1 67
1 69
1 70
1 71
1 73
1 74
1 78
1 79
1 80
1 81
1 82
1 85
1 86
1 87
1 88
1 90
1 92
1 94
1 95
1 97
1 99
2 6
2 7
2 9
2 13
2 14
2 16
2 20
2 23
2 24
2 25
2 26
2 27
2 28
2 30
2 31
2 32
2 35
2 36
2 38
2 39
2 41
2 42
2 43
2 44
2 45
2 47
2 48
2 49
2 52
2 53
2 56
2 59
2 63
2 65
2 68
2 69
2 70
2 74
2 77
2 78
2 79
2 81
2 83
2 84
2 88
2 92
2 95
2 96
3 4
3 5
3 10
3 11
3 14
3 15
3 16
3 18
3 22
3 24
3 25
3 28
3 29
3 30
3 34
3 36
3 37
3 43
3 45
3 46
3 49
3 51
3 52
3 53
3 55
3 59
3 66
3 67
3 68
3 71
3 72
3 75
3 77
3 78
3 79
3 80
3 82
3 84
3 86
3 90
3 91
3 93
3 94
3 95
3 97
4 5
4 6
4 7
4 8
4 12
4 14
4 15
4 17
4 19
4 21
4 24
4 25
4 27
4 28
4 30
4 31
4 32
4 35
4 36
4 39
4 40
4 41
4 42
4 46
4 47
4 48
4 53
4 54
4 56
4 58
4 60
4 61
4 62
4 63
4 65
4 67
4 69
4 70
4 74
4 78
4 79
4 83
4 85
4 87
4 88
4 92
4 94
4 95
4 97
4 99
5 7
5 8
5 15
5 17
5 18
5 22
5 23
5 26
5 31
5 32
5 33
5 35
5 38
5 40
5 41
5 44
5 48
5 49
5 51
5 52
5 54
5 55
5 56
5 59
5 60
5 61
5 63
5 64
5 67
5 70
5 71
5 72
5 73
5 78
5 82
5 86
5 91
5 92
5 93
5 94
5 97
5 99
6 9
6 10
6 11
6 13
6 14
6 15
6 19
6 21
6 24
6 25
6 27
6 30
6 32
6 34
6 38
6 39
6 41
6 42
6 43
6 47
6 49
6 52
6 53
6 54
6 55
6 57
6 60
6 62
6 66
6 67
6 68
6 69
6 70
6 71
6 72
6 73
6 77
6 78
6 81
6 85
6 86
6 88
6 90
6 91
6 93
6 94
6 98
7 9
7 11
7 12
7 16
7 19
7 20
7 21
7 22
7 23
7 25
7 26
7 27
7 28
7 35
7 36
7 39
7 40
7 41
7 45
7 47
7 51
7 52
7 55
7 57
7 59
7 60
7 61
7 62
7 63
7 64
7 65
7 67
7 80
7 83
7 84
7 85
7 88
7 90
7 93
7 94
7 95
7 97
8 11
8 12
8 14
8 21
8 22
8 23
8 31
8 33
8 36
8 38
8 43
8 45
8 47
8 48
8 49
8 50
8 53
8 54
8 56
8 57
8 60
8 63
8 64
8 65
8 67
8 69
8 74
8 77
8 80
8 81
8 82
8 83
8 84
8 87
8 90
8 91
8 94
8 95
8 96
8 98
8 99
9 12
9 14
9 17
9 20
9 21
9 24
9 25
9 28
9 29
9 30
9 31
9 32
9 37
9 38
9 40
9 41
9 44
9 46
9 49
9 50
9 51
9 52
9 54
9 55
9 56
9 57
9 58
9 60
9 62
9 63
9 64
9 67
9 70
9 71
9 72
9 73
9 78
9 79
9 82
9 85
9 86
9 87
9 90
9 93
9 99
10 14
10 16
10 17
10 18
10 19
10 21
10 23
10 28
10 30
10 32
10 33
10 35
10 36
10 37
10 39
10 42
10 43
10 44
10 46
10 49
10 59
10 63
10 68
10 69
10 72
10 73
10 75
10 76
10 79
10 81
10 82
10 84
10 95
10 97
10 98
11 12
11 15
11 17
11 21
11 22
11 25
11 26
11 27
11 34
11 36
11 37
11 39
11 41
11 43
11 44
11 47
11 48
11 50
11 53
11 54
11 58
11 61
11 64
11 66
11 68
11 70
11 71
11 73
11 78
11 79
11 80
11 81
11 84
11 85
11 86
11 89
11 94
11 95
11 97
11 98
12 14
12 16
12 17
12 28
12 29
12 30
12 31
12 38
12 39
12 40
12 41
12 42
12 43
12 44
12 46
12 48
12 49
12 53
12 54
12 56
12 57
12 58
12 59
12 60
12 61
12 62
12 64
12 65
12 66
12 70
12 71
12 74
12 77
12 80
12 81
12 82
12 84
12 85
12 87
12 88
12 90
12 91
12 93
12 94
12 95
12 96
12 99
13 18
13 19
13 21
13 22
13 23
13 24
13 26
13 27
13 28
13 30
13 31
13 32
13 33
13 34
13 37
13 38
13 39
13 40
13 42
13 43
13 45
13 49
13 50
13 51
13 52
13 53
13 57
13 59
13 60
13 61
13 62
13 63
13 64
13 65
13 67
13 71
13 73
13 74
13 79
13 80
13 81
13 82
13 84
13 87
13 91
13 93
13 94
14 18
14 23
14 24
14 30
14 31
14 32
14 34
14 35
14 37
14 38
14 39
14 40
14 42
14 44
14 47
14 48
14 49
14 51
14 52
14 54
14 60
14 62
14 66
14 67
14 69
14 72
14 79
14 80
14 81
14 82
14 85
14 86
14 88
14 96
14 99
15 16
15 17
15 20
15 21
15 22
15 23
15 27
15 29
15 31
15 32
15 33
15 34
15 39
15 40
15 46
15 49
15 53
15 54
15 55
15 57
15 59
15 61
15 62
15 63
15 65
15 70
15 71
15 73
15 80
15 84
15 87
15 89
15 91
15 93
15 96
15 98
16 18
16 19
16 20
16 21
16 22
16 24
16 25
16 26
16 27
16 28
16 29
16 35
16 37
16 38
16 39
16 41
16 47
16 50
16 53
16 56
16 57
16 58
16 61
16 63
16 64
16 65
16 68
16 74
16 75
16 76
16 79
16 80
16 83
16 87
16 90
16 93
16 95
16 96
16 97
16 98
17 18
17 19
17 24
17 25
17 26
17 28
17 36
17 39
17 40
17 45
17 49
17 51
17 53
17 57
17 58
17 59
17 60
17 61
17 62
17 65
17 67
17 68
17 69
17 70
17 71
17 72
17 73
17 74
17 77
17 79
17 81
17 84
17 87
17 88
17 89
17 90
17 92
17 93
17 94
17 95
17 99
18 19
18 22
18 23
18 24
18 25
18 27
18 28
18 30
18 31
18 32
18 33
18 35
18 41
18 43
18 46
18 47
18 50
18 55
18 58
18 60
18 61
18 62
18 65
18 67
18 73
18 74
18 75
18 78
18 82
18 83
18 85
18 91
18 93
18 95
19 29
19 30
19 31
19 32
19 34
19 35
19 39
19 43
19 45
19 47
19 50
19 51
19 55
19 59
19 61
19 62
19 63
19 66
19 68
19 69
19 70
19 72
19 75
19 77
19 78
19 79
19 80
19 81
19 82
19 85
19 87
19 89
19 90
19 95
19 97
19 99
20 24
20 25
20 26
20 28
20 29
20 30
20 31
20 33
20 36
20 37
20 41
20 42
20 43
20 44
20 45
20 46
20 47
20 49
20 51
20 54
20 55
20 59
20 60
20 61
20 63
20 65
20 66
20 69
20 72
20 75
20 76
20 77
20 81
20 83
20 84
20 85
20 92
20 94
20 95
20 98
20 99
21 23
21 26
21 27
21 28
21 34
21 35
21 36
21 37
21 43
21 46
21 49
21 52
21 53
21 54
21 57
21 59
21 61
21 62
21 63
21 65
21 69
21 70
21 72
21 78
21 81
21 84
21 85
21 86
21 87
21 95
21 97
21 98
22 23
22 24
22 26
22 27
22 30
22 32
22 33
22 35
22 36
22 39
22 40
22 43
22 44
22 45
22 48
22 50
22 51
22 52
22 56
22 57
22 60
22 62
22 63
22 64
22 66
22 68
22 69
22 70
22 71
22 72
22 73
22 74
22 76
22 78
22 79
22 80
22 84
22 88
22 90
22 96
22 97
22 98
23 24
23 25
23 27
23 30
23 32
23 33
23 34
23 37
23 40
23 41
23 43
23 46
23 47
23 51
23 52
23 53
23 55
23 56
23 61
23 63
23 64
23 65
23 67
23 68
23 69
23 70
23 72
23 74
23 75
23 77
23 78
23 79
23 82
23 83
23 86
23 88
23 89
23 90
23 95
23 96
23 98
23 99
24 26
24 28
24 30
24 31
24 33
24 34
24 35
24 37
24 38
24 39
24 41
24 42
24 43
24 44
24 45
24 47
24 48
24 50
24 51
24 53
24 56
24 60
24 63
24 64
24 65
24 67
24 68
24 69
24 71
24 72
24 75
24 77
24 78
24 82
24 83
24 88
24 89
24 93
24 94
24 95
24 96
24 98
25 28
25 31
25 32
25 33
25 38
25 40
25 41
25 44
25 47
25 48
25 49
25 50
25 51
25 54
25 55
25 56
25 61
25 66
25 69
25 70
25 74
25 76
25 78
25 82
25 83
25 84
25 85
25 86
25 89
25 92
25 93
25 94
25 95
25 96
25 97
26 27
26 29
26 30
26 33
26 34
26 39
26 40
26 43
26 44
26 45
26 46
26 47
26 52
26 55
26 58
26 59
26 60
26 62
26 63
26 64
26 65
26 67
26 70
26 73
26 76
26 78
26 79
26 80
26 81
26 82
26 83
26 84
26 88
26 91
26 92
26 99
27 29
27 34
27 36
27 37
27 38
27 39
27 40
27 41
27 42
27 48
27 51
27 52
27 53
27 54
27 56
27 58
27 59
27 61
27 65
27 66
27 68
27 71
27 75
27 76
27 77
27 79
27 80
27 82
27 83
27 84
27 85
27 86
27 89
27 91
27 94
27 95
27 97
28 32
28 35
28 36
28 38
28 41
28 45
28 46
28 47
28 49
28 50
28 52
28 59
28 63
28 64
28 69
28 70
28 71
28 74
28 75
28 76
28 78
28 80
28 82
28 83
28 84
28 85
28 86
28 88
28 90
28 91
28 93
28 95
28 96
28 97
29 30
29 32
29 33
29 35
29 36
29 37
29 38
29 40
29 41
29 42
29 43
29 48
29 51
29 52
29 53
29 55
29 56
29 57
29 61
29 62
29 63
29 64
29 65
29 67
29 68
29 70
29 71
29 72
29 73
29 74
29 75
29 82
29 86
29 87
29 89
29 92
29 93
29 94
29 95
29 97
29 98
29 99
30 31
30 32
30 33
30 34
30 37
30 38
30 39
30 40
30 42
30 47
30 49
30 50
30 52
30 57
30 59
30 63
30 64
30 66
30 67
30 68
30 69
30 73
30 74
30 77
30 81
30 83
30 84
30 85
30 86
30 91
30 93
30 95
30 97
30 99
31 32
31 35
31 36
31 37
31 38
31 40
31 41
31 45
31 46
31 51
31 56
31 57
31 59
31 61
31 62
31 66
31 68
31 70
31 72
31 74
31 75
31 76
31 83
31 88
31 89
31 90
31 93
31 96
31 97
31 99
32 33
32 34
32 35
32 36
32 37
32 41
32 42
32 45
32 46
32 47
32 48
32 52
32 57
32 59
32 61
32 62
32 64
32 65
32 69
32 72
32 75
32 77
32 78
32 79
32 80
32 82
32 83
32 84
32 85
32 87
32 89
32 91
32 92
32 93
32 97
32 99
33 36
33 40
33 41
33 42
33 43
33 44
33 45
33 47
33 48
33 50
33 52
33 53
33 54
33 55
33 57
33 58
33 59
33 60
33 63
33 64
33 65
33 67
33 68
33 69
33 70
33 72
33 76
33 77
33 78
33 82
33 87
33 90
33 91
33 92
33 96
33 97
33 98
33 99
34 36
34 38
34 40
34 41
34 42
34 43
34 44
34 47
34 48
34 49
34 51
34 53
34 54
34 59
34 60
34 64
34 65
34 67
34 68
34 69
34 70
34 71
34 73
34 74
34 75
34 76
34 77
34 79
34 81
34 83
34 88
34 89
34 90
34 94
34 96
34 99
35 36
35 39
35 43
35 44
35 45
35 47
35 50
35 56
35 60
35 64
35 68
35 69
35 70
35 73
35 74
35 75
35 82
35 84
35 85
35 88
35 90
35 92
35 93
35 96
35 97
36 38
36 42
36 44
36 45
36 47
36 49
36 50
36 52
36 56
36 57
36 58
36 60
36 62
36 68
36 70
36 71
36 72
36 73
36 76
36 77
36 79
36 80
36 81
36 82
36 83
36 88
36 90
36 93
36 94
36 98
36 99
37 38
37 41
37 43
37 45
37 47
37 49
37 50
37 51
37 52
37 58
37 59
37 62
37 64
37 66
37 68
37 72
37 76
37 77
37 78
37 79
37 80
37 82
37 83
37 84
37 85
37 86
37 87
37 88
37 89
37 90
37 91
37 92
37 94
37 96
37 97
38 40
38 42
38 44
38 45
38 48
38 50
38 51
38 56
38 57
38 59
38 61
38 62
38 65
38 67
38 69
38 71
38 73
38 74
38 77
38 79
38 81
38 83
38 84
38 85
38 87
38 89
38 90
38 93
38 94
38 99
39 41
39 42
39 45
39 46
39 47
39 48
39 51
39 53
39 54
39 55
39 59
39 64
39 65
39 67
39 68
39 71
39 72
39 74
39 77
39 78
39 79
39 81
39 82
39 83
39 84
39 87
39 89
39 90
39 91
39 93
39 96
40 42
40 44
40 45
40 50
40 55
40 59
40 60
40 61
40 63
40 66
40 67
40 68
40 71
40 73
40 74
40 79
40 80
40 83
40 85
40 87
40 88
40 92
40 93
40 94
40 95
40 97
40 98
41 42
41 45
41 47
41 48
41 50
41 51
41 53
41 54
41 55
41 58
41 59
41 60
41 61
41 64
41 66
41 67
41 68
41 69
41 70
41 76
41 79
41 82
41 84
41 89
41 93
41 94
42 43
42 44
42 46
42 47
42 48
42 49
42 51
42 52
42 55
42 56
42 57
42 59
42 60
42 62
42 65
42 66
42 70
42 72
42 73
42 76
42 78
42 80
42 82
42 83
42 85
42 86
42 92
42 93
42 97
42 99
43 44
43 47
43 49
43 55
43 56
43 57
43 58
43 59
43 61
43 63
43 65
43 66
43 69
43 70
43 71
43 75
43 79
43 81
43 82
43 83
43 84
43 85
43 88
43 89
43 90
44 46
44 47
44 51
44 52
44 54
44 55
44 57
44 60
44 63
44 64
44 65
44 66
44 68
44 69
44 70
44 71
44 72
44 74
44 75
44 76
44 78
44 79
44 81
44 83
44 89
44 90
44 93
44 98
44 99
45 48
45 49
45 50
45 52
45 53
45 54
45 55
45 57
45 58
45 59
45 62
45 64
45 68
45 69
45 70
45 71
45 73
45 74
45 75
45 76
45 77
45 78
45 79
45 81
45 82
45 87
45 88
45 90
45 92
45 96
46 47
46 50
46 54
46 55
46 58
46 60
46 62
46 63
46 64
46 72
46 74
46 79
46 80
46 83
46 84
46 85
46 86
46 87
46 92
46 95
46 96
46 99
47 48
47 49
47 50
47 57
47 60
47 61
47 64
47 69
47 71
47 76
47 77
47 80
47 81
47 85
47 86
47 88
47 90
47 96
47 98
48 51
48 52
48 54
48 56
48 57
48 58
48 63
48 66
48 67
48 69
48 75
48 76
48 82
48 84
48 85
48 86
48 88
48 90
48 91
48 92
48 93
48 94
48 95
48 96
48 98
48 99
49 50
49 51
49 52
49 53
49 56
49 59
49 64
49 69
49 70
49 72
49 73
49 75
49 76
49 77
49 78
49 79
49 83
49 85
49 86
49 87
49 88
49 90
49 91
49 92
49 94
49 95
49 96
49 98
49 99
50 51
50 52
50 53
50 56
50 57
50 59
50 60
50 62
50 63
50 64
50 65
50 66
50 67
50 68
50 69
50 74
50 75
50 79
50 80
50 81
50 84
50 85
50 88
50 89
50 91
50 93
50 94
50 97
50 98
50 99
51 52
51 55
51 57
51 58
51 61
51 62
51 63
51 64
51 65
51 67
51 70
51 72
51 73
51 76
51 77
51 78
51 82
51 86
51 87
51 88
51 89
51 90
51 91
51 92
51 93
51 94
51 95
51 96
51 99
52 53
52 58
52 59
52 61
52 63
52 66
52 71
52 77
52 78
52 80
52 82
52 84
52 85
52 86
52 88
52 90
52 91
52 93
52 96
52 97
52 98
53 54
53 55
53 56
53 57
53 58
53 59
53 60
53 64
53 68
53 69
53 72
53 76
53 77
53 78
53 79
53 81
53 86
53 87
53 88
53 91
53 92
53 93
53 94
53 95
53 96
53 97
53 99
54 55
54 56
54 57
54 60
54 62
54 63
54 68
54 69
54 71
54 72
54 74
54 75
54 76
54 77
54 80
54 83
54 85
54 86
54 89
54 93
54 96
55 57
55 59
55 60
55 62
55 66
55 68
55 70
55 72
55 73
55 74
55 75
55 76
55 77
55 82
55 83
55 84
55 86
55 87
55 88
55 92
55 94
55 95
55 97
56 57
56 60
56 61
56 62
56 63
56 64
56 66
56 68
56 69
56 70
56 71
56 73
56 74
56 75
56 77
56 81
56 84
56 86
56 87
56 89
56 91
56 92
56 93
56 96
56 98
56 99
57 58
57 59
57 60
57 63
57 64
57 66
57 67
57 68
57 69
57 71
57 72
57 73
57 74
57 77
57 78
57 79
57 80
57 84
57 86
57 88
57 89
57 91
57 94
57 97
58 60
58 61
58 62
58 64
58 68
58 70
58 72
58 75
58 76
58 77
58 78
58 82
58 83
58 84
58 93
58 95
58 97
58 98
58 99
59 61
59 62
59 64
59 65
59 67
59 68
59 71
59 76
59 78
59 80
59 82
59 84
59 86
59 92
59 95
59 96
59 99
60 64
60 65
60 68
60 71
60 72
60 75
60 76
60 77
60 81
60 86
60 87
60 90
60 92
60 93
60 95
60 98
61 64
61 66
61 68
61 71
61 73
61 74
61 77
61 78
61 79
61 81
61 84
61 87
61 88
61 90
61 91
61 92
61 97
61 98
62 63
62 64
62 66
62 67
62 68
62 69
62 72
62 73
62 74
62 76
62 77
62 78
62 79
62 80
62 81
62 83
62 84
62 85
62 88
62 89
62 91
62 92
62 93
62 94
62 95
62 96
62 97
62 98
63 64
63 66
63 67
63 69
63 71
63 72
63 76
63 77
63 78
63 81
63 82
63 86
63 87
63 88
63 91
63 93
63 95
63 96
63 97
63 99
64 65
64 69
64 72
64 78
64 79
64 80
64 84
64 85
64 86
64 88
64 89
64 91
64 92
64 93
64 94
64 95
64 96
64 98
65 68
65 69
65 70
65 71
65 72
65 73
65 74
65 77
65 79
65 80
65 81
65 85
65 87
65 88
65 89
65 91
65 92
65 93
65 98
65 99
66 68
66 71
66 72
66 74
66 75
66 78
66 80
66 82
66 86
66 87
66 90
66 92
66 94
66 95
66 97
67 69
67 72
67 74
67 75
67 76
67 82
67 87
67 92
67 93
67 94
67 95
67 96
67 97
67 98
68 69
68 71
68 72
68 75
68 76
68 83
68 84
68 86
68 87
68 88
68 89
68 92
68 93
68 94
68 96
68 97
68 99
69 71
69 74
69 76
69 79
69 81
69 83
69 87
69 88
69 89
69 91
69 92
69 94
69 95
69 96
69 97
70 72
70 73
70 74
70 75
70 76
70 78
70 81
70 84
70 85
70 86
70 87
70 88
70 89
70 91
70 93
70 95
70 97
70 98
71 72
71 73
71 81
71 85
71 86
71 88
71 90
71 93
71 97
71 98
72 73
72 75
72 79
72 80
72 82
72 85
72 86
72 87
72 89
72 90
72 94
72 95
72 97
72 98
73 74
73 75
73 77
73 78
73 79
73 80
73 81
73 83
73 84
73 86
73 88
73 89
73 90
73 91
73 94
73 95
73 97
73 98
73 99
74 75
74 79
74 80
74 82
74 83
74 85
74 89
74 91
74 93
74 94
74 95
74 97
74 99
75 76
75 78
75 79
75 80
75 82
75 83
75 84
75 85
75 86
75 87
75 90
75 91
75 92
75 93
75 96
75 98
76 77
76 79
76 80
76 82
76 84
76 85
76 86
76 89
76 93
77 78
77 79
77 80
77 81
77 84
77 85
77 86
77 90
77 93
77 94
77 96
77 99
78 79
78 80
78 83
78 85
78 86
78 87
78 88
78 89
78 90
78 91
78 92
78 96
78 97
78 98
78 99
79 82
79 84
79 85
79 86
79 88
79 90
79 94
79 99
80 81
80 84
80 85
80 87
80 94
80 96
80 99
81 82
81 83
81 84
81 85
81 88
81 90
81 97
81 98
81 99
82 83
82 87
82 91
82 92
82 94
82 95
82 97
83 84
83 85
83 88
83 90
83 91
83 92
83 93
83 96
83 97
83 98
83 99
84 88
84 90
84 91
84 93
84 96
84 98
84 99
85 86
85 87
85 89
85 91
85 93
85 95
85 96
85 97
85 98
85 99
86 88
86 89
86 90
86 91
86 92
86 94
86 95
86 96
86 97
86 99
87 88
87 93
87 96
88 91
88 93
88 94
88 97
88 98
89 91
89 92
89 95
89 96
90 91
90 92
90 99
91 92
91 94
91 96
91 97
91 99
92 93
92 94
92 99
93 94
93 96
93 97
93 99
94 95
94 96
94 97
94 99
95 98
97 98
98 99
