0 1
0 3
0 5
0 6
0 11
0 14
0 17
0 20
0 21
0 22
0 24
0 34
0 35
0 36
0 38
0 43
0 44
0 46
0 53
0 55
0 61
0 62
0 63
0 65
0 66
0 70
0 72
0 75
0 77
0 80
0 82
0 83
0 85
0 86
0 87
0 89
0 92
0 94
0 95
0 97
0 99
1 3
1 5
1 7
1 11
1 14
1 17
1 18
1 22
1 23
1 26
1 28
1 30
1 31
1 33
1 34
1 36
1 41
1 43
1 45
1 49
1 50
1 51
1 52
1 62
1 65
1 66
1 68
1 69
1 73
1 76
1 77
1 78
1 81
1 87
1 89
1 92
1 96
2 3
2 5
2 6
2 8
2 9
2 10
2 11
2 13
2 14
2 16
2 17
2 22
2 25
2 27
2 28
2 31
2 32
2 33
2 34
2 36
2 41
2 46
2 47
2 53
2 54
2 55
2 57
2 58
2 61
2 66
2 69
2 70
2 74
2 76
2 77
2 78
2 86
2 87
2 88
2 89
2 91
2 97
2 98
2 99
3 8
3 14
3 16
3 24
3 28
3 32
3 33
3 38
3 39
3 40
3 42
3 45
3 49
3 50
3 52
3 56
3 57
3 60
3 62
3 63
3 65
3 66
3 67
3 68
3 69
3 70
3 75
3 76
3 78
3 82
3 83
3 84
3 85
3 91
3 94
3 97
3 98
4 6
4 9
4 11
4 14
4 16
4 17
4 19
4 22
4 23
4 27
4 28
4 29
4 33
4 34
4 36
4 39
4 42
4 45
4 47
4 49
4 51
4 52
4 57
4 59
4 60
4 61
4 64
4 68
4 69
4 70
4 71
4 74
4 77
4 78
4 83
4 84
4 88
4 94
4 96
4 97
5 9
5 10
5 13
5 16
5 18
5 20
5 21
5 24
5 26
5 29
5 30
5 32
5 33
5 38
5 39
5 40
5 46
5 47
5 48
5 50
5 53
5 55
5 56
5 58
5 61
5 65
5 66
5 71
5 79
5 81
5 87
5 88
5 93
5 95
5 97
5 98
6 7
6 9
6 11
6 13
6 14
6 16
6 19
6 21
6 22
6 23
6 27
6 32
6 33
6 35
6 37
6 38
6 39
6 41
6 44
6 52
6 57
6 66
6 69
6 70
6 73
6 75
6 77
6 79
6 81
6 87
6 88
6 89
6 90
6 91
6 97
6 99
7 9
7 10
7 16
7 20
7 22
7 24
7 26
7 28
7 29
7 30
7 33
7 41
7 44
7 45
7 46
7 50
7 52
7 58
7 59
7 63
7 65
7 66
7 67
7 73
7 82
7 84
7 85
7 92
7 93
7 95
7 96
7 97
7 98
8 9
8 13
8 15
8 17
8 18
8 19
8 20
8 24
8 26
8 28
8 29
8 30
8 32
8 33
8 34
8 36
8 39
8 41
8 48
8 50
8 52
8 53
8 55
8 56
8 57
8 62
8 65
8 67
8 68
8 71
8 74
8 81
8 87
8 89
8 92
8 93
8 94
8 95
8 97
9 14
9 18
9 19
9 23
9 24
9 28
9 29
9 30
9 37
9 40
9 41
9 42
9 47
9 48
9 49
9 51
9 52
9 53
9 55
9 58
9 62
9 63
9 65
9 66
9 67
9 68
9 69
9 74
9 78
9 79
9 85
9 86
9 87
9 88
9 91
9 94
9 98
10 11
10 14
10 15
10 16
10 19
10 20
10 26
10 29
10 32
10 35
10 38
10 42
10 43
10 46
10 47
10 48
10 49
10 53
10 60
10 62
10 65
10 66
10 67
10 68
10 69
10 70
10 71
10 74
10 78
10 85
10 86
10 87
10 89
10 94
10 95
10 97
11 13
11 20
11 27
11 29
11 31
11 32
11 36
11 37
11 39
11 40
11 43
11 44
11 45
11 48
11 56
11 58
11 63
11 65
11 66
11 67
11 71
11 72
11 78
11 79
11 83
11 89
11 91
11 92
11 94
11 95
11 97
12 13
12 14
12 15
12 21
12 22
12 24
12 25
12 27
12 28
12 29
12 30
12 31
12 34
12 37
12 38
12 40
12 42
12 47
12 50
12 52
12 56
12 58
12 61
12 62
12 63
12 64
12 66
12 73
12 74
12 82
12 83
12 87
12 88
12 91
12 92
12 94
12 95
12 96
12 99
13 17
13 18
13 20
13 23
13 25
13 30
13 32
13 35
13 36
13 38
13 39
13 40
13 42
13 43
13 47
13 53
13 58
13 64
13 71
13 75
13 76
13 78
13 79
13 80
13 81
13 83
13 85
13 90
13 91
14 15
14 16
14 21
14 22
14 25
14 26
14 29
14 30
14 39
14 40
14 43
14 44
14 47
14 51
14 53
14 54
14 55
14 57
14 63
14 64
14 66
14 67
14 70
14 72
14 74
14 82
14 88
14 89
14 90
14 91
14 95
14 97
14 98
14 99
15 16
15 18
15 19
15 20
15 21
15 22
15 23
15 26
15 29
15 30
15 31
15 32
15 34
15 36
15 39
15 40
15 41
15 44
15 47
15 52
15 58
15 59
15 60
15 62
15 63
15 65
15 66
15 67
15 68
15 70
15 73
15 74
15 75
15 76
15 78
15 81
15 84
15 87
15 88
15 90
15 92
15 97
15 98
16 17
16 18
16 20
16 21
16 25
16 27
16 28
16 29
16 30
16 31
16 32
16 33
16 35
16 40
16 47
16 48
16 52
16 53
16 56
16 57
16 58
16 62
16 64
16 74
16 77
16 78
16 79
16 81
16 83
16 87
16 89
16 92
16 93
16 96
16 97
16 98
17 19
17 20
17 22
17 23
17 25
17 29
17 32
17 34
17 36
17 39
17 41
17 42
17 46
17 48
17 49
17 52
17 53
17 58
17 60
17 61
17 64
17 65
17 71
17 74
17 75
17 76
17 78
17 82
17 83
17 85
17 86
17 87
17 88
17 89
17 90
17 91
17 96
17 98
17 99
18 22
18 25
18 26
18 28
18 30
18 37
18 38
18 41
18 42
18 48
18 49
18 50
18 53
18 63
18 64
18 66
18 69
18 70
18 71
18 72
18 75
18 77
18 78
18 79
18 80
18 94
18 95
18 98
19 22
19 26
19 30
19 31
19 33
19 39
19 40
19 46
19 47
19 49
19 50
19 52
19 55
19 56
19 59
19 61
19 63
19 72
19 74
19 76
19 78
19 79
19 80
19 81
19 82
19 84
19 86
19 87
19 89
19 92
19 97
19 98
20 21
20 23
20 28
20 31
20 32
20 38
20 40
20 41
20 42
20 45
20 53
20 61
20 69
20 71
20 72
20 75
20 77
20 81
20 82
20 83
20 84
20 86
20 89
20 92
20 94
21 26
21 27
21 29
21 31
21 33
21 36
21 37
21 41
21 43
21 48
21 50
21 51
21 57
21 58
21 59
21 60
21 62
21 63
21 65
21 66
21 68
21 70
21 71
21 72
21 73
21 75
21 78
21 79
21 80
21 86
21 87
21 88
21 93
21 94
21 96
21 97
22 25
22 26
22 29
22 32
22 33
22 36
22 39
22 42
22 44
22 50
22 53
22 55
22 58
22 59
22 61
22 62
22 64
22 66
22 72
22 75
22 76
22 77
22 78
22 80
22 86
22 87
22 93
22 94
22 95
22 96
22 97
22 99
23 24
23 26
23 27
23 29
23 30
23 32
23 33
23 38
23 43
23 44
23 45
23 52
23 54
23 56
23 58
23 61
23 63
23 64
23 65
23 66
23 68
23 71
23 73
23 76
23 80
23 85
23 87
23 88
23 91
23 94
23 95
23 96
23 97
24 25
24 29
24 33
24 39
24 44
24 46
24 49
24 54
24 55
24 56
24 57
24 58
24 62
24 65
24 67
24 69
24 72
24 74
24 75
24 76
24 77
24 78
24 85
24 93
24 94
24 98
25 27
25 30
25 31
25 32
25 36
25 37
25 40
25 44
25 45
25 47
25 51
25 54
25 57
25 66
25 69
25 72
25 73
25 77
25 78
25 79
25 81
25 83
25 89
25 93
25 95
25 97
25 98
26 27
26 28
26 31
26 33
26 39
26 40
26 41
26 45
26 47
26 48
26 50
26 52
26 57
26 58
26 60
26 61
26 63
26 65
26 66
26 69
26 76
26 77
26 80
26 81
26 84
26 86
26 90
26 91
26 95
26 96
26 97
26 98
26 99
27 28
27 29
27 35
27 36
27 42
27 43
27 47
27 48
27 49
27 50
27 51
27 52
27 56
27 61
27 66
27 71
27 74
27 77
27 79
27 81
27 85
27 89
27 90
27 91
27 92
27 93
27 95
27 96
28 30
28 31
28 36
28 38
28 39
28 41
28 46
28 49
28 50
28 52
28 53
28 55
28 56
28 58
28 59
28 60
28 62
28 64
28 65
28 66
28 68
28 69
28 72
28 73
28 75
28 77
28 80
28 81
28 95
28 96
28 97
29 30
29 31
29 32
29 33
29 36
29 39
29 40
29 41
29 43
29 45
29 46
29 48
29 49
29 51
29 55
29 57
29 61
29 66
29 72
29 74
29 76
29 80
29 81
29 84
29 91
29 94
29 95
30 33
30 35
30 41
30 44
30 49
30 54
30 59
30 61
30 63
30 65
30 70
30 72
30 76
30 77
30 78
30 80
30 83
30 90
30 91
30 92
30 94
31 32
31 33
31 35
31 36
31 37
31 39
31 43
31 44
31 46
31 51
31 53
31 54
31 56
31 58
31 61
31 64
31 65
31 66
31 67
31 68
31 69
31 70
31 72
31 78
31 81
31 88
31 89
31 91
31 99
32 33
32 34
32 35
32 39
32 41
32 42
32 43
32 46
32 52
32 58
32 62
32 67
32 69
32 70
32 73
32 74
32 78
32 80
32 81
32 82
32 95
32 98
33 34
33 40
33 42
33 46
33 47
33 50
33 53
33 55
33 56
33 60
33 61
33 66
33 67
33 70
33 72
33 73
33 74
33 75
33 76
33 79
33 81
33 82
33 85
33 88
33 89
33 90
33 91
33 95
33 99
34 36
34 38
34 40
34 41
34 44
34 45
34 46
34 48
34 49
34 50
34 54
34 55
34 57
34 59
34 60
34 61
34 63
34 67
34 69
34 71
34 72
34 74
34 76
34 77
34 78
34 81
34 84
34 85
34 87
34 89
34 90
34 92
34 93
34 95
34 97
34 98
35 38
35 39
35 41
35 42
35 44
35 46
35 48
35 54
35 60
35 61
35 62
35 64
35 66
35 67
35 71
35 73
35 75
35 77
35 78
35 79
35 82
35 87
35 97
35 98
36 37
36 45
36 50
36 52
36 54
36 55
36 58
36 60
36 64
36 77
36 79
36 81
36 83
36 84
36 87
36 90
36 94
36 95
36 96
36 97
36 99
37 42
37 49
37 50
37 53
37 56
37 57
37 59
37 65
37 67
37 68
37 69
37 71
37 73
37 74
37 80
37 81
37 86
37 87
37 89
37 90
37 96
37 98
38 39
38 47
38 49
38 52
38 53
38 56
38 57
38 58
38 60
38 61
38 63
38 65
38 67
38 68
38 69
38 78
38 81
38 82
38 83
38 84
38 87
38 88
38 89
38 91
38 96
38 98
38 99
39 40
39 44
39 53
39 57
39 61
39 62
39 67
39 68
39 69
39 71
39 73
39 79
39 81
39 85
39 86
39 89
39 91
39 92
39 97
39 98
40 41
40 45
40 51
40 53
40 56
40 60
40 62
40 65
40 67
40 75
40 76
40 77
40 82
40 83
40 84
40 87
40 92
41 42
41 44
41 45
41 46
41 48
41 50
41 51
41 53
41 54
41 55
41 59
41 65
41 69
41 72
41 82
41 86
41 88
41 90
41 92
41 93
41 94
41 97
41 98
41 99
42 44
42 45
42 48
42 54
42 56
42 57
42 58
42 61
42 63
42 64
42 66
42 67
42 68
42 70
42 74
42 76
42 79
42 81
42 83
42 84
42 88
42 90
42 96
42 99
43 44
43 45
43 48
43 50
43 52
43 54
43 55
43 58
43 61
43 65
43 69
43 70
43 71
43 73
43 76
43 79
43 86
43 91
43 92
43 95
43 99
44 46
44 47
44 50
44 52
44 54
44 55
44 59
44 63
44 64
44 65
44 68
44 70
44 73
44 74
44 77
44 79
44 81
44 82
44 84
44 86
44 87
44 90
44 93
45 49
45 52
45 54
45 56
45 61
45 62
45 63
45 64
45 66
45 69
45 73
45 78
45 79
45 80
45 83
45 84
45 87
45 90
45 93
45 96
45 98
45 99
46 48
46 51
46 53
46 57
46 58
46 59
46 60
46 62
46 64
46 65
46 66
46 68
46 70
46 71
46 75
46 76
46 79
46 80
46 82
46 89
46 93
46 94
47 50
47 52
47 53
47 56
47 57
47 58
47 59
47 61
47 63
47 67
47 69
47 71
47 75
47 76
47 77
47 79
47 82
47 84
47 85
47 92
47 93
48 49
48 53
48 56
48 57
48 58
48 64
48 70
48 71
48 73
48 79
48 80
48 83
48 86
48 92
48 95
48 97
49 52
49 58
49 59
49 61
49 63
49 64
49 66
49 68
49 75
49 78
49 79
49 81
49 85
49 87
49 89
49 91
49 93
49 96
50 51
50 56
50 57
50 58
50 59
50 61
50 62
50 66
50 71
50 77
50 79
50 80
50 88
51 52
51 55
51 56
51 57
51 58
51 63
51 64
51 67
51 70
51 71
51 75
51 79
51 80
51 83
51 86
51 88
51 94
51 96
51 98
52 53
52 54
52 55
52 63
52 64
52 65
52 66
52 73
52 77
52 79
52 83
52 90
52 91
52 95
52 96
52 97
52 98
52 99
53 55
53 59
53 61
53 66
53 67
53 68
53 71
53 74
53 75
53 79
53 81
53 83
53 84
53 85
53 87
53 91
53 92
53 94
53 96
54 59
54 65
54 70
54 71
54 75
54 77
54 78
54 80
54 82
54 84
54 85
54 88
54 91
54 92
54 99
55 57
55 65
55 71
55 73
55 79
55 80
55 81
55 85
55 87
55 88
55 89
55 90
55 91
55 93
56 58
56 60
56 64
56 70
56 75
56 79
56 80
56 81
56 85
56 90
56 92
56 94
56 97
57 60
57 61
57 62
57 69
57 73
57 74
57 77
57 79
57 82
57 84
57 87
57 94
57 95
57 96
57 97
58 59
58 63
58 67
58 70
58 72
58 74
58 75
58 77
58 78
58 79
58 81
58 83
58 89
58 94
58 96
59 61
59 63
59 66
59 68
59 69
59 71
59 73
59 74
59 75
59 77
59 78
59 83
59 84
59 87
59 91
59 98
60 61
60 62
60 64
60 68
60 69
60 71
60 72
60 73
60 75
60 76
60 79
60 80
60 81
60 83
60 84
60 87
60 88
60 95
60 97
60 98
61 64
61 65
61 68
61 69
61 73
61 75
61 76
61 77
61 79
61 82
61 91
61 94
61 95
61 98
61 99
62 63
62 66
62 68
62 69
62 70
62 71
62 72
62 76
62 82
62 90
62 91
62 92
62 97
62 99
63 65
63 67
63 68
63 71
63 74
63 75
63 76
63 77
63 78
63 81
63 84
63 86
63 87
63 93
63 94
63 97
63 99
64 65
64 68
64 70
64 71
64 77
64 80
64 81
64 83
64 91
64 92
64 95
64 96
65 67
65 70
65 72
65 73
65 80
65 81
65 82
65 83
65 86
65 87
65 90
65 92
65 95
65 96
65 99
66 70
66 71
66 73
66 74
66 75
66 76
66 77
66 79
66 80
66 81
66 83
66 84
66 88
66 90
66 92
66 95
66 96
66 97
66 99
67 70
67 72
67 73
67 75
67 76
67 77
67 80
67 81
67 82
67 83
67 84
67 86
67 91
67 93
67 96
67 97
67 98
68 69
68 75
68 78
68 83
68 85
68 92
68 97
68 99
69 72
69 77
69 85
69 86
69 87
69 90
69 91
69 92
69 94
69 97
70 75
70 76
70 77
70 78
70 79
70 83
70 85
70 88
70 90
70 94
70 98
71 73
71 74
71 75
71 77
71 80
71 91
71 93
71 98
71 99
72 73
72 74
72 76
72 77
72 79
72 80
72 82
72 85
72 86
72 91
72 92
72 93
72 94
72 95
72 96
73 74
73 75
73 79
73 83
73 87
73 89
73 90
73 91
73 92
73 98
74 75
74 77
74 80
74 84
74 86
74 87
74 88
74 93
74 94
74 97
74 98
75 76
75 80
75 85
75 86
75 90
75 95
75 96
75 97
76 77
76 78
76 81
76 87
76 90
76 93
76 96
76 97
77 80
77 81
77 85
77 87
77 90
77 91
77 97
77 98
77 99
78 81
78 84
78 87
78 90
78 92
79 80
79 81
79 82
79 84
79 86
79 88
79 90
79 95
79 96
80 91
80 92
80 93
80 94
80 95
81 83
81 86
81 99
82 83
82 86
82 87
82 88
82 89
82 93
82 95
82 96
82 97
82 98
83 84
83 85
83 92
83 99
84 86
84 87
84 88
84 89
84 92
84 95
84 97
85 88
85 89
85 90
85 99
86 91
86 92
86 94
86 99
87 88
87 90
87 92
87 94
87 98
88 90
88 91
88 96
89 91
89 94
89 96
89 97
89 98
89 99
90 91
90 92
90 93
90 94
90 98
91 92
91 95
91 96
91 97
92 94
92 98
93 95
93 96
93 99
94 98
95 97
96 99
97 99
