0 7
0 12
0 14
0 15
0 19
0 24
0 28
0 29
0 35
0 41
0 45
0 46
0 47
0 54
0 56
0 57
0 59
0 61
0 64
0 67
0 70
0 76
0 87
0 88
0 91
0 97
0 99
1 6
1 9
1 14
1 24
1 29
1 49
1 54
1 57
1 59
1 61
1 63
1 73
1 80
2 8
2 12
2 13
2 18
2 19
2 21
2 26
2 29
2 33
2 35
2 41
2 45
2 48
2 68
2 74
2 80
2 94
2 98
3 7
3 14
3 16
3 20
3 21
3 22
3 26
3 41
3 51
3 53
3 56
3 62
3 68
3 81
3 83
3 86
3 91
3 92
3 93
3 94
4 5
4 6
4 8
4 17
4 21
4 22
4 26
4 29
4 35
4 42
4 44
4 56
4 59
4 60
4 61
4 62
4 63
4 66
4 67
4 70
4 77
4 79
4 88
4 89
4 94
4 95
4 96
4 98
5 9
5 17
5 19
5 27
5 30
5 31
5 32
5 35
5 39
5 44
5 52
5 97
6 12
6 13
6 15
6 24
6 26
6 27
6 32
6 33
6 46
6 58
6 67
6 68
6 69
6 74
6 78
6 79
6 87
6 91
7 11
7 21
7 27
7 35
7 44
7 45
7 50
7 53
7 54
7 55
7 58
7 59
7 61
7 67
7 70
7 71
7 82
7 85
7 96
7 97
8 12
8 15
8 34
8 48
8 50
8 53
8 56
8 62
8 65
8 71
8 76
8 91
9 17
9 21
9 27
9 28
9 31
9 37
9 38
9 47
9 49
9 52
9 54
9 55
9 57
9 59
9 60
9 61
9 69
9 70
9 77
9 80
9 90
9 91
9 92
9 95
9 97
10 12
10 18
10 21
10 23
10 25
10 28
10 38
10 54
10 64
10 75
10 79
10 81
10 89
10 97
10 98
11 14
11 17
11 23
11 33
11 35
11 38
11 39
11 40
11 48
11 58
11 82
11 91
11 97
12 15
12 22
12 23
12 24
12 26
12 29
12 33
12 39
12 41
12 44
12 45
12 46
12 52
12 58
12 60
12 68
12 69
12 71
12 72
12 73
12 75
12 83
12 88
12 90
12 98
13 20
13 25
13 26
13 28
13 31
13 32
13 33
13 41
13 48
13 53
13 54
13 65
13 69
13 83
13 93
13 98
14 23
14 27
14 30
14 33
14 34
14 59
14 68
14 71
14 74
14 78
14 79
14 83
14 89
14 90
15 17
15 22
15 24
15 28
15 32
15 35
15 37
15 41
15 43
15 45
15 55
15 58
15 59
15 62
15 64
15 71
15 76
15 77
15 79
16 17
16 22
16 23
16 24
16 26
16 27
16 32
16 33
16 41
16 48
16 49
16 51
16 59
16 60
16 67
16 75
16 86
16 88
16 91
16 92
16 96
16 97
17 33
17 36
17 64
17 82
17 85
17 93
18 19
18 20
18 33
18 42
18 62
18 65
18 69
18 73
18 78
18 79
18 84
18 86
18 89
18 95
19 24
19 25
19 28
19 30
19 44
19 47
19 50
19 57
19 59
19 88
19 93
19 94
20 25
20 27
20 33
20 39
20 44
20 47
20 52
20 54
20 55
20 63
20 78
20 92
20 95
20 96
21 22
21 24
21 25
21 27
21 44
21 46
21 52
21 56
21 57
21 58
21 62
21 65
21 70
21 71
21 77
21 93
21 95
22 24
22 25
22 32
22 36
22 42
22 49
22 50
22 54
22 59
22 67
22 68
22 69
22 71
22 74
22 83
22 87
22 98
23 27
23 34
23 40
23 41
23 54
23 57
23 58
23 62
23 77
23 80
23 81
23 94
23 99
24 29
24 30
24 35
24 38
24 41
24 43
24 44
24 49
24 56
24 59
24 65
24 71
24 74
24 85
24 86
24 95
24 96
25 30
25 31
25 32
25 35
25 36
25 42
25 52
25 60
25 65
25 69
25 75
25 76
25 81
25 84
25 86
25 90
25 92
26 29
26 38
26 43
26 53
26 58
26 63
26 73
26 80
26 90
26 98
27 29
27 34
27 37
27 49
27 56
27 57
27 59
27 69
27 73
27 79
27 81
27 84
28 32
28 36
28 42
28 46
28 52
28 54
28 56
28 57
28 59
28 65
28 66
28 72
28 73
28 77
28 88
28 95
29 33
29 36
29 41
29 44
29 45
29 49
29 50
29 56
29 62
29 78
29 80
29 85
29 87
29 98
29 99
30 33
30 40
30 41
30 45
30 48
30 62
30 64
30 65
30 83
30 89
30 90
30 93
30 98
31 39
31 40
31 46
31 54
31 57
31 59
31 61
31 62
31 66
31 70
31 77
31 86
31 88
31 93
31 97
31 99
32 37
32 38
32 39
32 44
32 48
32 58
32 61
32 68
32 74
32 84
32 90
32 97
32 98
33 38
33 41
33 46
33 48
33 49
33 57
33 65
33 66
33 73
33 83
33 87
33 91
34 40
34 47
34 48
34 53
34 60
34 62
34 65
34 74
34 76
34 77
34 82
34 83
34 96
34 97
34 98
35 41
35 43
35 46
35 56
35 58
35 64
35 75
35 81
35 85
35 98
35 99
36 38
36 39
36 41
36 43
36 44
36 45
36 46
36 57
36 58
36 62
36 75
36 79
36 80
36 84
36 94
36 97
36 98
37 42
37 50
37 51
37 57
37 58
37 65
37 66
37 69
37 70
37 73
37 74
37 75
37 85
37 88
37 90
37 96
38 40
38 41
38 60
38 64
38 70
38 78
38 81
38 83
39 42
39 46
39 55
39 56
39 58
39 61
39 65
39 67
39 70
39 80
39 83
39 84
39 88
39 94
39 97
39 98
40 42
40 45
40 48
40 49
40 59
40 61
40 62
40 63
40 66
40 67
40 68
40 69
40 72
40 89
40 93
40 96
41 47
41 50
41 51
41 54
41 58
41 63
41 73
41 74
41 79
41 81
41 84
41 85
41 87
42 47
42 53
42 54
42 55
42 58
42 60
42 63
42 66
42 68
42 71
42 77
42 82
42 86
42 95
43 44
43 45
43 52
43 53
43 54
43 58
43 64
43 70
43 74
43 99
44 45
44 49
44 55
44 61
44 65
44 69
44 71
44 79
44 80
44 83
44 86
44 89
44 92
44 94
44 97
45 48
45 64
45 65
45 75
45 79
45 81
45 85
45 92
46 50
46 54
46 61
46 62
46 74
46 77
46 85
46 94
46 96
46 99
47 54
47 56
47 57
47 63
47 64
47 72
47 82
48 49
48 51
48 54
48 57
48 58
48 63
48 65
48 72
48 86
48 90
49 58
49 68
49 72
49 74
49 76
49 81
49 91
50 51
50 53
50 56
50 71
50 88
50 90
50 91
50 92
50 94
51 53
51 59
51 61
51 65
51 67
51 71
51 83
51 84
51 87
51 91
52 63
52 69
52 81
52 87
52 88
52 89
52 94
53 61
53 64
53 82
53 85
53 86
53 88
53 94
53 97
54 60
54 62
54 63
54 68
54 71
54 75
54 76
54 77
54 79
54 80
54 86
54 96
54 98
55 57
55 59
55 63
55 69
55 70
55 71
55 77
55 85
55 93
56 58
56 64
56 70
56 72
56 73
56 79
56 80
56 83
56 85
56 87
57 63
57 64
57 65
57 67
57 87
57 97
58 66
58 71
58 72
58 78
58 82
58 85
58 86
58 88
58 89
58 94
59 61
59 67
59 68
59 78
59 86
59 94
60 63
60 68
60 69
60 70
60 71
60 87
60 90
61 67
61 84
61 85
61 89
61 98
62 70
62 72
62 77
62 90
62 91
62 95
62 96
63 67
63 70
63 73
63 85
63 97
63 98
64 72
64 75
64 78
64 80
64 82
64 83
64 88
64 89
64 90
64 93
64 95
65 66
65 68
65 71
65 77
65 83
66 68
66 69
66 71
66 74
66 78
66 79
66 80
66 88
66 91
66 93
66 95
66 98
67 68
67 72
67 73
67 74
67 78
67 86
67 88
67 89
67 97
67 99
68 70
68 73
68 74
68 76
68 80
68 91
68 98
68 99
69 71
69 81
69 84
69 85
69 91
69 92
70 81
70 82
70 91
71 81
71 90
71 97
72 80
72 94
73 75
73 82
73 86
73 87
73 91
73 97
74 75
74 89
74 90
75 82
75 83
76 77
76 78
76 91
76 92
76 97
77 85
77 86
77 89
77 93
78 84
78 88
78 90
79 95
79 96
79 99
80 82
80 89
80 93
80 94
80 95
80 97
81 85
81 87
81 98
81 99
82 91
83 86
83 87
83 92
83 99
84 90
84 91
84 95
84 97
85 90
85 92
85 94
86 87
86 94
87 90
87 91
87 92
87 99
88 91
88 93
91 93
91 94
91 98
92 93
92 94
92 99
93 94
93 95
93 98
94 98
95 97
95 98
96 97
96 98
