0 2
0 3
0 5
0 7
0 13
0 14
0 15
0 16
0 17
0 18
0 20
0 21
0 22
0 24
0 26
0 27
0 28
0 30
0 31
0 32
0 33
0 34
0 35
0 36
0 37
0 38
0 39
0 40
0 41
0 43
0 44
0 46
0 47
0 48
0 49
0 50
0 52
0 53
0 54
0 56
0 58
0 59
0 61
0 69
0 70
0 74
0 75
0 77
0 78
0 87
0 88
0 89
0 91
0 93
0 96
0 98
1 2
1 3
1 5
1 6
1 7
1 8
1 10
1 11
1 12
1 16
1 18
1 19
1 20
1 21
1 22
1 23
1 24
1 26
1 27
1 28
1 29
1 30
1 32
1 35
1 36
1 42
1 43
1 45
1 47
1 48
1 49
1 50
1 51
1 53
1 54
1 55
1 58
1 65
1 66
1 67
1 68
1 69
1 71
1 72
1 74
1 77
1 81
1 83
1 84
1 86
1 87
1 92
1 93
1 94
1 96
1 97
1 99
2 3
2 4
2 6
2 7
2 9
2 10
2 12
2 13
2 15
2 16
2 17
2 22
2 26
2 27
2 28
2 30
2 32
2 35
2 37
2 39
2 40
2 41
2 44
2 46
2 47
2 50
2 52
2 54
2 55
2 57
2 58
2 59
2 60
2 61
2 62
2 64
2 65
2 67
2 68
2 69
2 70
2 71
2 72
2 75
2 76
2 79
2 80
2 82
2 83
2 85
2 86
2 87
2 88
2 91
2 94
2 96
2 99
3 4
3 5
3 8
3 9
3 11
3 15
3 17
3 19
3 21
3 22
3 24
3 25
3 26
3 27
3 32
3 34
3 37
3 38
3 39
3 40
3 44
3 46
3 47
3 48
3 49
3 52
3 53
3 55
3 56
3 60
3 61
3 66
3 70
3 72
3 73
3 74
3 75
3 81
3 82
3 83
3 92
3 93
3 94
3 95
4 5
4 6
4 7
4 9
4 12
4 13
4 14
4 16
4 17
4 18
4 19
4 23
4 24
4 26
4 28
4 29
4 30
4 32
4 33
4 35
4 37
4 38
4 40
4 41
4 45
4 46
4 48
4 49
4 50
4 51
4 53
4 55
4 58
4 59
4 66
4 70
4 72
4 73
4 74
4 75
4 77
4 78
4 83
4 84
4 87
4 88
4 91
4 92
4 94
4 95
4 96
4 97
4 98
4 99
5 7
5 8
5 10
5 11
5 12
5 13
5 15
5 18
5 22
5 26
5 28
5 29
5 31
5 32
5 34
5 37
5 39
5 43
5 45
5 46
5 47
5 48
5 50
5 51
5 53
5 54
5 55
5 56
5 57
5 62
5 63
5 65
5 67
5 69
5 70
5 71
5 72
5 74
5 76
5 78
5 79
5 81
5 83
5 85
5 86
5 87
5 89
5 90
5 91
5 92
5 95
5 96
5 97
5 98
6 17
6 18
6 19
6 21
6 23
6 25
6 29
6 30
6 31
6 32
6 33
6 34
6 36
6 37
6 38
6 39
6 40
6 41
6 42
6 43
6 47
6 48
6 49
6 50
6 55
6 56
6 57
6 59
6 60
6 62
6 63
6 67
6 70
6 71
6 73
6 74
6 75
6 77
6 79
6 80
6 81
6 82
6 83
6 85
6 87
6 88
6 92
6 96
6 98
6 99
7 8
7 9
7 13
7 14
7 15
7 16
7 20
7 21
7 22
7 25
7 26
7 28
7 30
7 32
7 33
7 34
7 39
7 40
7 41
7 42
7 43
7 44
7 45
7 46
7 47
7 49
7 51
7 55
7 56
7 59
7 60
7 62
7 67
7 70
7 72
7 73
7 75
7 76
7 78
7 81
7 82
7 83
7 84
7 87
7 89
7 92
7 93
7 95
7 96
7 98
7 99
8 10
8 11
8 12
8 13
8 16
8 17
8 20
8 21
8 27
8 32
8 35
8 36
8 39
8 40
8 41
8 42
8 43
8 44
8 47
8 48
8 50
8 51
8 54
8 55
8 56
8 57
8 58
8 63
8 64
8 65
8 67
8 68
8 71
8 73
8 74
8 82
8 84
8 85
8 86
8 89
8 92
8 93
8 94
8 98
9 10
9 13
9 15
9 17
9 19
9 20
9 24
9 28
9 29
9 32
9 33
9 35
9 37
9 38
9 40
9 42
9 47
9 48
9 49
9 50
9 53
9 54
9 55
9 56
9 59
9 60
9 61
9 63
9 65
9 66
9 68
9 69
9 73
9 74
9 75
9 76
9 77
9 78
9 82
9 85
9 86
9 88
9 89
9 91
9 93
9 94
9 97
9 98
9 99
10 12
10 16
10 17
10 21
10 22
10 24
10 25
10 27
10 31
10 34
10 35
10 42
10 45
10 46
10 49
10 50
10 51
10 55
10 58
10 59
10 61
10 64
10 66
10 67
10 68
10 69
10 71
10 72
10 74
10 77
10 78
10 79
10 82
10 85
10 90
10 91
10 94
10 99
11 12
11 16
11 19
11 20
11 22
11 23
11 25
11 26
11 27
11 28
11 30
11 32
11 33
11 35
11 37
11 38
11 39
11 41
11 42
11 44
11 46
11 52
11 53
11 55
11 57
11 58
11 59
11 61
11 63
11 64
11 65
11 69
11 70
11 71
11 76
11 77
11 79
11 80
11 81
11 83
11 91
11 93
11 96
11 97
11 98
11 99
12 13
12 14
12 17
12 19
12 24
12 25
12 28
12 31
12 34
12 35
12 38
12 39
12 40
12 42
12 46
12 47
12 50
12 52
12 54
12 57
12 60
12 64
12 66
12 68
12 72
12 75
12 76
12 79
12 86
12 88
12 90
12 91
12 94
12 95
12 96
12 99
13 16
13 17
13 20
13 24
13 26
13 27
13 28
13 30
13 32
13 33
13 37
13 38
13 39
13 41
13 42
13 43
13 45
13 46
13 47
13 50
13 54
13 55
13 59
13 60
13 63
13 64
13 67
13 68
13 70
13 72
13 82
13 85
13 86
13 91
13 92
13 93
13 94
13 96
13 97
14 15
14 19
14 24
14 26
14 29
14 30
14 32
14 35
14 37
14 39
14 42
14 44
14 45
14 46
14 50
14 51
14 53
14 55
14 59
14 61
14 62
14 63
14 65
14 66
14 67
14 70
14 73
14 74
14 76
14 78
14 81
14 82
14 84
14 85
14 86
14 89
14 91
14 92
14 93
14 94
14 96
14 97
15 19
15 25
15 29
15 30
15 34
15 36
15 40
15 41
15 42
15 43
15 46
15 47
15 48
15 49
15 51
15 53
15 56
15 59
15 62
15 65
15 67
15 68
15 69
15 70
15 73
15 74
15 75
15 76
15 80
15 82
15 84
15 87
15 88
15 89
15 96
15 98
15 99
16 19
16 23
16 24
16 27
16 29
16 30
16 31
16 32
16 33
16 35
16 36
16 37
16 40
16 41
16 45
16 48
16 50
16 51
16 54
16 55
16 56
16 60
16 61
16 65
16 66
16 67
16 69
16 70
16 71
16 72
16 73
16 75
16 76
16 77
16 78
16 79
16 81
16 83
16 86
16 87
16 88
16 90
16 92
16 93
16 95
16 96
16 97
16 99
17 18
17 20
17 22
17 23
17 25
17 32
17 34
17 35
17 36
17 37
17 38
17 39
17 42
17 43
17 44
17 45
17 46
17 48
17 49
17 50
17 52
17 54
17 55
17 58
17 59
17 60
17 62
17 64
17 65
17 66
17 67
17 73
17 75
17 76
17 77
17 78
17 82
17 83
17 84
17 85
17 87
17 89
17 93
17 95
17 97
17 99
18 19
18 20
18 22
18 23
18 24
18 26
18 27
18 32
18 33
18 38
18 41
18 42
18 43
18 45
18 48
18 49
18 50
18 51
18 52
18 60
18 63
18 66
18 67
18 68
18 71
18 73
18 74
18 76
18 78
18 79
18 81
18 82
18 83
18 90
18 92
18 94
18 97
18 98
18 99
19 20
19 21
19 22
19 23
19 25
19 26
19 28
19 30
19 38
19 39
19 48
19 51
19 53
19 55
19 57
19 59
19 60
19 64
19 65
19 66
19 68
19 69
19 71
19 73
19 74
19 76
19 79
19 82
19 87
19 90
19 93
19 97
19 98
20 21
20 23
20 33
20 41
20 42
20 45
20 46
20 47
20 49
20 53
20 56
20 57
20 58
20 60
20 61
20 66
20 69
20 70
20 72
20 73
20 74
20 75
20 78
20 80
20 82
20 83
20 84
20 88
20 89
20 90
20 91
20 92
20 97
20 99
21 25
21 27
21 28
21 31
21 34
21 36
21 39
21 41
21 42
21 46
21 49
21 52
21 56
21 58
21 59
21 61
21 62
21 63
21 65
21 66
21 68
21 70
21 71
21 72
21 76
21 78
21 80
21 82
21 83
21 86
21 89
21 92
21 93
21 95
21 99
22 23
22 24
22 25
22 27
22 28
22 29
22 30
22 34
22 35
22 37
22 39
22 40
22 42
22 43
22 45
22 49
22 50
22 51
22 52
22 53
22 56
22 57
22 59
22 61
22 62
22 65
22 66
22 69
22 72
22 74
22 77
22 80
22 81
22 83
22 84
22 92
22 93
22 94
22 96
23 24
23 27
23 28
23 29
23 32
23 33
23 38
23 39
23 40
23 42
23 43
23 46
23 50
23 54
23 57
23 58
23 59
23 62
23 63
23 64
23 69
23 70
23 72
23 75
23 76
23 77
23 78
23 79
23 80
23 81
23 83
23 86
23 87
23 88
23 92
23 94
23 95
23 96
24 25
24 26
24 28
24 29
24 30
24 31
24 32
24 33
24 34
24 35
24 36
24 37
24 39
24 40
24 42
24 43
24 45
24 48
24 51
24 52
24 53
24 54
24 57
24 58
24 59
24 60
24 64
24 65
24 67
24 68
24 69
24 70
24 71
24 72
24 73
24 76
24 77
24 78
24 80
24 81
24 82
24 84
24 85
24 86
24 87
24 88
24 89
24 93
24 94
24 96
24 98
25 26
25 28
25 32
25 33
25 37
25 38
25 39
25 41
25 42
25 43
25 45
25 46
25 52
25 54
25 55
25 57
25 58
25 61
25 64
25 65
25 67
25 75
25 76
25 77
25 78
25 82
25 84
25 86
25 87
25 89
25 90
25 91
25 93
25 94
25 95
26 30
26 31
26 33
26 34
26 38
26 41
26 44
26 45
26 46
26 51
26 52
26 53
26 55
26 56
26 57
26 60
26 61
26 65
26 66
26 67
26 68
26 69
26 72
26 76
26 77
26 81
26 82
26 86
26 87
26 90
26 91
26 92
26 93
26 94
26 95
26 96
26 97
26 98
27 29
27 31
27 33
27 35
27 38
27 41
27 42
27 43
27 46
27 50
27 51
27 52
27 56
27 57
27 59
27 61
27 64
27 67
27 68
27 69
27 70
27 73
27 76
27 78
27 80
27 81
27 82
27 83
27 84
27 86
27 87
27 88
27 89
27 91
27 92
27 93
27 95
27 97
27 98
28 33
28 35
28 36
28 37
28 39
28 42
28 44
28 46
28 47
28 50
28 51
28 52
28 54
28 55
28 56
28 57
28 58
28 59
28 61
28 63
28 64
28 66
28 68
28 70
28 72
28 73
28 74
28 78
28 81
28 83
28 84
28 87
28 88
28 89
28 94
28 96
28 98
29 31
29 33
29 36
29 37
29 40
29 41
29 42
29 43
29 46
29 51
29 52
29 57
29 61
29 65
29 67
29 68
29 71
29 75
29 77
29 83
29 85
29 89
29 91
29 92
29 93
29 94
29 96
29 97
29 99
30 34
30 36
30 37
30 38
30 40
30 41
30 43
30 45
30 46
30 52
30 54
30 61
30 63
30 66
30 76
30 77
30 78
30 79
30 80
30 81
30 82
30 84
30 87
30 88
30 90
30 91
30 93
30 96
30 99
31 32
31 33
31 34
31 35
31 36
31 38
31 40
31 43
31 44
31 52
31 55
31 60
31 67
31 69
31 71
31 72
31 73
31 74
31 76
31 77
31 78
31 79
31 80
31 81
31 83
31 85
31 87
31 88
31 89
31 91
31 93
31 94
31 95
31 96
31 97
31 98
32 33
32 34
32 35
32 37
32 38
32 39
32 42
32 44
32 46
32 47
32 54
32 56
32 57
32 59
32 62
32 63
32 69
32 70
32 71
32 72
32 73
32 75
32 76
32 77
32 78
32 81
32 82
32 83
32 85
32 87
32 88
32 89
32 90
32 91
32 93
32 94
32 96
32 98
32 99
33 34
33 35
33 36
33 40
33 43
33 46
33 49
33 51
33 52
33 54
33 58
33 59
33 60
33 65
33 66
33 67
33 68
33 72
33 73
33 74
33 75
33 76
33 77
33 78
33 79
33 84
33 91
33 96
34 37
34 39
34 41
34 44
34 45
34 46
34 47
34 48
34 50
34 53
34 54
34 56
34 57
34 59
34 61
34 63
34 64
34 69
34 71
34 73
34 75
34 78
34 79
34 80
34 83
34 84
34 85
34 87
34 91
34 94
34 95
34 96
34 97
35 37
35 38
35 41
35 42
35 49
35 51
35 52
35 53
35 54
35 55
35 56
35 58
35 59
35 60
35 62
35 63
35 65
35 66
35 68
35 69
35 70
35 71
35 72
35 73
35 74
35 75
35 80
35 82
35 83
35 84
35 86
35 87
35 90
35 92
35 94
35 95
35 98
36 37
36 38
36 45
36 46
36 47
36 48
36 50
36 52
36 55
36 57
36 59
36 61
36 66
36 70
36 71
36 72
36 77
36 78
36 80
36 82
36 84
36 85
36 88
36 92
36 94
36 96
36 99
37 38
37 39
37 40
37 42
37 45
37 47
37 49
37 50
37 51
37 52
37 57
37 59
37 61
37 62
37 63
37 68
37 71
37 72
37 74
37 76
37 77
37 78
37 79
37 80
37 83
37 84
37 85
37 87
37 89
37 93
37 95
37 96
37 97
38 39
38 44
38 48
38 49
38 50
38 53
38 56
38 57
38 59
38 63
38 68
38 70
38 72
38 73
38 75
38 76
38 77
38 82
38 83
38 87
38 91
38 93
38 97
38 98
39 42
39 43
39 44
39 46
39 47
39 49
39 50
39 52
39 53
39 56
39 57
39 59
39 60
39 63
39 64
39 66
39 67
39 74
39 78
39 79
39 80
39 83
39 85
39 86
39 87
39 88
39 90
39 91
39 92
39 98
40 43
40 44
40 45
40 48
40 52
40 53
40 54
40 55
40 58
40 61
40 62
40 63
40 64
40 68
40 69
40 71
40 72
40 74
40 75
40 77
40 78
40 79
40 80
40 83
40 87
40 89
40 90
40 92
40 93
40 94
40 95
40 97
40 98
40 99
41 43
41 58
41 65
41 66
41 68
41 73
41 74
41 76
41 80
41 85
41 87
41 89
41 90
41 91
41 94
41 96
41 98
42 46
42 47
42 48
42 49
42 52
42 56
42 58
42 59
42 61
42 63
42 65
42 69
42 72
42 73
42 74
42 75
42 76
42 80
42 86
42 87
42 89
42 90
42 91
42 92
42 93
42 94
42 95
42 97
42 98
42 99
43 44
43 45
43 46
43 51
43 52
43 53
43 54
43 55
43 59
43 61
43 72
43 73
43 74
43 78
43 80
43 82
43 83
43 84
43 85
43 86
43 88
43 89
43 90
43 92
43 94
43 96
43 97
43 98
43 99
44 45
44 46
44 47
44 49
44 50
44 51
44 54
44 57
44 58
44 59
44 62
44 67
44 69
44 70
44 71
44 72
44 73
44 76
44 80
44 81
44 84
44 85
44 86
44 89
44 90
44 92
44 94
44 95
44 96
44 97
44 98
45 46
45 47
45 48
45 50
45 52
45 58
45 64
45 65
45 66
45 67
45 68
45 69
45 73
45 74
45 75
45 77
45 78
45 81
45 82
45 84
45 85
45 88
45 93
45 94
45 96
45 98
45 99
46 47
46 56
46 57
46 58
46 60
46 62
46 64
46 67
46 69
46 70
46 71
46 72
46 75
46 76
46 77
46 79
46 80
46 81
46 82
46 84
46 85
46 87
46 90
46 91
46 97
46 98
46 99
47 51
47 52
47 55
47 57
47 58
47 59
47 62
47 66
47 67
47 69
47 74
47 76
47 77
47 81
47 82
47 83
47 86
47 87
47 88
47 90
47 92
47 95
47 96
47 98
47 99
48 50
48 52
48 55
48 60
48 61
48 63
48 66
48 67
48 68
48 70
48 72
48 73
48 75
48 76
48 77
48 78
48 79
48 80
48 81
48 84
48 85
48 87
48 88
48 90
48 92
48 93
48 94
48 98
49 50
49 51
49 52
49 53
49 54
49 55
49 56
49 57
49 61
49 66
49 67
49 74
49 75
49 76
49 77
49 78
49 81
49 83
49 84
49 85
49 89
49 90
49 91
49 94
49 95
49 97
50 52
50 54
50 55
50 56
50 57
50 58
50 59
50 61
50 63
50 66
50 67
50 68
50 70
50 73
50 87
50 90
50 91
50 92
50 95
50 96
50 97
51 52
51 54
51 55
51 57
51 58
51 61
51 63
51 64
51 68
51 69
51 70
51 71
51 74
51 76
51 77
51 80
51 81
51 87
51 88
51 89
51 95
51 97
51 99
52 54
52 56
52 57
52 59
52 63
52 65
52 68
52 70
52 73
52 75
52 80
52 82
52 83
52 84
52 85
52 91
52 93
52 98
52 99
53 54
53 55
53 57
53 59
53 61
53 62
53 65
53 66
53 67
53 68
53 70
53 71
53 72
53 73
53 74
53 76
53 77
53 78
53 80
53 81
53 83
53 85
53 86
53 89
53 90
53 92
53 93
53 97
53 99
54 55
54 56
54 57
54 58
54 61
54 63
54 65
54 70
54 71
54 72
54 73
54 74
54 76
54 78
54 79
54 82
54 83
54 88
54 89
54 91
54 96
54 97
54 99
55 57
55 58
55 59
55 60
55 67
55 69
55 71
55 73
55 74
55 75
55 77
55 82
55 84
55 87
55 89
55 91
55 92
55 94
55 95
55 96
55 98
56 60
56 62
56 63
56 67
56 71
56 75
56 77
56 78
56 83
56 84
56 85
56 86
56 87
56 88
56 89
56 90
56 96
57 58
57 59
57 60
57 61
57 65
57 66
57 67
57 68
57 69
57 71
57 72
57 75
57 80
57 81
57 82
57 83
57 84
57 85
57 86
57 93
57 94
57 95
57 98
57 99
58 60
58 61
58 62
58 64
58 65
58 77
58 83
58 87
58 91
58 93
58 94
58 95
58 96
58 97
58 98
58 99
59 61
59 62
59 69
59 71
59 73
59 75
59 76
59 77
59 81
59 87
59 88
59 90
59 91
59 94
59 97
59 98
59 99
60 65
60 67
60 69
60 70
60 71
60 74
60 75
60 79
60 80
60 81
60 86
60 89
60 97
61 64
61 66
61 70
61 72
61 76
61 77
61 80
61 82
61 83
61 84
61 85
61 87
61 89
61 90
61 92
61 96
62 63
62 69
62 70
62 71
62 72
62 78
62 80
62 82
62 83
62 85
62 90
62 91
62 93
62 97
62 98
62 99
63 65
63 66
63 69
63 75
63 77
63 78
63 79
63 80
63 81
63 85
63 91
63 92
63 97
63 98
64 66
64 67
64 68
64 69
64 74
64 78
64 79
64 80
64 84
64 85
64 86
64 92
64 95
64 97
64 98
64 99
65 67
65 71
65 73
65 74
65 77
65 78
65 79
65 80
65 83
65 84
65 86
65 90
65 92
65 96
65 99
66 68
66 70
66 71
66 73
66 75
66 76
66 78
66 80
66 82
66 84
66 86
66 88
66 89
66 95
66 96
67 69
67 72
67 73
67 75
67 77
67 81
67 83
67 84
67 86
67 89
67 90
67 91
67 93
67 94
67 97
67 98
68 69
68 71
68 72
68 73
68 74
68 75
68 78
68 84
68 87
68 91
68 93
68 95
68 97
69 70
69 72
69 73
69 74
69 76
69 77
69 82
69 83
69 85
69 87
69 88
69 90
69 92
69 96
69 97
70 73
70 74
70 76
70 78
70 79
70 80
70 84
70 88
70 89
70 91
70 92
70 93
70 95
70 96
70 97
70 99
71 73
71 79
71 80
71 81
71 82
71 83
71 84
71 85
71 86
71 87
71 88
71 92
71 93
71 96
71 99
72 73
72 74
72 75
72 76
72 79
72 80
72 82
72 83
72 84
72 86
72 88
72 90
72 92
72 94
72 95
72 96
72 97
72 98
73 74
73 75
73 76
73 78
73 79
73 80
73 82
73 84
73 85
73 86
73 96
73 97
73 99
74 75
74 79
74 81
74 84
74 87
74 88
74 89
74 90
74 93
74 94
74 97
74 98
74 99
75 77
75 79
75 80
75 82
75 84
75 85
75 89
75 90
75 93
75 94
75 96
75 97
76 82
76 83
76 84
76 85
76 86
76 90
76 95
76 98
77 78
77 80
77 81
77 82
77 84
77 85
77 86
77 87
77 88
77 89
77 90
77 91
77 92
77 95
77 96
77 97
77 98
78 79
78 80
78 83
78 84
78 85
78 87
78 89
78 90
78 91
78 93
78 94
78 96
78 97
78 98
78 99
79 83
79 84
79 85
79 88
79 95
79 98
80 82
80 83
80 85
80 86
80 87
80 88
80 90
80 94
80 95
80 99
81 84
81 85
81 86
81 90
81 92
81 96
81 99
82 83
82 84
82 85
82 89
82 90
82 91
82 92
82 95
82 97
82 98
82 99
83 84
83 85
83 86
83 88
83 89
83 93
83 94
83 96
83 97
83 99
84 87
84 88
84 89
84 90
84 91
84 94
84 96
84 98
84 99
85 88
85 89
85 92
85 93
85 96
85 97
85 98
85 99
86 87
86 88
86 90
86 92
86 95
86 96
86 97
86 98
86 99
87 90
87 91
87 92
87 93
87 96
87 97
88 89
88 90
88 91
88 94
88 95
88 98
89 90
89 91
89 92
89 94
89 95
89 96
89 98
89 99
90 91
90 93
90 94
90 95
90 96
90 99
91 95
91 96
92 93
92 95
92 97
93 94
93 99
94 95
94 96
94 99
95 98
96 98
96 99
97 98
98 99
