0 1
0 5
0 6
0 8
0 9
0 10
0 12
0 14
0 15
0 17
0 19
0 22
0 25
0 29
0 35
0 36
0 37
0 38
0 39
0 42
0 45
0 46
0 49
0 50
0 52
0 55
0 57
0 59
0 61
0 62
0 64
0 67
0 68
0 69
0 71
0 72
0 73
0 74
0 77
0 78
0 79
0 87
0 88
0 89
0 90
0 91
0 92
0 93
0 97
1 2
1 3
1 4
1 5
1 6
1 8
1 10
1 12
1 13
1 14
1 15
1 16
1 18
1 20
1 22
1 23
1 24
1 25
1 27
1 28
1 29
1 31
1 34
1 35
1 37
1 41
1 44
1 46
1 49
1 50
1 51
1 53
1 57
1 59
1 60
1 62
1 64
1 65
1 67
1 69
1 71
1 73
1 76
1 80
1 81
1 82
1 85
1 89
1 90
1 92
1 93
1 94
1 99
2 3
2 6
2 7
2 8
2 9
2 10
2 11
2 12
2 14
2 17
2 18
2 19
2 22
2 25
2 27
2 30
2 31
2 33
2 37
2 39
2 40
2 41
2 47
2 48
2 51
2 52
2 53
2 54
2 55
2 58
2 59
2 61
2 66
2 67
2 68
2 70
2 71
2 72
2 73
2 76
2 77
2 79
2 81
2 83
2 84
2 86
2 94
2 95
2 98
3 4
3 6
3 9
3 11
3 13
3 14
3 15
3 17
3 19
3 20
3 23
3 24
3 25
3 28
3 29
3 30
3 32
3 33
3 34
3 37
3 46
3 47
3 48
3 49
3 55
3 58
3 59
3 64
3 67
3 68
3 69
3 70
3 72
3 73
3 75
3 76
3 77
3 78
3 79
3 81
3 83
3 85
3 87
3 88
3 89
3 90
3 92
3 94
3 95
3 96
3 99
4 6
4 7
4 13
4 14
4 15
4 17
4 18
4 19
4 20
4 22
4 26
4 28
4 34
4 35
4 36
4 37
4 38
4 39
4 41
4 48
4 49
4 50
4 52
4 54
4 57
4 58
4 62
4 64
4 65
4 66
4 69
4 72
4 73
4 74
4 77
4 79
4 86
4 88
4 89
4 90
4 97
4 98
4 99
5 7
5 11
5 16
5 18
5 19
5 22
5 23
5 25
5 26
5 27
5 30
5 31
5 37
5 38
5 41
5 43
5 44
5 46
5 48
5 50
5 51
5 52
5 53
5 56
5 57
5 61
5 63
5 64
5 67
5 68
5 70
5 75
5 76
5 78
5 81
5 84
5 85
5 86
5 89
5 91
5 93
5 95
5 96
5 97
5 98
6 10
6 12
6 13
6 16
6 17
6 19
6 20
6 23
6 25
6 28
6 32
6 33
6 34
6 38
6 41
6 43
6 48
6 50
6 51
6 54
6 56
6 57
6 58
6 59
6 62
6 66
6 67
6 68
6 70
6 72
6 73
6 75
6 77
6 78
6 82
6 84
6 86
6 87
6 89
6 90
6 94
6 95
6 97
6 99
7 8
7 12
7 14
7 15
7 16
7 17
7 19
7 21
7 23
7 29
7 31
7 33
7 35
7 38
7 39
7 40
7 41
7 42
7 45
7 46
7 50
7 51
7 52
7 53
7 56
7 60
7 61
7 63
7 65
7 70
7 71
7 73
7 74
7 77
7 79
7 80
7 81
7 84
7 87
7 88
7 89
7 94
7 97
8 12
8 22
8 25
8 26
8 29
8 30
8 31
8 36
8 37
8 38
8 41
8 42
8 43
8 44
8 46
8 48
8 51
8 52
8 57
8 58
8 59
8 61
8 64
8 65
8 66
8 67
8 68
8 70
8 71
8 72
8 73
8 75
8 79
8 80
8 82
8 83
8 85
8 86
8 87
8 88
8 90
8 91
8 96
8 99
9 10
9 11
9 14
9 18
9 19
9 26
9 30
9 35
9 36
9 37
9 38
9 39
9 40
9 44
9 46
9 48
9 51
9 53
9 54
9 55
9 60
9 62
9 64
9 65
9 67
9 69
9 71
9 74
9 77
9 80
9 85
9 86
9 88
9 89
9 90
9 93
9 94
9 96
10 11
10 13
10 20
10 22
10 23
10 25
10 30
10 35
10 37
10 39
10 40
10 41
10 43
10 47
10 48
10 49
10 50
10 52
10 53
10 54
10 55
10 57
10 60
10 61
10 63
10 64
10 65
10 68
10 70
10 72
10 73
10 76
10 79
10 80
10 81
10 82
10 83
10 84
10 87
10 88
10 90
10 91
10 93
10 97
10 98
10 99
11 13
11 15
11 16
11 17
11 19
11 20
11 21
11 25
11 26
11 27
11 28
11 31
11 34
11 36
11 39
11 40
11 42
11 43
11 45
11 46
11 48
11 51
11 54
11 55
11 56
11 59
11 60
11 62
11 63
11 65
11 66
11 68
11 69
11 70
11 72
11 73
11 74
11 76
11 77
11 78
11 79
11 85
11 90
11 91
11 93
11 95
11 98
11 99
12 19
12 20
12 21
12 22
12 24
12 27
12 29
12 31
12 34
12 36
12 37
12 38
12 39
12 42
12 43
12 44
12 45
12 48
12 49
12 51
12 54
12 60
12 61
12 65
12 70
12 72
12 75
12 77
12 84
12 90
12 91
12 96
12 97
12 99
13 14
13 15
13 16
13 18
13 19
13 20
13 27
13 28
13 30
13 33
13 35
13 36
13 37
13 38
13 39
13 40
13 44
13 45
13 48
13 50
13 51
13 52
13 61
13 64
13 67
13 68
13 70
13 71
13 72
13 77
13 78
13 79
13 82
13 83
13 85
13 86
13 88
13 89
13 90
13 93
13 94
13 96
13 97
13 98
13 99
14 15
14 19
14 21
14 22
14 23
14 28
14 29
14 30
14 32
14 35
14 37
14 38
14 39
14 41
14 42
14 47
14 48
14 50
14 51
14 54
14 56
14 57
14 59
14 60
14 63
14 64
14 67
14 68
14 69
14 70
14 73
14 74
14 75
14 78
14 82
14 83
14 84
14 89
14 90
14 92
14 94
14 95
14 97
14 99
15 16
15 18
15 19
15 20
15 23
15 25
15 26
15 28
15 30
15 31
15 32
15 33
15 34
15 36
15 38
15 39
15 40
15 41
15 43
15 50
15 52
15 55
15 56
15 57
15 58
15 60
15 61
15 63
15 67
15 69
15 73
15 75
15 78
15 80
15 81
15 82
15 83
15 84
15 85
15 86
15 89
15 90
15 96
15 99
16 21
16 22
16 26
16 30
16 34
16 35
16 36
16 37
16 39
16 40
16 43
16 44
16 45
16 46
16 53
16 54
16 55
16 57
16 58
16 61
16 63
16 64
16 66
16 68
16 69
16 70
16 71
16 73
16 75
16 76
16 80
16 81
16 82
16 83
16 86
16 88
16 89
16 90
16 92
16 93
16 95
16 96
16 99
17 19
17 22
17 23
17 27
17 28
17 29
17 31
17 35
17 36
17 38
17 39
17 40
17 42
17 43
17 44
17 47
17 48
17 49
17 52
17 53
17 54
17 56
17 62
17 64
17 76
17 79
17 81
17 82
17 84
17 89
17 91
17 92
17 94
17 95
17 97
18 20
18 22
18 24
18 27
18 29
18 36
18 37
18 39
18 40
18 41
18 44
18 45
18 46
18 47
18 50
18 52
18 53
18 57
18 58
18 60
18 61
18 63
18 64
18 65
18 68
18 70
18 72
18 73
18 74
18 75
18 76
18 80
18 81
18 82
18 83
18 84
18 86
18 88
18 92
18 94
18 96
18 97
18 98
18 99
19 20
19 21
19 22
19 26
19 29
19 30
19 31
19 33
19 34
19 37
19 39
19 40
19 41
19 45
19 51
19 52
19 54
19 55
19 58
19 59
19 63
19 69
19 71
19 72
19 74
19 75
19 78
19 79
19 80
19 81
19 84
19 86
19 87
19 90
19 91
19 94
19 95
19 96
19 97
19 98
19 99
20 23
20 28
20 29
20 32
20 34
20 37
20 38
20 39
20 41
20 43
20 45
20 48
20 49
20 50
20 51
20 56
20 57
20 62
20 63
20 66
20 68
20 69
20 70
20 71
20 72
20 75
20 76
20 82
20 83
20 84
20 85
20 86
20 87
20 95
20 96
20 97
20 98
20 99
21 27
21 32
21 41
21 42
21 44
21 45
21 46
21 47
21 49
21 51
21 53
21 54
21 55
21 56
21 59
21 61
21 62
21 63
21 66
21 74
21 75
21 76
21 86
21 87
21 89
21 91
21 93
21 97
21 99
22 23
22 24
22 25
22 27
22 28
22 29
22 31
22 32
22 33
22 34
22 36
22 39
22 41
22 43
22 44
22 46
22 50
22 57
22 58
22 60
22 64
22 68
22 69
22 71
22 72
22 75
22 78
22 79
22 82
22 83
22 85
22 87
22 89
22 91
22 94
22 96
22 98
23 24
23 27
23 29
23 31
23 33
23 35
23 36
23 41
23 42
23 43
23 44
23 45
23 47
23 49
23 58
23 59
23 60
23 63
23 66
23 67
23 69
23 71
23 72
23 74
23 79
23 82
23 83
23 84
23 86
23 87
23 88
23 90
23 92
23 94
23 96
23 98
24 27
24 28
24 30
24 32
24 33
24 35
24 36
24 38
24 39
24 41
24 42
24 43
24 47
24 48
24 50
24 51
24 55
24 56
24 57
24 60
24 61
24 62
24 63
24 64
24 65
24 66
24 67
24 68
24 69
24 71
24 72
24 76
24 77
24 78
24 79
24 80
24 82
24 85
24 89
24 91
24 92
24 94
24 95
24 96
24 97
25 26
25 27
25 28
25 31
25 34
25 37
25 38
25 39
25 41
25 46
25 48
25 50
25 51
25 52
25 53
25 54
25 55
25 58
25 59
25 61
25 63
25 65
25 68
25 69
25 70
25 71
25 73
25 74
25 77
25 78
25 79
25 83
25 88
25 89
25 90
25 91
25 93
25 95
25 96
25 98
25 99
26 28
26 29
26 33
26 37
26 38
26 39
26 40
26 42
26 46
26 47
26 48
26 49
26 50
26 51
26 53
26 57
26 58
26 62
26 63
26 64
26 65
26 66
26 69
26 70
26 71
26 72
26 73
26 76
26 77
26 79
26 82
26 87
26 88
26 89
26 90
26 91
26 93
26 94
26 95
26 97
26 98
26 99
27 28
27 29
27 35
27 40
27 42
27 43
27 44
27 47
27 48
27 50
27 54
27 57
27 59
27 60
27 61
27 62
27 66
27 67
27 68
27 71
27 73
27 74
27 75
27 83
27 84
27 85
27 86
27 90
27 91
27 95
27 96
28 31
28 32
28 33
28 36
28 38
28 40
28 41
28 43
28 44
28 46
28 48
28 53
28 54
28 55
28 56
28 57
28 58
28 59
28 60
28 63
28 69
28 71
28 76
28 80
28 81
28 82
28 83
28 85
28 88
28 89
28 91
28 92
28 94
28 96
28 97
28 98
28 99
29 32
29 37
29 38
29 39
29 40
29 41
29 44
29 45
29 50
29 52
29 54
29 56
29 57
29 59
29 61
29 62
29 63
29 64
29 65
29 68
29 73
29 74
29 76
29 78
29 83
29 86
29 87
29 88
29 92
29 93
29 96
29 97
30 33
30 34
30 38
30 40
30 42
30 48
30 51
30 52
30 54
30 55
30 58
30 61
30 66
30 68
30 72
30 76
30 78
30 79
30 81
30 82
30 84
30 86
30 87
30 88
30 90
30 91
30 92
30 93
30 97
30 98
30 99
31 34
31 36
31 41
31 43
31 44
31 46
31 47
31 48
31 49
31 50
31 52
31 58
31 59
31 60
31 62
31 63
31 64
31 65
31 67
31 68
31 74
31 75
31 77
31 81
31 82
31 87
31 88
31 89
31 90
31 92
31 94
31 95
31 96
31 97
32 34
32 35
32 36
32 37
32 41
32 42
32 43
32 46
32 47
32 48
32 49
32 51
32 52
32 54
32 55
32 56
32 57
32 58
32 62
32 63
32 64
32 65
32 66
32 67
32 69
32 70
32 71
32 73
32 75
32 76
32 77
32 78
32 79
32 80
32 81
32 82
32 84
32 86
32 93
32 95
32 97
32 98
32 99
33 35
33 36
33 38
33 39
33 40
33 41
33 43
33 44
33 46
33 47
33 50
33 51
33 52
33 54
33 56
33 57
33 58
33 59
33 61
33 66
33 69
33 71
33 75
33 78
33 79
33 81
33 82
33 83
33 85
33 86
33 88
33 89
33 90
33 91
33 92
33 93
33 94
33 95
33 97
33 98
34 35
34 37
34 38
34 40
34 43
34 46
34 49
34 51
34 54
34 57
34 58
34 60
34 61
34 62
34 64
34 69
34 71
34 73
34 74
34 76
34 77
34 78
34 83
34 84
34 86
34 87
34 89
34 91
34 93
34 97
34 98
35 37
35 38
35 40
35 42
35 49
35 57
35 58
35 61
35 62
35 65
35 67
35 70
35 72
35 74
35 77
35 79
35 80
35 82
35 83
35 86
35 91
35 94
35 96
35 97
35 98
36 37
36 38
36 41
36 42
36 46
36 52
36 53
36 54
36 57
36 60
36 61
36 62
36 63
36 66
36 68
36 69
36 70
36 71
36 72
36 79
36 80
36 82
36 83
36 84
36 85
36 86
36 87
36 88
36 91
36 93
36 98
36 99
37 38
37 39
37 40
37 41
37 42
37 43
37 45
37 46
37 48
37 49
37 52
37 53
37 55
37 57
37 61
37 62
37 63
37 64
37 67
37 69
37 70
37 73
37 75
37 76
37 77
37 78
37 81
37 83
37 84
37 86
37 88
37 92
37 96
37 97
37 98
38 39
38 41
38 43
38 48
38 50
38 52
38 55
38 58
38 59
38 60
38 61
38 62
38 63
38 67
38 68
38 70
38 71
38 72
38 74
38 75
38 76
38 78
38 83
38 86
38 89
38 92
38 93
38 95
38 96
38 97
38 98
39 40
39 43
39 44
39 46
39 47
39 48
39 50
39 52
39 57
39 59
39 60
39 61
39 62
39 66
39 67
39 69
39 71
39 72
39 74
39 75
39 76
39 80
39 81
39 82
39 85
39 87
39 91
39 92
39 96
39 97
40 41
40 43
40 46
40 47
40 51
40 52
40 53
40 54
40 58
40 61
40 62
40 64
40 65
40 66
40 68
40 73
40 74
40 77
40 80
40 84
40 86
40 88
40 90
40 91
40 93
40 96
41 44
41 45
41 48
41 49
41 50
41 51
41 52
41 53
41 57
41 58
41 59
41 63
41 64
41 65
41 66
41 67
41 68
41 72
41 77
41 79
41 80
41 81
41 82
41 83
41 84
41 88
41 91
41 92
41 95
41 99
42 46
42 48
42 49
42 50
42 52
42 53
42 55
42 56
42 57
42 58
42 59
42 64
42 65
42 67
42 68
42 69
42 70
42 71
42 72
42 73
42 74
42 75
42 76
42 78
42 79
42 81
42 83
42 85
42 86
42 89
42 90
42 92
42 94
42 96
42 99
43 49
43 50
43 52
43 53
43 55
43 56
43 57
43 58
43 59
43 61
43 62
43 63
43 64
43 68
43 70
43 72
43 73
43 75
43 76
43 78
43 80
43 82
43 85
43 89
43 90
43 93
43 99
44 47
44 49
44 50
44 52
44 57
44 58
44 59
44 61
44 65
44 67
44 68
44 69
44 71
44 72
44 74
44 79
44 80
44 89
44 90
44 91
44 92
44 93
44 99
45 46
45 49
45 50
45 53
45 54
45 57
45 61
45 63
45 70
45 71
45 73
45 74
45 75
45 79
45 80
45 81
45 84
45 89
45 90
45 94
45 95
45 96
45 99
46 47
46 48
46 54
46 56
46 60
46 61
46 62
46 63
46 64
46 65
46 68
46 69
46 72
46 74
46 76
46 78
46 81
46 84
46 85
46 86
46 89
46 92
46 93
46 94
46 95
46 97
46 98
47 48
47 51
47 55
47 57
47 59
47 60
47 62
47 63
47 66
47 67
47 70
47 71
47 75
47 77
47 78
47 84
47 90
47 91
47 94
47 96
47 97
47 99
48 49
48 50
48 51
48 52
48 53
48 54
48 58
48 62
48 63
48 64
48 68
48 70
48 72
48 79
48 80
48 81
48 82
48 83
48 85
48 90
48 91
48 92
48 93
48 96
48 98
48 99
49 52
49 53
49 57
49 59
49 60
49 63
49 64
49 65
49 68
49 69
49 70
49 71
49 73
49 75
49 76
49 78
49 79
49 80
49 82
49 84
49 86
49 89
49 93
49 95
49 96
49 98
50 52
50 53
50 54
50 55
50 56
50 58
50 60
50 61
50 64
50 66
50 68
50 69
50 74
50 75
50 77
50 78
50 84
50 85
50 86
50 88
50 94
50 96
51 53
51 54
51 55
51 58
51 63
51 66
51 67
51 69
51 71
51 72
51 73
51 75
51 76
51 80
51 92
51 93
51 96
51 97
51 99
52 55
52 56
52 59
52 63
52 65
52 66
52 67
52 68
52 69
52 72
52 77
52 78
52 80
52 81
52 84
52 86
52 87
52 93
52 94
52 95
52 96
52 99
53 55
53 57
53 58
53 59
53 63
53 66
53 67
53 71
53 74
53 76
53 79
53 81
53 82
53 85
53 86
53 88
53 91
53 94
54 55
54 58
54 60
54 61
54 65
54 66
54 67
54 70
54 71
54 73
54 74
54 75
54 77
54 78
54 85
54 86
54 88
54 91
54 93
54 95
54 97
54 98
54 99
55 58
55 59
55 60
55 62
55 63
55 64
55 66
55 68
55 69
55 71
55 72
55 73
55 75
55 77
55 79
55 81
55 82
55 86
55 87
55 88
55 89
55 90
55 91
55 92
55 95
55 97
55 98
55 99
56 57
56 62
56 68
56 69
56 70
56 73
56 76
56 77
56 79
56 80
56 86
56 87
56 90
56 94
56 95
56 96
57 58
57 60
57 63
57 66
57 67
57 68
57 69
57 73
57 74
57 75
57 76
57 77
57 79
57 81
57 82
57 84
57 85
57 86
57 89
57 90
57 91
57 92
57 98
58 59
58 69
58 71
58 73
58 75
58 76
58 77
58 78
58 81
58 85
58 86
58 88
58 89
58 90
58 93
58 94
58 97
58 98
58 99
59 60
59 61
59 63
59 67
59 68
59 69
59 71
59 73
59 74
59 77
59 80
59 85
59 86
59 87
59 88
59 89
59 92
59 94
59 96
59 97
59 98
59 99
60 61
60 62
60 65
60 68
60 69
60 71
60 73
60 74
60 75
60 77
60 80
60 84
60 86
60 87
60 88
60 89
60 90
60 92
60 95
60 98
60 99
61 62
61 63
61 65
61 68
61 69
61 70
61 71
61 72
61 74
61 77
61 78
61 80
61 81
61 83
61 84
61 86
61 87
61 89
61 93
61 94
61 96
61 97
62 64
62 65
62 71
62 78
62 79
62 81
62 83
62 84
62 85
62 86
62 87
62 88
62 92
62 94
62 97
62 98
63 64
63 65
63 66
63 70
63 74
63 76
63 77
63 80
63 81
63 83
63 84
63 85
63 86
63 87
63 88
63 89
63 91
63 92
63 93
63 96
63 97
64 65
64 67
64 72
64 73
64 76
64 79
64 80
64 81
64 82
64 86
64 88
64 90
64 94
64 96
64 99
65 68
65 69
65 74
65 77
65 79
65 80
65 85
65 86
65 87
65 91
65 92
65 93
65 94
65 95
65 96
65 98
65 99
66 67
66 68
66 70
66 71
66 75
66 77
66 78
66 79
66 81
66 85
66 86
66 87
66 91
66 95
66 96
66 98
67 68
67 70
67 73
67 75
67 80
67 81
67 82
67 85
67 86
67 87
67 88
67 90
67 93
67 95
68 70
68 75
68 78
68 79
68 80
68 81
68 82
68 83
68 84
68 86
68 88
68 89
68 90
68 94
68 95
68 98
68 99
69 73
69 74
69 76
69 79
69 81
69 84
69 85
69 87
69 88
69 89
69 90
69 92
69 96
69 97
69 98
70 71
70 73
70 76
70 77
70 78
70 80
70 84
70 86
70 87
70 90
70 91
70 92
70 93
70 96
71 74
71 76
71 78
71 79
71 80
71 81
71 82
71 83
71 86
71 87
71 89
71 90
71 92
71 95
71 96
71 98
72 76
72 80
72 81
72 82
72 84
72 85
72 90
72 91
72 94
72 96
72 97
72 98
72 99
73 75
73 76
73 77
73 78
73 79
73 83
73 84
73 85
73 86
73 87
73 88
73 92
73 93
73 96
73 97
73 99
74 76
74 77
74 78
74 81
74 82
74 84
74 85
74 86
74 87
74 88
74 92
74 93
74 99
75 76
75 77
75 78
75 81
75 82
75 86
75 90
75 91
75 92
75 94
75 96
75 97
76 77
76 79
76 81
76 82
76 86
76 87
76 88
76 94
76 95
76 98
76 99
77 78
77 82
77 83
77 86
77 87
77 90
77 91
77 92
77 93
77 94
77 95
77 96
77 99
78 80
78 86
78 87
78 88
78 89
78 91
78 94
78 95
78 96
79 80
79 83
79 88
79 89
79 91
79 93
79 94
79 97
80 81
80 82
80 83
80 85
80 89
80 93
80 94
80 96
81 82
81 85
81 86
81 87
81 88
81 89
81 93
82 83
82 88
82 89
82 90
82 95
82 96
82 98
82 99
83 85
83 86
83 89
83 91
83 93
83 95
83 96
83 98
84 86
84 87
84 90
84 93
84 96
84 97
84 98
84 99
85 88
85 89
85 90
85 91
85 94
85 95
85 96
86 91
86 93
86 97
86 98
86 99
87 88
87 89
87 90
87 92
87 95
87 97
87 99
88 89
88 90
88 91
88 93
88 94
88 95
88 98
89 90
89 91
89 99
90 91
90 93
90 96
90 97
90 99
91 92
91 97
91 98
92 95
92 96
92 98
93 94
93 95
93 96
93 97
94 95
94 98
94 99
95 97
95 98
95 99
96 97
96 98
96 99
