0 8
0 9
0 10
0 16
0 30
0 31
0 33
0 36
0 37
0 39
0 44
0 45
0 46
0 50
0 52
0 63
0 66
0 81
0 84
0 89
0 93
0 95
1 4
1 11
1 12
1 14
1 19
1 24
1 32
1 35
1 46
1 49
1 61
1 65
1 77
1 78
1 80
1 90
1 92
2 17
2 19
2 20
2 26
2 33
2 35
2 37
2 41
2 50
2 51
2 54
2 67
2 71
2 72
2 73
2 78
2 79
2 80
2 92
2 95
2 98
3 4
3 5
3 9
3 13
3 14
3 20
3 23
3 24
3 31
3 33
3 34
3 35
3 44
3 54
3 55
3 60
3 68
3 74
3 77
3 96
4 13
4 14
4 17
4 22
4 24
4 27
4 28
4 37
4 40
4 50
4 52
4 58
4 60
4 63
4 66
4 71
4 72
4 82
4 97
4 99
5 34
5 35
5 59
5 60
5 62
5 70
5 71
5 76
5 77
5 92
6 17
6 20
6 21
6 33
6 35
6 43
6 46
6 47
6 51
6 59
6 62
6 64
6 75
6 78
6 81
6 82
6 83
6 89
6 90
7 10
7 12
7 19
7 21
7 25
7 35
7 36
7 40
7 42
7 46
7 53
7 63
7 64
7 71
7 74
7 76
7 79
7 82
7 83
7 84
7 86
7 88
7 92
7 94
7 98
8 18
8 21
8 31
8 35
8 43
8 53
8 57
8 62
8 71
8 76
8 77
8 79
8 80
8 85
8 98
9 13
9 19
9 20
9 25
9 39
9 42
9 43
9 58
9 82
9 86
9 87
9 90
9 97
9 99
10 11
10 16
10 17
10 27
10 29
10 32
10 41
10 43
10 51
10 56
10 59
10 73
10 74
10 85
10 88
10 89
10 99
11 13
11 23
11 28
11 37
11 43
11 68
11 86
11 88
11 89
11 91
11 96
12 16
12 20
12 22
12 23
12 31
12 48
12 53
12 55
12 56
12 57
12 66
12 67
12 71
12 79
12 82
12 83
12 84
12 96
12 97
13 15
13 21
13 23
13 24
13 28
13 42
13 46
13 51
13 53
13 60
13 69
13 71
13 72
13 76
13 77
13 78
13 95
14 21
14 25
14 28
14 35
14 36
14 44
14 56
14 57
14 69
14 73
14 74
14 82
14 89
14 90
14 93
14 94
15 21
15 28
15 29
15 35
15 39
15 44
15 46
15 47
15 49
15 50
15 56
15 60
15 64
15 70
15 77
15 98
15 99
16 18
16 24
16 25
16 29
16 33
16 34
16 43
16 49
16 51
16 64
16 71
16 83
16 95
17 20
17 25
17 27
17 30
17 41
17 42
17 49
17 52
17 54
17 61
17 62
17 64
17 67
17 71
17 72
17 73
17 74
17 75
17 76
17 81
17 84
17 86
17 95
17 98
18 27
18 30
18 32
18 43
18 53
18 54
18 61
18 64
18 66
18 76
18 77
18 80
18 84
18 88
18 91
19 22
19 32
19 39
19 40
19 45
19 46
19 48
19 51
19 57
19 59
19 60
19 63
19 65
19 67
19 71
19 74
19 76
19 80
19 85
19 87
19 90
19 94
20 36
20 46
20 53
20 54
20 57
20 62
20 70
20 72
20 83
20 85
20 86
20 87
20 88
20 89
20 90
20 91
20 92
21 22
21 30
21 42
21 47
21 49
21 54
21 58
21 59
21 62
21 77
21 78
21 86
21 90
21 94
21 97
21 99
22 25
22 28
22 29
22 31
22 37
22 43
22 45
22 54
22 60
22 70
22 72
22 73
22 79
22 80
22 81
22 87
22 96
22 97
23 26
23 40
23 41
23 45
23 53
23 54
23 59
23 62
23 67
23 72
23 82
23 83
23 92
24 27
24 35
24 39
24 43
24 44
24 48
24 54
24 57
24 59
24 60
24 66
24 67
24 68
24 71
24 72
24 74
24 75
24 76
24 82
24 86
24 99
25 37
25 56
25 62
25 63
25 66
25 68
25 71
25 72
25 76
25 77
25 80
25 82
25 83
25 84
25 87
25 93
25 99
26 31
26 40
26 41
26 46
26 48
26 57
26 68
26 74
26 76
26 80
26 82
27 39
27 46
27 51
27 53
27 56
27 60
27 66
27 70
27 75
27 81
27 83
27 93
28 32
28 37
28 39
28 42
28 47
28 48
28 52
28 53
28 60
28 67
28 71
28 79
28 84
28 92
28 93
28 99
29 33
29 38
29 42
29 51
29 54
29 58
29 61
29 70
29 72
29 73
29 74
29 76
29 87
29 96
29 98
30 31
30 33
30 37
30 40
30 45
30 47
30 51
30 55
30 58
30 64
30 68
30 71
30 72
30 75
30 76
30 84
30 90
30 97
31 43
31 44
31 49
31 58
31 62
31 64
31 70
31 73
31 74
31 80
31 83
31 92
31 96
31 99
32 39
32 44
32 48
32 53
32 58
32 64
32 65
32 68
32 69
32 82
32 84
32 91
32 94
32 98
33 43
33 48
33 51
33 59
33 68
33 93
34 39
34 42
34 47
34 57
34 70
34 74
34 76
34 78
34 80
35 40
35 45
35 49
35 51
35 53
35 54
35 59
35 61
35 68
35 70
35 77
35 78
35 88
35 93
36 38
36 42
36 43
36 46
36 49
36 50
36 52
36 82
36 91
37 46
37 62
37 70
37 71
37 74
37 76
37 82
37 84
37 86
37 87
37 88
37 90
37 93
38 41
38 42
38 47
38 58
38 61
38 64
38 65
38 70
38 71
38 79
39 41
39 44
39 50
39 55
39 57
39 67
39 68
39 75
39 76
39 89
39 91
39 98
40 47
40 49
40 62
40 63
40 64
40 67
40 68
40 69
40 80
40 83
40 84
40 87
40 88
40 96
40 98
40 99
41 54
41 56
41 57
41 61
41 65
41 73
41 76
41 83
41 84
41 90
41 96
41 97
42 45
42 50
42 64
42 67
42 68
42 75
42 78
42 81
42 88
42 89
42 90
42 93
42 94
42 95
42 99
43 49
43 59
43 66
43 75
43 76
43 85
43 97
43 99
44 45
44 48
44 50
44 63
44 65
44 66
44 67
44 76
44 85
44 90
44 94
45 49
45 51
45 58
45 59
45 62
45 63
45 79
45 80
45 83
45 84
46 50
46 62
46 63
46 65
46 66
46 70
46 77
46 78
46 79
46 92
46 94
46 96
46 98
47 48
47 49
47 50
47 53
47 61
47 70
47 71
47 72
47 76
47 79
47 81
47 95
47 98
48 51
48 53
48 58
48 62
48 63
48 73
48 77
48 79
48 83
48 84
48 94
48 99
49 63
49 66
49 76
49 78
49 81
49 84
49 88
49 89
49 98
50 68
50 73
50 87
50 93
50 96
51 53
51 59
51 60
51 82
52 58
52 59
52 70
52 74
52 77
52 80
52 92
52 93
52 99
53 55
53 57
53 61
53 71
53 74
53 76
53 86
53 91
53 93
53 94
53 95
54 62
54 64
54 78
54 79
54 80
54 82
54 93
54 94
54 98
55 57
55 60
55 67
55 71
55 76
55 77
55 90
55 92
55 95
55 98
56 57
56 68
56 71
56 72
56 73
56 82
56 83
56 85
56 87
56 92
56 95
57 60
57 62
57 69
57 70
57 79
57 81
57 82
57 90
57 91
57 92
57 93
57 96
58 62
58 64
58 73
58 82
58 91
58 94
58 95
59 62
59 66
59 71
59 74
59 85
59 96
59 99
60 61
60 65
60 66
60 68
60 70
60 84
60 91
60 95
60 97
60 99
61 62
61 67
61 79
61 95
62 66
62 74
62 91
62 93
62 99
63 67
63 78
63 80
63 83
63 91
63 99
64 76
64 78
64 80
64 82
64 94
64 98
65 66
65 72
65 77
65 78
65 83
65 91
65 92
66 71
66 79
66 86
66 91
66 99
67 73
67 74
67 75
67 77
67 78
67 79
67 83
67 88
67 95
68 75
68 79
68 81
68 93
68 97
69 74
69 82
69 87
69 93
69 95
69 97
70 72
70 73
70 83
70 90
70 94
70 96
70 97
71 73
71 74
71 98
72 73
72 79
72 82
72 87
72 92
72 98
73 80
73 84
73 87
73 89
73 95
73 96
74 75
74 77
74 79
74 90
75 76
75 79
75 86
75 91
76 80
76 82
76 87
76 89
76 99
77 83
78 80
78 87
78 91
78 93
78 97
79 91
79 95
80 82
80 85
80 92
80 98
81 84
81 85
81 95
82 83
82 94
82 96
83 89
83 90
83 91
83 97
83 98
84 85
84 88
85 91
85 97
85 98
86 94
87 88
87 91
87 92
87 97
88 90
88 92
88 98
89 90
89 92
89 97
90 94
90 98
91 93
91 98
93 95
93 96
94 96
95 97
95 98
95 99
96 99
97 99
