0 7
0 8
0 9
0 12
0 13
0 14
0 16
0 17
0 20
0 21
0 22
0 25
0 27
0 28
0 29
0 30
0 35
0 36
0 39
0 41
0 42
0 44
0 45
0 47
0 50
0 53
0 57
0 58
0 59
0 60
0 63
0 65
0 67
0 68
0 69
0 70
0 71
0 73
0 75
0 77
0 81
0 82
0 83
0 85
0 90
0 92
0 93
0 98
0 99
1 2
1 5
1 13
1 15
1 16
1 17
1 19
1 20
1 21
1 23
1 25
1 27
1 30
1 31
1 32
1 33
1 35
1 37
1 38
1 42
1 46
1 51
1 54
1 55
1 56
1 59
1 60
1 63
1 68
1 69
1 70
1 71
1 72
1 79
1 80
1 82
1 91
1 93
1 96
1 97
2 3
2 5
2 6
2 9
2 11
2 13
2 14
2 15
2 16
2 17
2 18
2 19
2 22
2 23
2 24
2 26
2 30
2 31
2 37
2 38
2 39
2 40
2 43
2 45
2 46
2 48
2 49
2 52
2 53
2 55
2 56
2 59
2 63
2 65
2 69
2 72
2 73
2 75
2 79
2 80
2 81
2 85
2 89
2 93
2 98
2 99
3 4
3 6
3 7
3 9
3 10
3 13
3 14
3 15
3 18
3 20
3 21
3 24
3 27
3 28
3 29
3 30
3 38
3 40
3 41
3 42
3 43
3 46
3 49
3 50
3 54
3 57
3 63
3 64
3 67
3 69
3 70
3 71
3 72
3 73
3 76
3 79
3 81
3 83
3 84
3 85
3 88
3 89
3 90
3 92
3 93
3 96
4 5
4 7
4 15
4 18
4 20
4 21
4 24
4 25
4 27
4 29
4 33
4 34
4 44
4 45
4 46
4 52
4 53
4 54
4 57
4 60
4 64
4 65
4 68
4 72
4 73
4 76
4 85
4 86
4 89
4 96
4 98
5 8
5 11
5 16
5 17
5 23
5 30
5 34
5 38
5 40
5 41
5 45
5 48
5 49
5 51
5 54
5 56
5 60
5 62
5 64
5 65
5 66
5 67
5 69
5 71
5 76
5 77
5 78
5 79
5 80
5 84
5 85
5 86
5 87
5 90
5 94
5 95
5 96
5 97
6 12
6 14
6 16
6 19
6 20
6 22
6 25
6 35
6 36
6 42
6 43
6 44
6 45
6 49
6 51
6 54
6 55
6 56
6 57
6 60
6 62
6 65
6 69
6 73
6 75
6 77
6 81
6 82
6 83
6 86
6 87
6 88
6 91
6 96
6 98
6 99
7 10
7 12
7 13
7 14
7 15
7 16
7 17
7 21
7 22
7 23
7 27
7 28
7 29
7 32
7 33
7 37
7 39
7 40
7 41
7 42
7 44
7 48
7 50
7 55
7 56
7 60
7 61
7 64
7 65
7 66
7 69
7 74
7 75
7 78
7 81
7 82
7 83
7 86
7 89
7 90
7 93
7 95
7 96
8 10
8 16
8 17
8 18
8 19
8 20
8 22
8 24
8 26
8 27
8 28
8 31
8 32
8 33
8 37
8 40
8 44
8 50
8 51
8 57
8 59
8 63
8 65
8 68
8 69
8 70
8 73
8 75
8 76
8 78
8 79
8 80
8 83
8 86
8 87
8 89
8 99
9 10
9 15
9 21
9 27
9 29
9 31
9 32
9 37
9 39
9 40
9 41
9 43
9 44
9 49
9 50
9 51
9 55
9 57
9 58
9 64
9 67
9 71
9 74
9 75
9 79
9 83
9 84
9 85
9 90
9 95
10 11
10 12
10 13
10 21
10 24
10 25
10 28
10 29
10 31
10 32
10 34
10 36
10 37
10 41
10 42
10 43
10 46
10 47
10 48
10 49
10 51
10 54
10 55
10 58
10 59
10 60
10 64
10 66
10 67
10 70
10 73
10 78
10 79
10 82
10 84
10 85
10 88
10 90
10 91
10 94
10 95
10 97
11 18
11 21
11 23
11 24
11 27
11 28
11 30
11 31
11 32
11 37
11 38
11 39
11 41
11 42
11 44
11 45
11 46
11 53
11 54
11 56
11 59
11 62
11 64
11 71
11 73
11 75
11 78
11 82
11 84
11 86
11 91
11 97
11 98
12 15
12 16
12 22
12 25
12 27
12 28
12 30
12 31
12 34
12 38
12 40
12 43
12 44
12 45
12 46
12 47
12 49
12 51
12 55
12 56
12 57
12 58
12 59
12 63
12 64
12 65
12 66
12 70
12 73
12 74
12 77
12 81
12 82
12 83
12 88
12 89
12 92
12 97
13 19
13 20
13 21
13 22
13 28
13 30
13 31
13 34
13 37
13 38
13 42
13 44
13 47
13 52
13 65
13 66
13 68
13 70
13 74
13 75
13 76
13 78
13 81
13 82
13 84
13 89
13 90
13 96
13 97
13 98
13 99
14 16
14 18
14 19
14 20
14 21
14 22
14 23
14 31
14 32
14 34
14 36
14 46
14 47
14 50
14 51
14 58
14 59
14 60
14 62
14 64
14 69
14 72
14 74
14 75
14 76
14 79
14 80
14 85
14 86
14 89
14 95
14 98
15 17
15 21
15 23
15 24
15 25
15 27
15 29
15 32
15 34
15 35
15 36
15 37
15 38
15 40
15 46
15 48
15 49
15 53
15 54
15 55
15 60
15 61
15 64
15 68
15 69
15 70
15 71
15 72
15 73
15 74
15 75
15 77
15 83
15 84
15 87
15 91
15 93
15 95
15 97
15 98
16 17
16 19
16 20
16 21
16 29
16 30
16 32
16 34
16 35
16 38
16 41
16 42
16 45
16 49
16 51
16 67
16 68
16 70
16 73
16 79
16 80
16 81
16 84
16 86
16 87
16 88
16 90
16 91
16 93
16 95
16 97
16 98
16 99
17 18
17 19
17 22
17 23
17 24
17 26
17 28
17 34
17 38
17 40
17 43
17 46
17 47
17 51
17 52
17 56
17 60
17 65
17 74
17 75
17 79
17 80
17 82
17 86
17 87
17 90
17 95
17 96
17 97
18 19
18 23
18 24
18 26
18 28
18 30
18 31
18 35
18 36
18 37
18 41
18 46
18 49
18 51
18 54
18 55
18 57
18 59
18 64
18 66
18 69
18 70
18 71
18 73
18 75
18 76
18 81
18 82
18 84
18 85
18 88
18 89
18 97
19 26
19 28
19 29
19 32
19 34
19 36
19 44
19 46
19 49
19 55
19 56
19 57
19 61
19 62
19 63
19 67
19 78
19 85
19 86
19 88
19 91
19 93
19 94
19 98
19 99
20 22
20 28
20 29
20 30
20 37
20 38
20 39
20 48
20 51
20 53
20 58
20 61
20 64
20 65
20 68
20 72
20 73
20 76
20 77
20 85
20 86
20 87
20 88
20 89
20 92
20 93
20 96
20 98
21 22
21 24
21 25
21 26
21 29
21 30
21 34
21 36
21 46
21 55
21 57
21 61
21 66
21 67
21 70
21 78
21 81
21 82
21 84
21 90
21 93
21 98
21 99
22 25
22 26
22 27
22 28
22 30
22 31
22 32
22 34
22 35
22 37
22 40
22 42
22 49
22 50
22 52
22 55
22 59
22 62
22 63
22 68
22 72
22 73
22 75
22 76
22 77
22 79
22 89
22 93
22 94
22 95
22 98
23 24
23 25
23 29
23 31
23 32
23 33
23 37
23 38
23 42
23 45
23 53
23 55
23 58
23 69
23 73
23 78
23 81
23 85
23 87
23 90
23 91
23 92
23 95
23 96
24 30
24 32
24 34
24 37
24 39
24 40
24 42
24 43
24 44
24 46
24 48
24 51
24 60
24 61
24 64
24 65
24 66
24 70
24 83
24 88
24 89
24 91
24 93
24 96
24 99
25 28
25 29
25 30
25 33
25 34
25 35
25 36
25 37
25 38
25 41
25 42
25 44
25 45
25 49
25 50
25 52
25 54
25 57
25 60
25 65
25 66
25 68
25 73
25 78
25 81
25 82
25 83
25 84
25 85
25 86
25 90
25 91
25 93
25 94
25 95
25 96
25 99
26 27
26 28
26 29
26 35
26 37
26 38
26 43
26 44
26 47
26 49
26 51
26 53
26 54
26 55
26 57
26 58
26 60
26 62
26 64
26 67
26 70
26 71
26 72
26 73
26 75
26 76
26 80
26 84
26 85
26 86
26 96
26 97
27 28
27 30
27 31
27 35
27 36
27 39
27 42
27 43
27 44
27 46
27 47
27 48
27 49
27 50
27 52
27 54
27 55
27 58
27 59
27 65
27 68
27 83
27 85
27 91
27 93
27 94
27 95
27 97
27 98
27 99
28 31
28 35
28 36
28 37
28 41
28 42
28 43
28 46
28 47
28 50
28 51
28 54
28 60
28 62
28 63
28 65
28 67
28 69
28 71
28 72
28 85
28 88
28 91
28 93
28 94
28 96
28 97
29 30
29 35
29 36
29 37
29 40
29 41
29 43
29 46
29 55
29 57
29 59
29 61
29 62
29 63
29 64
29 67
29 69
29 71
29 72
29 73
29 74
29 80
29 81
29 83
29 87
29 89
29 92
29 98
29 99
30 34
30 39
30 41
30 42
30 46
30 48
30 49
30 51
30 53
30 54
30 55
30 58
30 59
30 60
30 61
30 65
30 68
30 71
30 75
30 76
30 77
30 80
30 81
30 83
30 84
30 86
30 87
30 88
30 89
30 91
30 94
30 96
31 32
31 36
31 45
31 52
31 53
31 54
31 55
31 56
31 57
31 58
31 64
31 65
31 66
31 68
31 73
31 78
31 83
31 84
31 85
31 86
31 87
31 89
31 92
31 94
31 97
32 34
32 35
32 37
32 43
32 44
32 45
32 46
32 47
32 48
32 51
32 55
32 58
32 59
32 61
32 65
32 66
32 68
32 74
32 75
32 77
32 79
32 82
32 83
32 88
32 90
32 97
32 98
33 34
33 40
33 41
33 42
33 45
33 47
33 50
33 51
33 52
33 55
33 56
33 57
33 61
33 62
33 63
33 67
33 68
33 70
33 72
33 74
33 76
33 78
33 79
33 80
33 82
33 86
33 87
33 93
33 94
33 99
34 36
34 38
34 41
34 46
34 49
34 51
34 56
34 58
34 60
34 63
34 67
34 69
34 72
34 74
34 77
34 78
34 85
34 90
34 92
34 97
34 99
35 38
35 51
35 52
35 56
35 58
35 61
35 62
35 63
35 64
35 65
35 67
35 68
35 70
35 75
35 76
35 77
35 78
35 80
35 85
35 88
35 89
35 90
35 91
35 98
36 41
36 42
36 47
36 53
36 54
36 57
36 59
36 66
36 68
36 71
36 75
36 77
36 79
36 80
36 83
36 84
36 87
36 88
36 89
36 90
36 93
36 96
36 97
37 39
37 40
37 41
37 45
37 47
37 48
37 49
37 54
37 57
37 58
37 59
37 63
37 64
37 65
37 70
37 72
37 77
37 83
37 85
37 86
37 89
37 91
37 93
37 94
37 98
37 99
38 39
38 40
38 41
38 45
38 46
38 47
38 48
38 49
38 52
38 53
38 54
38 56
38 57
38 60
38 63
38 64
38 65
38 66
38 70
38 72
38 73
38 76
38 82
38 83
38 85
38 89
38 90
38 95
38 96
38 99
39 42
39 44
39 48
39 51
39 55
39 61
39 62
39 69
39 71
39 84
39 87
39 88
39 89
39 92
39 94
39 95
39 98
39 99
40 47
40 50
40 51
40 54
40 62
40 63
40 67
40 71
40 72
40 77
40 79
40 80
40 83
40 84
40 86
40 88
40 89
40 94
40 95
40 98
41 43
41 44
41 45
41 49
41 50
41 51
41 55
41 58
41 61
41 62
41 65
41 66
41 67
41 72
41 73
41 76
41 77
41 78
41 86
41 90
41 92
41 93
41 96
41 98
42 46
42 47
42 48
42 49
42 54
42 56
42 57
42 58
42 65
42 66
42 68
42 72
42 74
42 76
42 80
42 83
42 84
42 86
42 87
42 89
42 96
43 47
43 51
43 54
43 57
43 58
43 61
43 62
43 64
43 67
43 68
43 70
43 72
43 77
43 80
43 81
43 89
43 91
43 92
43 93
43 96
43 98
43 99
44 45
44 47
44 49
44 50
44 53
44 60
44 62
44 63
44 66
44 67
44 70
44 71
44 72
44 73
44 74
44 76
44 78
44 79
44 80
44 81
44 82
44 83
44 84
44 86
44 90
44 92
44 94
44 95
44 97
45 46
45 47
45 48
45 49
45 51
45 54
45 56
45 57
45 59
45 60
45 65
45 66
45 67
45 74
45 75
45 80
45 86
45 88
45 94
45 95
45 96
45 97
45 99
46 48
46 49
46 50
46 52
46 53
46 54
46 55
46 56
46 60
46 61
46 62
46 65
46 66
46 70
46 73
46 74
46 77
46 79
46 80
46 82
46 83
46 85
46 86
46 88
46 91
46 92
46 96
46 97
47 48
47 49
47 52
47 55
47 57
47 58
47 59
47 60
47 62
47 69
47 71
47 72
47 74
47 76
47 82
47 83
47 88
47 89
47 91
47 97
47 98
48 51
48 53
48 55
48 58
48 59
48 63
48 64
48 68
48 69
48 70
48 71
48 72
48 78
48 79
48 82
48 83
48 87
48 88
48 90
48 94
48 95
48 97
48 98
48 99
49 51
49 52
49 53
49 54
49 58
49 61
49 62
49 65
49 67
49 68
49 69
49 70
49 75
49 76
49 78
49 79
49 81
49 84
49 90
49 92
49 95
50 52
50 53
50 54
50 59
50 60
50 61
50 67
50 70
50 71
50 75
50 76
50 77
50 79
50 81
50 82
50 83
50 85
50 87
50 89
50 91
50 95
50 96
50 98
51 53
51 57
51 59
51 60
51 67
51 69
51 70
51 72
51 75
51 77
51 82
51 83
51 84
51 85
51 88
51 91
51 92
51 94
51 96
51 97
52 55
52 56
52 57
52 62
52 64
52 65
52 76
52 77
52 80
52 81
52 82
52 87
52 90
52 92
52 93
52 94
52 95
52 96
53 54
53 56
53 58
53 61
53 64
53 65
53 66
53 68
53 71
53 73
53 81
53 82
53 83
53 84
53 85
53 86
53 88
53 89
53 91
53 93
53 94
54 56
54 57
54 62
54 66
54 67
54 68
54 69
54 70
54 75
54 77
54 78
54 83
54 85
54 87
54 88
54 91
54 95
54 97
54 98
55 56
55 57
55 60
55 63
55 64
55 65
55 66
55 67
55 69
55 73
55 80
55 82
55 83
55 84
55 85
55 86
55 88
55 90
55 94
56 57
56 58
56 61
56 62
56 67
56 68
56 70
56 86
56 89
56 91
56 93
56 95
56 96
56 99
57 58
57 61
57 62
57 64
57 65
57 67
57 68
57 69
57 71
57 73
57 75
57 77
57 79
57 80
57 90
57 91
57 92
57 96
57 97
58 60
58 61
58 64
58 65
58 68
58 70
58 73
58 75
58 87
58 88
58 93
58 96
59 63
59 65
59 70
59 79
59 81
59 82
59 84
59 90
59 91
59 92
59 96
59 97
59 98
59 99
60 61
60 63
60 66
60 67
60 70
60 73
60 74
60 76
60 77
60 79
60 87
60 89
60 95
61 63
61 64
61 65
61 66
61 68
61 70
61 72
61 73
61 76
61 81
61 86
61 90
61 94
61 95
61 96
61 97
61 99
62 65
62 66
62 67
62 69
62 70
62 71
62 75
62 76
62 78
62 80
62 81
62 86
62 89
62 95
62 98
62 99
63 65
63 69
63 70
63 71
63 73
63 75
63 78
63 80
63 81
63 85
63 87
63 88
63 91
63 93
63 94
63 99
64 65
64 68
64 71
64 72
64 80
64 81
64 82
64 83
64 85
64 91
64 94
64 96
64 98
65 66
65 67
65 70
65 71
65 72
65 77
65 79
65 80
65 81
65 83
65 84
65 85
65 87
65 88
65 89
65 93
66 71
66 72
66 75
66 76
66 78
66 85
66 87
66 90
66 97
67 69
67 73
67 79
67 80
67 81
67 82
67 92
67 93
67 98
68 72
68 74
68 75
68 83
68 84
68 86
68 87
68 90
68 92
68 94
68 99
69 77
69 78
69 80
69 81
69 83
69 84
69 85
69 89
69 94
69 96
69 98
70 71
70 76
70 79
70 81
70 82
70 84
70 85
70 87
70 90
70 91
70 92
70 95
70 96
70 97
70 98
71 73
71 74
71 76
71 77
71 78
71 82
71 83
71 87
71 88
71 89
71 92
71 93
71 94
71 98
71 99
72 73
72 77
72 78
72 85
72 86
72 88
72 94
72 96
72 97
72 98
72 99
73 76
73 77
73 79
73 81
73 84
73 85
73 86
73 90
73 92
73 93
74 77
74 78
74 79
74 85
74 92
74 93
74 96
74 99
75 77
75 80
75 82
75 83
75 88
75 89
75 90
75 92
75 94
76 78
76 79
76 81
76 83
76 84
76 86
76 88
76 92
76 95
76 96
76 97
77 79
77 80
77 81
77 82
77 84
77 86
77 87
77 88
77 90
77 92
77 94
77 95
77 96
78 82
78 85
78 88
78 90
78 92
78 94
78 95
78 96
78 97
79 81
79 84
79 85
79 87
79 89
79 93
79 96
80 84
80 88
80 89
80 90
80 91
80 92
80 93
81 82
81 87
81 91
81 93
81 94
81 95
81 97
81 99
82 84
82 87
82 90
82 91
82 95
82 98
82 99
83 85
83 86
83 87
83 92
83 93
83 96
83 97
83 98
84 88
84 89
84 92
84 94
85 89
85 90
85 91
85 93
85 97
86 89
86 91
86 92
86 93
86 97
86 98
86 99
87 89
87 94
87 95
87 97
87 99
88 92
88 96
89 91
89 92
89 93
89 94
89 96
89 97
89 98
89 99
90 98
91 93
91 95
91 96
91 98
91 99
92 98
92 99
93 95
93 98
94 95
94 96
94 98
94 99
95 96
95 97
95 98
96 97
97 99
