0 6
0 8
0 10
0 12
0 26
0 27
0 30
0 63
0 67
0 72
0 97
0 98
1 3
1 5
1 18
1 21
1 35
1 36
1 38
1 50
1 55
1 62
1 65
1 66
1 77
1 82
1 84
1 86
1 88
1 91
1 94
1 97
1 98
2 7
2 10
2 15
2 19
2 30
2 31
2 34
2 42
2 45
2 51
2 60
2 63
2 69
2 71
2 72
2 80
2 83
2 90
2 92
2 93
2 94
2 97
2 99
3 7
3 9
3 11
3 13
3 17
3 29
3 32
3 44
3 48
3 52
3 69
3 73
3 76
3 81
3 84
3 85
3 93
4 8
4 9
4 12
4 15
4 17
4 19
4 25
4 30
4 33
4 34
4 37
4 38
4 41
4 42
4 48
4 52
4 53
4 59
4 60
4 61
4 63
4 66
4 69
4 76
4 77
4 78
4 80
4 90
4 91
4 93
4 99
5 6
5 10
5 15
5 25
5 33
5 37
5 49
5 53
5 55
5 80
5 89
5 91
5 98
5 99
6 10
6 15
6 19
6 26
6 27
6 29
6 30
6 33
6 46
6 56
6 76
6 81
6 88
6 93
6 95
7 15
7 16
7 22
7 27
7 35
7 41
7 44
7 48
7 52
7 54
7 57
7 58
7 65
7 71
7 78
7 83
7 86
7 98
8 16
8 17
8 20
8 21
8 22
8 27
8 28
8 35
8 38
8 44
8 49
8 51
8 52
8 60
8 67
8 69
8 73
8 77
8 86
8 87
8 95
8 96
8 99
9 15
9 26
9 27
9 28
9 34
9 35
9 38
9 46
9 52
9 61
9 67
9 71
9 81
9 88
9 89
9 92
9 96
9 98
10 11
10 12
10 13
10 14
10 20
10 33
10 44
10 57
10 68
10 74
10 95
10 98
11 15
11 17
11 21
11 29
11 32
11 36
11 43
11 46
11 48
11 50
11 67
11 69
11 73
11 78
11 82
11 83
11 86
12 18
12 20
12 28
12 33
12 36
12 39
12 42
12 49
12 53
12 54
12 57
12 59
12 62
12 71
12 73
12 83
12 98
13 14
13 26
13 28
13 31
13 32
13 41
13 42
13 44
13 51
13 58
13 60
13 62
13 70
13 71
13 77
13 80
13 86
13 94
13 98
13 99
14 15
14 21
14 23
14 24
14 32
14 35
14 40
14 41
14 45
14 49
14 51
14 66
14 67
14 74
14 76
14 83
14 87
14 89
14 93
14 94
14 98
14 99
15 21
15 24
15 27
15 30
15 37
15 38
15 47
15 49
15 56
15 61
15 67
15 69
15 80
15 94
16 21
16 23
16 28
16 34
16 35
16 36
16 40
16 41
16 44
16 46
16 47
16 63
16 64
16 66
16 74
16 76
16 77
16 80
16 81
16 85
16 94
17 20
17 21
17 29
17 31
17 48
17 67
17 81
17 84
17 86
17 93
18 19
18 24
18 43
18 52
18 58
18 64
18 68
18 70
18 75
18 79
18 80
18 82
18 83
18 95
19 21
19 26
19 29
19 30
19 39
19 41
19 43
19 45
19 49
19 54
19 57
19 58
19 63
19 65
19 74
19 78
19 82
19 88
19 92
19 93
19 95
20 25
20 27
20 30
20 31
20 33
20 36
20 42
20 45
20 49
20 55
20 58
20 72
20 84
20 86
20 88
20 90
20 92
20 94
20 97
20 98
21 32
21 33
21 51
21 62
21 70
21 76
21 77
21 85
21 93
21 96
21 97
21 98
21 99
22 28
22 37
22 38
22 43
22 47
22 48
22 50
22 57
22 63
22 65
22 67
22 69
22 73
22 96
23 26
23 30
23 36
23 37
23 39
23 40
23 42
23 71
23 84
23 85
23 86
23 89
23 90
23 99
24 25
24 27
24 37
24 39
24 43
24 50
24 53
24 54
24 65
24 67
24 68
24 75
24 78
24 81
24 82
24 85
24 91
24 98
24 99
25 27
25 30
25 31
25 38
25 40
25 45
25 46
25 48
25 54
25 66
25 67
25 68
25 70
25 82
26 31
26 55
26 56
26 57
26 58
26 59
26 62
26 63
26 64
26 82
26 86
26 91
26 94
26 95
26 98
27 30
27 33
27 46
27 48
27 51
27 53
27 54
27 62
27 65
27 67
27 68
27 84
27 87
27 91
27 93
27 95
27 98
28 37
28 38
28 45
28 61
28 65
28 66
28 67
28 68
28 69
28 72
28 73
28 78
28 79
28 80
28 85
28 87
28 95
28 96
28 99
29 38
29 52
29 53
29 54
29 55
29 61
29 63
29 66
29 68
29 71
29 75
29 83
29 84
29 94
29 95
29 98
30 31
30 39
30 47
30 51
30 53
30 64
30 68
30 70
30 71
30 72
30 83
30 90
30 91
30 94
30 99
31 34
31 37
31 38
31 39
31 40
31 49
31 56
31 62
31 64
31 65
31 70
31 75
31 76
31 78
31 87
31 90
31 91
31 96
31 97
31 98
32 38
32 44
32 45
32 46
32 57
32 66
32 74
32 87
32 91
32 92
32 95
32 99
33 49
33 58
33 66
33 69
33 73
33 75
33 76
33 77
33 80
33 94
33 96
33 97
33 99
34 35
34 42
34 45
34 55
34 71
34 80
34 83
34 96
35 41
35 42
35 49
35 69
35 74
35 77
35 78
35 79
35 90
35 98
36 37
36 38
36 41
36 46
36 48
36 53
36 64
36 72
36 76
36 80
36 81
36 83
36 84
36 85
36 88
36 90
36 92
36 98
37 50
37 53
37 55
37 71
37 85
37 90
37 91
37 95
37 98
38 48
38 52
38 53
38 66
38 67
38 69
38 75
38 82
38 88
38 92
38 93
38 94
38 98
39 41
39 42
39 46
39 52
39 69
39 72
39 73
39 74
39 75
39 84
39 88
39 91
39 92
40 46
40 48
40 56
40 58
40 59
40 66
40 69
40 71
40 74
40 82
40 87
40 89
40 92
40 94
41 42
41 47
41 58
41 59
41 64
41 73
41 82
41 87
41 90
41 92
41 96
41 97
41 99
42 43
42 48
42 51
42 58
42 62
42 87
42 94
43 44
43 57
43 59
43 91
43 97
44 49
44 61
44 62
44 64
44 67
44 68
44 71
44 86
44 89
44 90
44 94
44 98
45 48
45 54
45 61
45 67
45 74
45 76
45 77
45 78
45 95
45 97
46 53
46 57
46 59
46 74
46 75
46 76
46 77
46 79
46 83
46 92
47 50
47 68
47 70
47 73
47 76
47 84
47 96
47 98
48 49
48 55
48 56
48 58
48 61
48 68
48 80
48 86
48 87
48 89
48 92
48 94
48 98
49 53
49 55
49 60
49 62
49 63
49 75
49 80
49 94
49 98
50 52
50 54
50 59
50 61
50 66
50 67
50 70
50 76
50 81
50 90
50 93
50 94
51 70
51 71
51 82
51 83
51 87
51 94
51 96
52 53
52 55
52 59
52 66
52 68
52 70
52 71
52 72
52 74
52 76
52 77
52 78
52 87
52 89
52 92
52 93
52 98
53 57
53 59
53 60
53 61
53 65
53 70
53 73
53 78
53 83
53 86
53 92
53 95
54 63
54 65
54 70
54 81
54 82
54 93
55 57
55 60
55 62
55 68
55 83
55 90
55 93
56 58
56 70
56 71
56 73
56 76
56 78
56 81
56 83
57 70
57 71
57 75
57 77
57 80
57 85
57 96
58 68
58 74
58 75
58 81
58 83
59 60
59 61
59 64
59 65
59 76
59 79
59 85
59 92
59 95
59 98
60 62
60 63
60 81
60 83
60 86
60 88
60 92
61 62
61 71
61 77
61 82
61 85
61 86
61 87
61 89
61 93
61 98
62 72
62 78
63 70
63 71
63 74
63 77
63 82
63 89
63 99
64 66
64 70
64 71
64 84
64 91
64 98
65 66
65 69
65 72
65 76
65 83
65 86
65 90
65 91
65 94
66 68
66 79
66 90
66 95
66 98
67 81
67 84
67 87
67 90
67 91
68 71
68 85
68 87
68 89
68 91
68 93
68 96
69 71
69 77
69 78
69 80
69 85
69 91
70 71
70 77
70 78
70 86
70 87
70 88
70 93
70 95
71 73
71 76
71 77
71 79
71 80
71 81
71 89
71 90
71 92
71 93
71 97
72 90
72 92
72 93
72 94
72 99
73 74
73 75
73 79
73 80
73 81
73 82
73 83
73 92
74 80
74 81
74 86
74 89
75 82
75 86
75 87
75 89
75 97
76 91
76 93
76 96
77 83
77 85
77 93
78 83
78 89
78 91
78 96
79 83
79 84
79 87
79 89
80 88
80 93
80 95
80 97
80 99
81 87
81 92
81 98
82 83
83 85
83 94
85 91
86 88
86 95
88 99
89 92
89 97
89 98
89 99
90 92
90 95
90 97
90 98
91 93
91 99
92 93
92 94
93 97
93 98
93 99
94 96
94 97
94 98
96 98
96 99
