0 10
0 11
0 12
0 13
0 14
0 16
0 17
0 18
0 21
0 22
0 24
0 26
0 32
0 35
0 37
0 40
0 46
0 47
0 49
0 50
0 52
0 60
0 61
0 63
0 64
0 66
0 67
0 68
0 69
0 71
0 74
0 78
0 79
0 80
0 81
0 84
0 85
0 96
0 97
0 98
0 99
1 2
1 5
1 6
1 9
1 11
1 17
1 18
1 23
1 27
1 30
1 31
1 33
1 34
1 37
1 42
1 43
1 44
1 45
1 48
1 49
1 52
1 53
1 55
1 56
1 60
1 64
1 66
1 69
1 73
1 74
1 78
1 79
1 80
1 83
1 84
1 85
1 86
1 87
1 93
1 94
2 5
2 13
2 14
2 16
2 23
2 24
2 26
2 29
2 31
2 35
2 40
2 42
2 43
2 56
2 58
2 61
2 63
2 64
2 68
2 70
2 73
2 75
2 78
2 81
2 82
2 83
2 85
2 86
2 90
2 94
2 95
2 96
3 6
3 7
3 8
3 11
3 13
3 15
3 16
3 17
3 18
3 21
3 22
3 24
3 27
3 29
3 31
3 32
3 33
3 35
3 36
3 37
3 38
3 39
3 42
3 43
3 44
3 49
3 51
3 52
3 54
3 57
3 63
3 64
3 65
3 66
3 67
3 68
3 72
3 73
3 74
3 76
3 77
3 81
3 83
3 84
3 85
3 87
3 89
3 93
3 94
3 95
3 96
4 6
4 8
4 9
4 14
4 16
4 17
4 18
4 19
4 21
4 22
4 23
4 27
4 30
4 35
4 38
4 39
4 48
4 50
4 53
4 54
4 59
4 61
4 63
4 70
4 73
4 74
4 78
4 79
4 83
4 87
4 88
4 89
4 90
4 91
4 92
4 94
5 6
5 8
5 10
5 12
5 16
5 17
5 24
5 25
5 26
5 27
5 31
5 32
5 35
5 36
5 37
5 40
5 49
5 51
5 54
5 55
5 58
5 59
5 60
5 61
5 65
5 74
5 75
5 76
5 78
5 82
5 89
5 95
5 97
5 98
6 7
6 10
6 12
6 13
6 14
6 15
6 16
6 17
6 19
6 20
6 25
6 26
6 27
6 33
6 37
6 41
6 44
6 49
6 53
6 58
6 64
6 69
6 71
6 76
6 77
6 78
6 79
6 81
6 88
6 89
6 90
6 91
6 93
6 95
6 98
7 9
7 11
7 16
7 17
7 18
7 19
7 21
7 23
7 25
7 28
7 29
7 30
7 33
7 34
7 38
7 39
7 41
7 42
7 43
7 46
7 47
7 49
7 52
7 53
7 57
7 65
7 66
7 68
7 71
7 72
7 73
7 74
7 76
7 78
7 81
7 82
7 84
7 85
7 87
7 88
7 90
7 91
7 95
7 98
8 11
8 12
8 17
8 20
8 25
8 27
8 29
8 30
8 33
8 35
8 36
8 37
8 39
8 41
8 43
8 46
8 47
8 51
8 52
8 53
8 58
8 60
8 61
8 62
8 74
8 76
8 80
8 81
8 83
8 84
8 88
8 95
9 10
9 11
9 12
9 14
9 15
9 16
9 17
9 18
9 19
9 20
9 23
9 31
9 35
9 36
9 39
9 42
9 44
9 46
9 47
9 51
9 53
9 57
9 59
9 60
9 63
9 64
9 65
9 69
9 70
9 74
9 76
9 78
9 79
9 80
9 84
9 86
9 99
10 11
10 14
10 19
10 27
10 29
10 30
10 32
10 33
10 35
10 39
10 42
10 50
10 51
10 60
10 61
10 64
10 82
10 83
10 85
10 93
10 94
10 97
11 12
11 13
11 14
11 15
11 16
11 19
11 20
11 28
11 29
11 32
11 35
11 36
11 37
11 40
11 42
11 43
11 44
11 45
11 48
11 49
11 55
11 58
11 59
11 62
11 65
11 66
11 67
11 68
11 76
11 77
11 81
11 83
11 86
11 87
11 92
11 97
12 13
12 14
12 18
12 24
12 26
12 32
12 37
12 38
12 39
12 41
12 42
12 49
12 50
12 55
12 58
12 59
12 61
12 66
12 69
12 70
12 71
12 73
12 75
12 77
12 78
12 84
12 85
12 86
12 87
12 91
12 94
12 95
12 98
13 14
13 16
13 17
13 18
13 19
13 20
13 23
13 24
13 26
13 27
13 36
13 41
13 42
13 43
13 44
13 45
13 46
13 47
13 48
13 49
13 50
13 53
13 56
13 57
13 64
13 65
13 67
13 68
13 71
13 72
13 74
13 76
13 78
13 79
13 81
13 82
13 88
13 93
13 94
14 15
14 19
14 22
14 23
14 25
14 28
14 30
14 31
14 32
14 33
14 34
14 39
14 42
14 46
14 47
14 49
14 52
14 53
14 54
14 55
14 57
14 59
14 61
14 63
14 67
14 75
14 81
14 82
14 84
14 85
14 86
14 89
14 91
14 93
14 94
14 97
14 98
15 19
15 20
15 22
15 23
15 25
15 26
15 27
15 28
15 29
15 34
15 39
15 42
15 45
15 46
15 47
15 48
15 50
15 52
15 54
15 55
15 58
15 61
15 63
15 66
15 72
15 75
15 76
15 79
15 81
15 85
15 86
15 88
15 90
15 92
15 93
15 96
15 99
16 18
16 19
16 25
16 29
16 30
16 32
16 38
16 41
16 42
16 45
16 46
16 55
16 58
16 60
16 62
16 64
16 65
16 66
16 68
16 70
16 71
16 72
16 75
16 76
16 77
16 78
16 80
16 82
16 83
16 84
16 95
17 18
17 22
17 25
17 30
17 32
17 33
17 38
17 41
17 42
17 45
17 46
17 47
17 54
17 66
17 68
17 69
17 76
17 77
17 79
17 80
17 85
17 86
17 88
17 93
17 97
17 99
18 21
18 23
18 26
18 29
18 30
18 32
18 33
18 37
18 43
18 45
18 48
18 50
18 51
18 52
18 53
18 54
18 55
18 56
18 57
18 60
18 61
18 62
18 63
18 66
18 68
18 73
18 78
18 79
18 80
18 83
18 92
18 95
18 96
18 99
19 20
19 22
19 27
19 28
19 31
19 34
19 37
19 38
19 42
19 49
19 50
19 53
19 54
19 55
19 56
19 57
19 59
19 62
19 63
19 64
19 65
19 66
19 67
19 68
19 71
19 74
19 76
19 79
19 81
19 83
19 84
19 85
19 86
19 90
19 94
19 96
19 97
20 21
20 24
20 25
20 26
20 27
20 28
20 32
20 33
20 36
20 39
20 40
20 41
20 43
20 44
20 45
20 50
20 51
20 52
20 53
20 57
20 61
20 65
20 67
20 68
20 69
20 70
20 75
20 77
20 81
20 82
20 93
20 94
20 95
20 96
20 97
20 98
21 22
21 23
21 28
21 31
21 34
21 35
21 36
21 39
21 41
21 43
21 45
21 46
21 47
21 49
21 50
21 52
21 54
21 56
21 62
21 64
21 69
21 72
21 74
21 76
21 80
21 82
21 84
21 86
21 87
21 88
21 90
21 92
21 94
21 96
21 97
21 98
22 35
22 37
22 43
22 45
22 49
22 54
22 66
22 69
22 71
22 73
22 78
22 79
22 84
22 88
22 90
22 92
22 95
22 96
22 97
23 25
23 29
23 32
23 33
23 34
23 35
23 38
23 39
23 41
23 42
23 49
23 58
23 62
23 66
23 67
23 70
23 73
23 74
23 78
23 81
23 85
23 86
23 87
23 95
23 97
23 98
24 27
24 29
24 32
24 33
24 34
24 38
24 40
24 42
24 44
24 45
24 52
24 54
24 57
24 58
24 64
24 65
24 66
24 72
24 73
24 74
24 75
24 76
24 79
24 81
24 85
24 91
25 28
25 29
25 30
25 32
25 36
25 41
25 42
25 43
25 44
25 45
25 46
25 47
25 51
25 52
25 53
25 54
25 55
25 58
25 60
25 61
25 62
25 68
25 70
25 71
25 75
25 76
25 77
25 79
25 81
25 83
25 84
25 88
25 89
25 93
25 96
26 31
26 37
26 40
26 42
26 43
26 47
26 49
26 52
26 56
26 59
26 62
26 63
26 64
26 69
26 72
26 75
26 77
26 78
26 79
26 82
26 86
26 92
26 98
27 28
27 32
27 34
27 40
27 45
27 46
27 47
27 52
27 56
27 57
27 58
27 59
27 62
27 63
27 70
27 75
27 76
27 77
27 78
27 79
27 80
27 81
27 82
27 83
27 84
27 88
27 91
27 93
27 94
27 96
28 30
28 34
28 39
28 42
28 53
28 58
28 61
28 62
28 64
28 68
28 69
28 70
28 75
28 77
28 78
28 82
28 87
28 88
28 91
28 95
29 35
29 41
29 43
29 49
29 51
29 53
29 54
29 58
29 59
29 60
29 64
29 66
29 67
29 72
29 77
29 81
29 82
29 83
29 86
29 89
29 90
29 91
29 92
29 94
29 96
29 97
30 33
30 34
30 36
30 40
30 41
30 43
30 44
30 45
30 53
30 56
30 57
30 65
30 67
30 69
30 70
30 71
30 72
30 76
30 80
30 81
30 82
30 83
30 85
30 89
30 97
30 98
31 32
31 33
31 38
31 39
31 40
31 41
31 47
31 48
31 49
31 50
31 52
31 54
31 59
31 60
31 69
31 70
31 73
31 74
31 76
31 78
31 80
31 83
31 84
31 85
31 91
31 94
31 95
31 97
31 98
31 99
32 33
32 34
32 36
32 37
32 38
32 42
32 44
32 49
32 50
32 54
32 55
32 57
32 62
32 63
32 65
32 66
32 68
32 69
32 70
32 73
32 80
32 83
32 87
32 88
32 91
32 95
32 96
32 98
33 35
33 39
33 41
33 42
33 43
33 47
33 50
33 52
33 53
33 55
33 57
33 64
33 65
33 67
33 72
33 73
33 77
33 82
33 87
33 88
33 89
33 92
33 95
33 97
34 35
34 36
34 42
34 43
34 45
34 49
34 53
34 59
34 60
34 61
34 62
34 64
34 66
34 69
34 70
34 72
34 75
34 76
34 77
34 81
34 83
34 87
34 89
34 92
34 96
35 40
35 42
35 45
35 46
35 48
35 50
35 52
35 55
35 56
35 57
35 58
35 60
35 61
35 63
35 65
35 67
35 69
35 71
35 72
35 79
35 84
35 90
35 93
35 96
35 98
36 46
36 53
36 54
36 58
36 60
36 61
36 68
36 71
36 75
36 77
36 79
36 86
36 87
36 88
36 92
36 95
37 39
37 42
37 43
37 45
37 47
37 49
37 50
37 52
37 55
37 56
37 62
37 63
37 64
37 70
37 75
37 77
37 78
37 83
37 86
37 89
37 90
37 92
37 97
37 98
38 42
38 45
38 46
38 51
38 52
38 54
38 55
38 57
38 59
38 60
38 61
38 62
38 63
38 64
38 66
38 67
38 68
38 70
38 71
38 73
38 81
38 82
38 84
38 85
38 87
38 89
38 90
38 94
38 96
39 44
39 45
39 46
39 48
39 50
39 51
39 54
39 55
39 56
39 58
39 59
39 61
39 62
39 65
39 66
39 68
39 69
39 74
39 81
39 84
39 85
39 94
39 96
40 43
40 47
40 50
40 51
40 52
40 53
40 55
40 57
40 62
40 64
40 70
40 72
40 73
40 76
40 78
40 81
40 82
40 84
40 87
40 89
40 91
40 94
40 95
40 97
41 44
41 45
41 47
41 49
41 51
41 52
41 54
41 55
41 59
41 60
41 61
41 63
41 68
41 73
41 75
41 78
41 82
41 83
41 86
41 88
41 93
41 98
41 99
42 46
42 48
42 49
42 50
42 52
42 53
42 55
42 57
42 58
42 60
42 64
42 66
42 72
42 74
42 75
42 78
42 80
42 83
42 84
42 85
42 87
42 95
42 96
42 97
42 98
43 44
43 46
43 48
43 49
43 50
43 51
43 54
43 55
43 57
43 58
43 59
43 61
43 68
43 69
43 73
43 74
43 75
43 76
43 78
43 81
43 84
43 85
43 88
43 92
43 93
43 95
44 46
44 47
44 53
44 54
44 56
44 57
44 58
44 64
44 65
44 67
44 70
44 77
44 79
44 80
44 82
44 86
44 89
44 93
44 97
44 98
44 99
45 48
45 58
45 62
45 65
45 67
45 73
45 76
45 78
45 79
45 80
45 82
45 83
45 90
45 91
45 94
45 96
46 54
46 58
46 60
46 69
46 70
46 72
46 74
46 81
46 84
46 86
46 87
46 88
46 97
46 99
47 51
47 52
47 54
47 57
47 58
47 60
47 64
47 65
47 68
47 70
47 72
47 75
47 80
47 82
47 83
47 86
47 88
47 91
47 93
47 94
47 96
47 99
48 49
48 55
48 61
48 67
48 73
48 74
48 88
48 89
48 92
48 94
48 95
48 97
48 99
49 55
49 59
49 62
49 65
49 66
49 68
49 70
49 72
49 76
49 77
49 78
49 79
49 80
49 82
49 83
49 84
49 92
49 95
49 96
49 97
49 99
50 52
50 54
50 55
50 59
50 60
50 61
50 62
50 63
50 64
50 65
50 66
50 69
50 70
50 72
50 75
50 76
50 78
50 80
50 81
50 86
50 88
50 89
50 90
50 93
50 95
50 97
51 52
51 54
51 57
51 58
51 59
51 60
51 61
51 63
51 65
51 66
51 67
51 69
51 70
51 72
51 73
51 74
51 75
51 76
51 77
51 81
51 89
51 97
52 60
52 64
52 65
52 69
52 70
52 72
52 75
52 77
52 79
52 80
52 81
52 82
52 88
52 89
52 90
52 91
52 95
52 99
53 54
53 56
53 57
53 63
53 64
53 69
53 71
53 72
53 74
53 78
53 80
53 82
53 84
53 88
53 90
53 92
53 96
54 56
54 58
54 59
54 61
54 62
54 67
54 69
54 70
54 71
54 74
54 76
54 77
54 80
54 84
54 85
54 86
54 87
54 90
54 93
54 94
54 96
54 97
54 98
55 56
55 58
55 62
55 64
55 65
55 73
55 74
55 75
55 81
55 83
55 85
55 86
55 88
55 89
55 92
55 93
55 96
55 97
55 98
56 57
56 59
56 60
56 61
56 67
56 70
56 72
56 74
56 81
56 85
56 86
56 88
56 93
56 99
57 61
57 62
57 68
57 69
57 70
57 73
57 76
57 79
57 81
57 83
57 84
57 85
57 88
57 93
57 95
57 96
57 97
57 99
58 59
58 69
58 70
58 72
58 75
58 77
58 79
58 81
58 82
58 85
58 86
58 91
58 96
58 97
58 98
59 60
59 62
59 64
59 72
59 73
59 80
59 87
59 88
59 91
59 92
59 95
59 98
60 64
60 66
60 67
60 71
60 74
60 75
60 77
60 78
60 81
60 84
60 85
60 88
60 94
60 95
60 96
60 97
61 63
61 65
61 66
61 67
61 70
61 71
61 73
61 74
61 75
61 80
61 82
61 83
61 86
61 88
61 89
61 97
62 63
62 67
62 72
62 73
62 79
62 81
62 82
62 84
62 86
62 87
62 90
62 92
62 93
62 98
63 71
63 79
63 83
63 84
63 85
63 86
63 88
63 90
63 91
63 95
63 98
64 68
64 71
64 72
64 74
64 76
64 89
64 90
64 94
64 97
64 98
65 71
65 73
65 74
65 75
65 77
65 78
65 79
65 82
65 85
65 86
65 89
65 90
65 98
66 70
66 72
66 73
66 74
66 76
66 77
66 79
66 81
66 82
66 83
66 86
66 87
66 91
66 92
66 96
66 98
67 68
67 69
67 73
67 78
67 81
67 82
67 90
67 92
67 93
68 70
68 72
68 76
68 77
68 78
68 79
68 82
68 83
68 85
68 89
68 90
68 91
68 95
69 72
69 73
69 74
69 75
69 79
69 81
69 82
69 85
69 87
69 91
69 92
69 93
69 95
69 96
69 99
70 71
70 75
70 77
70 78
70 83
70 84
70 96
70 97
71 73
71 76
71 77
71 78
71 79
71 82
71 84
71 85
71 88
71 92
71 94
71 95
71 96
72 73
72 75
72 91
72 92
72 94
72 98
73 75
73 76
73 78
73 82
73 83
73 89
73 92
73 93
73 95
74 75
74 77
74 78
74 79
74 82
74 86
74 88
74 90
74 92
74 94
74 95
74 99
75 77
75 78
75 90
75 91
75 94
75 99
76 78
76 79
76 81
76 82
76 83
76 84
76 86
76 93
76 99
77 79
77 81
77 84
77 85
77 89
77 90
77 91
77 96
77 99
78 79
78 81
78 82
78 84
78 85
78 86
78 88
78 90
78 93
78 94
78 95
78 97
79 80
79 82
79 83
79 84
79 87
79 88
79 91
79 92
79 96
79 99
80 85
80 86
80 89
80 91
80 93
80 96
81 82
81 83
81 86
81 89
81 93
81 97
81 98
82 83
82 84
82 87
82 88
82 89
82 91
82 94
82 97
82 98
83 87
83 89
83 91
83 92
83 94
83 96
84 85
84 86
84 87
84 91
84 92
84 93
84 96
85 87
85 88
85 89
85 92
85 93
85 97
86 87
86 92
86 94
87 89
87 94
87 95
87 96
88 92
88 99
89 90
89 93
89 94
89 96
90 91
90 92
90 95
90 97
90 99
91 92
91 99
92 93
93 95
94 96
94 97
94 98
95 98
96 98
96 99
