0 1
0 2
0 3
0 10
0 11
0 12
0 14
0 16
0 21
0 23
0 24
0 25
0 26
0 30
0 32
0 36
0 45
0 46
0 50
0 52
0 53
0 54
0 56
0 64
0 65
0 66
0 68
0 69
0 71
0 72
0 75
0 76
0 81
0 86
0 88
0 89
0 91
0 92
0 94
1 2
1 4
1 6
1 15
1 19
1 21
1 22
1 25
1 30
1 31
1 37
1 39
1 40
1 42
1 43
1 45
1 46
1 51
1 58
1 59
1 60
1 62
1 68
1 71
1 73
1 75
1 76
1 78
1 79
1 82
1 83
1 84
1 86
1 89
1 90
1 97
1 99
2 3
2 11
2 14
2 17
2 19
2 20
2 23
2 24
2 28
2 29
2 30
2 31
2 34
2 36
2 48
2 49
2 50
2 52
2 53
2 55
2 59
2 60
2 61
2 62
2 63
2 64
2 65
2 67
2 68
2 69
2 70
2 71
2 74
2 76
2 77
2 81
2 82
2 85
2 87
2 89
2 90
2 92
2 95
2 97
3 6
3 8
3 9
3 14
3 16
3 19
3 27
3 29
3 31
3 34
3 40
3 42
3 44
3 50
3 53
3 55
3 58
3 59
3 60
3 62
3 64
3 66
3 67
3 71
3 72
3 74
3 76
3 78
3 79
3 82
3 94
3 96
4 5
4 6
4 7
4 8
4 9
4 10
4 13
4 14
4 17
4 18
4 20
4 24
4 28
4 29
4 31
4 37
4 41
4 42
4 45
4 47
4 48
4 55
4 56
4 57
4 59
4 60
4 68
4 69
4 71
4 72
4 74
4 75
4 78
4 85
4 86
4 90
4 96
4 97
4 98
5 6
5 7
5 10
5 12
5 13
5 15
5 17
5 18
5 20
5 21
5 22
5 23
5 25
5 28
5 31
5 36
5 37
5 38
5 39
5 41
5 43
5 44
5 51
5 52
5 54
5 55
5 56
5 57
5 61
5 63
5 65
5 67
5 68
5 70
5 72
5 73
5 81
5 82
5 85
5 86
5 96
5 97
6 10
6 12
6 13
6 14
6 15
6 16
6 27
6 34
6 36
6 42
6 45
6 55
6 64
6 66
6 67
6 68
6 74
6 78
6 79
6 82
6 83
6 85
6 87
6 89
6 90
6 93
6 97
7 8
7 10
7 15
7 16
7 19
7 20
7 21
7 22
7 23
7 24
7 25
7 26
7 29
7 30
7 31
7 35
7 39
7 42
7 43
7 49
7 54
7 55
7 61
7 62
7 63
7 68
7 71
7 77
7 80
7 82
7 90
7 94
7 96
8 14
8 16
8 20
8 24
8 27
8 31
8 33
8 34
8 35
8 36
8 45
8 46
8 47
8 49
8 50
8 52
8 53
8 55
8 59
8 63
8 64
8 67
8 68
8 69
8 70
8 71
8 74
8 76
8 77
8 78
8 79
8 85
8 86
8 87
8 88
8 90
8 91
8 92
8 97
8 98
9 10
9 12
9 15
9 17
9 19
9 20
9 22
9 23
9 29
9 30
9 31
9 35
9 36
9 42
9 43
9 44
9 45
9 48
9 49
9 54
9 56
9 57
9 58
9 59
9 60
9 61
9 64
9 72
9 73
9 74
9 75
9 76
9 79
9 80
9 82
9 83
9 85
9 88
9 90
9 91
9 95
9 96
9 97
9 98
10 11
10 13
10 18
10 20
10 21
10 22
10 24
10 31
10 32
10 33
10 34
10 35
10 36
10 38
10 40
10 41
10 45
10 46
10 52
10 56
10 58
10 60
10 62
10 64
10 66
10 72
10 73
10 78
10 79
10 81
10 82
10 84
10 85
10 86
10 87
10 88
10 89
10 91
10 92
10 93
10 94
10 97
10 98
10 99
11 14
11 15
11 17
11 18
11 21
11 25
11 27
11 33
11 35
11 37
11 39
11 42
11 44
11 46
11 47
11 48
11 49
11 52
11 53
11 56
11 57
11 59
11 61
11 62
11 64
11 65
11 66
11 69
11 70
11 71
11 74
11 76
11 80
11 84
11 85
11 86
11 88
11 92
11 93
11 96
11 98
12 15
12 17
12 19
12 20
12 21
12 24
12 30
12 33
12 35
12 37
12 40
12 42
12 46
12 48
12 49
12 50
12 51
12 56
12 60
12 61
12 64
12 69
12 74
12 76
12 77
12 78
12 82
12 88
12 89
12 91
12 98
12 99
13 16
13 17
13 21
13 22
13 27
13 28
13 29
13 33
13 42
13 47
13 53
13 57
13 62
13 63
13 66
13 67
13 68
13 70
13 72
13 83
13 84
13 85
13 87
13 90
13 93
13 94
13 99
14 15
14 17
14 20
14 21
14 26
14 31
14 35
14 38
14 40
14 41
14 43
14 46
14 48
14 49
14 51
14 52
14 58
14 60
14 74
14 77
14 78
14 80
14 81
14 85
14 90
14 92
14 93
14 95
14 97
15 17
15 19
15 20
15 23
15 28
15 30
15 33
15 34
15 37
15 42
15 43
15 44
15 46
15 49
15 51
15 55
15 56
15 58
15 60
15 61
15 70
15 74
15 75
15 76
15 77
15 81
15 83
15 84
15 85
15 86
15 88
15 89
15 90
15 91
15 93
15 94
16 20
16 23
16 24
16 27
16 33
16 34
16 35
16 39
16 40
16 42
16 45
16 46
16 47
16 48
16 51
16 52
16 55
16 62
16 65
16 71
16 75
16 76
16 80
16 90
16 93
16 96
16 98
17 21
17 25
17 26
17 28
17 31
17 33
17 34
17 35
17 36
17 37
17 42
17 43
17 45
17 46
17 48
17 50
17 54
17 55
17 59
17 62
17 65
17 66
17 67
17 70
17 72
17 73
17 74
17 75
17 80
17 87
17 94
17 96
18 22
18 24
18 26
18 29
18 31
18 33
18 37
18 40
18 43
18 48
18 57
18 60
18 62
18 64
18 65
18 66
18 69
18 72
18 74
18 77
18 78
18 86
18 87
18 93
18 95
18 99
19 21
19 23
19 25
19 26
19 27
19 28
19 29
19 30
19 31
19 33
19 34
19 36
19 39
19 41
19 43
19 44
19 48
19 52
19 53
19 54
19 59
19 61
19 66
19 69
19 73
19 74
19 75
19 80
19 81
19 84
19 85
19 86
19 89
19 91
19 93
19 96
20 23
20 24
20 28
20 30
20 31
20 36
20 39
20 40
20 41
20 46
20 48
20 50
20 58
20 65
20 73
20 74
20 77
20 85
20 86
20 88
20 90
20 93
20 97
21 22
21 26
21 28
21 40
21 42
21 46
21 47
21 48
21 50
21 56
21 58
21 60
21 61
21 62
21 64
21 72
21 74
21 75
21 77
21 79
21 82
21 84
21 86
21 87
21 88
21 95
21 97
21 98
22 25
22 31
22 32
22 34
22 40
22 41
22 42
22 43
22 44
22 48
22 51
22 56
22 57
22 59
22 67
22 68
22 73
22 74
22 75
22 79
22 81
22 82
22 89
22 90
22 93
22 97
23 25
23 28
23 31
23 33
23 36
23 37
23 41
23 42
23 44
23 46
23 48
23 49
23 52
23 53
23 55
23 56
23 59
23 61
23 63
23 70
23 73
23 74
23 76
23 81
23 85
23 89
23 94
23 95
23 98
23 99
24 26
24 31
24 34
24 37
24 39
24 43
24 44
24 45
24 47
24 48
24 50
24 52
24 54
24 55
24 56
24 60
24 62
24 66
24 72
24 74
24 76
24 77
24 78
24 84
24 87
24 88
24 90
24 91
24 96
24 97
25 26
25 30
25 31
25 33
25 35
25 42
25 44
25 45
25 46
25 47
25 50
25 53
25 57
25 59
25 63
25 64
25 67
25 68
25 69
25 71
25 72
25 73
25 75
25 82
25 83
25 85
25 86
25 93
25 95
25 96
26 28
26 34
26 40
26 41
26 44
26 52
26 54
26 55
26 57
26 58
26 60
26 63
26 69
26 70
26 73
26 76
26 77
26 79
26 81
26 82
26 84
26 85
26 86
26 89
26 91
26 92
26 94
27 30
27 31
27 32
27 37
27 42
27 43
27 44
27 45
27 47
27 49
27 52
27 53
27 56
27 59
27 62
27 63
27 64
27 67
27 68
27 71
27 72
27 76
27 78
27 81
27 82
27 85
27 86
27 88
27 89
27 90
27 91
27 93
27 99
28 29
28 30
28 31
28 32
28 36
28 37
28 38
28 42
28 44
28 45
28 47
28 49
28 50
28 51
28 57
28 58
28 60
28 61
28 64
28 65
28 67
28 68
28 72
28 76
28 79
28 81
28 82
28 86
28 88
28 91
28 93
28 95
28 97
29 32
29 33
29 36
29 37
29 38
29 41
29 42
29 44
29 48
29 50
29 54
29 55
29 56
29 61
29 65
29 67
29 69
29 72
29 74
29 77
29 78
29 80
29 84
29 87
29 95
29 99
30 31
30 38
30 49
30 50
30 53
30 58
30 65
30 66
30 68
30 69
30 71
30 72
30 77
30 78
30 79
30 81
30 82
30 84
30 91
30 99
31 33
31 36
31 38
31 41
31 42
31 43
31 44
31 45
31 47
31 48
31 56
31 57
31 58
31 59
31 60
31 62
31 65
31 67
31 68
31 70
31 75
31 76
31 78
31 81
31 85
31 86
31 91
31 92
31 93
31 94
31 97
31 99
32 33
32 34
32 35
32 36
32 39
32 42
32 43
32 47
32 54
32 55
32 56
32 59
32 60
32 61
32 62
32 63
32 67
32 70
32 76
32 77
32 80
32 83
32 86
32 87
32 90
32 92
32 95
32 96
33 34
33 35
33 36
33 40
33 43
33 45
33 46
33 47
33 48
33 49
33 50
33 54
33 58
33 59
33 62
33 63
33 65
33 66
33 71
33 72
33 73
33 75
33 78
33 79
33 81
33 83
33 89
33 94
33 95
34 39
34 40
34 43
34 46
34 47
34 48
34 49
34 53
34 55
34 58
34 61
34 63
34 65
34 73
34 78
34 79
34 82
34 96
34 98
35 37
35 40
35 42
35 44
35 45
35 48
35 50
35 53
35 57
35 58
35 60
35 61
35 66
35 69
35 71
35 77
35 79
35 81
35 83
35 84
35 89
35 92
35 94
36 38
36 39
36 40
36 45
36 46
36 48
36 49
36 50
36 51
36 52
36 53
36 55
36 56
36 57
36 60
36 61
36 62
36 63
36 66
36 67
36 68
36 69
36 75
36 77
36 78
36 79
36 80
36 82
36 84
36 85
36 86
36 89
36 90
36 91
36 95
36 97
37 39
37 40
37 43
37 45
37 47
37 49
37 51
37 53
37 57
37 62
37 65
37 66
37 68
37 69
37 75
37 79
37 80
37 83
37 84
37 85
37 89
37 93
37 97
37 98
37 99
38 42
38 43
38 46
38 50
38 55
38 59
38 62
38 65
38 71
38 73
38 74
38 76
38 77
38 78
38 79
38 81
38 82
38 83
38 86
38 89
38 91
38 93
38 94
38 95
38 96
38 98
39 40
39 41
39 46
39 47
39 49
39 54
39 55
39 56
39 58
39 59
39 61
39 64
39 65
39 71
39 74
39 79
39 80
39 81
39 82
39 83
39 92
39 97
40 42
40 43
40 50
40 53
40 54
40 58
40 59
40 61
40 67
40 69
40 71
40 75
40 78
40 83
40 87
40 88
40 89
40 91
40 92
40 93
40 95
40 97
41 44
41 45
41 48
41 49
41 54
41 56
41 57
41 58
41 60
41 61
41 63
41 65
41 78
41 79
41 81
41 83
41 90
41 91
41 93
41 94
41 98
41 99
42 50
42 53
42 54
42 56
42 59
42 60
42 63
42 64
42 67
42 70
42 75
42 76
42 77
42 79
42 81
42 92
42 96
42 97
42 98
43 46
43 48
43 49
43 50
43 52
43 53
43 64
43 65
43 66
43 69
43 73
43 76
43 79
43 80
43 84
43 87
43 88
43 90
43 91
43 92
43 93
43 95
43 98
44 45
44 47
44 49
44 51
44 52
44 53
44 56
44 64
44 67
44 68
44 69
44 70
44 78
44 79
44 80
44 82
44 83
44 84
44 91
44 92
44 93
44 95
44 96
44 97
44 99
45 48
45 52
45 53
45 56
45 57
45 59
45 61
45 70
45 72
45 73
45 74
45 76
45 81
45 84
45 87
45 88
45 89
45 90
45 92
45 93
45 95
45 96
45 97
45 99
46 48
46 50
46 52
46 54
46 55
46 56
46 59
46 62
46 63
46 66
46 68
46 70
46 71
46 73
46 74
46 77
46 78
46 81
46 82
46 83
46 86
46 87
46 89
46 92
46 96
46 97
46 99
47 48
47 49
47 50
47 55
47 56
47 57
47 60
47 62
47 63
47 64
47 70
47 72
47 73
47 75
47 81
47 82
47 83
47 84
47 87
47 91
47 93
47 98
47 99
48 51
48 54
48 57
48 58
48 61
48 63
48 65
48 66
48 67
48 68
48 69
48 71
48 77
48 78
48 81
48 83
48 85
48 89
48 90
48 91
48 92
48 93
48 97
48 99
49 50
49 51
49 52
49 53
49 54
49 55
49 56
49 60
49 61
49 62
49 63
49 69
49 70
49 71
49 72
49 74
49 75
49 77
49 79
49 80
49 82
49 83
49 85
49 87
49 89
49 95
49 97
50 51
50 52
50 54
50 57
50 59
50 62
50 64
50 65
50 67
50 69
50 71
50 76
50 79
50 80
50 83
50 85
50 87
50 92
50 93
50 94
50 97
50 98
50 99
51 54
51 56
51 59
51 61
51 64
51 65
51 66
51 67
51 71
51 76
51 78
51 79
51 84
51 87
51 88
51 90
51 92
51 94
51 97
51 99
52 53
52 54
52 55
52 59
52 62
52 68
52 72
52 79
52 80
52 81
52 85
52 86
52 89
52 93
52 98
53 55
53 58
53 59
53 62
53 63
53 64
53 66
53 77
53 81
53 83
53 84
53 94
54 55
54 56
54 58
54 59
54 60
54 62
54 67
54 71
54 72
54 77
54 78
54 79
54 86
54 87
54 90
54 91
54 92
54 95
54 96
54 97
54 98
55 56
55 57
55 60
55 61
55 62
55 63
55 65
55 70
55 72
55 75
55 77
55 79
55 84
55 85
55 87
55 88
55 91
55 92
55 96
55 98
56 57
56 59
56 64
56 68
56 75
56 76
56 78
56 79
56 80
56 84
56 88
56 89
56 91
56 95
56 97
56 99
57 63
57 64
57 66
57 67
57 68
57 72
57 74
57 75
57 79
57 80
57 81
57 86
57 88
57 93
57 95
57 96
57 97
58 59
58 62
58 63
58 65
58 68
58 70
58 71
58 72
58 77
58 78
58 80
58 81
58 86
58 87
58 88
58 92
58 93
58 94
58 97
58 98
58 99
59 60
59 64
59 72
59 73
59 74
59 75
59 78
59 82
59 83
59 84
59 87
59 88
59 89
59 90
59 92
59 93
59 98
59 99
60 64
60 66
60 67
60 69
60 70
60 78
60 80
60 85
60 90
60 94
60 95
60 98
60 99
61 62
61 64
61 66
61 69
61 72
61 74
61 80
61 83
61 84
61 86
61 89
61 91
61 93
61 94
61 95
61 96
61 98
62 64
62 65
62 66
62 68
62 71
62 75
62 76
62 78
62 80
62 83
62 84
62 85
62 90
62 91
62 92
62 93
62 95
62 97
62 98
63 65
63 66
63 70
63 76
63 77
63 79
63 81
63 83
63 87
63 89
63 90
63 91
63 98
64 65
64 67
64 72
64 74
64 76
64 78
64 80
64 81
64 84
64 85
64 87
64 88
64 89
64 90
64 91
64 94
65 66
65 72
65 75
65 76
65 77
65 81
65 82
65 86
65 87
65 89
65 92
65 94
65 96
65 97
65 98
65 99
66 70
66 74
66 75
66 80
66 81
66 82
66 92
66 93
66 94
66 97
66 98
67 69
67 70
67 71
67 78
67 82
67 84
67 87
67 88
67 89
67 90
67 94
67 96
67 99
68 73
68 75
68 77
68 81
68 83
68 86
68 89
68 93
68 94
68 95
68 96
68 98
69 71
69 72
69 76
69 77
69 81
69 82
69 83
69 84
69 88
69 93
69 94
69 96
69 97
70 71
70 72
70 76
70 77
70 80
70 81
70 82
70 83
70 88
70 89
70 92
70 96
70 97
71 74
71 78
71 80
71 84
71 86
71 90
71 92
71 93
71 96
71 99
72 75
72 77
72 79
72 80
72 82
72 84
72 87
72 92
72 95
72 97
72 99
73 74
73 77
73 84
73 86
73 90
73 92
73 94
73 97
73 98
73 99
74 77
74 82
74 86
74 88
74 94
74 95
74 97
74 99
75 76
75 77
75 80
75 82
75 83
75 84
75 86
75 88
75 92
75 97
75 99
76 78
76 79
76 80
76 84
76 87
76 90
77 85
77 86
77 87
77 91
77 93
77 95
77 98
78 79
78 80
78 83
78 84
78 90
78 92
78 94
78 96
78 97
79 81
79 82
79 83
79 85
79 87
79 89
79 93
79 94
79 99
80 83
80 85
80 87
80 90
80 92
80 95
80 97
80 99
81 85
81 87
81 88
81 89
81 93
81 94
81 95
81 97
81 99
82 83
82 85
82 88
82 89
82 90
82 93
82 94
82 95
82 99
83 86
83 87
83 96
84 85
84 86
84 88
84 89
84 92
84 94
84 97
84 99
85 88
85 92
85 93
85 95
85 97
86 87
86 90
86 91
86 92
86 93
86 97
86 99
87 89
87 90
87 99
88 91
88 95
88 96
88 97
88 98
88 99
89 95
89 99
90 91
90 98
90 99
91 92
91 95
91 96
91 99
92 94
93 94
93 95
93 98
93 99
94 96
94 99
96 98
97 98
97 99
98 99
