0 1
0 2
0 7
0 9
0 11
0 14
0 15
0 16
0 21
0 22
0 24
0 25
0 26
0 30
0 31
0 33
0 37
0 38
0 39
0 40
0 42
0 45
0 46
0 48
0 50
0 52
0 59
0 60
0 62
0 63
0 64
0 65
0 66
0 67
0 68
0 72
0 74
0 75
0 76
0 81
0 83
0 84
0 85
0 91
0 92
0 98
0 99
1 2
1 3
1 7
1 8
1 9
1 10
1 11
1 12
1 13
1 16
1 17
1 18
1 20
1 21
1 26
1 28
1 33
1 35
1 38
1 39
1 40
1 42
1 43
1 45
1 50
1 54
1 55
1 56
1 57
1 59
1 60
1 61
1 63
1 64
1 66
1 67
1 68
1 71
1 76
1 80
1 82
1 86
1 90
1 95
2 4
2 8
2 13
2 16
2 17
2 19
2 20
2 23
2 25
2 26
2 28
2 29
2 30
2 33
2 34
2 36
2 39
2 40
2 43
2 45
2 47
2 48
2 49
2 51
2 57
2 59
2 61
2 62
2 63
2 64
2 66
2 69
2 71
2 72
2 77
2 80
2 82
2 84
2 86
2 88
2 92
2 93
2 99
3 6
3 7
3 12
3 17
3 18
3 19
3 21
3 23
3 30
3 35
3 36
3 37
3 38
3 40
3 41
3 43
3 52
3 56
3 59
3 60
3 67
3 71
3 72
3 74
3 82
3 84
3 85
3 87
3 88
3 89
3 93
3 96
4 7
4 8
4 9
4 11
4 14
4 26
4 33
4 38
4 39
4 42
4 44
4 47
4 48
4 50
4 51
4 55
4 61
4 64
4 67
4 71
4 72
4 75
4 77
4 79
4 81
4 82
4 83
4 85
4 86
4 88
4 92
4 94
4 96
4 97
5 7
5 9
5 10
5 14
5 17
5 20
5 21
5 23
5 25
5 30
5 32
5 35
5 39
5 41
5 44
5 48
5 52
5 53
5 56
5 59
5 63
5 66
5 69
5 73
5 76
5 79
5 80
5 81
5 85
5 99
6 7
6 16
6 17
6 20
6 22
6 23
6 26
6 27
6 28
6 30
6 31
6 39
6 46
6 48
6 50
6 53
6 55
6 57
6 58
6 63
6 64
6 65
6 66
6 70
6 71
6 72
6 76
6 79
6 80
6 81
6 84
6 85
6 86
6 90
6 92
6 95
6 97
6 98
7 8
7 11
7 12
7 16
7 24
7 27
7 29
7 30
7 31
7 32
7 33
7 40
7 45
7 48
7 49
7 50
7 56
7 57
7 58
7 59
7 60
7 61
7 62
7 70
7 71
7 73
7 76
7 77
7 79
7 80
7 81
7 83
7 84
7 86
7 87
7 89
7 94
7 96
8 10
8 12
8 13
8 17
8 18
8 20
8 24
8 27
8 29
8 30
8 32
8 38
8 40
8 42
8 43
8 49
8 53
8 55
8 56
8 59
8 60
8 61
8 62
8 63
8 66
8 72
8 74
8 75
8 76
8 78
8 83
8 84
8 86
8 88
8 89
8 90
8 91
8 92
8 94
8 98
9 10
9 11
9 14
9 16
9 18
9 22
9 23
9 25
9 28
9 35
9 39
9 40
9 44
9 45
9 47
9 48
9 54
9 57
9 59
9 62
9 64
9 66
9 71
9 72
9 73
9 75
9 79
9 80
9 84
9 85
9 87
9 88
9 90
9 92
9 93
9 94
10 17
10 22
10 24
10 26
10 28
10 31
10 35
10 36
10 41
10 43
10 44
10 46
10 47
10 49
10 50
10 52
10 53
10 54
10 55
10 57
10 59
10 63
10 64
10 65
10 66
10 69
10 71
10 73
10 74
10 79
10 85
10 94
10 95
10 96
10 97
10 99
11 12
11 18
11 20
11 21
11 22
11 23
11 25
11 33
11 34
11 36
11 37
11 44
11 47
11 48
11 51
11 57
11 59
11 63
11 64
11 68
11 69
11 70
11 71
11 72
11 73
11 76
11 82
11 83
11 84
11 85
11 86
11 87
11 89
11 91
11 93
11 95
12 17
12 19
12 20
12 22
12 23
12 39
12 42
12 44
12 45
12 49
12 50
12 59
12 63
12 64
12 65
12 68
12 71
12 76
12 77
12 79
12 83
12 85
12 87
12 88
13 16
13 17
13 26
13 31
13 32
13 34
13 36
13 37
13 39
13 41
13 45
13 47
13 48
13 49
13 51
13 52
13 58
13 62
13 68
13 72
13 74
13 75
13 78
13 80
13 81
13 82
13 83
13 87
13 89
13 92
13 98
14 20
14 22
14 26
14 33
14 34
14 35
14 39
14 43
14 48
14 52
14 53
14 55
14 56
14 58
14 60
14 63
14 64
14 67
14 71
14 72
14 73
14 77
14 84
14 86
14 91
14 94
14 96
14 97
14 99
15 16
15 19
15 30
15 37
15 40
15 42
15 43
15 44
15 46
15 48
15 51
15 54
15 55
15 56
15 59
15 61
15 62
15 67
15 79
15 80
15 81
15 82
15 87
15 95
16 19
16 23
16 25
16 26
16 27
16 28
16 30
16 31
16 34
16 36
16 37
16 39
16 40
16 45
16 48
16 49
16 50
16 54
16 55
16 57
16 63
16 66
16 70
16 72
16 73
16 74
16 76
16 80
16 83
16 84
16 85
16 86
16 87
16 88
16 89
16 94
16 97
17 18
17 19
17 21
17 23
17 28
17 29
17 31
17 32
17 34
17 40
17 41
17 43
17 44
17 46
17 49
17 53
17 54
17 55
17 57
17 67
17 69
17 71
17 72
17 73
17 74
17 79
17 81
17 83
17 84
17 85
17 86
17 91
17 93
17 95
17 96
17 97
18 23
18 25
18 26
18 27
18 29
18 30
18 33
18 34
18 36
18 37
18 38
18 40
18 43
18 44
18 47
18 48
18 50
18 51
18 52
18 53
18 58
18 59
18 61
18 62
18 64
18 67
18 70
18 72
18 73
18 77
18 78
18 80
18 84
18 85
18 86
18 99
19 23
19 26
19 32
19 35
19 36
19 38
19 39
19 40
19 43
19 44
19 45
19 46
19 51
19 52
19 54
19 59
19 64
19 68
19 71
19 73
19 74
19 76
19 77
19 82
19 84
19 85
19 86
19 87
19 88
19 90
19 94
19 97
20 22
20 23
20 25
20 26
20 30
20 31
20 34
20 37
20 38
20 41
20 42
20 44
20 53
20 54
20 55
20 59
20 63
20 64
20 65
20 66
20 71
20 72
20 75
20 76
20 78
20 80
20 81
20 82
20 83
20 84
20 88
20 89
20 91
20 92
21 24
21 27
21 28
21 29
21 33
21 34
21 38
21 39
21 40
21 42
21 45
21 48
21 53
21 54
21 58
21 59
21 60
21 61
21 65
21 69
21 71
21 75
21 76
21 78
21 79
21 80
21 81
21 83
21 84
21 86
21 87
21 88
21 93
21 94
21 96
22 25
22 28
22 29
22 31
22 34
22 35
22 37
22 38
22 41
22 42
22 47
22 50
22 52
22 59
22 60
22 64
22 65
22 66
22 68
22 70
22 71
22 72
22 73
22 78
22 79
22 81
22 82
22 83
22 86
22 89
22 90
22 91
22 96
22 98
23 28
23 32
23 33
23 35
23 37
23 40
23 42
23 46
23 48
23 52
23 53
23 57
23 58
23 71
23 72
23 76
23 78
23 83
23 84
23 85
23 87
23 88
23 89
23 90
23 93
23 96
23 97
23 98
23 99
24 25
24 26
24 27
24 29
24 32
24 33
24 34
24 35
24 36
24 37
24 38
24 39
24 40
24 41
24 42
24 47
24 48
24 50
24 51
24 52
24 53
24 59
24 63
24 65
24 67
24 68
24 79
24 80
24 84
24 85
24 86
24 87
24 90
24 93
24 94
24 97
24 98
24 99
25 31
25 34
25 37
25 40
25 41
25 48
25 49
25 50
25 52
25 56
25 58
25 61
25 62
25 67
25 69
25 70
25 73
25 74
25 75
25 76
25 77
25 82
25 83
25 91
25 92
25 93
25 94
25 98
25 99
26 28
26 31
26 34
26 35
26 36
26 39
26 47
26 49
26 51
26 52
26 54
26 56
26 71
26 74
26 76
26 77
26 78
26 80
26 85
26 87
26 92
26 98
27 32
27 33
27 34
27 35
27 36
27 38
27 39
27 41
27 44
27 45
27 46
27 52
27 54
27 56
27 61
27 66
27 67
27 68
27 70
27 71
27 72
27 73
27 81
27 82
27 83
27 84
27 85
27 87
27 90
27 92
27 93
27 98
28 31
28 35
28 39
28 40
28 44
28 45
28 46
28 47
28 51
28 53
28 54
28 63
28 64
28 65
28 66
28 67
28 68
28 71
28 72
28 73
28 76
28 77
28 82
28 83
28 89
28 90
28 93
28 96
28 97
28 98
28 99
29 31
29 32
29 34
29 35
29 37
29 39
29 40
29 41
29 44
29 48
29 49
29 52
29 53
29 54
29 56
29 59
29 62
29 63
29 64
29 68
29 73
29 74
29 75
29 77
29 79
29 83
29 85
29 89
29 91
29 93
29 96
29 98
29 99
30 32
30 33
30 34
30 35
30 38
30 40
30 41
30 47
30 49
30 53
30 56
30 57
30 60
30 63
30 67
30 68
30 71
30 72
30 73
30 76
30 79
30 82
30 84
30 85
30 86
30 87
30 88
30 89
30 90
30 96
31 38
31 41
31 43
31 45
31 46
31 54
31 57
31 58
31 59
31 60
31 62
31 65
31 68
31 75
31 80
31 81
31 82
31 85
31 86
31 88
31 89
31 94
31 96
31 98
32 33
32 34
32 36
32 38
32 47
32 48
32 49
32 52
32 55
32 59
32 60
32 64
32 65
32 66
32 67
32 68
32 71
32 74
32 76
32 79
32 81
32 82
32 89
32 91
32 93
32 99
33 34
33 38
33 39
33 41
33 42
33 43
33 44
33 46
33 49
33 50
33 52
33 53
33 57
33 59
33 60
33 62
33 65
33 67
33 68
33 69
33 72
33 74
33 75
33 76
33 78
33 79
33 81
33 84
33 86
33 88
33 89
33 93
33 94
33 96
34 35
34 37
34 39
34 43
34 45
34 47
34 48
34 49
34 53
34 65
34 66
34 67
34 69
34 71
34 72
34 76
34 78
34 80
34 89
34 91
34 92
34 93
34 94
34 95
34 97
34 98
34 99
35 39
35 40
35 41
35 42
35 44
35 45
35 49
35 53
35 60
35 63
35 68
35 74
35 77
35 81
35 83
35 87
35 89
35 90
35 92
35 98
36 39
36 41
36 42
36 44
36 45
36 47
36 54
36 56
36 58
36 59
36 64
36 65
36 67
36 68
36 80
36 81
36 82
36 83
36 88
36 90
36 92
36 94
36 95
36 99
37 38
37 39
37 41
37 44
37 47
37 49
37 56
37 57
37 61
37 63
37 65
37 66
37 67
37 71
37 72
37 73
37 74
37 75
37 79
37 80
37 84
37 85
37 86
37 87
37 88
37 89
37 90
37 92
37 93
37 94
37 95
37 97
37 98
37 99
38 41
38 44
38 45
38 46
38 50
38 53
38 55
38 56
38 58
38 62
38 64
38 66
38 68
38 69
38 70
38 71
38 73
38 77
38 78
38 81
38 82
38 86
38 89
38 90
38 93
38 94
38 96
39 45
39 47
39 51
39 58
39 63
39 64
39 67
39 74
39 76
39 78
39 80
39 81
39 85
39 86
39 88
39 90
39 93
39 94
40 50
40 51
40 52
40 55
40 57
40 58
40 59
40 60
40 63
40 64
40 70
40 72
40 73
40 76
40 77
40 79
40 80
40 82
40 87
40 88
40 97
41 44
41 48
41 51
41 52
41 55
41 57
41 58
41 60
41 63
41 66
41 70
41 74
41 76
41 79
41 82
41 83
41 91
42 46
42 48
42 53
42 54
42 57
42 58
42 59
42 69
42 70
42 74
42 78
42 79
42 80
42 83
42 86
42 87
42 89
42 93
42 94
42 95
42 97
42 99
43 44
43 45
43 55
43 61
43 64
43 67
43 74
43 76
43 78
43 79
43 82
43 83
43 84
43 87
43 90
43 93
43 94
43 97
43 98
44 50
44 52
44 55
44 58
44 65
44 67
44 72
44 73
44 75
44 77
44 80
44 90
44 93
44 95
44 96
44 97
45 47
45 48
45 49
45 51
45 54
45 58
45 59
45 63
45 65
45 67
45 70
45 71
45 72
45 74
45 75
45 76
45 77
45 79
45 82
45 83
45 84
45 88
45 90
45 93
45 94
45 98
45 99
46 47
46 51
46 53
46 56
46 61
46 62
46 64
46 67
46 68
46 69
46 71
46 73
46 75
46 80
46 81
46 85
46 86
46 87
46 88
46 89
46 91
46 94
46 95
46 97
46 99
47 48
47 54
47 55
47 56
47 59
47 61
47 63
47 64
47 67
47 68
47 69
47 75
47 76
47 77
47 80
47 82
47 84
47 86
47 88
47 92
48 51
48 52
48 54
48 57
48 60
48 64
48 66
48 69
48 71
48 74
48 76
48 78
48 80
48 83
48 84
48 85
48 86
48 89
48 92
48 94
48 95
48 96
48 98
49 54
49 56
49 61
49 62
49 64
49 66
49 68
49 75
49 76
49 77
49 83
49 84
49 85
49 95
49 96
49 98
49 99
50 53
50 55
50 63
50 64
50 66
50 68
50 70
50 73
50 74
50 76
50 79
50 80
50 81
50 83
50 86
50 95
50 96
50 99
51 52
51 53
51 54
51 60
51 62
51 64
51 65
51 69
51 70
51 71
51 75
51 80
51 81
51 83
51 86
51 87
51 89
51 91
51 95
51 99
52 54
52 57
52 59
52 60
52 61
52 62
52 63
52 67
52 69
52 71
52 75
52 76
52 79
52 82
52 84
52 87
52 88
52 89
52 90
52 91
52 94
52 95
52 96
52 98
53 54
53 55
53 57
53 60
53 61
53 62
53 63
53 64
53 65
53 71
53 74
53 75
53 76
53 77
53 78
53 80
53 82
53 83
53 84
53 89
53 92
53 93
53 94
53 96
53 98
53 99
54 55
54 56
54 57
54 59
54 63
54 65
54 69
54 70
54 74
54 76
54 78
54 82
54 83
54 89
54 91
54 92
54 97
55 56
55 58
55 66
55 71
55 76
55 80
55 81
55 82
55 88
55 91
55 93
55 96
56 57
56 58
56 64
56 65
56 68
56 75
56 80
56 81
56 84
56 86
56 87
56 88
56 93
56 95
56 96
57 59
57 60
57 63
57 64
57 67
57 69
57 70
57 71
57 72
57 73
57 77
57 78
57 80
57 84
57 88
57 94
57 99
58 59
58 61
58 63
58 65
58 66
58 67
58 74
58 75
58 79
58 81
58 82
58 83
58 85
58 90
58 93
58 94
58 95
58 96
58 97
58 98
59 62
59 70
59 71
59 72
59 73
59 81
59 82
59 83
59 85
59 86
59 89
59 98
60 63
60 64
60 66
60 68
60 69
60 71
60 72
60 73
60 75
60 76
60 77
60 78
60 81
60 82
60 83
60 90
60 92
60 94
60 97
60 98
60 99
61 62
61 63
61 66
61 67
61 69
61 72
61 73
61 74
61 78
61 81
61 82
61 83
61 85
61 88
61 90
61 96
62 67
62 71
62 73
62 75
62 78
62 79
62 81
62 82
62 83
62 84
62 88
62 93
62 94
62 95
62 97
63 68
63 71
63 73
63 81
63 86
63 93
63 95
63 98
64 66
64 70
64 73
64 79
64 80
64 84
64 85
64 87
64 89
64 92
64 93
64 96
64 98
64 99
65 68
65 72
65 73
65 74
65 77
65 79
65 80
65 81
65 82
65 84
65 85
65 86
65 90
65 91
65 97
66 67
66 69
66 73
66 74
66 75
66 76
66 77
66 78
66 80
66 83
66 86
66 89
66 90
66 91
66 92
66 99
67 69
67 70
67 71
67 73
67 74
67 75
67 76
67 77
67 79
67 80
67 81
67 82
67 88
67 90
67 92
67 93
67 95
67 97
67 99
68 72
68 76
68 78
68 80
68 81
68 83
68 86
68 87
68 90
68 91
68 92
68 94
68 95
68 98
69 70
69 73
69 77
69 80
69 84
69 85
69 87
69 90
69 91
69 92
69 94
69 96
69 99
70 71
70 73
70 74
70 77
70 78
70 79
70 83
70 84
70 86
70 87
70 88
70 92
70 94
70 97
71 73
71 76
71 80
71 81
71 87
71 90
71 94
71 96
71 97
72 79
72 81
72 83
72 84
72 87
72 88
72 89
72 90
72 91
72 92
72 93
72 94
72 98
72 99
73 74
73 75
73 76
73 79
73 82
73 84
73 86
73 87
73 88
73 89
73 91
73 92
73 94
73 96
73 98
74 75
74 77
74 79
74 82
74 83
74 84
74 96
74 98
74 99
75 77
75 78
75 79
75 80
75 82
75 83
75 85
75 89
75 93
75 99
76 81
76 82
76 85
76 87
76 93
76 95
76 96
76 97
76 99
77 82
77 84
77 86
77 90
77 93
77 97
78 79
78 82
78 87
78 88
78 89
78 90
78 91
78 92
78 93
78 95
79 81
79 82
79 84
79 85
79 90
79 92
79 96
80 81
80 82
80 84
80 89
80 90
80 95
80 97
80 98
81 86
81 88
81 89
81 90
81 92
81 93
81 95
82 83
82 86
82 98
82 99
83 86
83 92
83 93
83 94
83 96
83 97
83 98
84 85
84 86
84 88
84 89
84 94
84 95
84 96
84 98
85 89
85 90
85 92
85 94
85 97
85 98
86 91
86 99
87 90
87 92
87 94
87 97
87 98
87 99
88 90
88 91
88 92
88 95
88 98
88 99
89 91
89 95
89 97
90 91
90 92
90 94
90 96
90 98
91 92
91 97
91 98
92 93
92 96
92 98
92 99
93 94
93 95
93 96
93 99
94 95
94 96
94 99
95 97
96 97
96 99
97 98
98 99
