0 1
0 3
0 4
0 11
0 13
0 15
0 16
0 18
0 21
0 25
0 30
0 33
0 40
0 41
0 43
0 47
0 49
0 50
0 51
0 53
0 56
0 59
0 63
0 64
0 65
0 69
0 70
0 73
0 76
0 80
0 81
0 83
0 86
0 87
0 89
0 92
0 97
0 98
1 3
1 4
1 5
1 6
1 9
1 11
1 14
1 23
1 25
1 27
1 28
1 34
1 38
1 42
1 43
1 45
1 49
1 50
1 53
1 55
1 57
1 59
1 61
1 65
1 67
1 70
1 84
1 86
1 87
1 93
1 94
1 95
2 4
2 5
2 9
2 10
2 14
2 22
2 23
2 24
2 25
2 31
2 33
2 42
2 44
2 48
2 50
2 53
2 59
2 65
2 67
2 68
2 70
2 72
2 73
2 75
2 76
2 77
2 79
2 82
2 87
2 91
2 92
2 93
2 98
3 5
3 6
3 10
3 14
3 15
3 17
3 26
3 30
3 32
3 36
3 42
3 47
3 49
3 54
3 61
3 65
3 71
3 73
3 74
3 76
3 79
3 83
3 84
3 86
3 88
3 92
3 93
3 95
3 96
4 9
4 10
4 14
4 18
4 21
4 24
4 29
4 30
4 34
4 36
4 41
4 43
4 44
4 49
4 59
4 60
4 62
4 64
4 65
4 67
4 68
4 69
4 75
4 78
4 85
4 86
4 89
4 95
4 96
5 7
5 9
5 10
5 19
5 21
5 23
5 30
5 31
5 35
5 40
5 49
5 54
5 61
5 67
5 72
5 75
5 77
5 83
5 84
5 86
5 89
5 94
6 8
6 17
6 20
6 25
6 30
6 31
6 33
6 38
6 42
6 45
6 49
6 50
6 52
6 54
6 57
6 60
6 66
6 69
6 71
6 74
6 81
6 83
6 84
6 86
6 92
6 95
6 96
7 8
7 18
7 20
7 22
7 29
7 35
7 36
7 38
7 39
7 40
7 41
7 45
7 51
7 54
7 55
7 57
7 60
7 62
7 63
7 66
7 68
7 71
7 73
7 76
7 78
7 79
7 80
7 83
7 86
7 87
7 88
7 90
7 95
7 98
8 14
8 18
8 20
8 21
8 25
8 27
8 32
8 37
8 38
8 45
8 51
8 53
8 54
8 56
8 58
8 60
8 69
8 73
8 83
8 84
8 86
8 90
8 91
8 93
8 94
8 95
9 15
9 17
9 23
9 24
9 26
9 27
9 35
9 40
9 41
9 45
9 47
9 50
9 54
9 59
9 63
9 64
9 68
9 71
9 73
9 75
9 83
9 86
9 87
9 90
9 92
9 94
9 99
10 11
10 12
10 13
10 16
10 18
10 22
10 24
10 33
10 34
10 37
10 39
10 42
10 45
10 46
10 49
10 50
10 56
10 62
10 63
10 68
10 69
10 73
10 78
10 86
10 87
10 93
11 13
11 16
11 24
11 26
11 33
11 41
11 47
11 48
11 62
11 67
11 69
11 71
11 77
11 78
11 79
11 80
11 83
11 84
11 93
11 94
11 97
11 99
12 16
12 17
12 18
12 19
12 31
12 32
12 35
12 38
12 41
12 46
12 47
12 49
12 50
12 52
12 56
12 63
12 71
12 75
12 79
12 81
12 82
12 88
12 89
12 90
12 99
13 14
13 16
13 25
13 28
13 29
13 30
13 47
13 55
13 56
13 57
13 58
13 61
13 62
13 63
13 65
13 66
13 67
13 69
13 70
13 74
13 79
13 82
13 85
13 87
13 89
13 93
13 94
14 17
14 19
14 20
14 24
14 25
14 26
14 31
14 32
14 33
14 35
14 37
14 39
14 44
14 45
14 47
14 49
14 55
14 58
14 59
14 61
14 62
14 65
14 68
14 69
14 71
14 72
14 75
14 78
14 80
14 82
14 84
14 89
14 90
14 93
14 94
15 16
15 17
15 20
15 26
15 33
15 35
15 37
15 38
15 43
15 50
15 51
15 63
15 64
15 74
15 75
15 81
15 83
15 84
15 88
15 89
15 90
15 97
15 99
16 22
16 23
16 24
16 33
16 39
16 40
16 46
16 47
16 50
16 54
16 55
16 57
16 69
16 72
16 77
16 81
16 84
16 88
16 91
16 93
17 21
17 29
17 31
17 32
17 49
17 51
17 56
17 57
17 61
17 70
17 71
17 76
17 77
17 79
17 87
17 89
17 95
17 99
18 20
18 21
18 25
18 26
18 40
18 43
18 46
18 50
18 53
18 54
18 58
18 61
18 62
18 68
18 72
18 74
18 76
18 81
18 91
18 93
18 94
18 95
18 99
19 21
19 22
19 25
19 27
19 28
19 29
19 36
19 37
19 39
19 40
19 48
19 51
19 54
19 59
19 63
19 72
19 73
19 74
19 75
19 83
19 84
19 85
19 87
20 21
20 24
20 29
20 31
20 35
20 36
20 38
20 45
20 52
20 56
20 67
20 69
20 76
20 78
20 80
20 81
20 83
20 84
20 88
20 96
20 99
21 24
21 29
21 32
21 34
21 36
21 44
21 47
21 49
21 58
21 59
21 60
21 61
21 64
21 84
21 87
21 88
21 89
21 93
21 94
21 95
21 98
22 26
22 29
22 31
22 39
22 42
22 43
22 46
22 47
22 48
22 49
22 52
22 56
22 60
22 64
22 69
22 79
22 84
22 85
22 88
22 89
22 91
22 92
22 99
23 31
23 32
23 45
23 51
23 59
23 71
23 72
23 73
23 75
23 79
23 80
23 81
23 97
23 99
24 25
24 30
24 31
24 34
24 39
24 40
24 43
24 44
24 57
24 58
24 67
24 68
24 70
24 73
24 80
24 85
24 88
24 89
24 90
24 91
24 93
24 94
24 97
25 26
25 28
25 30
25 31
25 32
25 36
25 42
25 43
25 44
25 45
25 47
25 49
25 52
25 59
25 61
25 66
25 67
25 68
25 69
25 71
25 75
25 82
25 83
25 87
25 90
25 91
25 96
26 27
26 31
26 33
26 58
26 59
26 66
26 71
26 73
26 74
26 76
26 83
26 84
26 87
26 89
26 92
26 94
27 28
27 30
27 34
27 35
27 36
27 37
27 40
27 44
27 48
27 50
27 55
27 60
27 61
27 64
27 65
27 66
27 81
27 86
27 87
27 88
27 93
27 95
27 97
27 99
28 30
28 39
28 40
28 41
28 45
28 51
28 52
28 60
28 61
28 62
28 65
28 70
28 71
28 74
28 75
28 80
28 82
28 84
28 93
28 97
28 98
29 33
29 35
29 40
29 41
29 42
29 43
29 45
29 46
29 47
29 49
29 53
29 54
29 56
29 61
29 63
29 68
29 70
29 73
29 74
29 75
29 79
29 81
29 82
29 86
29 89
29 91
29 96
29 98
30 33
30 34
30 35
30 39
30 40
30 41
30 42
30 45
30 46
30 47
30 48
30 56
30 59
30 60
30 64
30 68
30 74
30 80
30 85
30 86
30 91
30 97
30 98
31 32
31 35
31 37
31 38
31 42
31 45
31 47
31 49
31 51
31 63
31 64
31 69
31 77
31 79
31 81
31 82
31 86
31 89
31 94
32 37
32 38
32 40
32 42
32 45
32 46
32 51
32 52
32 56
32 58
32 61
32 62
32 67
32 71
32 77
32 78
32 84
32 91
33 35
33 41
33 45
33 52
33 54
33 55
33 56
33 57
33 60
33 64
33 67
33 69
33 72
33 76
33 77
33 79
33 81
33 82
33 83
33 88
33 97
33 99
34 36
34 40
34 44
34 48
34 50
34 54
34 56
34 57
34 59
34 65
34 69
34 72
34 76
34 78
34 79
34 83
34 85
34 88
34 90
34 93
34 94
34 98
34 99
35 37
35 38
35 39
35 41
35 43
35 44
35 45
35 48
35 50
35 51
35 55
35 59
35 60
35 68
35 76
35 77
35 79
35 85
35 87
35 89
35 93
36 37
36 38
36 46
36 50
36 53
36 54
36 59
36 61
36 63
36 64
36 66
36 79
36 83
36 88
36 89
36 91
36 93
36 94
36 95
36 96
37 44
37 48
37 59
37 60
37 61
37 68
37 69
37 71
37 73
37 80
37 83
37 89
37 97
37 99
38 43
38 46
38 47
38 48
38 49
38 51
38 53
38 56
38 58
38 59
38 60
38 64
38 68
38 69
38 71
38 76
38 81
38 84
38 87
38 91
38 92
38 97
38 98
39 44
39 46
39 48
39 49
39 51
39 53
39 57
39 58
39 60
39 62
39 64
39 65
39 68
39 70
39 77
39 78
39 84
39 86
39 89
39 91
39 93
40 42
40 44
40 50
40 54
40 60
40 61
40 62
40 64
40 65
40 66
40 67
40 73
40 81
40 86
40 87
40 93
40 98
41 44
41 48
41 49
41 57
41 61
41 64
41 77
41 79
41 85
41 87
41 89
41 92
41 95
42 43
42 44
42 45
42 46
42 47
42 49
42 50
42 54
42 55
42 63
42 65
42 66
42 68
42 69
42 71
42 75
42 93
42 96
42 99
43 45
43 46
43 47
43 49
43 55
43 58
43 61
43 63
43 65
43 73
43 75
43 76
43 81
43 86
43 89
43 90
43 93
43 95
43 98
44 45
44 51
44 52
44 54
44 59
44 60
44 66
44 67
44 75
44 79
44 80
44 81
44 86
44 88
44 91
44 92
44 94
44 95
44 97
44 99
45 48
45 50
45 51
45 60
45 61
45 62
45 67
45 68
45 70
45 72
45 73
45 77
45 88
45 91
45 95
45 97
45 99
46 55
46 63
46 77
46 78
46 79
46 80
46 81
46 83
46 88
46 94
46 96
47 50
47 55
47 59
47 60
47 63
47 67
47 73
47 74
47 77
47 79
47 80
47 92
47 93
47 96
48 49
48 56
48 58
48 59
48 63
48 64
48 65
48 69
48 70
48 79
48 80
48 82
48 84
48 87
48 89
48 93
48 95
48 97
48 98
49 56
49 63
49 64
49 73
49 80
49 81
49 84
49 92
49 93
49 95
49 96
49 97
49 98
50 52
50 57
50 60
50 64
50 66
50 68
50 71
50 75
50 76
50 78
50 80
50 95
50 96
50 98
51 57
51 63
51 66
51 75
51 83
51 85
51 86
51 88
51 89
51 93
51 94
52 54
52 56
52 57
52 64
52 67
52 73
52 76
52 77
52 79
52 80
52 81
52 84
52 89
52 94
52 95
52 96
52 97
52 98
53 54
53 55
53 72
53 74
53 80
53 82
53 84
53 94
53 95
53 98
54 55
54 61
54 62
54 75
54 78
54 83
54 85
54 86
54 87
54 92
54 96
54 97
54 98
55 61
55 62
55 70
55 71
55 72
55 74
55 79
55 81
55 86
55 88
55 89
55 90
55 94
55 96
55 99
56 61
56 63
56 66
56 71
56 72
56 82
56 84
56 86
56 98
57 63
57 71
57 73
57 75
57 78
57 79
57 81
57 83
57 85
57 86
57 93
57 96
57 97
57 98
57 99
58 64
58 65
58 68
58 70
58 71
58 72
58 74
58 79
58 82
58 84
58 88
58 90
58 92
58 99
59 63
59 65
59 73
59 75
59 83
59 85
59 89
59 91
59 95
59 96
59 99
60 61
60 63
60 68
60 70
60 72
60 77
60 81
60 86
60 92
60 95
60 96
60 99
61 67
61 70
61 82
61 83
61 89
61 91
61 93
61 94
61 96
62 65
62 79
62 81
62 82
62 84
62 85
62 89
62 95
62 98
63 71
63 74
63 77
63 78
63 83
63 85
63 89
63 93
63 95
64 68
64 74
64 76
64 77
64 80
64 85
64 87
64 88
65 73
65 85
65 86
65 87
65 89
65 90
65 91
65 94
65 98
66 70
66 73
66 78
66 83
66 87
66 90
66 93
67 70
67 71
67 72
67 73
67 75
67 76
67 77
67 81
67 84
67 85
67 86
67 87
67 89
67 92
67 94
67 97
68 76
68 85
68 96
68 97
68 98
69 70
69 71
69 73
69 74
69 75
69 81
69 84
69 85
69 86
69 95
69 96
69 97
70 71
70 76
70 77
70 81
70 85
70 92
70 94
70 96
71 75
71 81
71 87
71 88
71 90
71 95
71 97
72 77
72 80
72 81
72 83
72 85
72 86
72 87
72 97
72 98
73 74
73 77
73 78
73 84
74 79
74 83
74 93
74 95
74 98
75 82
75 83
75 84
76 80
76 86
76 88
76 95
76 97
76 98
77 78
77 81
77 86
77 88
77 90
78 84
78 85
78 88
78 90
78 91
78 97
79 81
79 83
79 85
79 87
79 95
79 97
80 83
80 84
80 90
80 91
80 96
80 97
80 98
80 99
81 85
81 93
82 83
82 85
82 90
82 95
83 85
83 87
83 97
84 87
84 94
84 96
85 89
85 90
85 93
85 95
85 96
85 99
86 89
86 93
86 95
86 96
87 91
87 92
87 93
87 94
87 95
87 96
87 98
87 99
88 91
88 93
89 96
90 93
90 99
91 97
92 95
92 96
93 94
93 95
93 98
94 95
94 97
95 96
95 98
96 97
96 98
96 99
97 99
