0 4
0 5
0 6
0 11
0 12
0 14
0 18
0 21
0 23
0 25
1 2
1 3
1 7
1 8
1 9
1 10
1 13
1 16
1 17
1 19
1 20
1 24
1 29
2 5
2 6
2 7
2 8
2 9
2 14
2 17
2 19
2 20
2 22
2 26
2 28
2 29
2 30
3 8
3 10
3 13
3 15
3 16
3 19
3 24
3 27
4 5
4 6
4 9
4 11
4 12
4 14
4 18
4 21
4 23
4 25
4 31
5 6
5 7
5 9
5 11
5 12
5 14
5 18
5 20
5 21
5 22
5 23
5 25
5 26
5 28
5 31
5 33
5 34
6 7
6 9
6 11
6 12
6 14
6 18
6 20
6 21
6 22
6 23
6 25
6 26
6 28
6 31
6 33
6 34
7 8
7 9
7 14
7 17
7 19
7 20
7 21
7 22
7 26
7 28
7 29
7 30
8 10
8 13
8 15
8 16
8 17
8 19
8 20
8 24
8 27
8 29
8 30
8 35
9 14
9 17
9 19
9 20
9 21
9 22
9 25
9 26
9 28
9 29
9 30
9 33
9 34
10 13
10 15
10 16
10 19
10 24
10 27
10 32
11 12
11 14
11 18
11 21
11 23
11 25
11 31
11 33
11 34
11 37
12 14
12 18
12 21
12 23
12 25
12 31
12 33
12 34
12 37
13 15
13 16
13 17
13 19
13 24
13 27
13 32
13 38
13 39
13 42
14 17
14 18
14 20
14 21
14 22
14 23
14 25
14 26
14 28
14 29
14 31
14 33
14 34
14 41
14 43
14 45
14 46
15 16
15 24
15 27
15 32
15 38
15 39
15 42
16 17
16 19
16 24
16 27
16 29
16 30
16 32
16 35
16 36
16 38
16 39
16 40
16 42
17 19
17 20
17 22
17 24
17 26
17 28
17 29
17 30
17 35
17 36
17 40
17 44
17 47
18 21
18 23
18 25
18 31
18 33
18 34
18 37
18 41
18 43
18 46
18 48
18 52
19 20
19 22
19 24
19 26
19 28
19 29
19 30
19 35
19 36
19 40
19 42
19 44
19 47
19 49
20 21
20 22
20 26
20 28
20 29
20 30
20 33
20 34
20 35
20 36
20 40
20 41
20 44
20 45
20 47
20 49
21 22
21 23
21 25
21 26
21 28
21 31
21 33
21 34
21 37
21 41
21 43
21 45
21 46
21 50
22 25
22 26
22 28
22 29
22 30
22 31
22 33
22 34
22 35
22 36
22 40
22 41
22 44
22 45
22 46
22 47
22 49
22 50
23 25
23 31
23 33
23 34
23 37
23 41
23 43
23 48
23 52
24 27
24 29
24 30
24 32
24 35
24 36
24 38
24 39
24 40
24 42
24 51
25 26
25 28
25 31
25 33
25 34
25 37
25 41
25 43
25 46
25 48
25 52
26 28
26 29
26 30
26 31
26 33
26 34
26 35
26 40
26 41
26 43
26 44
26 45
26 46
26 47
26 49
26 50
26 55
27 32
27 36
27 38
27 39
27 42
27 51
27 53
27 54
27 58
28 29
28 30
28 31
28 33
28 34
28 35
28 40
28 41
28 43
28 44
28 45
28 46
28 47
28 49
28 50
28 55
29 30
29 35
29 36
29 40
29 42
29 44
29 45
29 47
29 49
29 56
30 35
30 36
30 40
30 42
30 44
30 45
30 47
30 49
30 56
30 60
31 33
31 34
31 37
31 41
31 43
31 45
31 46
31 48
31 50
31 52
31 55
31 57
31 59
31 62
31 63
32 35
32 36
32 38
32 39
32 42
32 51
32 53
32 54
32 58
33 34
33 37
33 41
33 43
33 45
33 46
33 48
33 50
33 52
33 55
33 57
33 59
33 62
33 63
34 37
34 41
34 43
34 44
34 45
34 46
34 48
34 50
34 52
34 55
34 57
34 59
34 62
34 63
34 64
34 66
35 36
35 38
35 40
35 42
35 44
35 45
35 47
35 49
35 51
35 56
35 58
35 60
35 61
36 38
36 39
36 40
36 42
36 44
36 45
36 47
36 49
36 51
36 54
36 56
36 58
36 60
36 61
37 41
37 43
37 46
37 48
37 52
37 55
37 57
37 59
37 62
37 63
37 65
37 66
37 68
38 39
38 40
38 42
38 51
38 53
38 54
38 56
38 58
38 61
38 67
38 71
39 42
39 51
39 53
39 54
39 56
39 58
39 61
39 67
39 71
40 42
40 44
40 45
40 47
40 49
40 51
40 56
40 58
40 60
40 61
40 72
41 43
41 44
41 45
41 46
41 47
41 48
41 50
41 52
41 55
41 57
41 59
41 62
41 63
41 64
41 66
41 70
42 47
42 49
42 51
42 53
42 54
42 56
42 58
42 60
42 61
42 67
42 71
42 73
43 45
43 46
43 48
43 50
43 52
43 55
43 57
43 59
43 62
43 63
43 64
43 65
43 66
43 68
43 70
43 74
43 75
44 45
44 46
44 47
44 49
44 50
44 55
44 56
44 59
44 60
44 64
44 69
45 46
45 47
45 49
45 50
45 55
45 57
45 59
45 60
45 62
45 63
45 64
45 69
45 78
46 48
46 50
46 52
46 55
46 57
46 59
46 62
46 63
46 64
46 65
46 66
46 68
46 69
46 70
46 74
46 75
46 79
47 49
47 50
47 55
47 56
47 59
47 60
47 61
47 64
47 69
47 72
47 76
48 50
48 52
48 55
48 57
48 59
48 62
48 63
48 65
48 66
48 68
48 70
48 74
48 75
48 83
49 50
49 55
49 56
49 59
49 60
49 61
49 64
49 69
49 72
49 73
49 76
49 78
50 52
50 55
50 57
50 59
50 62
50 63
50 64
50 66
50 68
50 69
50 70
50 75
50 78
50 79
50 80
50 81
50 82
51 53
51 54
51 56
51 58
51 60
51 61
51 67
51 71
51 73
51 77
52 55
52 57
52 59
52 62
52 63
52 64
52 65
52 66
52 68
52 70
52 74
52 75
52 83
53 54
53 58
53 61
53 67
53 71
53 77
54 56
54 58
54 61
54 67
54 71
54 73
54 77
54 85
54 87
55 57
55 59
55 62
55 63
55 64
55 65
55 66
55 68
55 69
55 70
55 74
55 75
55 78
55 79
55 80
55 81
55 82
56 58
56 60
56 61
56 67
56 69
56 71
56 72
56 73
56 76
56 77
56 85
56 86
56 88
57 59
57 62
57 63
57 64
57 65
57 66
57 68
57 69
57 70
57 74
57 75
57 79
57 80
57 81
57 83
58 60
58 61
58 67
58 71
58 72
58 73
58 76
58 77
58 85
58 86
58 87
58 88
59 62
59 63
59 64
59 65
59 66
59 68
59 69
59 70
59 74
59 75
59 78
59 79
59 80
59 81
59 82
59 84
59 89
60 61
60 69
60 72
60 73
60 76
60 78
60 84
60 86
61 67
61 71
61 72
61 73
61 76
61 77
61 85
61 86
61 87
61 88
62 63
62 64
62 65
62 66
62 68
62 70
62 74
62 75
62 78
62 79
62 80
62 81
62 82
62 83
63 64
63 65
63 66
63 68
63 69
63 70
63 74
63 75
63 78
63 79
63 80
63 81
63 82
63 83
64 65
64 66
64 68
64 69
64 70
64 74
64 75
64 78
64 79
64 80
64 81
64 82
64 84
64 89
64 94
65 66
65 68
65 70
65 74
65 75
65 79
65 81
65 83
66 68
66 69
66 70
66 74
66 75
66 78
66 79
66 80
66 81
66 82
66 83
67 71
67 73
67 77
67 85
67 86
67 87
67 88
67 90
67 92
67 93
67 95
68 70
68 74
68 75
68 79
68 80
68 81
68 82
68 83
69 70
69 72
69 75
69 76
69 78
69 79
69 80
69 81
69 82
69 84
69 86
69 89
69 91
69 94
69 99
70 74
70 75
70 78
70 79
70 80
70 81
70 82
70 83
70 89
70 94
71 72
71 73
71 76
71 77
71 85
71 86
71 87
71 88
71 90
71 92
71 93
71 95
71 96
72 73
72 76
72 77
72 78
72 80
72 82
72 84
72 85
72 86
72 87
72 88
72 91
72 92
72 96
72 97
72 98
72 99
73 76
73 77
73 84
73 85
73 86
73 87
73 88
73 90
73 91
73 92
73 93
73 96
73 97
73 98
74 75
74 79
74 80
74 81
74 82
74 83
75 78
75 79
75 80
75 81
75 82
75 83
75 89
75 94
76 77
76 78
76 80
76 82
76 84
76 85
76 86
76 87
76 88
76 89
76 91
76 92
76 96
76 97
76 98
76 99
77 85
77 86
77 87
77 88
77 90
77 92
77 93
77 95
77 96
77 98
78 79
78 80
78 81
78 82
78 84
78 89
78 91
78 94
78 97
78 99
79 80
79 81
79 82
79 83
79 84
79 89
79 91
79 94
80 81
80 82
80 84
80 89
80 91
80 94
80 99
81 82
81 83
81 84
81 89
81 94
82 84
82 89
82 91
82 94
82 97
82 99
84 86
84 89
84 91
84 94
84 97
84 99
85 86
85 87
85 88
85 90
85 92
85 93
85 95
85 96
85 97
85 98
86 87
86 88
86 90
86 91
86 92
86 93
86 96
86 97
86 98
86 99
87 88
87 90
87 92
87 93
87 95
87 96
87 97
87 98
88 90
88 91
88 92
88 93
88 95
88 96
88 97
88 98
89 91
89 94
89 97
89 99
90 92
90 93
90 95
90 96
90 98
91 94
91 96
91 97
91 98
91 99
92 93
92 95
92 96
92 97
92 98
93 95
93 96
93 97
93 98
94 97
94 99
95 96
95 98
96 97
96 98
96 99
97 98
97 99
98 99
