0 1
0 2
0 3
0 4
0 5
0 6
0 8
0 9
0 11
0 13
0 16
0 17
0 19
0 20
0 23
0 24
0 32
0 34
0 35
1 2
1 3
1 4
1 5
1 6
1 9
1 16
1 17
1 19
1 20
1 24
1 32
1 34
1 35
1 36
2 3
2 4
2 5
2 6
2 8
2 9
2 11
2 13
2 15
2 16
2 17
2 18
2 19
2 20
2 21
2 22
2 23
2 24
2 26
2 27
2 28
2 31
2 32
2 34
2 35
2 37
2 39
2 42
3 4
3 5
3 6
3 9
3 16
3 17
3 19
3 20
3 23
3 24
3 32
3 34
3 35
3 36
4 5
4 6
4 8
4 9
4 11
4 13
4 16
4 17
4 19
4 20
4 22
4 23
4 24
4 26
4 27
4 28
4 31
4 32
4 34
4 35
4 36
4 37
4 39
4 42
4 43
4 45
4 46
5 6
5 8
5 9
5 11
5 13
5 16
5 17
5 19
5 20
5 23
5 24
5 32
5 34
5 35
5 36
5 45
5 46
6 9
6 16
6 17
6 19
6 20
6 23
6 24
6 32
6 34
6 35
6 36
6 45
6 46
6 50
7 10
7 12
7 14
7 15
7 18
7 21
7 25
7 29
7 30
7 33
7 38
7 40
7 41
7 44
7 48
8 9
8 10
8 11
8 12
8 13
8 14
8 15
8 16
8 18
8 19
8 20
8 21
8 22
8 23
8 24
8 26
8 27
8 28
8 30
8 31
8 32
8 33
8 34
8 35
8 37
8 38
8 39
8 42
8 43
8 47
8 49
9 11
9 13
9 16
9 17
9 19
9 20
9 22
9 23
9 24
9 26
9 27
9 28
9 31
9 32
9 34
9 35
9 36
9 37
9 39
9 42
9 43
9 45
9 46
9 50
9 51
10 11
10 12
10 13
10 14
10 15
10 18
10 21
10 22
10 25
10 26
10 27
10 29
10 30
10 33
10 38
10 40
10 41
10 44
10 48
11 12
11 13
11 14
11 15
11 16
11 17
11 18
11 19
11 20
11 21
11 22
11 23
11 24
11 26
11 27
11 28
11 30
11 31
11 32
11 33
11 34
11 35
11 37
11 38
11 39
11 42
11 43
11 47
11 49
11 51
11 52
11 56
12 13
12 14
12 15
12 18
12 21
12 22
12 25
12 26
12 27
12 28
12 29
12 30
12 33
12 38
12 40
12 41
12 44
12 47
12 48
12 53
13 14
13 15
13 16
13 17
13 18
13 19
13 20
13 21
13 22
13 23
13 24
13 26
13 27
13 28
13 30
13 31
13 32
13 33
13 34
13 35
13 37
13 38
13 39
13 42
13 43
13 46
13 47
13 49
13 51
13 52
13 55
13 56
14 15
14 18
14 19
14 20
14 21
14 22
14 23
14 25
14 26
14 27
14 28
14 29
14 30
14 31
14 33
14 37
14 38
14 39
14 40
14 41
14 42
14 43
14 44
14 47
14 48
14 49
14 53
14 55
14 57
15 16
15 18
15 19
15 20
15 21
15 22
15 23
15 25
15 26
15 27
15 28
15 29
15 30
15 31
15 33
15 37
15 38
15 39
15 40
15 41
15 42
15 43
15 47
15 49
15 53
15 55
15 57
16 17
16 18
16 19
16 20
16 21
16 22
16 23
16 24
16 26
16 27
16 28
16 31
16 32
16 34
16 35
16 36
16 37
16 39
16 42
16 43
16 45
16 46
16 47
16 49
16 50
16 51
16 52
16 56
17 19
17 20
17 23
17 24
17 31
17 32
17 34
17 35
17 36
17 39
17 42
17 45
17 46
17 50
17 51
18 19
18 20
18 21
18 22
18 23
18 25
18 26
18 27
18 28
18 29
18 30
18 31
18 32
18 33
18 37
18 38
18 39
18 41
18 42
18 43
18 47
18 49
18 53
18 55
18 56
18 57
18 60
19 20
19 21
19 22
19 23
19 24
19 26
19 27
19 28
19 30
19 31
19 32
19 33
19 34
19 35
19 36
19 37
19 38
19 39
19 42
19 43
19 45
19 46
19 47
19 49
19 50
19 51
19 52
19 56
20 21
20 22
20 23
20 24
20 26
20 27
20 28
20 30
20 31
20 32
20 33
20 34
20 35
20 36
20 37
20 39
20 42
20 43
20 45
20 46
20 47
20 49
20 50
20 51
20 52
20 56
21 22
21 23
21 25
21 26
21 27
21 28
21 29
21 30
21 31
21 32
21 33
21 37
21 38
21 39
21 41
21 42
21 43
21 47
21 49
21 53
21 55
21 56
21 57
21 60
22 23
22 24
22 26
22 27
22 28
22 30
22 31
22 32
22 33
22 34
22 35
22 37
22 38
22 39
22 41
22 42
22 43
22 47
22 49
22 51
22 52
22 53
22 55
22 56
22 57
22 60
23 24
23 26
23 27
23 28
23 30
23 31
23 32
23 33
23 34
23 35
23 36
23 37
23 38
23 39
23 42
23 43
23 45
23 46
23 47
23 49
23 50
23 51
23 52
23 55
23 56
23 65
24 26
24 27
24 28
24 31
24 32
24 34
24 35
24 36
24 37
24 39
24 42
24 43
24 45
24 46
24 49
24 50
24 51
24 52
24 61
25 29
25 30
25 33
25 38
25 40
25 41
25 44
25 48
25 54
25 58
25 59
25 62
25 63
25 66
26 27
26 28
26 30
26 31
26 32
26 33
26 34
26 35
26 37
26 38
26 39
26 41
26 42
26 43
26 47
26 49
26 51
26 52
26 53
26 55
26 56
26 57
26 60
26 64
26 65
26 67
27 28
27 30
27 31
27 32
27 33
27 34
27 35
27 37
27 38
27 39
27 41
27 42
27 43
27 45
27 46
27 47
27 49
27 51
27 52
27 53
27 55
27 56
27 57
27 60
27 64
27 65
27 67
27 70
28 30
28 31
28 32
28 33
28 34
28 35
28 37
28 38
28 39
28 42
28 43
28 45
28 46
28 47
28 49
28 50
28 51
28 52
28 53
28 55
28 56
28 57
28 60
28 64
28 65
28 67
28 70
29 30
29 33
29 38
29 40
29 41
29 44
29 48
29 53
29 54
29 57
29 58
29 59
29 62
29 63
29 66
30 31
30 33
30 37
30 38
30 39
30 40
30 41
30 42
30 43
30 44
30 47
30 48
30 49
30 53
30 54
30 55
30 56
30 57
30 58
30 60
30 62
30 63
30 64
30 65
30 66
30 71
30 72
31 32
31 33
31 34
31 35
31 36
31 37
31 38
31 39
31 42
31 43
31 45
31 46
31 47
31 49
31 50
31 51
31 52
31 53
31 55
31 56
31 57
31 60
31 61
31 64
31 65
31 67
31 69
31 70
32 34
32 35
32 36
32 37
32 39
32 42
32 43
32 45
32 46
32 47
32 49
32 50
32 51
32 52
32 56
32 61
32 65
32 68
32 69
33 37
33 38
33 39
33 40
33 41
33 42
33 43
33 44
33 47
33 48
33 49
33 52
33 53
33 54
33 55
33 56
33 57
33 58
33 60
33 62
33 63
33 64
33 65
33 66
33 67
33 70
33 71
33 72
34 35
34 36
34 37
34 39
34 42
34 43
34 45
34 46
34 49
34 50
34 51
34 52
34 56
34 61
34 68
34 69
34 74
34 75
34 76
35 36
35 37
35 39
35 42
35 43
35 45
35 46
35 47
35 49
35 50
35 51
35 52
35 56
35 61
35 65
35 68
35 69
35 74
35 75
35 76
35 77
35 78
36 39
36 42
36 43
36 45
36 46
36 50
36 51
36 52
36 61
36 68
36 74
36 76
37 38
37 39
37 42
37 43
37 45
37 46
37 47
37 49
37 50
37 51
37 52
37 53
37 55
37 56
37 57
37 60
37 61
37 64
37 65
37 67
37 69
37 70
37 79
37 80
38 39
38 40
38 41
38 42
38 43
38 44
38 47
38 48
38 49
38 53
38 54
38 55
38 56
38 57
38 58
38 59
38 60
38 62
38 63
38 64
38 65
38 66
38 67
38 70
38 71
38 72
38 73
39 42
39 43
39 45
39 46
39 47
39 49
39 50
39 51
39 52
39 53
39 55
39 56
39 57
39 60
39 61
39 64
39 65
39 67
39 68
39 69
39 70
39 75
39 77
39 78
39 79
39 80
40 41
40 44
40 48
40 53
40 54
40 57
40 58
40 59
40 62
40 63
40 66
40 71
40 73
41 44
41 47
41 48
41 53
41 54
41 55
41 57
41 58
41 59
41 60
41 62
41 63
41 64
41 66
41 71
41 72
41 73
42 43
42 45
42 46
42 47
42 49
42 50
42 51
42 52
42 53
42 55
42 56
42 57
42 60
42 61
42 64
42 65
42 67
42 68
42 69
42 70
42 75
42 77
42 78
42 79
42 80
43 45
43 46
43 47
43 49
43 50
43 51
43 52
43 53
43 55
43 56
43 57
43 60
43 61
43 64
43 65
43 67
43 68
43 69
43 70
43 75
43 77
43 78
43 79
43 80
44 48
44 53
44 54
44 57
44 58
44 59
44 62
44 63
44 66
44 71
44 72
44 73
45 46
45 49
45 50
45 51
45 52
45 56
45 61
45 68
45 69
45 74
45 75
45 76
45 77
45 78
45 81
45 83
45 84
46 49
46 50
46 51
46 52
46 56
46 61
46 65
46 67
46 68
46 69
46 74
46 75
46 76
46 77
46 78
46 81
46 83
47 49
47 51
47 52
47 53
47 55
47 56
47 57
47 58
47 60
47 62
47 63
47 64
47 65
47 66
47 67
47 69
47 70
47 71
47 72
47 79
47 80
47 82
48 53
48 54
48 57
48 58
48 59
48 60
48 62
48 63
48 64
48 66
48 71
48 72
48 73
48 88
49 50
49 51
49 52
49 53
49 55
49 56
49 57
49 58
49 60
49 61
49 64
49 65
49 67
49 68
49 69
49 70
49 71
49 72
49 75
49 77
49 78
49 79
49 80
49 82
49 87
50 51
50 52
50 56
50 61
50 65
50 67
50 68
50 69
50 74
50 75
50 76
50 77
50 78
50 81
50 83
50 84
50 85
50 86
50 91
51 52
51 55
51 56
51 60
51 61
51 64
51 65
51 67
51 68
51 69
51 70
51 74
51 75
51 76
51 77
51 78
51 79
51 80
51 81
51 83
51 84
51 85
51 86
51 90
51 91
52 53
52 55
52 56
52 57
52 60
52 61
52 64
52 65
52 67
52 68
52 69
52 70
52 74
52 75
52 76
52 77
52 78
52 79
52 80
52 81
52 83
52 85
52 86
52 90
52 91
53 54
53 55
53 56
53 57
53 58
53 59
53 60
53 62
53 63
53 64
53 65
53 66
53 67
53 69
53 70
53 71
53 72
53 73
53 79
53 80
53 82
53 87
53 89
53 92
53 93
53 94
53 95
54 55
54 57
54 58
54 59
54 60
54 62
54 63
54 64
54 66
54 71
54 72
54 73
54 82
54 88
54 89
54 94
55 56
55 57
55 58
55 60
55 62
55 63
55 64
55 65
55 66
55 67
55 69
55 70
55 71
55 72
55 73
55 75
55 77
55 78
55 79
55 80
55 82
55 87
55 89
55 92
55 93
56 57
56 58
56 60
56 61
56 64
56 65
56 67
56 68
56 69
56 70
56 71
56 72
56 74
56 75
56 76
56 77
56 78
56 79
56 80
56 81
56 82
56 87
56 90
56 93
56 98
57 58
57 59
57 60
57 62
57 63
57 64
57 65
57 66
57 67
57 69
57 70
57 71
57 72
57 73
57 79
57 80
57 82
57 87
57 89
57 92
57 93
57 94
57 95
57 97
58 59
58 60
58 62
58 63
58 64
58 65
58 66
58 67
58 70
58 71
58 72
58 73
58 79
58 80
58 82
58 87
58 88
58 89
58 92
58 94
58 95
58 97
59 60
59 62
59 63
59 64
59 66
59 71
59 72
59 73
59 88
59 89
59 94
60 62
60 63
60 64
60 65
60 66
60 67
60 69
60 70
60 71
60 72
60 73
60 75
60 77
60 78
60 79
60 80
60 82
60 87
60 89
60 92
60 93
60 94
60 95
60 97
60 98
60 99
60 100
61 65
61 67
61 68
61 69
61 70
61 74
61 75
61 76
61 77
61 78
61 79
61 80
61 81
61 83
61 84
61 85
61 86
61 90
61 91
61 96
62 63
62 64
62 66
62 71
62 72
62 73
62 82
62 87
62 88
62 89
62 92
62 94
62 95
62 97
63 64
63 65
63 66
63 70
63 71
63 72
63 73
63 79
63 82
63 87
63 88
63 89
63 92
63 94
63 95
63 97
64 65
64 66
64 67
64 69
64 70
64 71
64 72
64 73
64 77
64 78
64 79
64 80
64 82
64 87
64 89
64 92
64 93
64 94
64 95
64 97
64 98
64 99
64 100
65 67
65 68
65 69
65 70
65 71
65 72
65 74
65 75
65 76
65 77
65 78
65 79
65 80
65 81
65 82
65 87
65 90
65 91
65 92
65 93
65 98
65 99
65 100
66 71
66 72
66 73
66 82
66 87
66 88
66 89
66 92
66 94
66 95
66 97
67 68
67 69
67 70
67 71
67 72
67 74
67 75
67 76
67 77
67 78
67 79
67 80
67 81
67 82
67 87
67 90
67 91
67 92
67 93
67 98
67 99
67 100
68 69
68 70
68 74
68 75
68 76
68 77
68 78
68 79
68 80
68 81
68 83
68 84
68 85
68 86
68 90
68 91
68 93
68 96
69 70
69 72
69 74
69 75
69 76
69 77
69 78
69 79
69 80
69 81
69 82
69 83
69 84
69 85
69 86
69 87
69 90
69 91
69 93
69 96
69 98
69 100
70 71
70 72
70 73
70 74
70 75
70 77
70 78
70 79
70 80
70 81
70 82
70 87
70 89
70 90
70 91
70 92
70 93
70 94
70 95
70 97
70 98
70 99
70 100
71 72
71 73
71 79
71 80
71 82
71 87
71 88
71 89
71 92
71 93
71 94
71 95
71 97
71 98
71 99
71 100
72 73
72 79
72 80
72 82
72 87
72 88
72 89
72 92
72 93
72 94
72 95
72 97
72 98
72 99
72 100
73 79
73 80
73 82
73 87
73 88
73 89
73 92
73 94
73 95
73 97
73 99
74 75
74 76
74 77
74 78
74 79
74 80
74 81
74 83
74 84
74 85
74 86
74 90
74 91
74 96
75 76
75 77
75 78
75 79
75 80
75 81
75 83
75 84
75 85
75 86
75 87
75 90
75 91
75 93
75 96
75 98
75 100
76 77
76 78
76 80
76 81
76 83
76 84
76 85
76 86
76 90
76 91
76 96
77 78
77 79
77 80
77 81
77 82
77 83
77 84
77 85
77 86
77 87
77 90
77 91
77 93
77 96
77 98
77 100
78 79
78 80
78 81
78 82
78 83
78 84
78 85
78 86
78 87
78 90
78 91
78 93
78 96
78 98
78 100
79 80
79 81
79 82
79 87
79 89
79 90
79 91
79 92
79 93
79 94
79 95
79 97
79 98
79 99
79 100
80 81
80 82
80 85
80 86
80 87
80 89
80 90
80 91
80 92
80 93
80 94
80 95
80 97
80 98
80 99
80 100
81 83
81 84
81 85
81 86
81 90
81 91
81 93
81 96
82 87
82 88
82 89
82 90
82 92
82 93
82 94
82 95
82 97
82 98
82 99
82 100
83 84
83 85
83 86
83 90
83 91
83 96
84 85
84 86
84 90
84 91
84 96
85 86
85 90
85 91
85 96
86 90
86 91
86 96
87 89
87 90
87 92
87 93
87 94
87 95
87 97
87 98
87 99
87 100
88 89
88 92
88 94
88 95
88 97
89 92
89 93
89 94
89 95
89 97
89 98
89 99
89 100
90 91
90 93
90 96
90 98
90 99
90 100
91 93
91 96
91 98
91 100
92 93
92 94
92 95
92 97
92 98
92 99
92 100
93 94
93 95
93 97
93 98
93 99
93 100
94 95
94 97
94 98
94 99
94 100
95 97
95 98
95 99
95 100
97 98
97 99
97 100
98 99
98 100
99 100
