0 2
0 3
0 6
0 7
0 8
0 10
0 12
0 15
0 19
1 11
1 16
1 20
1 21
2 8
2 9
2 10
2 12
2 14
2 19
3 5
3 6
3 7
3 10
3 12
3 15
4 17
5 6
5 7
5 13
5 16
5 18
5 22
5 23
6 7
6 10
6 12
6 15
6 29
7 10
7 13
7 15
7 22
7 23
7 29
8 9
8 10
8 12
8 14
8 17
8 19
8 25
8 26
8 28
9 10
9 12
9 14
9 17
9 19
9 25
9 26
9 28
10 12
10 15
10 19
10 28
11 16
11 18
11 20
11 21
11 24
11 27
11 30
12 14
12 15
12 19
12 25
12 28
12 32
13 16
13 18
13 22
13 23
13 34
14 17
14 19
14 25
14 26
14 28
14 31
15 22
15 23
15 29
16 18
16 20
16 21
16 22
16 23
16 24
16 27
16 30
16 34
17 25
17 26
17 31
17 35
18 21
18 22
18 23
18 24
18 27
18 30
18 34
19 25
19 26
19 28
19 32
19 36
19 37
20 21
20 24
20 27
20 30
20 33
21 24
21 27
21 30
21 33
22 23
22 29
22 34
23 29
23 34
23 43
24 27
24 30
24 33
24 34
24 42
25 26
25 28
25 31
25 32
25 35
25 37
25 38
26 28
26 31
26 35
26 45
27 30
27 33
27 34
27 42
28 31
28 32
28 36
28 37
28 38
28 39
29 32
29 36
29 39
29 40
29 41
29 44
29 47
30 33
30 34
30 42
30 46
30 48
31 35
31 37
31 45
32 36
32 37
32 38
32 39
32 40
32 41
33 42
34 42
34 43
34 46
34 48
34 49
34 50
35 45
35 51
36 37
36 38
36 39
36 40
36 41
36 44
36 47
37 38
37 39
37 41
37 45
38 39
38 40
38 41
39 40
39 41
39 44
39 47
40 41
40 43
40 44
40 47
40 50
40 54
41 44
41 47
42 43
42 46
42 48
42 49
42 52
43 44
43 46
43 47
43 48
43 49
43 50
43 53
43 56
44 47
44 50
44 54
45 51
46 48
46 49
46 50
46 53
46 55
46 56
47 50
47 54
48 49
48 50
48 52
48 53
48 55
48 58
49 50
49 52
49 53
49 55
49 56
49 59
50 53
50 54
50 55
50 56
51 61
51 66
52 53
52 55
52 58
52 59
52 60
52 62
52 64
53 55
53 56
53 58
53 59
53 60
53 62
53 64
53 68
54 56
54 65
55 56
55 58
55 59
55 60
55 62
55 64
55 68
56 59
56 64
56 68
57 63
57 66
57 67
57 69
57 70
57 71
57 74
58 59
58 60
58 62
58 64
58 68
58 73
59 60
59 62
59 64
59 68
59 73
59 77
60 62
60 64
60 68
60 73
61 66
61 67
61 69
61 70
61 75
62 64
62 68
62 73
62 81
63 65
63 69
63 70
63 71
63 72
63 74
64 68
64 73
64 77
64 79
65 72
65 76
65 80
66 67
66 69
66 70
66 71
66 75
66 82
67 69
67 70
67 71
67 75
67 82
67 84
68 73
68 77
68 78
68 79
68 83
69 70
69 71
69 74
69 75
69 82
69 84
70 71
70 74
70 75
70 82
70 84
71 74
71 82
71 84
71 85
72 74
72 76
72 78
72 80
72 85
72 86
72 88
72 89
72 91
72 94
73 77
73 79
73 81
73 83
73 87
73 90
73 93
73 95
73 96
73 97
74 84
74 85
74 86
74 91
74 99
75 82
75 84
75 98
76 77
76 78
76 79
76 80
76 85
76 86
76 88
76 89
76 94
77 78
77 79
77 80
77 83
77 87
77 92
77 96
78 79
78 80
78 86
78 87
78 88
78 92
79 80
79 83
79 87
79 92
80 85
80 86
80 87
80 88
80 89
80 94
81 83
81 90
81 93
81 95
81 96
81 97
82 84
82 98
82 99
83 87
83 90
83 92
83 93
83 95
83 96
83 97
84 91
84 98
84 99
85 86
85 88
85 89
85 91
85 94
85 99
86 88
86 89
86 91
86 94
87 90
87 92
87 96
87 97
88 89
88 91
88 94
89 91
89 94
90 92
90 93
90 95
90 96
90 97
91 94
91 99
92 96
92 97
93 95
93 96
93 97
95 96
95 97
96 97
98 99
