0 3
0 13
0 14
1 4
1 8
1 9
1 10
2 5
2 7
2 11
3 8
3 13
3 14
3 16
4 8
4 9
4 10
4 17
4 18
5 7
5 11
5 12
5 15
6 9
6 11
6 12
6 15
8 10
8 13
8 17
8 18
8 19
9 10
9 12
9 20
9 21
10 13
10 17
10 18
10 19
10 20
10 22
11 12
11 15
12 15
12 21
13 14
13 16
13 17
13 18
13 19
13 23
14 16
14 17
14 19
14 23
16 23
17 18
17 19
17 20
17 22
17 23
17 24
17 25
17 26
17 27
18 19
18 20
18 22
18 23
18 24
18 25
18 26
18 27
18 28
18 29
18 30
19 20
19 22
19 23
19 24
19 25
19 26
19 27
19 28
19 29
19 35
19 36
20 21
20 22
20 24
20 25
20 26
20 27
20 28
20 30
21 22
21 24
21 26
21 28
21 30
21 33
21 34
21 39
22 24
22 25
22 26
22 27
22 28
22 30
22 35
22 36
22 41
22 42
23 25
23 29
23 32
23 35
23 36
23 37
23 38
24 25
24 26
24 27
24 28
24 30
24 33
24 34
24 39
24 41
24 42
24 43
25 26
25 27
25 28
25 29
25 30
25 32
25 35
25 36
25 42
26 27
26 28
26 29
26 30
26 35
26 36
26 41
26 42
26 43
27 28
27 29
27 30
27 35
27 36
27 41
27 42
28 30
28 33
28 34
28 39
28 41
28 42
28 43
29 32
29 35
29 36
29 37
29 38
30 33
30 35
30 36
30 39
30 41
30 42
30 43
30 45
30 46
31 40
32 35
32 36
32 37
32 38
33 34
33 39
33 41
33 43
33 48
34 39
34 41
34 43
34 48
34 51
35 36
35 37
35 42
35 45
35 46
36 37
36 42
36 43
36 45
36 46
37 38
37 47
37 52
37 53
37 55
38 47
38 52
38 53
38 55
39 41
39 42
39 43
39 48
39 51
40 44
40 49
40 50
40 56
41 42
41 43
41 45
41 46
41 48
41 51
42 43
42 45
42 46
43 45
43 46
43 48
43 51
43 57
44 49
44 50
44 56
45 46
45 60
46 60
47 52
47 53
47 55
47 61
47 66
48 51
48 54
48 57
48 58
48 59
48 62
48 64
49 50
49 56
49 59
49 65
50 56
50 59
50 65
51 54
51 57
51 58
51 62
51 64
51 69
51 70
51 72
52 53
52 55
52 61
52 63
52 66
52 67
53 55
53 60
53 61
53 63
53 66
53 67
53 68
53 71
54 57
54 58
54 59
54 62
54 64
54 69
54 72
55 61
55 63
55 66
55 67
55 68
55 71
56 65
57 58
57 62
57 64
57 69
57 70
57 72
57 74
58 59
58 62
58 64
58 69
58 70
58 72
59 64
59 65
60 63
60 66
60 67
60 68
60 71
60 75
60 77
60 79
61 63
61 66
61 67
61 68
61 71
61 77
62 64
62 69
62 70
62 72
62 74
62 80
62 81
63 66
63 67
63 68
63 71
63 75
63 77
63 79
63 82
63 84
64 69
64 70
64 72
64 80
64 81
66 67
66 68
66 71
66 77
66 79
66 82
66 84
67 68
67 71
67 75
67 77
67 79
67 82
67 84
68 71
68 75
68 77
68 79
68 82
68 84
69 70
69 72
69 73
69 74
69 76
69 78
69 80
69 81
69 83
69 85
69 87
69 88
70 72
70 73
70 74
70 76
70 78
70 80
70 81
70 83
70 85
70 87
70 88
70 91
70 92
70 95
71 75
71 77
71 79
71 82
71 84
71 90
71 93
72 74
72 78
72 80
72 81
72 85
72 88
72 94
73 74
73 75
73 76
73 78
73 79
73 83
73 87
73 88
73 91
73 92
74 76
74 78
74 80
74 81
74 83
74 85
74 87
74 88
74 91
74 92
74 94
74 95
74 96
75 76
75 77
75 78
75 79
75 82
75 83
75 84
75 87
76 78
76 79
76 83
76 85
76 87
76 88
76 91
76 92
76 95
77 79
77 82
77 84
77 90
77 93
77 97
77 98
78 80
78 81
78 83
78 85
78 87
78 88
78 91
78 92
78 94
78 95
78 96
78 99
79 82
79 83
79 84
79 90
79 93
79 97
80 81
80 83
80 85
80 86
80 87
80 88
80 91
80 92
80 94
80 95
80 96
80 99
81 83
81 85
81 86
81 87
81 88
81 91
81 92
81 94
81 95
81 96
81 99
82 84
82 90
82 93
82 97
82 98
83 85
83 87
83 88
83 91
83 92
83 94
83 95
83 96
83 99
84 90
84 93
84 97
84 98
85 87
85 88
85 91
85 92
85 94
85 95
85 96
85 99
86 89
87 88
87 91
87 92
87 94
87 95
87 96
87 99
88 91
88 92
88 94
88 95
88 96
88 99
90 93
90 97
90 98
91 92
91 94
91 95
91 96
91 99
92 94
92 95
92 96
92 99
93 97
93 98
94 95
94 96
94 99
95 96
95 99
96 99
97 98
