1 9
2 3
2 5
3 5
4 6
4 7
6 7
10 19
11 13
11 14
11 15
11 17
12 16
12 18
13 14
13 15
13 17
14 15
14 17
14 22
15 17
15 22
16 21
17 22
18 21
20 26
20 27
20 30
21 29
22 32
23 24
23 28
24 25
26 27
26 30
27 30
28 32
28 38
29 33
29 35
29 37
29 39
30 31
32 34
32 38
32 40
33 35
33 37
33 39
33 43
34 38
34 40
35 39
35 41
37 39
37 43
37 48
38 40
38 50
39 43
39 48
40 49
41 51
42 44
42 46
42 52
43 48
44 46
45 47
45 53
46 52
49 50
49 54
49 55
50 54
51 53
54 55
54 58
55 59
57 60
57 68
59 62
59 63
60 68
60 74
61 62
61 65
61 69
61 73
61 75
62 63
62 65
62 69
63 72
65 69
65 73
65 75
66 68
67 70
68 74
68 78
69 73
69 75
69 79
71 76
71 81
72 77
72 80
73 75
73 79
73 84
74 78
74 82
75 79
75 84
76 81
76 83
77 86
78 82
79 84
80 86
81 83
81 90
83 85
83 90
84 88
87 88
87 89
87 93
87 95
88 89
88 91
88 92
88 93
89 92
89 93
89 95
90 94
91 92
92 93
93 95
94 98
