0 1
0 4
0 5
0 8
0 10
0 11
0 13
0 14
1 4
1 5
1 8
1 10
1 11
1 13
1 14
2 7
2 9
2 12
2 15
3 6
3 7
4 5
4 10
4 11
4 13
4 14
4 17
5 8
5 10
5 11
5 13
5 14
6 7
6 9
6 18
7 9
7 18
8 10
8 14
8 16
8 19
9 12
9 18
10 11
10 13
10 14
10 16
10 19
11 13
11 14
11 17
11 20
11 21
12 15
13 14
13 17
13 20
13 21
14 17
14 19
14 23
15 17
15 20
15 21
16 19
16 23
17 20
17 21
18 22
18 28
19 23
19 25
19 27
20 21
20 29
20 30
20 36
21 29
21 30
21 36
22 28
22 31
23 25
23 27
23 33
23 39
24 26
24 28
24 30
24 31
24 32
24 35
24 42
25 27
25 33
25 34
25 39
25 40
25 41
26 29
26 30
26 32
26 35
26 37
26 38
26 42
26 47
27 33
27 39
27 45
27 51
28 31
28 32
28 46
28 49
29 30
29 35
29 36
29 37
29 38
29 42
29 43
29 44
29 48
30 32
30 35
30 36
30 37
30 38
30 42
30 43
30 48
30 58
31 32
31 46
31 47
31 49
31 50
31 52
31 55
31 61
32 35
32 37
32 38
32 42
32 46
32 47
32 49
33 39
33 40
33 41
33 45
33 51
33 53
33 59
33 60
34 36
34 39
34 40
34 41
34 43
34 44
34 45
34 53
34 54
34 62
35 36
35 37
35 38
35 42
35 43
35 47
35 48
35 58
36 37
36 38
36 40
36 41
36 43
36 44
36 48
36 54
36 62
37 38
37 42
37 43
37 44
37 48
37 58
38 42
38 43
38 44
38 47
38 48
38 58
39 40
39 41
39 45
39 51
39 53
39 59
39 60
39 63
40 41
40 43
40 44
40 45
40 51
40 53
40 54
40 62
40 63
40 65
41 43
41 44
41 45
41 51
41 53
41 54
41 62
41 63
41 65
42 43
42 47
42 48
42 58
42 64
43 44
43 48
43 54
43 58
43 62
43 67
44 48
44 54
44 62
44 65
44 67
44 69
45 51
45 53
45 59
45 60
45 63
45 66
46 47
46 49
46 50
46 52
46 55
46 56
46 57
46 61
46 68
46 70
47 48
47 49
47 58
47 61
47 64
48 58
48 64
48 67
48 71
49 50
49 52
49 55
49 56
49 57
49 61
49 68
49 70
49 74
50 52
50 55
50 56
50 57
50 61
50 68
50 70
51 53
51 59
51 60
51 63
51 65
51 66
51 73
52 55
52 56
52 57
52 61
52 68
52 70
53 54
53 59
53 60
53 63
53 65
53 66
53 73
53 75
53 76
54 62
54 63
54 65
54 67
54 69
54 71
54 72
54 75
55 56
55 57
55 61
55 68
55 70
55 79
56 57
56 61
56 68
56 70
56 79
57 61
57 68
57 70
57 79
58 64
58 67
58 71
58 77
59 60
59 63
59 65
59 66
59 73
60 63
60 65
60 66
60 73
61 68
61 70
61 74
61 78
61 79
62 63
62 65
62 67
62 69
62 71
62 72
62 75
62 80
63 65
63 66
63 69
63 72
63 73
63 75
63 76
64 67
64 71
64 77
64 78
64 81
65 69
65 72
65 73
65 75
65 76
65 80
66 73
66 76
66 85
67 69
67 71
67 72
67 77
67 80
67 83
68 70
68 74
68 79
68 82
69 71
69 72
69 75
69 76
69 80
69 83
69 84
70 74
70 79
70 82
70 87
70 88
71 72
71 77
71 80
71 83
71 84
72 75
72 76
72 80
72 83
72 84
72 94
73 75
73 76
73 85
74 78
74 79
74 81
74 82
74 87
74 88
74 89
74 91
74 92
75 76
75 80
75 84
75 94
76 80
76 85
76 94
76 95
77 78
77 81
77 83
77 86
77 93
78 81
78 86
78 87
78 88
78 89
78 91
78 92
78 93
79 82
79 87
79 88
79 90
79 91
79 92
79 97
80 83
80 84
80 94
80 98
81 86
81 88
81 89
81 91
81 93
82 87
82 88
82 90
82 91
82 92
82 97
83 84
83 94
83 98
84 94
84 98
85 95
85 96
85 99
85 100
86 88
86 89
86 91
86 93
87 88
87 89
87 90
87 91
87 92
87 97
88 89
88 90
88 91
88 92
88 93
88 97
89 91
89 92
89 93
89 97
90 91
90 92
90 97
91 92
91 93
91 97
92 93
92 97
94 95
94 96
94 98
94 100
95 96
95 99
95 100
96 99
96 100
99 100
