0 1
1 3
2 5
3 6
4 7
5 6
7 8
7 9
7 10
8 9
8 10
8 13
8 14
9 10
9 13
9 14
10 14
11 20
11 21
12 17
12 19
13 14
13 15
13 18
15 16
15 18
15 23
16 18
16 23
16 24
17 19
17 25
17 26
18 23
19 25
19 26
20 21
20 22
20 30
21 22
21 30
23 24
23 32
24 25
24 34
25 34
26 38
27 29
27 31
28 32
28 33
29 31
30 36
33 41
34 39
34 43
35 37
35 42
35 44
36 44
37 45
38 48
39 40
39 47
40 47
42 44
42 45
44 50
45 46
46 48
46 56
47 51
47 53
47 54
47 55
48 56
48 58
49 52
51 53
51 54
51 55
53 54
53 55
53 63
54 55
56 58
56 62
56 64
57 61
57 66
58 59
58 62
58 69
59 69
59 70
60 65
61 66
62 64
62 69
63 67
64 65
68 71
69 70
69 72
69 73
70 72
70 73
71 75
72 74
73 77
76 79
76 84
78 80
78 82
78 83
79 84
79 85
80 81
80 82
80 83
81 82
82 83
83 87
84 85
85 86
85 91
86 91
87 93
88 90
88 92
89 90
89 97
90 97
91 99
92 94
92 95
92 98
94 95
94 98
95 96
95 98
96 99
