0 1
0 2
0 3
0 4
0 5
0 6
0 9
0 10
0 11
0 13
0 14
0 18
0 19
0 20
0 21
0 23
0 25
0 27
0 29
0 31
0 34
0 36
0 40
0 41
0 42
0 44
0 45
1 2
1 3
1 4
1 9
1 10
1 11
1 13
1 14
1 18
1 19
1 20
1 21
1 25
1 34
1 36
1 42
1 44
2 3
2 4
2 6
2 9
2 10
2 11
2 13
2 14
2 18
2 19
2 20
2 21
2 23
2 25
2 31
2 34
2 36
2 40
2 41
2 42
2 44
2 45
3 4
3 5
3 6
3 9
3 10
3 11
3 13
3 14
3 18
3 19
3 20
3 21
3 23
3 25
3 27
3 29
3 31
3 32
3 34
3 36
3 40
3 41
3 42
3 44
3 45
4 5
4 6
4 8
4 9
4 10
4 11
4 13
4 14
4 18
4 19
4 20
4 21
4 22
4 23
4 25
4 27
4 29
4 30
4 31
4 32
4 34
4 36
4 40
4 41
4 42
4 45
5 6
5 7
5 8
5 10
5 11
5 12
5 13
5 14
5 15
5 16
5 17
5 19
5 22
5 23
5 25
5 26
5 27
5 28
5 29
5 30
5 31
5 32
5 33
5 34
5 35
5 37
5 38
5 40
5 43
6 8
6 9
6 10
6 11
6 13
6 14
6 17
6 18
6 19
6 20
6 22
6 23
6 25
6 26
6 27
6 28
6 29
6 30
6 31
6 32
6 34
6 36
6 38
6 40
6 41
6 42
7 8
7 12
7 15
7 16
7 17
7 22
7 24
7 26
7 28
7 30
7 33
7 35
7 37
7 38
7 39
7 43
7 46
8 11
8 12
8 14
8 15
8 16
8 17
8 19
8 22
8 23
8 24
8 26
8 27
8 28
8 29
8 30
8 31
8 32
8 33
8 35
8 37
8 38
8 43
8 46
9 10
9 11
9 13
9 14
9 18
9 19
9 20
9 21
9 23
9 25
9 27
9 29
9 31
9 34
9 36
9 40
9 41
9 42
9 44
9 45
9 48
10 11
10 13
10 14
10 18
10 19
10 20
10 21
10 23
10 25
10 27
10 29
10 31
10 32
10 34
10 36
10 40
10 41
10 42
10 44
10 45
10 47
10 48
11 13
11 14
11 18
11 19
11 20
11 21
11 22
11 23
11 25
11 26
11 27
11 28
11 29
11 30
11 31
11 32
11 34
11 36
11 38
11 40
11 41
11 42
11 44
11 45
11 47
11 48
11 50
11 51
12 15
12 16
12 17
12 22
12 24
12 26
12 28
12 30
12 32
12 33
12 35
12 37
12 38
12 39
12 43
12 46
13 14
13 18
13 19
13 20
13 21
13 23
13 25
13 27
13 29
13 31
13 32
13 34
13 36
13 40
13 41
13 42
13 44
13 45
13 47
13 48
13 50
13 51
14 18
14 19
14 20
14 21
14 22
14 23
14 25
14 26
14 27
14 28
14 29
14 30
14 31
14 32
14 34
14 36
14 38
14 40
14 41
14 42
14 45
14 47
14 48
14 50
14 51
15 16
15 17
15 22
15 24
15 26
15 28
15 30
15 33
15 35
15 37
15 38
15 39
15 43
15 46
16 17
16 22
16 23
16 24
16 26
16 27
16 28
16 30
16 32
16 33
16 35
16 37
16 38
16 39
16 43
16 46
17 22
17 23
17 24
17 26
17 27
17 28
17 29
17 30
17 32
17 33
17 35
17 37
17 38
17 39
17 43
17 46
18 19
18 20
18 21
18 23
18 25
18 27
18 29
18 31
18 32
18 34
18 36
18 40
18 41
18 42
18 44
18 45
18 47
18 48
18 50
18 51
18 52
19 20
19 21
19 22
19 23
19 25
19 26
19 27
19 28
19 29
19 30
19 31
19 32
19 34
19 36
19 38
19 40
19 41
19 42
19 44
19 45
19 47
19 48
19 49
19 50
19 51
19 53
20 21
20 23
20 25
20 27
20 29
20 31
20 34
20 36
20 40
20 41
20 42
20 44
20 45
20 47
20 48
20 50
20 51
20 52
20 56
20 58
21 25
21 31
21 34
21 36
21 40
21 41
21 42
21 44
21 45
21 47
21 48
21 50
21 51
21 52
21 56
21 58
22 23
22 24
22 26
22 27
22 28
22 29
22 30
22 31
22 32
22 33
22 34
22 35
22 37
22 38
22 39
22 40
22 43
22 46
22 49
22 53
22 54
22 55
22 57
23 25
23 26
23 27
23 28
23 29
23 30
23 31
23 32
23 33
23 34
23 35
23 36
23 38
23 40
23 41
23 42
23 43
23 44
23 45
23 47
23 48
23 49
23 50
23 51
23 53
23 55
23 57
24 26
24 28
24 30
24 33
24 35
24 37
24 38
24 39
24 43
24 46
24 54
24 60
25 27
25 29
25 30
25 31
25 32
25 34
25 36
25 38
25 40
25 41
25 42
25 44
25 45
25 47
25 48
25 49
25 50
25 51
25 52
25 53
25 55
25 56
25 58
25 59
26 27
26 28
26 29
26 30
26 31
26 32
26 33
26 34
26 35
26 37
26 38
26 39
26 40
26 43
26 46
26 49
26 53
26 54
26 55
26 57
27 28
27 29
27 30
27 31
27 32
27 33
27 34
27 35
27 36
27 38
27 40
27 41
27 42
27 43
27 44
27 45
27 47
27 48
27 49
27 50
27 51
27 52
27 53
27 55
27 56
27 57
27 59
28 29
28 30
28 31
28 32
28 33
28 34
28 35
28 37
28 38
28 39
28 40
28 43
28 46
28 47
28 49
28 53
28 54
28 55
28 57
29 30
29 31
29 32
29 33
29 34
29 35
29 36
29 38
29 40
29 41
29 42
29 43
29 44
29 45
29 47
29 48
29 49
29 50
29 51
29 52
29 53
29 55
29 56
29 57
29 59
30 31
30 32
30 33
30 34
30 35
30 37
30 38
30 39
30 40
30 41
30 43
30 46
30 47
30 49
30 50
30 51
30 53
30 54
30 55
30 57
31 32
31 33
31 34
31 36
31 38
31 40
31 41
31 42
31 43
31 44
31 45
31 47
31 48
31 49
31 50
31 51
31 52
31 53
31 55
31 56
31 57
31 59
31 64
32 33
32 34
32 35
32 36
32 37
32 38
32 40
32 41
32 42
32 43
32 45
32 46
32 47
32 48
32 49
32 50
32 51
32 53
32 54
32 55
32 57
33 35
33 37
33 38
33 39
33 43
33 46
33 49
33 53
33 54
33 55
33 57
33 60
33 61
33 63
34 36
34 38
34 40
34 41
34 42
34 44
34 45
34 47
34 48
34 49
34 50
34 51
34 52
34 53
34 55
34 56
34 57
34 58
34 59
34 62
34 64
34 66
35 37
35 38
35 39
35 43
35 46
35 49
35 54
35 55
35 57
35 60
35 61
35 63
35 65
36 40
36 41
36 42
36 44
36 45
36 47
36 48
36 50
36 51
36 52
36 53
36 56
36 58
36 59
36 62
36 66
37 38
37 39
37 43
37 46
37 49
37 54
37 57
37 60
37 61
37 63
37 65
38 39
38 40
38 41
38 43
38 46
38 47
38 49
38 50
38 51
38 53
38 54
38 55
38 57
38 63
38 68
39 43
39 46
39 54
39 60
39 61
39 65
40 41
40 42
40 44
40 45
40 47
40 48
40 49
40 50
40 51
40 52
40 53
40 55
40 56
40 57
40 58
40 59
40 62
40 64
40 66
40 67
41 42
41 44
41 45
41 47
41 48
41 49
41 50
41 51
41 52
41 53
41 55
41 56
41 57
41 58
41 59
41 62
41 64
41 66
41 67
42 44
42 45
42 47
42 48
42 49
42 50
42 51
42 52
42 53
42 55
42 56
42 57
42 58
42 59
42 62
42 64
42 66
42 67
43 46
43 49
43 53
43 54
43 55
43 57
43 60
43 61
43 63
43 65
43 68
43 72
44 45
44 47
44 48
44 50
44 51
44 52
44 56
44 58
44 59
44 62
44 64
44 66
44 67
44 70
44 71
45 47
45 48
45 49
45 50
45 51
45 52
45 53
45 55
45 56
45 58
45 59
45 62
45 64
45 66
45 67
45 70
45 71
46 49
46 53
46 54
46 55
46 57
46 60
46 61
46 63
46 65
46 68
46 69
46 72
47 48
47 49
47 50
47 51
47 52
47 53
47 55
47 56
47 57
47 58
47 59
47 62
47 64
47 66
47 67
47 68
47 70
47 71
47 74
47 75
47 76
48 49
48 50
48 51
48 52
48 53
48 55
48 56
48 57
48 58
48 59
48 62
48 64
48 66
48 67
48 70
48 71
48 74
48 75
48 76
49 50
49 51
49 53
49 54
49 55
49 56
49 57
49 59
49 60
49 61
49 63
49 64
49 67
49 68
49 72
49 73
49 77
49 81
50 51
50 52
50 53
50 55
50 56
50 57
50 58
50 59
50 62
50 64
50 66
50 67
50 68
50 70
50 71
50 74
50 75
50 76
50 78
51 52
51 53
51 55
51 56
51 57
51 58
51 59
51 62
51 64
51 66
51 67
51 68
51 70
51 71
51 74
51 75
51 76
51 78
52 53
52 55
52 56
52 58
52 59
52 62
52 64
52 66
52 67
52 70
52 71
52 74
52 75
52 76
52 78
53 54
53 55
53 56
53 57
53 58
53 59
53 62
53 63
53 64
53 66
53 67
53 68
53 72
53 73
53 74
53 75
53 76
53 77
53 81
53 87
53 88
54 55
54 57
54 60
54 61
54 63
54 65
54 68
54 69
54 72
54 73
54 79
54 80
54 82
54 83
54 86
55 56
55 57
55 58
55 59
55 62
55 63
55 64
55 66
55 67
55 68
55 72
55 73
55 74
55 75
55 76
55 77
55 80
55 81
55 84
55 87
55 88
56 57
56 58
56 59
56 62
56 64
56 66
56 67
56 70
56 71
56 74
56 75
56 76
56 78
56 85
56 90
57 59
57 60
57 61
57 63
57 64
57 65
57 66
57 67
57 68
57 72
57 73
57 75
57 76
57 77
57 80
57 81
57 84
57 87
57 88
58 59
58 62
58 64
58 66
58 67
58 70
58 71
58 74
58 75
58 76
58 78
58 85
58 89
58 90
59 62
59 64
59 66
59 67
59 68
59 70
59 71
59 74
59 75
59 76
59 78
59 85
59 90
59 92
60 61
60 63
60 65
60 68
60 69
60 72
60 73
60 79
60 80
60 82
60 83
60 84
60 86
60 96
60 97
61 63
61 65
61 68
61 69
61 72
61 73
61 79
61 80
61 82
61 83
61 84
61 86
61 96
61 97
62 64
62 66
62 67
62 70
62 71
62 74
62 75
62 76
62 78
62 85
62 89
62 90
62 91
62 92
62 94
62 95
62 98
62 99
62 100
63 64
63 65
63 68
63 69
63 72
63 73
63 77
63 79
63 80
63 81
63 82
63 83
63 84
63 86
63 87
63 88
63 93
63 96
63 97
64 66
64 67
64 68
64 70
64 71
64 72
64 73
64 74
64 75
64 76
64 77
64 78
64 81
64 84
64 87
64 88
64 90
64 91
64 92
64 93
64 94
64 98
64 99
65 68
65 69
65 72
65 73
65 79
65 80
65 81
65 82
65 83
65 84
65 86
65 96
65 97
66 67
66 68
66 70
66 71
66 74
66 75
66 76
66 77
66 78
66 85
66 87
66 88
66 89
66 90
66 91
66 92
66 93
66 94
66 95
66 98
66 99
66 100
67 68
67 70
67 71
67 73
67 74
67 75
67 76
67 77
67 78
67 81
67 84
67 85
67 87
67 88
67 89
67 90
67 91
67 92
67 93
67 94
67 95
67 98
67 99
68 69
68 72
68 73
68 74
68 75
68 76
68 77
68 78
68 79
68 80
68 81
68 82
68 83
68 84
68 87
68 88
68 91
68 92
68 93
68 94
68 96
68 97
69 72
69 73
69 79
69 80
69 81
69 82
69 83
69 84
69 86
69 96
69 97
70 71
70 74
70 75
70 76
70 78
70 85
70 87
70 89
70 90
70 91
70 92
70 93
70 94
70 95
70 98
70 99
70 100
71 74
71 75
71 76
71 77
71 78
71 85
71 87
71 89
71 90
71 91
71 92
71 93
71 94
71 95
71 98
71 99
71 100
72 73
72 77
72 79
72 80
72 81
72 82
72 83
72 84
72 86
72 87
72 88
72 93
72 96
72 97
73 75
73 76
73 77
73 79
73 80
73 81
73 82
73 83
73 84
73 86
73 87
73 88
73 91
73 92
73 93
73 94
73 96
73 97
74 75
74 76
74 77
74 78
74 81
74 85
74 87
74 88
74 89
74 90
74 91
74 92
74 93
74 94
74 95
74 98
74 99
74 100
75 76
75 77
75 78
75 81
75 84
75 85
75 87
75 88
75 89
75 90
75 91
75 92
75 93
75 94
75 95
75 98
75 99
75 100
76 77
76 78
76 81
76 84
76 85
76 87
76 88
76 89
76 90
76 91
76 92
76 93
76 94
76 95
76 98
76 99
76 100
77 78
77 79
77 80
77 81
77 83
77 84
77 87
77 88
77 91
77 92
77 93
77 94
77 96
77 97
77 98
77 99
78 81
78 85
78 87
78 88
78 89
78 90
78 91
78 92
78 93
78 94
78 95
78 98
78 99
78 100
79 80
79 81
79 82
79 83
79 84
79 86
79 88
79 96
79 97
80 81
80 82
80 83
80 84
80 86
80 87
80 88
80 91
80 93
80 94
80 96
80 97
81 82
81 83
81 84
81 86
81 87
81 88
81 91
81 92
81 93
81 94
81 96
81 97
81 99
82 83
82 84
82 86
82 88
82 96
82 97
83 84
83 86
83 88
83 96
83 97
84 86
84 87
84 88
84 91
84 92
84 93
84 94
84 96
84 97
85 89
85 90
85 91
85 92
85 94
85 95
85 98
85 99
85 100
86 96
86 97
87 88
87 90
87 91
87 92
87 93
87 94
87 96
87 97
87 98
87 99
88 91
88 92
88 93
88 94
88 96
88 97
88 98
88 99
89 90
89 91
89 92
89 94
89 95
89 98
89 99
89 100
90 91
90 92
90 93
90 94
90 95
90 98
90 99
90 100
91 92
91 93
91 94
91 95
91 98
91 99
91 100
92 93
92 94
92 95
92 98
92 99
92 100
93 94
93 96
93 97
93 98
93 99
94 95
94 98
94 99
94 100
95 98
95 99
95 100
96 97
98 99
98 100
99 100
