0 1
2 3
3 5
5 6
5 7
6 7
6 13
6 15
7 13
7 15
8 10
8 11
8 14
8 17
9 12
9 18
10 11
10 14
10 17
11 12
11 17
11 18
12 18
13 15
13 23
13 30
14 17
15 23
15 24
15 30
16 21
16 22
16 25
17 18
19 20
19 27
19 32
20 27
20 32
20 34
21 22
21 25
21 33
22 25
22 33
22 39
23 24
23 30
23 31
23 35
23 40
24 30
24 31
24 34
24 35
24 40
25 33
25 39
26 27
27 32
27 34
28 29
28 36
28 38
29 36
29 38
30 31
30 35
31 34
31 35
31 40
32 34
32 37
32 43
33 39
33 41
34 37
34 40
35 40
36 38
37 40
37 43
37 46
37 49
39 41
39 44
39 48
40 46
40 47
41 44
41 48
42 45
42 51
43 49
43 53
44 48
44 54
45 51
46 47
46 49
46 53
46 55
47 55
48 54
49 53
53 60
54 61
56 58
56 63
56 65
58 60
58 63
58 65
60 63
60 65
60 67
61 62
61 64
61 66
62 64
63 65
63 67
65 67
68 69
68 70
69 70
72 74
73 75
73 79
74 81
74 82
75 79
75 84
76 78
76 89
78 88
78 89
78 90
79 84
80 85
81 82
81 84
82 87
83 86
84 91
85 88
85 94
86 95
88 89
88 90
89 90
91 96
92 93
92 98
93 98
95 97
