0 1
0 3
0 6
0 15
1 3
2 5
2 7
2 8
2 12
2 14
2 16
3 11
4 6
4 8
4 10
4 12
4 13
4 14
4 18
5 7
5 8
5 10
5 12
5 14
5 16
5 23
6 10
6 13
6 15
6 17
6 18
7 9
7 16
7 23
7 24
7 25
7 28
8 10
8 12
8 14
8 16
8 18
8 23
8 28
8 34
9 23
9 24
9 25
10 12
10 13
10 14
10 16
10 18
11 19
11 20
11 21
11 22
11 27
11 32
11 33
12 13
12 14
12 16
12 18
12 28
12 34
13 14
13 15
13 17
13 18
14 16
14 18
14 28
14 34
15 17
15 18
15 26
15 29
15 30
15 31
16 18
16 23
16 24
16 28
16 34
17 18
17 26
17 29
17 30
17 31
17 35
18 34
18 37
19 20
19 21
19 22
19 26
19 27
19 29
19 30
19 32
19 33
20 21
20 22
20 26
20 27
20 29
20 30
20 32
20 33
21 22
21 26
21 27
21 29
21 30
21 31
21 32
21 33
22 26
22 27
22 29
22 30
22 31
22 32
22 33
22 40
23 24
23 25
23 28
23 34
23 36
24 25
24 28
24 34
24 36
24 38
24 42
25 28
25 36
25 38
25 39
25 42
25 47
26 27
26 29
26 30
26 31
26 32
26 33
26 35
26 40
26 45
26 46
27 29
27 32
27 33
28 34
28 36
28 41
28 42
29 30
29 31
29 32
29 33
29 35
29 40
29 45
29 46
29 49
30 31
30 32
30 33
30 35
30 40
30 44
30 45
30 46
30 49
31 35
31 40
31 44
31 45
31 46
32 33
32 40
32 45
32 48
33 40
33 45
33 48
33 49
34 37
34 41
34 43
34 51
35 40
35 44
35 45
35 46
35 48
35 49
35 50
35 52
35 56
35 57
35 59
36 38
36 39
36 41
36 42
36 47
36 53
36 54
37 41
37 43
37 51
37 55
37 58
37 61
38 39
38 42
38 47
38 53
38 54
38 63
39 42
39 47
39 53
39 54
39 63
40 44
40 45
40 46
40 48
40 49
40 52
40 60
40 65
41 42
41 43
41 51
41 53
41 54
41 55
41 58
41 64
42 47
42 51
42 53
42 54
42 63
43 44
43 50
43 51
43 55
43 58
43 61
43 62
43 64
44 46
44 49
44 50
44 52
44 56
44 57
44 59
44 62
44 66
45 46
45 48
45 49
45 52
45 60
45 65
46 48
46 49
46 50
46 52
46 56
46 57
46 59
46 66
46 67
47 53
47 54
47 63
48 49
48 52
48 60
48 65
49 52
49 60
49 65
49 66
50 52
50 56
50 57
50 59
50 62
50 66
50 67
50 68
51 53
51 54
51 55
51 58
51 61
51 64
51 69
52 56
52 57
52 59
52 60
52 65
52 66
52 67
52 68
52 70
53 54
53 63
53 69
54 63
54 72
54 73
55 57
55 58
55 59
55 61
55 62
55 64
55 69
56 57
56 59
56 62
56 66
56 67
56 68
56 70
57 58
57 59
57 62
57 66
57 67
57 68
57 70
58 59
58 61
58 62
58 64
58 69
59 61
59 62
59 66
59 67
59 68
59 70
60 65
60 70
60 71
60 75
60 78
61 62
61 64
61 69
62 64
62 66
62 67
62 68
63 72
63 73
63 74
63 76
63 77
64 69
64 79
65 66
65 67
65 68
65 70
65 71
65 75
65 78
66 67
66 68
66 70
67 68
67 70
67 83
68 70
68 83
69 74
69 76
69 79
69 80
69 82
69 85
69 86
70 84
71 75
71 78
72 73
72 74
72 76
72 77
72 81
72 82
72 89
73 74
73 76
73 77
73 80
73 81
73 82
73 85
73 86
73 89
74 76
74 77
74 79
74 80
74 81
74 82
74 85
74 86
74 89
75 78
75 88
75 90
75 91
76 77
76 80
76 81
76 82
76 85
76 86
76 89
77 81
77 82
77 85
77 89
78 84
78 88
78 90
78 91
78 97
79 80
79 82
79 85
79 86
79 87
79 92
79 93
79 94
80 81
80 82
80 85
80 86
80 87
80 93
80 94
80 96
81 82
81 85
81 86
81 89
81 96
82 85
82 86
82 89
82 93
82 94
82 96
83 84
83 87
83 92
83 95
84 88
84 90
84 98
85 86
85 89
85 93
85 94
85 96
86 89
86 93
86 94
86 96
87 92
87 93
87 94
87 95
87 99
88 90
88 91
88 97
88 98
89 96
90 91
90 97
90 98
91 97
91 98
92 93
92 95
92 99
93 94
93 96
93 99
94 96
94 99
95 99
97 98
