0 5
0 7
0 8
0 9
0 13
0 14
0 15
0 16
1 3
1 5
1 6
1 10
1 11
1 18
2 4
2 12
3 6
3 10
3 18
4 12
5 6
5 7
5 9
5 10
5 11
5 13
5 14
5 16
5 20
5 22
6 9
6 10
6 11
6 16
6 18
6 20
6 22
7 8
7 9
7 11
7 13
7 14
7 15
7 16
7 21
7 22
7 24
8 13
8 14
8 15
8 17
8 19
8 21
9 10
9 11
9 13
9 14
9 16
9 20
9 21
9 22
9 24
9 26
10 11
10 16
10 18
10 20
10 22
11 13
11 14
11 16
11 18
11 20
11 21
11 22
12 17
12 19
12 23
13 14
13 15
13 16
13 20
13 21
13 22
13 24
13 25
13 26
14 15
14 16
14 21
14 22
14 24
14 25
14 26
14 27
15 16
15 17
15 19
15 21
15 24
15 25
15 27
16 20
16 21
16 22
16 24
16 26
16 28
16 31
16 32
16 33
17 19
17 30
17 34
18 20
18 22
18 29
18 36
18 37
19 25
19 27
19 30
19 34
20 21
20 22
20 24
20 26
20 28
20 29
20 31
20 32
20 33
20 35
20 37
20 38
21 22
21 24
21 25
21 26
21 27
21 28
21 31
21 32
21 33
22 24
22 26
22 28
22 31
22 32
22 33
22 35
22 37
22 38
23 30
23 43
24 25
24 26
24 27
24 28
24 31
24 32
24 33
24 35
24 38
24 39
24 40
24 42
25 26
25 27
25 28
25 33
25 40
25 41
25 42
25 45
26 27
26 28
26 31
26 32
26 33
26 35
26 37
26 38
26 39
26 40
26 42
26 44
27 28
27 33
27 41
27 42
27 45
28 31
28 32
28 33
28 35
28 37
28 38
28 39
28 40
28 42
28 44
28 45
28 47
29 31
29 32
29 35
29 36
29 37
29 38
29 50
29 51
29 52
29 53
30 34
30 43
30 46
30 49
31 32
31 33
31 35
31 37
31 38
31 39
31 40
31 44
32 33
32 35
32 37
32 38
32 39
32 40
32 42
32 44
33 35
33 37
33 38
33 39
33 40
33 41
33 42
33 44
33 45
33 47
33 54
34 43
34 46
34 49
34 56
35 36
35 37
35 38
35 39
35 40
35 44
35 51
35 52
35 60
36 37
36 38
36 48
36 50
36 51
36 52
36 53
36 57
37 38
37 39
37 40
37 44
37 51
37 52
37 53
37 57
37 60
38 39
38 40
38 42
38 44
38 45
38 47
38 51
38 52
38 53
38 54
38 57
38 60
38 62
39 40
39 41
39 42
39 44
39 45
39 47
39 54
39 59
39 60
39 61
39 62
40 41
40 42
40 44
40 45
40 47
40 54
40 59
40 60
40 61
40 62
41 42
41 44
41 45
41 47
41 54
41 55
41 58
41 59
41 61
41 62
41 67
42 44
42 45
42 47
42 54
42 55
42 59
42 61
42 62
42 67
43 46
43 49
43 56
43 63
43 65
44 45
44 47
44 54
44 59
44 60
44 61
44 62
44 66
45 47
45 54
45 55
45 59
45 61
45 62
45 67
46 49
46 56
46 63
46 65
47 54
47 55
47 59
47 61
47 62
47 67
48 50
48 51
48 52
48 53
48 57
49 55
49 56
49 58
49 64
49 68
50 51
50 52
50 53
50 57
51 52
51 53
51 57
51 60
51 66
52 53
52 57
52 60
52 66
53 57
53 60
53 66
54 55
54 59
54 60
54 61
54 62
54 66
54 67
55 58
55 59
55 61
55 62
55 64
55 67
56 58
56 63
56 64
56 65
56 68
56 69
57 60
57 66
58 59
58 61
58 64
58 67
58 68
58 69
59 61
59 62
59 64
59 67
60 62
60 66
60 70
60 71
61 62
61 64
61 67
62 66
62 67
62 71
63 65
64 67
64 68
64 69
65 72
65 73
65 77
66 70
66 71
66 78
67 74
67 79
68 69
68 72
68 75
68 76
68 82
69 72
69 75
69 76
69 77
69 82
70 71
70 74
70 78
70 80
70 81
70 83
71 74
71 78
71 80
71 81
71 83
72 73
72 75
72 76
72 77
72 82
72 86
73 76
73 77
73 86
74 78
74 79
74 80
74 81
74 84
74 85
74 87
74 88
74 91
74 92
75 76
75 79
75 82
75 84
75 90
76 77
76 82
76 86
77 82
77 86
78 80
78 81
78 83
78 91
79 84
79 85
79 87
79 88
79 90
79 92
79 93
80 81
80 83
80 85
80 91
81 83
81 85
81 87
81 91
81 92
82 86
82 90
82 94
82 95
83 91
83 96
84 85
84 87
84 88
84 90
84 91
84 92
84 93
85 87
85 88
85 90
85 91
85 92
85 93
86 94
86 95
86 97
86 98
86 99
87 88
87 90
87 91
87 92
87 93
88 90
88 91
88 92
88 93
89 96
90 92
90 93
90 94
90 95
91 92
91 93
92 93
94 95
94 97
94 99
95 97
95 99
97 98
97 99
98 99
