0 2
0 3
0 13
1 12
1 14
2 4
2 13
3 7
3 13
4 6
4 9
5 10
6 8
6 9
8 9
11 15
11 16
12 14
12 17
14 16
14 17
16 17
18 21
19 23
20 24
23 31
24 25
27 31
29 30
29 32
29 33
30 32
30 33
31 34
32 33
35 41
36 39
36 42
37 44
38 46
39 42
40 41
43 45
43 51
45 47
45 49
45 50
46 48
47 49
47 50
49 50
51 55
52 53
52 61
53 61
54 57
54 58
54 62
55 63
56 65
57 58
57 62
57 67
58 60
58 62
58 67
59 63
60 62
60 67
61 66
62 67
65 69
66 68
66 70
67 71
67 74
68 70
69 75
71 74
71 77
73 76
73 77
73 78
74 77
75 79
75 80
76 77
76 78
77 78
78 91
79 80
79 81
79 85
79 92
80 81
80 84
80 85
80 92
81 92
81 94
81 96
82 99
83 90
83 93
84 85
84 92
84 94
85 92
85 94
86 95
87 96
87 97
88 89
90 93
90 98
91 95
92 94
92 96
92 97
93 98
94 96
96 97
