0 2
0 3
0 4
0 5
0 6
0 9
0 10
0 12
0 14
0 15
0 16
0 17
0 18
0 19
0 22
0 24
1 2
1 3
1 4
1 11
1 12
1 13
1 15
1 20
1 21
1 22
1 23
1 25
1 26
1 27
1 29
2 3
2 4
2 5
2 6
2 9
2 10
2 12
2 13
2 14
2 15
2 16
2 17
2 18
2 19
2 21
2 22
2 26
2 28
3 4
3 5
3 6
3 9
3 10
3 12
3 13
3 14
3 15
3 16
3 17
3 18
3 19
3 21
3 22
3 26
3 28
4 5
4 6
4 9
4 10
4 12
4 13
4 14
4 15
4 16
4 17
4 21
4 22
4 25
4 26
4 27
4 28
5 6
5 9
5 10
5 12
5 14
5 15
5 16
5 17
5 18
5 19
5 22
5 24
6 9
6 10
6 12
6 14
6 15
6 16
6 17
6 18
6 19
6 21
6 22
6 24
7 8
7 11
7 20
7 23
8 11
8 20
8 23
9 10
9 12
9 13
9 14
9 15
9 16
9 17
9 18
9 19
9 21
9 22
9 24
9 26
9 28
9 31
9 33
9 35
10 12
10 13
10 14
10 15
10 16
10 17
10 18
10 19
10 21
10 22
10 24
10 26
11 20
11 23
11 25
11 27
11 29
11 30
11 32
12 13
12 14
12 15
12 16
12 17
12 21
12 22
12 25
12 26
12 27
12 28
12 31
12 33
12 35
12 38
13 14
13 15
13 16
13 17
13 21
13 22
13 23
13 25
13 26
13 27
13 28
13 29
13 30
13 31
13 33
13 34
13 37
14 15
14 16
14 17
14 18
14 19
14 21
14 22
14 24
14 26
14 28
14 31
14 33
14 35
15 16
15 17
15 18
15 19
15 21
15 22
15 25
15 26
15 27
15 28
15 31
15 33
15 35
15 38
16 17
16 18
16 19
16 21
16 22
16 24
16 26
16 28
16 31
16 33
16 35
16 38
17 18
17 19
17 21
17 22
17 24
17 26
17 28
17 31
17 33
17 35
17 38
18 19
18 24
19 24
19 43
20 23
20 25
20 27
20 29
20 30
20 32
20 36
20 39
20 40
21 22
21 25
21 26
21 27
21 28
21 29
21 31
21 33
21 34
21 35
21 37
21 38
21 41
21 42
22 25
22 26
22 27
22 28
22 31
22 33
22 34
22 35
22 37
22 38
22 41
23 25
23 27
23 28
23 29
23 30
23 32
23 34
23 36
23 37
23 39
23 40
24 35
24 43
24 45
24 46
24 47
24 48
25 26
25 27
25 28
25 29
25 30
25 31
25 32
25 33
25 34
25 37
25 38
25 40
25 41
25 42
25 44
26 27
26 28
26 29
26 30
26 31
26 33
26 34
26 35
26 37
26 38
26 41
26 42
26 44
27 28
27 29
27 30
27 31
27 32
27 33
27 34
27 37
27 38
27 40
27 41
27 42
27 44
27 52
27 53
28 29
28 30
28 31
28 33
28 34
28 35
28 37
28 38
28 41
28 42
28 44
29 30
29 31
29 32
29 34
29 36
29 37
29 39
29 40
29 41
29 42
29 44
29 50
29 51
29 52
29 53
30 31
30 32
30 34
30 36
30 37
30 39
30 40
30 41
30 42
30 44
30 50
30 51
30 52
30 53
31 33
31 34
31 35
31 37
31 38
31 41
31 42
31 44
31 49
31 53
31 54
31 55
32 34
32 36
32 37
32 39
32 40
32 42
32 50
32 51
32 52
32 53
33 34
33 35
33 37
33 38
33 41
33 42
33 44
33 49
33 53
33 54
33 55
33 57
34 35
34 37
34 38
34 40
34 41
34 42
34 44
34 51
34 52
34 53
34 54
34 55
34 58
35 37
35 38
35 41
35 42
35 43
35 44
35 45
35 48
35 49
35 54
35 57
36 39
36 40
36 50
36 51
37 38
37 40
37 41
37 42
37 44
37 51
37 52
37 53
37 54
37 55
37 58
37 61
38 41
38 42
38 44
38 49
38 53
38 54
38 55
38 57
38 58
39 40
39 50
39 51
39 52
40 42
40 50
40 51
40 52
40 53
40 61
41 42
41 44
41 51
41 52
41 53
41 54
41 55
41 58
41 61
41 64
41 65
41 66
42 44
42 51
42 52
42 53
42 54
42 55
42 58
42 61
42 64
42 65
42 66
43 45
43 46
43 47
43 48
43 49
43 56
43 57
43 59
43 60
43 62
43 63
44 51
44 52
44 53
44 54
44 55
44 57
44 58
44 61
44 64
44 65
44 66
44 69
44 74
45 46
45 47
45 48
45 49
45 54
45 56
45 57
45 59
45 60
45 62
45 63
45 73
46 47
46 48
46 49
46 56
46 59
46 60
46 62
46 63
46 73
47 48
47 49
47 56
47 59
47 60
47 62
47 63
47 73
48 49
48 54
48 56
48 57
48 59
48 60
48 62
48 63
48 67
48 73
49 54
49 56
49 57
49 59
49 60
49 62
49 63
49 64
49 65
49 67
49 73
49 77
49 80
50 51
50 52
50 53
50 61
50 68
50 70
50 71
50 72
50 75
50 79
51 52
51 53
51 55
51 58
51 61
51 66
51 68
51 70
51 71
51 72
51 75
52 53
52 55
52 58
52 61
52 66
52 68
52 69
52 70
52 71
52 75
53 54
53 55
53 58
53 61
53 64
53 65
53 66
53 68
53 69
53 70
53 71
53 74
54 55
54 57
54 58
54 60
54 64
54 65
54 66
54 67
54 69
54 74
54 76
54 77
54 78
54 81
54 82
55 57
55 58
55 61
55 64
55 65
55 66
55 67
55 68
55 69
55 71
55 74
55 76
55 78
55 81
55 84
55 90
55 91
55 92
55 93
56 57
56 59
56 60
56 62
56 63
56 67
56 73
56 77
56 80
56 86
56 87
57 58
57 59
57 60
57 62
57 63
57 64
57 65
57 66
57 67
57 69
57 73
57 74
57 76
57 77
57 78
57 80
57 81
57 82
57 85
57 94
58 61
58 64
58 65
58 66
58 67
58 68
58 69
58 71
58 74
58 76
58 78
58 81
58 84
58 90
58 91
58 92
58 93
59 60
59 62
59 63
59 73
59 80
59 86
59 87
60 62
60 63
60 67
60 73
60 76
60 77
60 80
60 81
60 82
60 85
60 86
60 87
60 94
61 64
61 65
61 66
61 68
61 69
61 70
61 71
61 72
61 74
61 75
61 83
61 84
61 89
61 90
61 93
61 96
62 63
62 67
62 73
62 77
62 80
62 86
62 87
62 94
63 67
63 73
63 77
63 80
63 82
63 86
63 87
63 94
64 65
64 66
64 67
64 69
64 71
64 74
64 76
64 77
64 78
64 80
64 81
64 82
64 85
64 90
64 91
64 92
64 93
64 95
65 66
65 67
65 69
65 71
65 74
65 76
65 77
65 78
65 80
65 81
65 82
65 85
65 90
65 91
65 92
65 93
65 95
66 67
66 68
66 69
66 71
66 74
66 76
66 77
66 78
66 81
66 82
66 83
66 84
66 85
66 90
66 91
66 92
66 93
66 95
66 96
67 69
67 73
67 74
67 76
67 77
67 78
67 80
67 81
67 82
67 85
67 91
67 92
67 94
67 95
68 69
68 70
68 71
68 72
68 74
68 75
68 79
68 83
68 84
68 88
68 89
68 90
68 93
68 96
68 97
68 98
68 99
69 71
69 74
69 76
69 77
69 78
69 80
69 81
69 82
69 84
69 85
69 90
69 91
69 92
69 93
69 95
69 96
70 71
70 72
70 75
70 79
70 83
70 84
70 88
70 89
70 96
70 97
70 98
70 99
71 72
71 74
71 75
71 79
71 83
71 84
71 88
71 89
71 90
71 91
71 92
71 93
71 96
71 97
71 98
71 99
72 75
72 79
72 83
72 84
72 88
72 89
72 97
72 98
73 76
73 77
73 78
73 80
73 81
73 82
73 85
73 86
73 87
73 94
74 76
74 77
74 78
74 81
74 82
74 84
74 85
74 90
74 91
74 92
74 93
74 95
74 96
75 79
75 83
75 84
75 88
75 89
75 96
75 97
75 98
75 99
76 77
76 78
76 80
76 81
76 82
76 85
76 90
76 91
76 92
76 93
76 94
76 95
77 78
77 80
77 81
77 82
77 85
77 86
77 87
77 91
77 92
77 94
77 95
78 80
78 81
78 82
78 84
78 85
78 90
78 91
78 92
78 93
78 94
78 95
78 96
79 83
79 84
79 88
79 89
79 97
79 98
80 81
80 82
80 85
80 86
80 87
80 91
80 92
80 94
80 95
81 82
81 85
81 87
81 90
81 91
81 92
81 93
81 94
81 95
82 85
82 87
82 90
82 91
82 92
82 93
82 94
82 95
83 84
83 88
83 89
83 90
83 93
83 96
83 97
83 98
83 99
84 88
84 89
84 90
84 91
84 92
84 93
84 95
84 96
84 97
84 98
84 99
85 86
85 87
85 90
85 91
85 92
85 93
85 94
85 95
86 87
86 94
87 94
88 89
88 96
88 97
88 98
88 99
89 93
89 96
89 97
89 98
89 99
90 91
90 92
90 93
90 95
90 96
90 98
90 99
91 92
91 93
91 94
91 95
91 96
91 99
92 93
92 94
92 95
92 96
92 99
93 95
93 96
93 97
93 98
93 99
94 95
95 96
95 99
96 97
96 98
96 99
97 98
97 99
98 99
