0 2
0 3
0 4
0 5
0 6
0 7
0 8
0 9
0 10
0 11
0 13
0 14
0 15
0 16
0 17
0 18
0 19
0 20
0 21
0 22
0 23
0 24
0 25
0 27
0 28
0 30
0 31
0 32
0 33
0 35
0 38
0 39
0 40
0 41
0 42
0 43
0 44
0 48
0 51
1 3
1 4
1 6
1 7
1 8
1 10
1 11
1 12
1 16
1 19
1 20
1 24
1 26
1 27
1 28
1 29
1 34
1 36
1 37
1 44
1 45
1 46
1 47
1 49
1 52
1 55
2 3
2 4
2 5
2 6
2 8
2 9
2 10
2 13
2 14
2 15
2 16
2 17
2 18
2 19
2 21
2 22
2 23
2 24
2 25
2 27
2 30
2 31
2 32
2 33
2 35
2 38
2 39
2 40
2 41
2 42
2 43
2 50
3 4
3 5
3 6
3 7
3 8
3 9
3 10
3 11
3 12
3 13
3 16
3 17
3 18
3 19
3 20
3 21
3 22
3 23
3 24
3 26
3 27
3 28
3 29
3 30
3 31
3 32
3 33
3 34
3 35
3 36
3 38
3 39
3 40
3 41
3 42
3 43
3 44
3 45
3 48
3 51
3 53
3 54
4 5
4 6
4 7
4 8
4 9
4 10
4 11
4 13
4 14
4 15
4 16
4 17
4 18
4 19
4 20
4 21
4 22
4 23
4 24
4 25
4 27
4 28
4 30
4 31
4 32
4 33
4 35
4 36
4 38
4 39
4 40
4 41
4 42
4 43
4 44
4 48
4 50
4 51
4 53
4 54
5 6
5 7
5 8
5 9
5 10
5 11
5 13
5 14
5 15
5 16
5 17
5 18
5 19
5 20
5 21
5 22
5 23
5 24
5 25
5 27
5 28
5 30
5 31
5 32
5 33
5 35
5 38
5 39
5 40
5 41
5 42
5 43
5 44
5 48
5 50
5 51
6 7
6 8
6 9
6 10
6 11
6 12
6 13
6 16
6 17
6 18
6 19
6 20
6 21
6 22
6 23
6 24
6 26
6 27
6 28
6 29
6 30
6 31
6 32
6 33
6 34
6 35
6 36
6 37
6 38
6 39
6 40
6 41
6 42
6 43
6 44
6 45
6 46
6 47
6 48
6 49
6 51
6 53
6 54
6 56
7 8
7 10
7 11
7 12
7 16
7 17
7 19
7 20
7 24
7 26
7 27
7 28
7 29
7 30
7 33
7 34
7 35
7 36
7 37
7 39
7 40
7 41
7 42
7 44
7 45
7 46
7 47
7 48
7 49
7 51
7 52
7 53
7 54
7 55
7 56
8 9
8 10
8 11
8 12
8 13
8 16
8 17
8 18
8 19
8 20
8 24
8 26
8 27
8 28
8 29
8 30
8 32
8 33
8 34
8 35
8 36
8 37
8 39
8 40
8 41
8 42
8 43
8 44
8 45
8 46
8 47
8 48
8 49
8 51
8 52
8 53
8 54
8 55
8 56
9 10
9 13
9 14
9 15
9 16
9 17
9 18
9 19
9 21
9 22
9 23
9 24
9 25
9 27
9 28
9 30
9 31
9 32
9 33
9 35
9 38
9 39
9 40
9 41
9 42
9 43
9 44
9 48
9 50
9 51
9 57
9 58
9 59
9 60
9 61
9 62
10 11
10 12
10 13
10 16
10 17
10 18
10 19
10 20
10 21
10 22
10 23
10 24
10 26
10 27
10 28
10 29
10 30
10 31
10 32
10 33
10 34
10 35
10 36
10 37
10 38
10 39
10 40
10 41
10 42
10 43
10 44
10 45
10 46
10 47
10 48
10 49
10 51
10 52
10 53
10 54
10 56
11 12
11 16
11 19
11 20
11 24
11 26
11 27
11 28
11 29
11 30
11 33
11 34
11 35
11 36
11 37
11 39
11 40
11 41
11 42
11 44
11 45
11 46
11 47
11 48
11 49
11 51
11 52
11 53
11 54
11 55
11 56
12 16
12 19
12 20
12 24
12 26
12 27
12 28
12 29
12 34
12 36
12 37
12 41
12 42
12 44
12 45
12 46
12 47
12 48
12 49
12 52
12 53
12 54
12 55
12 56
12 65
13 14
13 15
13 16
13 17
13 18
13 19
13 20
13 21
13 22
13 23
13 24
13 25
13 27
13 28
13 30
13 31
13 32
13 33
13 35
13 38
13 39
13 40
13 41
13 42
13 43
13 44
13 48
13 50
13 51
13 57
13 58
13 59
13 60
13 61
13 62
13 63
13 64
14 15
14 17
14 18
14 21
14 22
14 23
14 25
14 30
14 31
14 32
14 33
14 38
14 40
14 43
14 50
14 57
14 58
14 59
14 61
14 63
14 64
15 17
15 18
15 21
15 22
15 23
15 25
15 30
15 31
15 32
15 33
15 35
15 38
15 40
15 43
15 50
15 57
15 58
15 59
15 61
15 62
15 63
15 64
16 17
16 18
16 19
16 20
16 21
16 22
16 23
16 24
16 26
16 27
16 28
16 29
16 30
16 31
16 32
16 33
16 34
16 35
16 36
16 37
16 38
16 39
16 40
16 41
16 42
16 43
16 44
16 45
16 46
16 47
16 48
16 49
16 50
16 51
16 52
16 53
16 54
16 55
16 56
16 60
17 18
17 19
17 20
17 21
17 22
17 23
17 24
17 25
17 27
17 28
17 30
17 31
17 32
17 33
17 35
17 36
17 38
17 39
17 40
17 41
17 42
17 43
17 44
17 48
17 50
17 51
17 53
17 54
17 57
17 58
17 59
17 60
17 61
17 62
17 63
17 64
18 19
18 20
18 21
18 22
18 23
18 24
18 25
18 27
18 28
18 30
18 31
18 32
18 33
18 35
18 38
18 39
18 40
18 41
18 42
18 43
18 44
18 48
18 50
18 51
18 53
18 54
18 57
18 58
18 59
18 60
18 61
18 62
18 63
18 64
18 66
19 20
19 21
19 22
19 23
19 24
19 26
19 27
19 28
19 29
19 30
19 31
19 32
19 33
19 34
19 35
19 36
19 37
19 38
19 39
19 40
19 41
19 42
19 43
19 44
19 45
19 46
19 47
19 48
19 49
19 50
19 51
19 52
19 53
19 54
19 55
19 56
19 60
19 62
20 24
20 26
20 27
20 28
20 29
20 30
20 32
20 33
20 34
20 35
20 36
20 37
20 39
20 40
20 41
20 42
20 43
20 44
20 45
20 46
20 47
20 48
20 49
20 51
20 52
20 53
20 54
20 55
20 56
20 65
20 68
20 69
21 22
21 23
21 24
21 25
21 27
21 30
21 31
21 32
21 33
21 35
21 38
21 39
21 40
21 41
21 42
21 43
21 48
21 50
21 51
21 57
21 58
21 59
21 60
21 61
21 62
21 63
21 64
21 66
21 67
21 70
22 23
22 24
22 25
22 30
22 31
22 32
22 33
22 35
22 38
22 39
22 40
22 41
22 42
22 43
22 50
22 51
22 57
22 58
22 59
22 60
22 61
22 62
22 63
22 64
22 66
22 67
22 70
23 24
23 25
23 30
23 31
23 32
23 33
23 35
23 38
23 39
23 40
23 41
23 42
23 43
23 50
23 51
23 57
23 58
23 59
23 60
23 61
23 62
23 63
23 64
23 66
23 67
23 70
24 26
24 27
24 28
24 29
24 30
24 31
24 32
24 33
24 34
24 35
24 36
24 37
24 38
24 39
24 40
24 41
24 42
24 43
24 44
24 45
24 46
24 47
24 48
24 49
24 51
24 52
24 53
24 54
24 55
24 56
24 60
24 68
24 69
25 30
25 31
25 32
25 33
25 35
25 38
25 39
25 40
25 43
25 50
25 57
25 58
25 59
25 60
25 61
25 62
25 63
25 64
25 66
25 67
25 70
26 27
26 28
26 29
26 34
26 35
26 36
26 37
26 39
26 41
26 42
26 44
26 45
26 46
26 47
26 48
26 49
26 51
26 52
26 53
26 54
26 55
26 56
26 65
26 68
26 69
26 71
26 72
26 73
27 28
27 29
27 30
27 31
27 32
27 33
27 34
27 35
27 36
27 37
27 38
27 39
27 40
27 41
27 42
27 43
27 44
27 45
27 46
27 47
27 48
27 49
27 51
27 52
27 53
27 54
27 55
27 56
27 60
27 65
27 68
27 69
27 72
27 74
28 29
28 30
28 32
28 33
28 34
28 35
28 36
28 37
28 38
28 39
28 40
28 41
28 42
28 43
28 44
28 45
28 46
28 47
28 48
28 49
28 51
28 52
28 53
28 54
28 55
28 56
28 60
28 65
28 68
28 69
28 72
28 73
28 74
29 34
29 35
29 36
29 37
29 39
29 41
29 42
29 44
29 45
29 46
29 47
29 48
29 49
29 51
29 52
29 53
29 54
29 55
29 56
29 65
29 68
29 69
29 71
29 72
29 73
30 31
30 32
30 33
30 35
30 36
30 38
30 39
30 40
30 41
30 42
30 43
30 44
30 45
30 48
30 49
30 50
30 51
30 53
30 54
30 56
30 57
30 58
30 59
30 60
30 61
30 62
30 63
30 64
30 66
30 68
30 70
30 75
30 76
31 32
31 33
31 35
31 38
31 39
31 40
31 41
31 42
31 43
31 44
31 48
31 50
31 51
31 53
31 57
31 58
31 59
31 60
31 61
31 62
31 63
31 64
31 66
31 67
31 70
31 76
31 79
32 33
32 35
32 36
32 38
32 39
32 40
32 41
32 42
32 43
32 44
32 48
32 50
32 51
32 53
32 54
32 56
32 57
32 58
32 59
32 60
32 61
32 62
32 63
32 64
32 66
32 67
32 70
32 75
32 76
33 35
33 36
33 38
33 39
33 40
33 41
33 42
33 43
33 44
33 45
33 46
33 47
33 48
33 49
33 50
33 51
33 53
33 54
33 56
33 57
33 58
33 59
33 60
33 61
33 62
33 63
33 64
33 66
33 68
33 70
33 74
33 75
33 76
33 77
34 35
34 36
34 37
34 39
34 41
34 42
34 44
34 45
34 46
34 47
34 48
34 49
34 51
34 52
34 53
34 54
34 55
34 56
34 65
34 68
34 69
34 71
34 72
34 73
34 80
35 36
35 37
35 38
35 39
35 40
35 41
35 42
35 43
35 44
35 45
35 46
35 47
35 48
35 49
35 50
35 51
35 52
35 53
35 54
35 56
35 57
35 58
35 59
35 60
35 61
35 62
35 63
35 64
35 66
35 68
35 69
35 70
35 74
35 75
35 76
35 77
35 78
35 82
36 37
36 39
36 40
36 41
36 42
36 43
36 44
36 45
36 46
36 47
36 48
36 49
36 51
36 52
36 53
36 54
36 55
36 56
36 60
36 65
36 68
36 69
36 71
36 72
36 73
36 74
36 77
36 78
36 80
36 81
37 39
37 41
37 42
37 44
37 45
37 46
37 47
37 48
37 49
37 51
37 52
37 53
37 54
37 55
37 56
37 65
37 68
37 69
37 71
37 72
37 73
37 80
38 39
38 40
38 41
38 42
38 43
38 44
38 48
38 50
38 51
38 53
38 54
38 56
38 57
38 58
38 59
38 60
38 61
38 62
38 63
38 64
38 66
38 67
38 70
38 75
38 76
38 79
38 82
38 84
39 40
39 41
39 42
39 43
39 44
39 45
39 46
39 47
39 48
39 49
39 50
39 51
39 52
39 53
39 54
39 55
39 56
39 57
39 58
39 59
39 60
39 61
39 62
39 63
39 64
39 66
39 68
39 69
39 70
39 74
39 75
39 76
39 77
39 78
39 82
39 83
40 41
40 42
40 43
40 44
40 45
40 46
40 47
40 48
40 49
40 50
40 51
40 53
40 54
40 56
40 57
40 58
40 59
40 60
40 61
40 62
40 63
40 64
40 66
40 68
40 69
40 70
40 74
40 75
40 76
40 77
40 78
40 79
40 82
40 83
40 84
40 87
41 42
41 43
41 44
41 45
41 46
41 47
41 48
41 49
41 50
41 51
41 52
41 53
41 54
41 55
41 56
41 57
41 59
41 60
41 61
41 62
41 63
41 64
41 65
41 66
41 68
41 69
41 70
41 72
41 73
41 74
41 75
41 76
41 77
41 78
41 81
41 83
42 43
42 44
42 45
42 46
42 47
42 48
42 49
42 50
42 51
42 52
42 53
42 54
42 55
42 56
42 57
42 59
42 60
42 61
42 62
42 63
42 64
42 65
42 66
42 68
42 69
42 70
42 72
42 73
42 74
42 75
42 76
42 77
42 78
42 81
42 82
42 83
43 44
43 45
43 48
43 50
43 51
43 53
43 54
43 56
43 57
43 58
43 59
43 60
43 61
43 62
43 63
43 64
43 66
43 67
43 68
43 69
43 70
43 74
43 75
43 76
43 77
43 78
43 79
43 82
43 84
43 87
44 45
44 46
44 47
44 48
44 49
44 50
44 51
44 52
44 53
44 54
44 55
44 56
44 59
44 60
44 62
44 65
44 68
44 69
44 71
44 72
44 73
44 74
44 75
44 76
44 77
44 78
44 80
44 81
44 83
44 86
44 89
45 46
45 47
45 48
45 49
45 51
45 52
45 53
45 54
45 55
45 56
45 65
45 68
45 69
45 71
45 72
45 73
45 74
45 77
45 78
45 80
45 81
45 83
45 86
46 47
46 48
46 49
46 51
46 52
46 53
46 54
46 55
46 56
46 65
46 68
46 69
46 71
46 72
46 73
46 74
46 78
46 80
46 81
46 92
47 48
47 49
47 51
47 52
47 53
47 54
47 55
47 56
47 65
47 68
47 69
47 71
47 72
47 73
47 74
47 78
47 80
47 81
47 86
47 92
48 49
48 50
48 51
48 52
48 53
48 54
48 55
48 56
48 59
48 60
48 62
48 65
48 66
48 68
48 69
48 70
48 71
48 72
48 73
48 74
48 75
48 76
48 77
48 78
48 80
48 81
48 82
48 83
48 86
48 87
48 89
48 93
49 51
49 52
49 53
49 54
49 55
49 56
49 65
49 68
49 69
49 71
49 72
49 73
49 74
49 77
49 78
49 80
49 81
49 83
49 86
49 89
49 92
49 94
49 96
50 51
50 53
50 57
50 58
50 59
50 60
50 61
50 62
50 63
50 64
50 66
50 67
50 70
50 75
50 76
50 79
50 82
50 84
50 85
50 88
50 90
50 91
50 97
51 52
51 53
51 54
51 55
51 56
51 57
51 58
51 59
51 60
51 61
51 62
51 63
51 64
51 65
51 66
51 68
51 69
51 70
51 72
51 73
51 74
51 75
51 76
51 77
51 78
51 79
51 80
51 81
51 82
51 83
51 84
51 86
51 87
51 89
51 93
51 95
52 53
52 54
52 55
52 56
52 65
52 68
52 69
52 71
52 72
52 73
52 74
52 77
52 78
52 80
52 81
52 83
52 86
52 89
52 92
52 94
52 96
53 54
53 55
53 56
53 59
53 60
53 62
53 65
53 68
53 69
53 70
53 71
53 72
53 73
53 74
53 75
53 76
53 77
53 78
53 80
53 81
53 82
53 83
53 86
53 87
53 89
53 93
53 94
53 95
53 96
54 55
54 56
54 60
54 62
54 65
54 68
54 69
54 71
54 72
54 73
54 74
54 75
54 76
54 77
54 78
54 80
54 81
54 82
54 83
54 86
54 87
54 89
54 93
54 94
54 95
54 96
55 56
55 65
55 68
55 69
55 71
55 72
55 73
55 74
55 77
55 78
55 80
55 81
55 83
55 86
55 89
55 92
55 94
55 96
55 98
55 99
56 60
56 65
56 68
56 69
56 71
56 72
56 73
56 74
56 75
56 76
56 77
56 78
56 80
56 81
56 83
56 86
56 87
56 89
56 92
56 93
56 94
56 95
56 96
56 98
57 58
57 59
57 60
57 61
57 62
57 63
57 64
57 66
57 67
57 70
57 75
57 76
57 79
57 82
57 84
57 85
57 87
57 88
57 90
57 91
57 97
58 59
58 60
58 61
58 62
58 63
58 64
58 66
58 67
58 70
58 75
58 76
58 79
58 82
58 84
58 85
58 88
58 90
58 91
58 97
59 60
59 61
59 62
59 63
59 64
59 66
59 67
59 70
59 74
59 75
59 76
59 77
59 79
59 82
59 84
59 85
59 87
59 88
59 90
59 91
59 97
60 61
60 62
60 63
60 64
60 66
60 67
60 68
60 69
60 70
60 72
60 74
60 75
60 76
60 77
60 78
60 79
60 81
60 82
60 83
60 84
60 85
60 86
60 87
60 88
60 89
60 90
60 91
60 93
60 95
60 97
60 100
61 62
61 63
61 64
61 66
61 67
61 70
61 75
61 76
61 77
61 79
61 82
61 84
61 85
61 87
61 88
61 90
61 91
61 97
62 63
62 64
62 66
62 67
62 68
62 70
62 74
62 75
62 76
62 77
62 78
62 79
62 82
62 83
62 84
62 85
62 87
62 88
62 90
62 91
62 93
62 97
62 100
63 64
63 66
63 67
63 70
63 74
63 75
63 76
63 77
63 79
63 82
63 84
63 85
63 87
63 88
63 90
63 91
63 93
63 97
64 66
64 67
64 70
64 74
64 75
64 76
64 77
64 79
64 82
64 84
64 85
64 87
64 88
64 90
64 91
64 93
64 97
65 68
65 69
65 71
65 72
65 73
65 74
65 77
65 78
65 80
65 81
65 83
65 86
65 89
65 92
65 93
65 94
65 95
65 96
65 98
65 99
66 67
66 70
66 74
66 75
66 76
66 77
66 79
66 82
66 83
66 84
66 85
66 87
66 88
66 90
66 91
66 93
66 97
66 100
67 70
67 75
67 76
67 79
67 82
67 84
67 85
67 87
67 88
67 90
67 91
67 97
68 69
68 71
68 72
68 73
68 74
68 75
68 76
68 77
68 78
68 80
68 81
68 82
68 83
68 84
68 86
68 87
68 89
68 92
68 93
68 94
68 95
68 96
68 98
68 99
68 100
69 71
69 72
69 73
69 74
69 75
69 76
69 77
69 78
69 80
69 81
69 82
69 83
69 84
69 86
69 87
69 89
69 92
69 93
69 94
69 95
69 96
69 98
69 99
69 100
70 74
70 75
70 76
70 77
70 78
70 79
70 82
70 83
70 84
70 85
70 87
70 88
70 90
70 91
70 93
70 97
70 100
71 72
71 73
71 74
71 77
71 78
71 80
71 81
71 83
71 86
71 89
71 92
71 93
71 94
71 95
71 96
71 98
71 99
72 73
72 74
72 75
72 76
72 77
72 78
72 80
72 81
72 83
72 86
72 87
72 89
72 92
72 93
72 94
72 95
72 96
72 98
72 99
72 100
73 74
73 77
73 78
73 80
73 81
73 83
73 86
73 87
73 89
73 92
73 93
73 94
73 95
73 96
73 98
73 99
73 100
74 75
74 76
74 77
74 78
74 79
74 80
74 81
74 82
74 83
74 84
74 86
74 87
74 89
74 90
74 92
74 93
74 94
74 95
74 96
74 98
74 99
74 100
75 76
75 77
75 78
75 79
75 80
75 81
75 82
75 83
75 84
75 85
75 86
75 87
75 88
75 89
75 90
75 91
75 93
75 94
75 95
75 97
75 100
76 77
76 78
76 79
76 81
76 82
76 83
76 84
76 85
76 86
76 87
76 88
76 89
76 90
76 91
76 93
76 94
76 95
76 97
76 100
77 78
77 79
77 80
77 81
77 82
77 83
77 84
77 86
77 87
77 89
77 90
77 92
77 93
77 94
77 95
77 96
77 98
77 99
77 100
78 80
78 81
78 82
78 83
78 84
78 86
78 87
78 89
78 90
78 92
78 93
78 94
78 95
78 96
78 98
78 99
78 100
79 82
79 83
79 84
79 85
79 87
79 88
79 90
79 91
79 93
79 97
79 100
80 81
80 83
80 86
80 87
80 89
80 92
80 93
80 94
80 95
80 96
80 98
80 99
80 100
81 82
81 83
81 84
81 86
81 87
81 89
81 92
81 93
81 94
81 95
81 96
81 98
81 99
81 100
82 83
82 84
82 85
82 86
82 87
82 88
82 89
82 90
82 91
82 93
82 94
82 95
82 97
82 100
83 84
83 86
83 87
83 89
83 90
83 92
83 93
83 94
83 95
83 96
83 98
83 99
83 100
84 85
84 86
84 87
84 88
84 89
84 90
84 91
84 93
84 94
84 95
84 97
84 100
85 87
85 88
85 90
85 91
85 97
85 100
86 87
86 89
86 90
86 92
86 93
86 94
86 95
86 96
86 98
86 99
86 100
87 88
87 89
87 90
87 91
87 93
87 94
87 95
87 96
87 97
87 98
87 100
88 90
88 91
88 97
89 90
89 92
89 93
89 94
89 95
89 96
89 98
89 99
89 100
90 91
90 93
90 95
90 97
90 100
91 93
91 97
91 100
92 93
92 94
92 95
92 96
92 98
92 99
93 94
93 95
93 96
93 97
93 98
93 99
93 100
94 95
94 96
94 98
94 99
94 100
95 96
95 98
95 99
95 100
96 98
96 99
96 100
97 100
98 99
98 100
99 100
