0 5
0 8
1 2
1 9
2 11
3 4
3 7
3 10
3 13
4 7
4 10
4 12
4 13
5 8
7 10
7 11
7 12
7 13
7 15
10 12
10 13
10 16
11 12
11 13
11 15
12 13
12 15
13 15
14 23
17 19
17 25
18 22
18 24
18 26
19 25
19 28
20 21
22 24
22 26
22 33
23 30
24 26
24 33
24 35
24 36
25 28
25 31
26 33
26 35
26 36
28 31
28 40
29 32
29 34
30 35
30 36
32 34
33 35
33 36
33 39
35 36
37 40
37 41
37 42
38 43
38 46
40 42
40 44
42 44
43 46
43 48
45 51
46 48
46 50
46 52
48 50
48 52
48 55
48 56
50 53
50 54
50 55
50 56
50 60
52 60
52 61
53 54
53 55
53 56
54 55
54 56
55 56
55 60
56 60
57 58
57 59
62 63
63 64
64 68
65 66
66 73
68 75
70 71
70 74
70 76
71 74
71 76
74 75
74 76
78 79
78 84
81 87
81 88
82 83
82 84
82 86
83 86
86 89
86 92
87 88
87 93
87 95
87 96
88 93
88 95
88 96
89 91
89 92
90 94
91 92
93 95
93 96
95 96
97 100
98 99
