0 4
0 13
0 20
1 3
1 6
1 10
1 15
1 19
1 21
1 22
1 23
2 4
2 5
2 8
2 9
2 11
2 13
2 16
2 17
2 18
2 20
2 27
3 6
3 7
3 10
3 15
3 19
3 21
3 22
3 23
4 11
4 13
4 16
4 18
4 20
5 8
5 9
5 11
5 12
5 14
5 16
5 17
5 18
5 27
6 7
6 10
6 19
6 21
6 22
6 23
6 24
7 9
7 10
7 12
7 14
7 24
7 25
7 26
7 28
7 29
8 9
8 11
8 12
8 14
8 16
8 17
8 18
8 27
9 11
9 12
9 14
9 17
9 18
9 25
9 27
9 28
10 19
10 21
10 22
10 23
10 24
10 29
10 31
11 13
11 16
11 17
11 18
11 20
11 27
12 14
12 17
12 24
12 25
12 26
12 27
12 28
12 39
13 16
13 18
13 20
13 37
13 38
14 17
14 24
14 25
14 26
14 28
14 35
14 39
15 19
15 21
15 22
15 23
15 30
15 31
15 41
16 17
16 18
16 20
16 27
16 38
17 18
17 25
17 27
17 40
18 20
18 27
18 38
18 43
19 21
19 22
19 23
19 24
19 29
19 30
19 31
19 32
19 33
19 36
19 41
20 37
20 38
20 42
21 22
21 23
21 24
21 29
21 30
21 31
21 32
21 33
21 36
21 41
22 23
22 24
22 26
22 29
22 31
22 32
22 33
22 34
22 36
22 41
23 29
23 30
23 31
23 33
23 36
23 41
23 46
24 25
24 26
24 28
24 29
24 32
24 33
24 34
24 35
25 26
25 27
25 28
25 34
25 35
25 39
25 40
25 51
26 28
26 29
26 32
26 33
26 34
26 35
26 39
27 38
27 39
27 40
27 43
27 45
28 29
28 32
28 34
28 35
28 39
28 40
28 51
29 31
29 32
29 33
29 34
29 35
29 36
30 31
30 36
30 41
30 46
30 53
31 32
31 33
31 36
31 41
31 46
31 53
32 33
32 34
32 35
32 36
32 54
33 34
33 35
33 36
33 41
33 46
33 54
34 35
34 39
34 51
34 54
34 56
35 39
35 51
35 54
35 55
35 56
36 41
36 46
36 53
36 58
36 59
37 38
37 42
37 44
37 47
37 48
37 49
37 50
37 52
37 57
38 42
38 43
38 44
38 45
38 47
38 48
38 49
38 50
38 52
38 57
39 40
39 51
39 55
40 43
40 45
40 51
41 46
41 53
42 44
42 45
42 47
42 48
42 49
42 50
42 52
42 57
42 60
43 45
43 47
43 48
43 50
43 52
43 63
44 47
44 48
44 49
44 50
44 52
44 57
44 60
45 47
45 48
45 49
45 50
45 52
45 57
45 60
45 63
46 53
46 58
46 59
46 61
47 48
47 49
47 50
47 52
47 57
47 60
47 63
48 49
48 50
48 52
48 57
48 60
48 63
48 65
49 50
49 52
49 57
49 60
49 65
50 52
50 57
50 60
50 63
50 65
51 54
51 55
51 56
51 62
51 64
52 57
52 60
52 63
52 65
53 58
53 59
54 55
54 56
54 58
54 59
54 61
54 62
54 64
54 68
54 71
55 56
55 62
55 64
55 68
55 74
56 58
56 61
56 62
56 64
56 68
56 71
56 74
57 60
57 63
57 65
57 78
58 59
58 61
58 62
58 68
58 70
58 71
58 77
59 61
59 62
59 68
59 70
59 71
59 73
59 77
60 63
60 65
60 69
60 78
60 80
61 62
61 68
61 70
61 71
61 77
61 79
62 64
62 68
62 71
62 74
62 79
63 65
63 66
63 67
63 69
63 72
63 75
63 76
63 80
63 81
63 82
64 66
64 67
64 68
64 74
64 79
65 69
65 72
65 75
65 76
65 78
65 80
65 81
66 67
66 69
66 72
66 75
66 76
66 80
66 81
66 82
67 69
67 72
67 75
67 76
67 81
67 82
68 71
68 74
68 77
68 79
68 83
69 72
69 75
69 76
69 78
69 80
69 81
69 82
69 85
69 87
70 71
70 73
70 77
70 86
71 73
71 74
71 77
71 79
71 83
72 75
72 76
72 80
72 81
72 82
72 85
72 87
73 77
73 86
73 90
74 77
74 79
74 83
75 76
75 78
75 80
75 81
75 82
75 85
75 87
76 80
76 81
76 82
76 85
76 87
77 79
77 83
77 91
78 80
78 81
78 84
78 85
78 89
79 83
79 91
80 81
80 82
80 84
80 85
80 87
80 89
81 82
81 84
81 85
81 87
81 89
82 85
82 87
82 93
83 91
83 94
83 96
84 85
84 87
84 89
84 98
85 87
85 89
85 93
85 98
86 90
86 94
86 95
87 88
87 89
87 93
87 98
88 91
88 92
88 93
89 98
90 94
90 95
90 97
91 92
91 94
91 96
91 97
91 99
92 96
92 99
94 95
94 96
94 97
94 99
95 97
96 97
96 99
97 99
