0 1
0 2
0 3
0 4
0 5
0 6
0 8
0 9
0 11
0 12
0 13
0 16
0 18
0 19
0 20
0 21
0 24
0 25
0 28
0 30
0 31
0 34
0 36
0 40
0 42
0 43
0 45
0 46
0 47
0 53
1 3
1 4
1 6
1 7
1 9
1 10
1 11
1 12
1 13
1 14
1 15
1 16
1 17
1 18
1 19
1 20
1 21
1 22
1 23
1 24
1 25
1 26
1 27
1 28
1 29
1 32
1 33
1 34
1 35
1 36
1 37
1 38
1 39
1 41
1 43
1 44
1 45
1 48
1 50
1 52
2 3
2 4
2 5
2 6
2 8
2 9
2 12
2 13
2 16
2 18
2 19
2 20
2 21
2 24
2 25
2 28
2 30
2 31
2 34
2 36
2 40
2 42
2 43
2 46
2 47
2 55
3 4
3 5
3 6
3 7
3 8
3 9
3 10
3 11
3 12
3 13
3 14
3 15
3 16
3 18
3 19
3 20
3 21
3 22
3 23
3 24
3 25
3 26
3 28
3 29
3 30
3 31
3 34
3 36
3 40
3 42
3 43
3 45
3 46
3 47
3 48
3 50
3 51
4 5
4 6
4 8
4 9
4 11
4 12
4 13
4 15
4 16
4 18
4 19
4 20
4 21
4 22
4 23
4 24
4 25
4 28
4 29
4 30
4 31
4 34
4 36
4 40
4 42
4 43
4 45
4 46
4 47
4 50
4 51
4 53
5 6
5 8
5 9
5 13
5 16
5 18
5 19
5 20
5 21
5 24
5 25
5 28
5 30
5 31
5 34
5 36
5 40
5 42
5 43
5 46
5 47
5 53
5 55
6 7
6 8
6 9
6 10
6 11
6 12
6 13
6 14
6 15
6 16
6 17
6 18
6 19
6 20
6 21
6 22
6 23
6 24
6 25
6 26
6 27
6 28
6 29
6 30
6 32
6 33
6 34
6 35
6 36
6 37
6 39
6 41
6 43
6 44
6 45
6 47
6 48
6 50
6 51
6 52
7 10
7 11
7 12
7 13
7 14
7 15
7 16
7 17
7 18
7 19
7 20
7 21
7 22
7 23
7 24
7 25
7 26
7 27
7 28
7 29
7 32
7 33
7 35
7 37
7 38
7 39
7 41
7 43
7 44
7 45
7 48
7 49
7 52
7 54
7 56
8 9
8 12
8 13
8 16
8 18
8 19
8 20
8 21
8 24
8 25
8 28
8 30
8 31
8 34
8 36
8 40
8 42
8 43
8 46
8 47
8 53
8 55
8 57
9 10
9 11
9 12
9 13
9 15
9 16
9 18
9 19
9 20
9 21
9 22
9 23
9 24
9 25
9 28
9 29
9 30
9 31
9 34
9 36
9 40
9 42
9 43
9 45
9 46
9 47
9 48
9 50
9 51
9 53
9 55
10 11
10 12
10 13
10 14
10 15
10 16
10 17
10 18
10 19
10 20
10 21
10 22
10 23
10 24
10 25
10 26
10 27
10 28
10 29
10 32
10 33
10 35
10 37
10 38
10 39
10 41
10 43
10 44
10 45
10 48
10 49
10 52
10 54
10 56
11 12
11 13
11 14
11 15
11 16
11 17
11 18
11 19
11 20
11 21
11 22
11 23
11 24
11 25
11 26
11 27
11 28
11 29
11 30
11 32
11 33
11 34
11 35
11 36
11 37
11 38
11 39
11 41
11 43
11 44
11 45
11 47
11 48
11 49
11 50
11 51
11 52
11 54
11 56
12 13
12 14
12 15
12 16
12 17
12 18
12 19
12 20
12 21
12 22
12 23
12 24
12 25
12 26
12 27
12 28
12 29
12 30
12 31
12 32
12 33
12 34
12 35
12 36
12 37
12 38
12 39
12 41
12 42
12 43
12 44
12 45
12 47
12 48
12 50
12 51
12 52
12 54
12 56
13 14
13 15
13 16
13 18
13 19
13 20
13 21
13 22
13 23
13 24
13 25
13 26
13 28
13 29
13 30
13 31
13 33
13 34
13 35
13 36
13 37
13 39
13 40
13 41
13 42
13 43
13 44
13 45
13 46
13 47
13 48
13 50
13 51
13 52
13 53
14 15
14 16
14 17
14 18
14 19
14 20
14 21
14 22
14 23
14 24
14 25
14 26
14 27
14 28
14 29
14 32
14 33
14 35
14 37
14 38
14 39
14 41
14 43
14 44
14 45
14 48
14 49
14 52
14 54
14 56
15 16
15 17
15 18
15 19
15 20
15 21
15 22
15 23
15 24
15 25
15 26
15 27
15 28
15 29
15 32
15 33
15 34
15 35
15 36
15 37
15 38
15 39
15 41
15 43
15 44
15 45
15 47
15 48
15 49
15 50
15 51
15 52
15 54
15 56
15 62
15 63
16 18
16 19
16 20
16 21
16 22
16 23
16 24
16 25
16 26
16 28
16 29
16 30
16 31
16 33
16 34
16 36
16 39
16 40
16 42
16 43
16 44
16 45
16 46
16 47
16 48
16 50
16 51
16 52
16 53
16 55
16 61
17 18
17 19
17 22
17 23
17 26
17 27
17 28
17 29
17 32
17 33
17 35
17 37
17 38
17 39
17 41
17 44
17 48
17 49
17 52
17 54
17 56
18 19
18 20
18 21
18 22
18 23
18 24
18 25
18 26
18 27
18 28
18 29
18 30
18 31
18 33
18 34
18 35
18 36
18 37
18 39
18 40
18 41
18 42
18 43
18 44
18 45
18 46
18 47
18 48
18 50
18 51
18 52
18 53
18 54
18 56
18 61
18 62
19 20
19 21
19 22
19 23
19 24
19 25
19 26
19 27
19 28
19 29
19 30
19 31
19 32
19 33
19 34
19 35
19 36
19 37
19 38
19 39
19 40
19 41
19 42
19 43
19 44
19 45
19 46
19 47
19 48
19 50
19 51
19 52
19 53
19 54
19 56
19 61
19 62
19 63
20 21
20 22
20 23
20 24
20 25
20 26
20 28
20 29
20 30
20 31
20 33
20 34
20 36
20 37
20 39
20 40
20 41
20 42
20 43
20 44
20 45
20 46
20 47
20 48
20 50
20 51
20 52
20 53
20 55
20 56
20 61
20 62
20 64
21 22
21 23
21 24
21 25
21 26
21 28
21 29
21 30
21 31
21 33
21 34
21 35
21 36
21 37
21 39
21 40
21 41
21 42
21 43
21 44
21 45
21 46
21 47
21 48
21 50
21 51
21 52
21 53
21 54
21 55
21 56
21 61
21 62
21 64
22 23
22 24
22 25
22 26
22 27
22 28
22 29
22 30
22 32
22 33
22 34
22 35
22 36
22 37
22 38
22 39
22 41
22 43
22 44
22 45
22 47
22 48
22 49
22 50
22 51
22 52
22 54
22 56
22 61
22 62
22 63
22 65
22 67
22 68
22 69
22 72
23 24
23 25
23 26
23 27
23 28
23 29
23 30
23 32
23 33
23 34
23 35
23 36
23 37
23 38
23 39
23 41
23 43
23 44
23 45
23 47
23 48
23 49
23 50
23 51
23 52
23 54
23 56
23 61
23 62
23 63
23 65
23 67
23 68
23 69
23 72
24 25
24 26
24 28
24 29
24 30
24 31
24 33
24 34
24 36
24 37
24 39
24 40
24 41
24 42
24 43
24 44
24 45
24 46
24 47
24 48
24 50
24 51
24 52
24 53
24 55
24 56
24 57
24 58
24 60
24 61
24 62
24 63
24 64
24 68
24 70
24 71
24 73
25 26
25 28
25 29
25 30
25 31
25 33
25 34
25 35
25 36
25 37
25 39
25 40
25 41
25 42
25 43
25 44
25 45
25 46
25 47
25 48
25 50
25 51
25 52
25 53
25 54
25 55
25 56
25 58
25 60
25 61
25 62
25 63
25 64
25 65
25 68
25 70
25 71
26 27
26 28
26 29
26 32
26 33
26 35
26 36
26 37
26 38
26 39
26 41
26 43
26 44
26 45
26 48
26 49
26 50
26 51
26 52
26 54
26 56
26 61
26 62
26 63
26 65
26 67
26 68
26 69
26 72
27 28
27 29
27 32
27 33
27 35
27 37
27 38
27 39
27 41
27 44
27 45
27 48
27 49
27 52
27 54
27 56
27 62
27 63
27 65
27 67
27 69
27 72
28 29
28 30
28 31
28 32
28 33
28 34
28 35
28 36
28 37
28 38
28 39
28 40
28 41
28 42
28 43
28 44
28 45
28 46
28 47
28 48
28 50
28 51
28 52
28 53
28 54
28 55
28 56
28 61
28 62
28 63
28 64
28 65
28 68
28 69
28 71
29 30
29 32
29 33
29 34
29 35
29 36
29 37
29 38
29 39
29 41
29 43
29 44
29 45
29 47
29 48
29 49
29 50
29 51
29 52
29 53
29 54
29 56
29 61
29 62
29 63
29 65
29 67
29 68
29 69
29 72
30 31
30 34
30 36
30 40
30 42
30 43
30 45
30 46
30 47
30 48
30 50
30 51
30 52
30 53
30 55
30 57
30 58
30 59
30 60
30 61
30 64
30 66
30 70
30 71
30 73
30 74
30 75
30 76
31 34
31 36
31 40
31 42
31 43
31 45
31 46
31 47
31 50
31 51
31 53
31 55
31 57
31 58
31 59
31 60
31 64
31 66
31 70
31 71
31 73
31 74
31 75
32 33
32 35
32 37
32 38
32 39
32 41
32 44
32 45
32 48
32 49
32 52
32 54
32 56
32 62
32 63
32 65
32 67
32 69
32 72
32 77
33 35
33 37
33 38
33 39
33 41
33 43
33 44
33 45
33 48
33 49
33 50
33 51
33 52
33 54
33 56
33 61
33 62
33 63
33 65
33 67
33 68
33 69
33 72
33 77
33 78
34 36
34 40
34 42
34 43
34 45
34 46
34 47
34 48
34 50
34 51
34 52
34 53
34 55
34 57
34 58
34 59
34 60
34 61
34 62
34 64
34 66
34 70
34 71
34 73
34 74
34 75
34 76
34 79
35 37
35 38
35 39
35 41
35 43
35 44
35 45
35 48
35 49
35 50
35 52
35 54
35 56
35 61
35 62
35 63
35 65
35 67
35 68
35 69
35 72
35 77
35 78
35 80
35 81
36 40
36 42
36 43
36 45
36 46
36 47
36 48
36 50
36 51
36 52
36 53
36 55
36 56
36 57
36 58
36 59
36 60
36 61
36 62
36 64
36 66
36 68
36 70
36 71
36 73
36 74
36 75
36 76
36 79
37 38
37 39
37 41
37 43
37 44
37 45
37 48
37 49
37 50
37 51
37 52
37 54
37 56
37 61
37 62
37 63
37 65
37 67
37 68
37 69
37 72
37 77
37 78
37 80
37 81
37 82
38 39
38 41
38 44
38 45
38 48
38 49
38 52
38 54
38 56
38 61
38 62
38 63
38 65
38 67
38 68
38 69
38 72
38 77
38 78
38 80
38 81
38 82
39 41
39 43
39 44
39 45
39 48
39 49
39 50
39 51
39 52
39 54
39 56
39 61
39 62
39 63
39 65
39 67
39 68
39 69
39 72
39 77
39 78
39 80
39 81
39 82
39 84
40 42
40 43
40 45
40 46
40 47
40 50
40 51
40 53
40 55
40 57
40 58
40 59
40 60
40 64
40 66
40 70
40 71
40 73
40 74
40 75
40 76
41 43
41 44
41 45
41 48
41 49
41 50
41 51
41 52
41 54
41 56
41 61
41 62
41 63
41 65
41 67
41 68
41 69
41 72
41 77
41 78
41 80
41 81
41 82
41 84
42 43
42 45
42 46
42 47
42 50
42 51
42 53
42 55
42 57
42 58
42 59
42 60
42 61
42 64
42 66
42 70
42 71
42 73
42 74
42 75
42 76
42 79
43 44
43 45
43 46
43 47
43 48
43 50
43 51
43 52
43 53
43 54
43 55
43 56
43 57
43 58
43 59
43 60
43 61
43 62
43 63
43 64
43 65
43 66
43 68
43 69
43 70
43 71
43 72
43 73
43 74
43 75
43 76
43 79
43 85
44 45
44 48
44 49
44 50
44 51
44 52
44 54
44 56
44 61
44 62
44 63
44 65
44 67
44 68
44 69
44 72
44 77
44 78
44 80
44 81
44 82
44 84
44 86
45 46
45 47
45 48
45 49
45 50
45 51
45 52
45 53
45 54
45 55
45 56
45 57
45 58
45 60
45 61
45 62
45 63
45 64
45 65
45 68
45 69
45 70
45 71
45 72
45 73
45 75
45 76
45 79
45 83
45 85
46 47
46 50
46 51
46 53
46 55
46 57
46 58
46 59
46 60
46 61
46 64
46 66
46 70
46 71
46 73
46 74
46 75
46 76
46 79
46 87
47 48
47 50
47 51
47 52
47 53
47 55
47 56
47 57
47 58
47 59
47 60
47 61
47 62
47 63
47 64
47 65
47 66
47 68
47 70
47 71
47 73
47 74
47 75
47 76
47 79
48 49
48 50
48 51
48 52
48 53
48 54
48 56
48 61
48 62
48 63
48 64
48 65
48 67
48 68
48 69
48 71
48 72
48 77
48 78
48 79
48 80
48 81
48 82
48 83
48 84
48 85
48 86
49 52
49 54
49 56
49 61
49 62
49 63
49 65
49 67
49 68
49 69
49 72
49 77
49 78
49 80
49 81
49 82
49 84
49 86
49 88
49 91
49 95
50 51
50 52
50 53
50 54
50 55
50 56
50 57
50 58
50 59
50 60
50 61
50 62
50 63
50 64
50 65
50 66
50 68
50 69
50 70
50 71
50 72
50 73
50 74
50 75
50 76
50 78
50 79
50 83
50 85
51 52
51 53
51 54
51 55
51 56
51 57
51 58
51 59
51 60
51 61
51 62
51 63
51 64
51 65
51 66
51 68
51 69
51 70
51 71
51 72
51 73
51 74
51 75
51 76
51 79
51 83
51 85
52 53
52 54
52 56
52 61
52 62
52 63
52 64
52 65
52 67
52 68
52 69
52 70
52 71
52 72
52 73
52 76
52 77
52 78
52 79
52 80
52 81
52 82
52 83
52 84
52 85
52 86
52 88
52 91
52 96
52 97
53 55
53 57
53 58
53 59
53 60
53 61
53 62
53 64
53 66
53 68
53 70
53 71
53 73
53 74
53 75
53 76
53 79
53 85
53 87
53 89
53 90
53 92
53 93
53 94
54 56
54 61
54 62
54 63
54 65
54 67
54 68
54 69
54 72
54 77
54 78
54 80
54 81
54 82
54 83
54 84
54 85
54 86
54 88
54 91
54 95
54 96
54 97
54 100
55 57
55 58
55 59
55 60
55 64
55 66
55 70
55 71
55 73
55 74
55 75
55 76
55 79
55 87
55 89
55 90
55 92
55 93
55 94
56 61
56 62
56 63
56 65
56 67
56 68
56 69
56 71
56 72
56 76
56 77
56 78
56 79
56 80
56 81
56 82
56 83
56 84
56 85
56 86
56 88
56 91
56 95
56 96
56 97
56 98
56 99
56 100
57 58
57 59
57 60
57 64
57 66
57 70
57 71
57 73
57 74
57 75
57 76
57 79
57 87
57 89
57 90
57 92
57 93
57 94
58 59
58 60
58 61
58 64
58 66
58 70
58 71
58 73
58 74
58 75
58 76
58 79
58 85
58 87
58 89
58 90
58 92
58 93
58 94
59 60
59 64
59 66
59 70
59 71
59 73
59 74
59 75
59 76
59 79
59 87
59 89
59 90
59 92
59 93
59 94
60 61
60 64
60 66
60 70
60 71
60 73
60 74
60 75
60 76
60 79
60 85
60 87
60 89
60 90
60 92
60 93
60 94
61 62
61 63
61 64
61 65
61 66
61 67
61 68
61 69
61 70
61 71
61 72
61 73
61 74
61 75
61 76
61 77
61 78
61 79
61 80
61 81
61 82
61 83
61 84
61 85
61 86
61 88
61 91
61 96
61 97
61 98
61 100
62 63
62 64
62 65
62 67
62 68
62 69
62 70
62 71
62 72
62 73
62 75
62 76
62 77
62 78
62 79
62 80
62 81
62 82
62 83
62 84
62 85
62 86
62 88
62 91
62 95
62 96
62 97
62 98
62 100
63 65
63 67
63 68
63 69
63 71
63 72
63 73
63 76
63 77
63 78
63 79
63 80
63 81
63 82
63 83
63 84
63 85
63 86
63 88
63 91
63 95
63 96
63 97
63 98
63 99
63 100
64 65
64 66
64 68
64 70
64 71
64 73
64 74
64 75
64 76
64 79
64 83
64 85
64 87
64 89
64 90
64 92
64 93
64 94
64 96
64 98
65 67
65 68
65 69
65 70
65 71
65 72
65 73
65 75
65 76
65 77
65 78
65 79
65 80
65 81
65 82
65 83
65 84
65 85
65 86
65 88
65 91
65 95
65 96
65 97
65 98
65 99
65 100
66 70
66 71
66 73
66 74
66 75
66 76
66 79
66 85
66 87
66 89
66 90
66 92
66 93
66 94
67 68
67 69
67 72
67 77
67 78
67 80
67 81
67 82
67 83
67 84
67 85
67 86
67 88
67 91
67 95
67 96
67 97
67 98
67 99
67 100
68 69
68 70
68 71
68 72
68 73
68 75
68 76
68 77
68 78
68 79
68 80
68 81
68 82
68 83
68 84
68 85
68 86
68 88
68 91
68 95
68 96
68 97
68 98
68 99
68 100
69 71
69 72
69 76
69 77
69 78
69 79
69 80
69 81
69 82
69 83
69 84
69 85
69 86
69 88
69 91
69 95
69 96
69 97
69 98
69 99
69 100
70 71
70 73
70 74
70 75
70 76
70 79
70 83
70 85
70 87
70 89
70 90
70 92
70 93
70 94
70 96
70 98
71 72
71 73
71 74
71 75
71 76
71 78
71 79
71 81
71 83
71 84
71 85
71 86
71 87
71 88
71 89
71 90
71 91
71 92
71 93
71 94
71 96
71 97
71 98
72 76
72 77
72 78
72 79
72 80
72 81
72 82
72 83
72 84
72 85
72 86
72 88
72 91
72 95
72 96
72 97
72 98
72 99
72 100
73 74
73 75
73 76
73 79
73 83
73 85
73 87
73 89
73 90
73 92
73 93
73 94
73 96
73 98
74 75
74 76
74 79
74 85
74 87
74 89
74 90
74 92
74 93
74 94
74 98
75 76
75 79
75 83
75 85
75 87
75 89
75 90
75 92
75 93
75 94
75 96
75 98
76 78
76 79
76 81
76 83
76 84
76 85
76 86
76 87
76 88
76 89
76 90
76 91
76 92
76 93
76 94
76 96
76 97
76 98
77 78
77 79
77 80
77 81
77 82
77 83
77 84
77 85
77 86
77 88
77 91
77 95
77 96
77 97
77 98
77 99
77 100
78 79
78 80
78 81
78 82
78 83
78 84
78 85
78 86
78 88
78 91
78 95
78 96
78 97
78 98
78 99
78 100
79 81
79 83
79 84
79 85
79 86
79 87
79 88
79 89
79 90
79 91
79 92
79 93
79 94
79 96
79 97
79 98
80 81
80 82
80 83
80 84
80 85
80 86
80 88
80 91
80 95
80 96
80 97
80 98
80 99
80 100
81 82
81 83
81 84
81 85
81 86
81 88
81 91
81 95
81 96
81 97
81 98
81 99
81 100
82 83
82 84
82 85
82 86
82 88
82 91
82 95
82 96
82 97
82 98
82 99
82 100
83 84
83 85
83 86
83 88
83 91
83 95
83 96
83 97
83 98
83 99
83 100
84 85
84 86
84 88
84 91
84 95
84 96
84 97
84 98
84 99
84 100
85 86
85 87
85 88
85 89
85 90
85 91
85 92
85 93
85 94
85 95
85 96
85 97
85 98
85 99
85 100
86 88
86 91
86 95
86 96
86 97
86 98
86 99
86 100
87 89
87 90
87 92
87 93
87 94
88 91
88 95
88 96
88 97
88 98
88 99
88 100
89 90
89 92
89 93
89 94
89 96
89 98
90 92
90 93
90 94
90 96
90 98
91 95
91 96
91 97
91 98
91 99
91 100
92 93
92 94
92 96
92 98
93 94
93 98
94 98
95 96
95 97
95 98
95 99
95 100
96 97
96 98
96 99
96 100
97 98
97 99
97 100
98 99
98 100
99 100
