0 2
0 3
0 4
0 5
0 6
0 8
0 11
0 13
0 15
0 18
0 21
0 28
0 29
0 31
1 5
1 7
1 8
1 9
1 10
1 12
1 14
1 16
1 17
1 19
1 20
1 22
1 23
1 25
1 26
1 27
1 30
1 32
1 34
1 38
2 3
2 4
2 5
2 6
2 8
2 11
2 13
2 15
2 18
2 21
2 28
2 29
2 31
2 35
2 36
3 4
3 5
3 6
3 8
3 11
3 13
3 15
3 18
3 21
3 28
3 29
3 31
3 35
3 36
4 5
4 6
4 8
4 11
4 13
4 15
4 18
4 21
4 28
4 29
4 31
4 35
4 36
5 6
5 7
5 8
5 11
5 12
5 13
5 15
5 16
5 18
5 21
5 25
5 26
5 29
5 30
5 31
5 35
5 36
5 39
5 40
6 8
6 11
6 13
6 15
6 18
6 21
6 26
6 28
6 29
6 31
6 35
6 36
6 39
7 8
7 9
7 10
7 12
7 14
7 16
7 17
7 19
7 20
7 22
7 23
7 24
7 25
7 26
7 27
7 30
7 32
7 33
7 34
7 37
7 38
7 40
8 11
8 12
8 13
8 15
8 16
8 18
8 21
8 22
8 25
8 26
8 27
8 29
8 30
8 34
8 35
8 36
8 39
8 40
8 41
9 10
9 12
9 14
9 16
9 17
9 19
9 20
9 22
9 23
9 24
9 25
9 27
9 32
9 33
9 37
10 12
10 14
10 16
10 17
10 19
10 20
10 22
10 23
10 24
10 25
10 27
10 30
10 32
10 33
10 34
10 37
10 38
11 13
11 15
11 18
11 21
11 26
11 28
11 29
11 31
11 35
11 36
11 39
11 44
12 14
12 16
12 17
12 19
12 20
12 22
12 23
12 24
12 25
12 26
12 27
12 30
12 32
12 33
12 34
12 37
12 38
12 40
12 41
12 42
13 15
13 18
13 21
13 26
13 28
13 29
13 31
13 35
13 36
13 39
13 43
13 44
14 16
14 17
14 19
14 20
14 22
14 23
14 24
14 25
14 26
14 27
14 30
14 32
14 33
14 34
14 37
14 38
14 40
14 42
14 45
15 18
15 21
15 26
15 28
15 29
15 31
15 35
15 36
15 39
15 43
15 44
16 17
16 19
16 20
16 21
16 22
16 23
16 24
16 25
16 26
16 27
16 30
16 32
16 33
16 34
16 37
16 38
16 39
16 40
16 41
16 42
16 45
16 48
17 19
17 20
17 22
17 23
17 24
17 25
17 26
17 27
17 30
17 32
17 33
17 34
17 37
17 38
17 45
17 46
18 21
18 26
18 28
18 29
18 31
18 35
18 36
18 39
18 43
18 44
18 47
19 20
19 22
19 23
19 24
19 25
19 27
19 30
19 32
19 33
19 34
19 37
19 38
19 45
19 46
19 50
20 22
20 23
20 24
20 25
20 27
20 30
20 32
20 33
20 34
20 37
20 38
20 45
20 46
20 50
20 56
21 25
21 26
21 28
21 29
21 30
21 31
21 34
21 35
21 36
21 39
21 40
21 41
21 43
21 44
21 47
21 49
21 51
21 52
21 57
22 23
22 24
22 25
22 26
22 27
22 30
22 32
22 33
22 34
22 37
22 38
22 40
22 41
22 42
22 45
22 46
22 48
22 50
22 53
22 54
22 56
23 24
23 25
23 26
23 27
23 30
23 32
23 33
23 34
23 37
23 38
23 40
23 41
23 42
23 45
23 46
23 48
23 50
23 53
23 54
23 56
24 25
24 27
24 30
24 32
24 33
24 34
24 37
24 38
24 45
24 46
24 50
24 54
24 56
24 59
25 26
25 27
25 30
25 32
25 33
25 34
25 37
25 38
25 39
25 40
25 41
25 42
25 45
25 46
25 48
25 49
25 53
25 54
25 55
25 61
26 27
26 29
26 30
26 32
26 34
26 35
26 36
26 37
26 38
26 39
26 40
26 41
26 42
26 44
26 45
26 48
26 49
26 51
26 52
26 53
26 54
26 55
26 57
26 61
27 30
27 32
27 33
27 34
27 37
27 38
27 39
27 40
27 41
27 42
27 45
27 46
27 48
27 50
27 53
27 54
27 55
27 56
28 29
28 31
28 35
28 36
28 39
28 43
28 44
28 47
28 57
28 58
28 60
28 62
29 31
29 35
29 36
29 39
29 40
29 41
29 43
29 44
29 47
29 49
29 51
29 52
29 57
29 58
29 60
29 62
29 64
29 66
30 32
30 33
30 34
30 37
30 38
30 39
30 40
30 41
30 42
30 45
30 46
30 48
30 49
30 50
30 51
30 52
30 53
30 54
30 55
30 61
31 35
31 36
31 39
31 43
31 44
31 47
31 49
31 51
31 52
31 57
31 58
31 60
31 62
31 64
31 67
32 33
32 34
32 37
32 38
32 40
32 41
32 42
32 45
32 46
32 48
32 50
32 53
32 54
32 55
32 56
32 59
32 69
33 34
33 37
33 38
33 42
33 45
33 46
33 50
33 53
33 54
33 56
33 59
33 69
33 72
34 37
34 38
34 39
34 40
34 41
34 42
34 45
34 46
34 48
34 49
34 50
34 51
34 52
34 53
34 54
34 55
34 56
34 61
34 63
35 36
35 39
35 40
35 41
35 43
35 44
35 47
35 49
35 51
35 52
35 57
35 58
35 60
35 61
35 62
35 63
35 64
35 65
35 66
35 67
35 71
36 39
36 40
36 41
36 43
36 44
36 47
36 49
36 51
36 52
36 57
36 58
36 60
36 61
36 62
36 63
36 64
36 65
36 66
36 67
36 71
37 38
37 40
37 41
37 42
37 45
37 46
37 48
37 50
37 53
37 54
37 55
37 56
37 59
37 61
37 69
37 72
37 73
37 74
38 39
38 40
38 41
38 42
38 45
38 46
38 48
38 49
38 50
38 51
38 52
38 53
38 54
38 55
38 56
38 59
38 61
38 63
38 69
38 73
38 74
39 40
39 41
39 42
39 43
39 44
39 47
39 48
39 49
39 51
39 52
39 53
39 55
39 57
39 58
39 60
39 61
39 62
39 63
39 64
39 65
39 66
39 68
39 75
39 76
40 41
40 42
40 44
40 45
40 47
40 48
40 49
40 50
40 51
40 52
40 53
40 54
40 55
40 57
40 61
40 63
40 65
40 68
41 42
41 44
41 45
41 47
41 48
41 49
41 51
41 52
41 53
41 54
41 55
41 57
41 60
41 61
41 63
41 65
41 66
41 68
41 69
41 75
41 76
42 45
42 46
42 48
42 49
42 50
42 51
42 52
42 53
42 54
42 55
42 56
42 57
42 61
42 63
42 65
42 68
42 69
42 73
42 74
42 75
42 76
43 44
43 47
43 49
43 51
43 52
43 57
43 58
43 60
43 62
43 64
43 66
43 67
43 70
43 71
43 79
43 81
44 47
44 48
44 49
44 51
44 52
44 55
44 57
44 58
44 60
44 61
44 62
44 63
44 64
44 65
44 66
44 67
44 68
44 70
44 71
44 75
44 76
44 79
44 80
44 81
44 82
45 46
45 48
45 49
45 50
45 53
45 54
45 55
45 56
45 59
45 61
45 69
45 72
45 73
45 74
45 77
45 78
45 83
45 85
46 48
46 50
46 53
46 54
46 55
46 56
46 59
46 69
46 72
46 73
46 74
46 77
46 78
46 83
46 85
46 92
47 48
47 49
47 51
47 52
47 55
47 57
47 58
47 60
47 61
47 62
47 63
47 64
47 65
47 66
47 67
47 68
47 70
47 71
47 75
47 76
47 79
47 80
47 81
47 82
47 84
47 86
47 88
47 89
47 91
48 49
48 50
48 51
48 52
48 53
48 54
48 55
48 56
48 57
48 61
48 63
48 65
48 68
48 69
48 73
48 74
48 75
48 76
48 83
48 84
48 86
48 87
48 90
48 93
49 51
49 52
49 53
49 54
49 55
49 57
49 58
49 60
49 61
49 62
49 63
49 64
49 65
49 66
49 67
49 68
49 71
49 75
49 76
49 80
49 82
49 84
49 86
49 87
49 88
49 90
49 91
50 53
50 54
50 55
50 56
50 59
50 61
50 69
50 72
50 73
50 74
50 77
50 78
50 83
50 85
50 92
51 52
51 53
51 55
51 57
51 58
51 60
51 61
51 62
51 63
51 64
51 65
51 66
51 67
51 68
51 70
51 71
51 75
51 76
51 79
51 80
51 81
51 82
51 84
51 86
51 87
51 88
51 89
51 90
51 91
51 94
51 95
52 53
52 55
52 57
52 58
52 60
52 61
52 62
52 63
52 64
52 65
52 66
52 67
52 68
52 70
52 71
52 75
52 76
52 79
52 80
52 81
52 82
52 84
52 86
52 87
52 88
52 89
52 90
52 91
52 94
52 95
53 54
53 55
53 56
53 59
53 61
53 63
53 65
53 68
53 69
53 72
53 73
53 74
53 75
53 76
53 77
53 78
53 83
53 85
53 87
53 90
53 93
53 97
54 55
54 56
54 59
54 61
54 63
54 65
54 68
54 69
54 72
54 73
54 74
54 76
54 77
54 78
54 83
54 85
54 87
54 90
54 92
54 93
54 97
55 56
55 57
55 60
55 61
55 63
55 64
55 65
55 66
55 68
55 69
55 73
55 74
55 75
55 76
55 77
55 80
55 83
55 84
55 86
55 87
55 88
55 90
55 91
55 93
55 95
55 97
56 59
56 69
56 72
56 73
56 74
56 77
56 78
56 83
56 85
56 92
56 99
57 58
57 60
57 61
57 62
57 63
57 64
57 65
57 66
57 67
57 68
57 70
57 71
57 75
57 76
57 79
57 80
57 81
57 82
57 84
57 86
57 87
57 88
57 89
57 91
57 94
57 95
57 98
58 60
58 61
58 62
58 63
58 64
58 65
58 66
58 67
58 68
58 70
58 71
58 75
58 76
58 79
58 80
58 81
58 82
58 84
58 86
58 88
58 89
58 91
58 94
58 95
58 96
58 98
59 69
59 72
59 73
59 74
59 77
59 78
59 83
59 85
59 92
59 99
60 61
60 62
60 63
60 64
60 65
60 66
60 67
60 68
60 70
60 71
60 75
60 76
60 79
60 80
60 81
60 82
60 84
60 86
60 88
60 89
60 91
60 94
60 95
60 96
60 98
61 62
61 63
61 64
61 65
61 66
61 67
61 68
61 69
61 71
61 73
61 74
61 75
61 76
61 80
61 82
61 83
61 84
61 86
61 87
61 88
61 90
61 91
61 93
61 94
61 95
61 97
62 63
62 64
62 65
62 66
62 67
62 68
62 70
62 71
62 75
62 76
62 79
62 80
62 81
62 82
62 84
62 86
62 88
62 89
62 91
62 94
62 95
62 96
62 98
63 64
63 65
63 66
63 67
63 68
63 69
63 71
63 73
63 74
63 75
63 76
63 79
63 80
63 81
63 82
63 84
63 86
63 87
63 88
63 89
63 90
63 91
63 93
63 94
63 95
63 97
63 98
64 65
64 66
64 67
64 68
64 70
64 71
64 75
64 76
64 79
64 80
64 81
64 82
64 84
64 86
64 88
64 89
64 91
64 94
64 95
64 96
64 98
65 66
65 67
65 68
65 69
65 70
65 71
65 73
65 74
65 75
65 76
65 79
65 80
65 81
65 82
65 84
65 86
65 87
65 88
65 89
65 90
65 91
65 93
65 94
65 95
65 97
65 98
66 67
66 68
66 70
66 71
66 75
66 76
66 79
66 80
66 81
66 82
66 84
66 86
66 87
66 88
66 89
66 91
66 94
66 95
66 96
66 98
67 68
67 70
67 71
67 75
67 76
67 79
67 80
67 81
67 82
67 84
67 86
67 88
67 89
67 91
67 94
67 95
67 96
67 98
68 69
68 71
68 73
68 74
68 75
68 76
68 79
68 80
68 81
68 82
68 83
68 84
68 86
68 87
68 88
68 89
68 90
68 91
68 93
68 94
68 95
68 97
68 98
68 100
69 72
69 73
69 74
69 76
69 77
69 78
69 83
69 85
69 87
69 90
69 92
69 93
69 97
69 99
69 100
70 71
70 75
70 79
70 80
70 81
70 82
70 84
70 86
70 88
70 89
70 91
70 94
70 95
70 96
70 98
71 75
71 76
71 79
71 80
71 81
71 82
71 84
71 86
71 88
71 89
71 91
71 94
71 95
71 96
71 98
72 73
72 74
72 77
72 78
72 83
72 85
72 90
72 92
72 93
72 99
72 100
73 74
73 76
73 77
73 78
73 83
73 85
73 87
73 90
73 92
73 93
73 97
73 99
73 100
74 76
74 77
74 78
74 83
74 84
74 85
74 87
74 90
74 92
74 93
74 97
74 99
74 100
75 76
75 79
75 80
75 81
75 82
75 84
75 86
75 87
75 88
75 89
75 90
75 91
75 93
75 94
75 95
75 96
75 97
75 98
76 79
76 80
76 81
76 82
76 83
76 84
76 86
76 87
76 88
76 89
76 90
76 91
76 93
76 94
76 95
76 97
76 98
76 100
77 78
77 83
77 85
77 87
77 90
77 92
77 93
77 97
77 99
77 100
78 83
78 85
78 87
78 90
78 92
78 93
78 97
78 99
78 100
79 80
79 81
79 82
79 84
79 86
79 88
79 89
79 91
79 94
79 95
79 96
79 98
80 81
80 82
80 84
80 86
80 87
80 88
80 89
80 90
80 91
80 93
80 94
80 95
80 96
80 97
80 98
81 82
81 84
81 86
81 88
81 89
81 91
81 94
81 95
81 96
81 98
82 84
82 86
82 87
82 88
82 89
82 90
82 91
82 94
82 95
82 96
82 98
83 85
83 87
83 90
83 92
83 93
83 97
83 99
83 100
84 86
84 87
84 88
84 89
84 90
84 91
84 93
84 94
84 95
84 96
84 97
84 98
84 100
85 87
85 90
85 92
85 93
85 97
85 99
85 100
86 87
86 88
86 89
86 90
86 91
86 93
86 94
86 95
86 96
86 97
86 98
86 100
87 88
87 90
87 91
87 93
87 94
87 95
87 97
87 100
88 89
88 90
88 91
88 93
88 94
88 95
88 96
88 97
88 98
88 100
89 91
89 94
89 95
89 96
89 98
90 91
90 93
90 94
90 95
90 97
90 99
90 100
91 93
91 94
91 95
91 96
91 97
91 98
92 93
92 97
92 99
92 100
93 94
93 95
93 97
93 99
93 100
94 95
94 96
94 97
94 98
95 96
95 97
95 98
95 100
96 98
97 99
97 100
99 100
