0 1
0 2
0 3
0 6
0 7
0 11
0 17
0 22
0 24
0 25
0 27
0 28
1 2
1 3
1 6
1 7
1 11
1 17
1 22
1 24
1 25
1 27
1 28
2 3
2 6
2 7
2 11
2 15
2 16
2 17
2 22
2 24
2 25
2 28
3 6
3 7
3 17
3 22
3 24
3 27
3 28
4 5
4 8
4 9
4 10
4 12
4 13
4 14
4 18
4 19
4 20
4 21
4 23
4 26
4 29
4 30
4 33
5 9
5 10
5 13
5 14
5 18
5 19
5 20
5 21
5 23
5 26
5 29
5 30
5 33
6 7
6 8
6 11
6 12
6 15
6 16
6 17
6 22
6 25
6 28
6 31
6 32
7 11
7 15
7 16
7 17
7 22
7 24
7 25
7 27
7 28
7 34
8 10
8 11
8 12
8 15
8 16
8 18
8 19
8 23
8 29
8 31
8 32
8 37
9 13
9 14
9 18
9 19
9 20
9 21
9 26
9 30
9 33
9 38
10 12
10 13
10 14
10 18
10 19
10 20
10 21
10 23
10 26
10 29
10 30
10 33
10 39
11 12
11 15
11 16
11 17
11 22
11 25
11 28
11 31
11 32
11 34
11 35
11 36
11 37
12 15
12 16
12 18
12 19
12 23
12 29
12 31
12 32
12 36
12 37
12 40
12 41
13 14
13 18
13 19
13 20
13 21
13 23
13 26
13 29
13 30
13 33
13 38
13 39
14 18
14 19
14 20
14 21
14 23
14 26
14 29
14 30
14 33
14 38
14 39
15 16
15 17
15 22
15 25
15 28
15 31
15 32
15 34
15 35
15 36
15 37
15 40
15 41
15 42
15 43
15 44
16 17
16 22
16 23
16 25
16 28
16 31
16 32
16 34
16 35
16 36
16 37
16 40
16 41
16 42
16 43
16 44
17 22
17 24
17 25
17 27
17 28
17 32
17 34
17 35
17 36
18 19
18 20
18 21
18 23
18 26
18 29
18 30
18 33
18 38
18 39
18 45
19 20
19 21
19 23
19 26
19 29
19 30
19 33
19 37
19 38
19 39
19 40
19 41
19 45
20 21
20 23
20 26
20 29
20 30
20 33
20 38
20 39
20 45
21 23
21 26
21 29
21 30
21 33
21 38
21 39
21 45
22 24
22 25
22 27
22 28
22 31
22 32
22 34
22 35
22 36
22 42
22 43
22 44
22 48
22 49
23 26
23 29
23 30
23 31
23 33
23 37
23 38
23 39
23 40
23 41
23 45
24 25
24 27
24 28
24 34
24 35
24 46
25 27
25 28
25 31
25 32
25 34
25 35
25 36
25 42
25 43
25 44
25 48
25 49
25 51
26 29
26 30
26 33
26 38
26 39
26 45
26 52
27 28
27 34
27 35
27 46
27 54
27 56
28 31
28 32
28 34
28 35
28 36
28 42
28 43
28 44
28 46
28 48
28 49
28 54
28 56
29 30
29 33
29 37
29 38
29 39
29 40
29 41
29 45
29 55
30 33
30 38
30 39
30 45
30 52
31 32
31 34
31 35
31 36
31 37
31 40
31 41
31 42
31 43
31 44
31 47
31 50
31 51
32 34
32 35
32 36
32 37
32 40
32 41
32 42
32 43
32 44
32 47
32 48
32 49
32 50
32 51
33 38
33 39
33 45
33 52
33 55
34 35
34 36
34 42
34 43
34 44
34 46
34 47
34 48
34 49
34 51
34 54
34 56
34 58
34 59
34 60
35 36
35 37
35 40
35 41
35 42
35 43
35 44
35 46
35 47
35 48
35 49
35 50
35 51
35 54
35 56
35 58
35 59
35 60
36 37
36 40
36 41
36 42
36 43
36 44
36 47
36 48
36 49
36 50
36 51
36 53
36 58
36 59
36 64
37 39
37 40
37 41
37 42
37 43
37 44
37 47
37 50
37 51
37 53
37 55
37 57
37 63
37 64
38 39
38 45
38 52
38 55
38 62
38 66
38 67
39 40
39 41
39 45
39 52
39 53
39 55
39 57
39 61
39 62
39 63
40 41
40 42
40 43
40 44
40 45
40 47
40 50
40 53
40 55
40 57
40 61
40 63
40 64
41 42
41 43
41 44
41 45
41 47
41 50
41 53
41 55
41 57
41 61
41 63
41 64
41 72
42 43
42 44
42 46
42 47
42 48
42 49
42 50
42 51
42 53
42 54
42 56
42 58
42 59
42 60
42 64
42 65
42 69
42 70
42 71
42 74
42 76
42 79
42 81
42 84
43 44
43 46
43 47
43 48
43 49
43 50
43 51
43 53
43 54
43 56
43 58
43 59
43 60
43 64
43 65
43 69
43 70
43 71
43 74
43 76
43 79
43 84
44 46
44 47
44 48
44 49
44 50
44 51
44 53
44 54
44 56
44 58
44 59
44 60
44 64
44 65
44 69
44 70
44 71
44 74
44 76
44 79
44 81
44 84
45 52
45 53
45 55
45 57
45 61
45 62
45 63
45 66
45 67
45 68
45 72
45 73
45 78
46 48
46 49
46 51
46 54
46 56
46 58
46 59
46 60
46 65
46 69
46 71
46 74
46 75
46 76
46 81
46 82
46 83
47 48
47 49
47 50
47 51
47 53
47 54
47 56
47 57
47 58
47 59
47 60
47 63
47 64
47 65
47 69
47 70
47 71
47 74
47 76
47 79
47 81
47 82
47 84
47 85
47 86
48 49
48 50
48 51
48 54
48 56
48 58
48 59
48 60
48 64
48 65
48 69
48 70
48 71
48 74
48 75
48 76
48 79
48 81
48 82
48 83
48 84
49 50
49 51
49 54
49 56
49 58
49 59
49 60
49 64
49 65
49 69
49 70
49 71
49 74
49 75
49 76
49 79
49 81
49 82
49 83
49 84
50 51
50 53
50 55
50 57
50 58
50 59
50 61
50 63
50 64
50 69
50 70
50 71
50 72
50 74
50 79
50 84
50 85
50 86
50 88
51 54
51 56
51 58
51 59
51 60
51 64
51 65
51 69
51 70
51 71
51 74
51 75
51 76
51 79
51 81
51 82
51 84
51 86
52 55
52 61
52 62
52 66
52 67
52 68
52 73
52 77
52 78
52 80
53 55
53 57
53 61
53 62
53 63
53 64
53 70
53 72
53 85
53 86
53 87
53 88
54 56
54 58
54 59
54 60
54 65
54 69
54 70
54 71
54 74
54 75
54 76
54 79
54 81
54 82
54 83
55 57
55 61
55 62
55 63
55 64
55 67
55 72
55 78
55 87
56 58
56 59
56 60
56 65
56 69
56 71
56 74
56 75
56 76
56 79
56 81
56 82
56 83
57 61
57 62
57 63
57 64
57 70
57 72
57 85
57 86
57 87
57 88
58 59
58 60
58 64
58 65
58 69
58 70
58 71
58 74
58 75
58 76
58 79
58 81
58 82
58 83
58 84
59 60
59 64
59 65
59 69
59 70
59 71
59 74
59 75
59 76
59 79
59 81
59 82
59 83
59 84
59 85
59 86
60 65
60 69
60 70
60 71
60 74
60 75
60 76
60 79
60 81
60 82
60 83
60 84
61 62
61 63
61 64
61 67
61 72
61 78
61 85
61 86
61 87
61 88
62 63
62 66
62 67
62 68
62 72
62 73
62 77
62 78
62 80
62 87
62 91
63 64
63 70
63 72
63 84
63 85
63 86
63 87
63 88
63 93
64 65
64 69
64 70
64 71
64 72
64 74
64 76
64 79
64 81
64 82
64 84
64 85
64 86
64 88
64 89
64 90
65 69
65 70
65 71
65 74
65 75
65 76
65 79
65 81
65 82
65 83
65 84
65 86
65 89
66 67
66 68
66 73
66 77
66 78
66 80
66 91
67 68
67 72
67 73
67 77
67 78
67 80
67 87
67 91
67 96
68 73
68 77
68 78
68 80
68 91
68 96
69 70
69 71
69 74
69 75
69 76
69 79
69 81
69 82
69 83
69 84
69 85
69 86
69 88
69 89
69 90
69 94
70 71
70 72
70 74
70 76
70 79
70 81
70 82
70 84
70 85
70 86
70 88
70 89
70 90
70 92
70 94
71 74
71 75
71 76
71 79
71 81
71 82
71 83
71 84
71 85
71 86
71 88
71 89
71 90
71 94
72 78
72 85
72 86
72 87
72 88
72 90
72 92
72 93
72 95
73 77
73 78
73 80
73 91
73 96
73 99
74 75
74 76
74 79
74 81
74 82
74 83
74 84
74 85
74 86
74 89
74 90
74 94
75 76
75 79
75 81
75 82
75 83
75 89
75 97
76 79
76 81
76 82
76 83
76 84
76 85
76 86
76 89
76 90
76 94
76 97
77 78
77 80
77 91
77 96
77 99
78 80
78 87
78 91
78 96
78 98
78 99
79 81
79 82
79 83
79 84
79 85
79 86
79 88
79 89
79 90
79 94
80 91
80 96
80 98
80 99
81 82
81 83
81 84
81 85
81 86
81 89
81 90
81 94
81 97
82 83
82 84
82 86
82 89
82 90
82 94
82 97
83 89
83 97
84 85
84 86
84 88
84 89
84 90
84 92
84 94
84 95
85 86
85 87
85 88
85 89
85 90
85 92
85 93
85 94
85 95
86 87
86 88
86 89
86 90
86 92
86 93
86 94
86 95
87 88
87 90
87 91
87 92
87 93
87 95
87 96
87 98
87 99
88 89
88 90
88 92
88 93
88 94
88 95
89 90
89 92
89 94
89 95
89 97
90 92
90 93
90 94
90 95
91 93
91 96
91 98
91 99
92 93
92 94
92 95
93 95
93 98
94 95
94 97
96 98
96 99
98 99
