0 1
0 2
0 4
0 5
0 6
0 7
0 8
0 9
0 10
0 11
0 12
0 15
0 16
0 17
0 20
0 21
0 24
0 25
0 30
0 33
0 35
1 3
1 4
1 6
1 9
1 10
1 11
1 13
1 14
1 16
1 18
1 19
1 21
1 22
1 24
1 30
1 31
2 5
2 7
2 8
2 11
2 12
2 15
2 17
2 20
2 23
2 25
2 26
2 27
2 28
2 29
2 32
2 33
3 4
3 6
3 9
3 10
3 13
3 14
3 16
3 18
3 19
3 22
3 24
3 30
3 31
4 5
4 6
4 7
4 8
4 9
4 10
4 11
4 12
4 13
4 14
4 16
4 18
4 19
4 21
4 22
4 24
4 30
4 31
4 37
4 38
4 39
4 40
5 6
5 7
5 8
5 11
5 12
5 15
5 16
5 17
5 20
5 21
5 23
5 25
5 26
5 27
5 28
5 29
5 32
5 33
5 34
5 35
5 36
5 37
5 41
6 7
6 8
6 9
6 10
6 11
6 12
6 13
6 14
6 16
6 17
6 18
6 19
6 20
6 21
6 22
6 24
6 25
6 30
6 31
6 33
6 35
6 37
6 38
6 40
7 8
7 11
7 12
7 15
7 16
7 17
7 20
7 21
7 24
7 25
7 26
7 27
7 28
7 29
7 30
7 32
7 33
7 34
7 35
7 36
7 37
7 41
8 9
8 10
8 11
8 12
8 15
8 16
8 17
8 20
8 21
8 22
8 24
8 25
8 26
8 29
8 30
8 31
8 32
8 33
8 34
8 35
8 36
8 37
8 41
9 10
9 11
9 13
9 14
9 16
9 18
9 19
9 21
9 22
9 24
9 30
9 31
9 38
9 39
9 40
9 44
9 45
9 46
10 11
10 13
10 14
10 16
10 18
10 19
10 21
10 22
10 24
10 30
10 31
10 38
10 39
10 40
10 44
10 45
10 46
11 12
11 15
11 16
11 17
11 20
11 21
11 22
11 24
11 25
11 29
11 30
11 31
11 32
11 33
11 34
11 35
11 36
11 37
11 38
11 40
11 41
12 15
12 16
12 17
12 20
12 21
12 23
12 24
12 25
12 26
12 27
12 28
12 29
12 30
12 32
12 33
12 34
12 35
12 36
12 37
12 38
12 41
13 14
13 16
13 18
13 19
13 21
13 22
13 24
13 30
13 31
13 39
13 44
13 45
13 46
13 48
14 16
14 18
14 19
14 21
14 22
14 24
14 30
14 31
14 39
14 44
14 45
14 46
14 48
15 17
15 20
15 23
15 25
15 26
15 27
15 28
15 29
15 32
15 33
15 34
15 36
15 41
15 42
15 43
15 47
15 50
15 53
16 18
16 19
16 21
16 22
16 24
16 25
16 30
16 31
16 35
16 37
16 38
16 39
16 40
16 44
16 45
16 46
16 48
16 49
16 54
17 20
17 21
17 23
17 25
17 26
17 27
17 28
17 29
17 32
17 33
17 34
17 35
17 36
17 37
17 41
17 42
17 43
17 47
17 50
17 51
17 53
18 19
18 21
18 22
18 24
18 30
18 31
18 38
18 39
18 40
18 44
18 45
18 46
18 48
18 49
18 52
19 21
19 22
19 24
19 30
19 31
19 38
19 39
19 40
19 44
19 45
19 46
19 48
19 49
19 52
19 59
19 61
20 21
20 23
20 25
20 26
20 27
20 28
20 29
20 32
20 33
20 34
20 35
20 36
20 37
20 41
20 42
20 43
20 47
20 50
20 51
20 53
20 57
20 58
20 60
20 62
21 22
21 24
21 25
21 30
21 31
21 32
21 33
21 34
21 35
21 36
21 37
21 38
21 39
21 40
21 41
21 44
21 46
21 49
21 54
21 55
22 24
22 30
22 31
22 35
22 37
22 38
22 39
22 40
22 44
22 45
22 46
22 48
22 49
22 52
22 54
22 55
22 59
22 61
22 63
22 66
23 25
23 26
23 27
23 28
23 29
23 32
23 33
23 34
23 36
23 41
23 42
23 43
23 47
23 50
23 51
23 53
23 56
23 62
23 64
24 25
24 30
24 31
24 35
24 36
24 37
24 38
24 39
24 40
24 41
24 44
24 45
24 46
24 48
24 49
24 54
24 55
24 59
24 61
24 63
24 66
24 68
25 26
25 27
25 28
25 29
25 30
25 32
25 33
25 34
25 35
25 36
25 37
25 38
25 40
25 41
25 42
25 43
25 47
25 50
25 51
25 53
25 55
25 57
25 58
25 60
25 62
25 65
25 67
26 27
26 28
26 29
26 32
26 33
26 34
26 35
26 36
26 41
26 42
26 43
26 47
26 50
26 51
26 53
26 56
26 57
26 58
26 60
26 62
26 64
26 65
27 28
27 29
27 32
27 33
27 34
27 36
27 41
27 42
27 43
27 47
27 50
27 51
27 53
27 56
27 57
27 58
27 62
27 64
28 29
28 32
28 33
28 34
28 35
28 36
28 41
28 42
28 43
28 47
28 50
28 51
28 53
28 56
28 57
28 58
28 62
28 64
28 65
28 73
29 32
29 33
29 34
29 35
29 36
29 37
29 41
29 42
29 43
29 47
29 50
29 51
29 53
29 56
29 57
29 58
29 60
29 62
29 64
29 65
29 67
29 73
29 75
30 31
30 33
30 35
30 36
30 37
30 38
30 39
30 40
30 41
30 44
30 45
30 46
30 48
30 49
30 54
30 55
30 59
30 61
30 63
30 66
30 68
30 71
30 72
30 77
31 35
31 37
31 38
31 39
31 40
31 41
31 44
31 45
31 46
31 48
31 49
31 52
31 54
31 55
31 59
31 61
31 63
31 66
31 68
31 70
31 71
31 72
31 77
31 79
31 80
32 33
32 34
32 35
32 36
32 37
32 41
32 42
32 43
32 47
32 50
32 51
32 53
32 56
32 57
32 58
32 60
32 62
32 64
32 65
32 67
32 73
32 74
32 75
32 76
32 81
33 34
33 35
33 36
33 37
33 38
33 40
33 41
33 42
33 43
33 47
33 50
33 51
33 53
33 54
33 55
33 56
33 57
33 58
33 60
33 62
33 64
33 65
33 67
33 73
33 74
33 75
33 76
33 78
33 81
34 35
34 36
34 37
34 38
34 40
34 41
34 42
34 43
34 47
34 50
34 51
34 53
34 54
34 55
34 56
34 57
34 58
34 60
34 62
34 64
34 65
34 67
34 73
34 74
34 75
34 76
34 78
34 81
34 82
34 86
35 36
35 37
35 38
35 39
35 40
35 41
35 42
35 44
35 46
35 47
35 48
35 49
35 51
35 53
35 54
35 55
35 57
35 58
35 60
35 62
35 65
35 66
35 67
35 68
35 74
35 75
35 76
35 77
35 78
35 81
35 87
36 37
36 38
36 40
36 41
36 42
36 43
36 47
36 50
36 51
36 53
36 54
36 55
36 56
36 57
36 58
36 60
36 62
36 64
36 65
36 67
36 73
36 74
36 75
36 76
36 78
36 81
36 82
36 86
36 87
37 38
37 39
37 40
37 41
37 44
37 45
37 46
37 47
37 48
37 49
37 51
37 54
37 55
37 57
37 58
37 59
37 60
37 62
37 63
37 65
37 66
37 67
37 68
37 71
37 72
37 74
37 76
37 77
37 78
37 79
37 87
38 39
38 40
38 41
38 44
38 45
38 46
38 48
38 49
38 51
38 52
38 54
38 55
38 57
38 58
38 59
38 60
38 61
38 63
38 66
38 67
38 68
38 70
38 71
38 72
38 76
38 77
38 78
38 79
38 80
38 90
39 40
39 44
39 45
39 46
39 48
39 49
39 52
39 54
39 55
39 59
39 61
39 63
39 66
39 68
39 69
39 70
39 71
39 72
39 77
39 79
39 80
39 83
39 85
39 88
39 89
40 41
40 44
40 45
40 46
40 48
40 49
40 51
40 52
40 54
40 55
40 57
40 58
40 59
40 60
40 61
40 63
40 65
40 66
40 67
40 68
40 70
40 71
40 72
40 76
40 77
40 78
40 79
40 80
40 87
40 89
40 90
41 42
41 43
41 44
41 47
41 50
41 51
41 53
41 54
41 55
41 56
41 57
41 58
41 60
41 62
41 64
41 65
41 67
41 73
41 74
41 75
41 76
41 77
41 78
41 81
41 82
41 86
41 87
42 43
42 47
42 50
42 51
42 53
42 56
42 57
42 58
42 60
42 62
42 64
42 65
42 67
42 73
42 74
42 75
42 76
42 81
42 82
42 84
42 86
43 47
43 50
43 51
43 53
43 56
43 57
43 58
43 60
43 62
43 64
43 65
43 67
43 73
43 74
43 75
43 81
43 82
43 84
43 86
44 45
44 46
44 48
44 49
44 52
44 54
44 55
44 59
44 61
44 63
44 66
44 68
44 69
44 70
44 71
44 72
44 76
44 77
44 78
44 79
44 80
44 83
44 85
44 88
44 89
44 90
44 91
45 46
45 48
45 49
45 52
45 54
45 55
45 59
45 61
45 63
45 66
45 68
45 69
45 70
45 71
45 72
45 77
45 79
45 80
45 83
45 85
45 88
45 89
45 91
45 92
46 48
46 49
46 52
46 54
46 55
46 59
46 61
46 63
46 66
46 68
46 69
46 70
46 71
46 72
46 77
46 78
46 79
46 80
46 83
46 85
46 88
46 89
46 90
46 91
47 50
47 51
47 53
47 55
47 56
47 57
47 58
47 60
47 62
47 64
47 65
47 67
47 73
47 74
47 75
47 76
47 78
47 81
47 82
47 84
47 86
47 87
47 94
48 49
48 52
48 54
48 55
48 59
48 61
48 63
48 66
48 68
48 69
48 70
48 71
48 72
48 77
48 79
48 80
48 83
48 85
48 88
48 89
48 90
48 91
48 92
48 95
49 52
49 54
49 55
49 59
49 61
49 63
49 66
49 68
49 69
49 70
49 71
49 72
49 76
49 77
49 78
49 79
49 80
49 83
49 85
49 88
49 89
49 90
49 91
49 92
49 93
49 95
50 51
50 53
50 56
50 57
50 58
50 60
50 62
50 64
50 65
50 67
50 73
50 74
50 75
50 76
50 81
50 82
50 84
50 86
50 94
51 53
51 54
51 55
51 56
51 57
51 58
51 60
51 62
51 64
51 65
51 67
51 73
51 74
51 75
51 76
51 78
51 81
51 82
51 84
51 86
51 87
51 94
52 54
52 59
52 61
52 63
52 66
52 68
52 69
52 70
52 71
52 72
52 77
52 79
52 80
52 83
52 85
52 88
52 92
53 56
53 57
53 58
53 60
53 62
53 64
53 65
53 67
53 73
53 74
53 75
53 76
53 78
53 81
53 82
53 84
53 86
53 87
53 94
54 55
54 57
54 58
54 59
54 60
54 61
54 62
54 63
54 65
54 66
54 67
54 68
54 69
54 70
54 71
54 72
54 74
54 76
54 77
54 78
54 79
54 80
54 83
54 85
54 87
54 88
54 89
54 90
54 91
54 93
54 95
54 96
55 57
55 58
55 59
55 60
55 61
55 62
55 63
55 65
55 66
55 67
55 68
55 70
55 71
55 72
55 74
55 76
55 77
55 78
55 79
55 80
55 81
55 86
55 87
55 89
55 90
55 91
55 93
55 95
55 96
56 57
56 58
56 60
56 62
56 64
56 65
56 67
56 73
56 74
56 75
56 81
56 82
56 84
56 86
56 94
57 58
57 60
57 62
57 64
57 65
57 67
57 73
57 74
57 75
57 76
57 77
57 78
57 81
57 82
57 84
57 86
57 87
57 94
58 60
58 62
58 64
58 65
58 67
58 73
58 74
58 75
58 76
58 77
58 78
58 81
58 82
58 84
58 86
58 87
58 94
59 61
59 63
59 66
59 68
59 69
59 70
59 71
59 72
59 77
59 79
59 80
59 83
59 85
59 88
59 89
59 90
59 91
59 92
59 93
59 95
59 98
60 62
60 64
60 65
60 67
60 73
60 74
60 75
60 76
60 77
60 78
60 81
60 82
60 84
60 86
60 87
60 93
60 94
60 97
61 63
61 66
61 68
61 69
61 70
61 71
61 72
61 77
61 79
61 80
61 83
61 85
61 88
61 89
61 90
61 91
61 92
61 95
61 98
62 64
62 65
62 67
62 73
62 74
62 75
62 76
62 78
62 81
62 82
62 84
62 86
62 87
62 94
63 66
63 68
63 69
63 70
63 71
63 72
63 76
63 77
63 78
63 79
63 80
63 83
63 85
63 88
63 89
63 90
63 91
63 92
63 93
63 95
63 96
63 98
63 100
64 65
64 67
64 73
64 74
64 75
64 76
64 81
64 82
64 84
64 86
64 94
65 67
65 73
65 74
65 75
65 76
65 77
65 78
65 81
65 82
65 84
65 86
65 87
65 93
65 94
65 97
66 68
66 69
66 70
66 71
66 72
66 76
66 77
66 78
66 79
66 80
66 83
66 85
66 87
66 88
66 89
66 90
66 91
66 92
66 93
66 95
66 96
66 97
66 98
66 99
66 100
67 73
67 74
67 75
67 76
67 77
67 78
67 81
67 82
67 84
67 86
67 87
67 93
67 94
67 96
67 97
68 69
68 70
68 71
68 72
68 76
68 77
68 78
68 79
68 80
68 83
68 85
68 87
68 88
68 89
68 90
68 91
68 92
68 93
68 95
68 96
68 97
68 98
68 99
68 100
69 70
69 71
69 72
69 77
69 79
69 80
69 83
69 85
69 88
69 89
69 90
69 91
69 92
69 95
69 98
69 100
70 71
70 72
70 77
70 79
70 80
70 83
70 85
70 88
70 89
70 90
70 91
70 92
70 95
70 98
70 100
71 72
71 76
71 77
71 78
71 79
71 80
71 83
71 85
71 87
71 88
71 89
71 90
71 91
71 92
71 93
71 95
71 96
71 97
71 98
71 99
71 100
72 77
72 78
72 79
72 80
72 83
72 85
72 88
72 89
72 90
72 91
72 92
72 93
72 95
72 96
72 98
72 99
72 100
73 74
73 75
73 76
73 78
73 81
73 82
73 84
73 86
73 87
73 94
74 75
74 76
74 77
74 78
74 81
74 82
74 84
74 86
74 87
74 90
74 93
74 94
74 96
74 97
74 99
75 76
75 78
75 81
75 82
75 84
75 86
75 87
75 94
75 97
76 77
76 78
76 79
76 81
76 82
76 84
76 86
76 87
76 89
76 90
76 91
76 93
76 94
76 95
76 96
76 97
76 99
77 78
77 79
77 80
77 83
77 85
77 87
77 88
77 89
77 90
77 91
77 92
77 93
77 95
77 96
77 97
77 98
77 99
77 100
78 79
78 80
78 81
78 82
78 86
78 87
78 89
78 90
78 91
78 93
78 94
78 95
78 96
78 97
78 99
79 80
79 83
79 85
79 87
79 88
79 89
79 90
79 91
79 92
79 93
79 95
79 96
79 97
79 98
79 99
79 100
80 83
80 85
80 88
80 89
80 90
80 91
80 92
80 93
80 95
80 96
80 98
80 99
80 100
81 82
81 84
81 86
81 87
81 93
81 94
81 96
81 97
82 84
82 86
82 87
82 94
83 85
83 88
83 89
83 90
83 91
83 92
83 93
83 95
83 98
83 100
84 86
84 87
84 94
85 88
85 89
85 90
85 91
85 92
85 93
85 95
85 96
85 98
85 99
85 100
86 87
86 93
86 94
86 96
86 97
86 99
87 89
87 90
87 91
87 93
87 94
87 95
87 96
87 97
87 98
87 99
87 100
88 89
88 90
88 91
88 92
88 93
88 95
88 96
88 98
88 99
88 100
89 90
89 91
89 92
89 93
89 95
89 96
89 97
89 98
89 99
89 100
90 91
90 92
90 93
90 95
90 96
90 97
90 98
90 99
90 100
91 92
91 93
91 95
91 96
91 97
91 98
91 99
91 100
92 93
92 95
92 96
92 98
92 99
92 100
93 94
93 95
93 96
93 97
93 98
93 99
93 100
94 96
94 97
94 99
95 96
95 97
95 98
95 99
95 100
96 97
96 98
96 99
96 100
97 98
97 99
97 100
98 99
98 100
99 100
