0 2
0 3
0 4
0 5
0 6
0 9
0 10
0 13
0 14
0 15
0 16
0 17
0 18
0 20
0 22
0 23
0 25
0 27
0 30
1 3
1 4
1 7
1 8
1 9
1 11
1 12
1 18
1 19
1 21
1 24
1 28
2 3
2 4
2 5
2 6
2 9
2 10
2 13
2 14
2 15
2 16
2 17
2 18
2 20
2 22
2 23
2 25
2 26
2 30
3 4
3 5
3 6
3 7
3 8
3 9
3 11
3 12
3 13
3 14
3 18
3 19
3 20
3 22
3 23
3 24
3 25
3 27
3 30
3 31
4 5
4 6
4 9
4 10
4 13
4 14
4 16
4 18
4 19
4 20
4 22
4 23
4 25
4 26
4 27
4 30
4 31
5 6
5 9
5 10
5 13
5 14
5 15
5 16
5 17
5 18
5 20
5 22
5 23
5 25
5 26
5 27
5 29
5 30
5 31
5 35
5 40
6 10
6 13
6 14
6 15
6 16
6 17
6 20
6 22
6 23
6 25
6 26
6 29
6 30
6 32
6 35
6 37
6 40
6 41
6 42
7 8
7 9
7 11
7 12
7 18
7 19
7 21
7 24
7 27
7 28
7 33
7 34
7 36
7 38
7 39
7 43
7 45
8 9
8 11
8 12
8 18
8 19
8 21
8 24
8 28
8 33
8 34
8 36
8 38
8 39
8 43
8 45
8 46
8 49
9 11
9 12
9 13
9 18
9 19
9 20
9 21
9 22
9 23
9 24
9 25
9 27
9 28
9 30
9 31
9 33
9 34
9 36
9 38
9 39
9 45
9 49
10 13
10 14
10 15
10 16
10 17
10 20
10 22
10 23
10 25
10 26
10 29
10 32
10 35
10 37
10 40
10 41
10 42
10 47
10 48
10 50
11 12
11 18
11 19
11 21
11 24
11 28
11 33
11 34
11 36
11 38
11 39
11 43
11 45
11 46
11 49
12 18
12 19
12 21
12 24
12 27
12 28
12 33
12 34
12 36
12 38
12 39
12 43
12 45
12 46
12 49
12 55
12 58
13 14
13 15
13 16
13 17
13 18
13 19
13 20
13 22
13 23
13 25
13 26
13 27
13 29
13 30
13 31
13 32
13 33
13 35
13 37
13 39
13 40
13 41
13 42
13 44
13 48
13 50
13 51
13 52
13 53
13 54
13 56
13 57
14 15
14 16
14 17
14 20
14 22
14 23
14 25
14 26
14 27
14 29
14 30
14 31
14 32
14 35
14 37
14 40
14 41
14 42
14 44
14 47
14 48
14 50
14 51
14 52
14 56
15 16
15 17
15 20
15 23
15 25
15 26
15 29
15 32
15 35
15 37
15 40
15 41
15 42
15 47
15 48
15 50
15 56
16 17
16 20
16 22
16 23
16 25
16 26
16 29
16 30
16 31
16 32
16 35
16 37
16 40
16 41
16 42
16 44
16 47
16 48
16 50
16 51
16 52
16 56
17 20
17 22
17 23
17 25
17 26
17 29
17 30
17 32
17 35
17 37
17 40
17 41
17 42
17 47
17 48
17 50
17 51
17 56
18 19
18 20
18 21
18 22
18 23
18 24
18 25
18 27
18 28
18 30
18 31
18 33
18 34
18 36
18 38
18 39
18 44
18 45
18 49
18 53
18 54
18 55
18 57
18 59
19 21
19 22
19 24
19 25
19 27
19 28
19 30
19 31
19 33
19 34
19 36
19 38
19 39
19 43
19 44
19 45
19 46
19 49
19 53
19 55
19 58
20 22
20 23
20 25
20 26
20 27
20 29
20 30
20 31
20 32
20 35
20 37
20 40
20 41
20 42
20 44
20 47
20 48
20 50
20 51
20 52
20 53
20 54
20 56
20 57
20 60
21 24
21 27
21 28
21 31
21 33
21 34
21 36
21 38
21 39
21 43
21 45
21 46
21 49
21 55
21 58
21 61
21 62
21 64
21 65
22 23
22 24
22 25
22 26
22 27
22 29
22 30
22 31
22 33
22 35
22 36
22 38
22 39
22 40
22 41
22 42
22 44
22 48
22 50
22 51
22 52
22 53
22 54
22 56
22 57
22 59
22 60
23 25
23 26
23 27
23 29
23 30
23 31
23 32
23 33
23 35
23 37
23 39
23 40
23 41
23 42
23 44
23 47
23 48
23 50
23 51
23 52
23 53
23 54
23 56
23 57
23 59
23 60
23 68
24 25
24 27
24 28
24 30
24 31
24 33
24 34
24 36
24 38
24 39
24 43
24 45
24 46
24 49
24 53
24 55
24 58
24 61
24 62
24 64
24 65
24 66
24 70
25 26
25 27
25 29
25 30
25 31
25 32
25 33
25 35
25 37
25 38
25 39
25 40
25 41
25 42
25 44
25 48
25 50
25 51
25 52
25 53
25 54
25 56
25 57
25 59
25 60
25 69
26 29
26 30
26 31
26 32
26 35
26 37
26 40
26 41
26 42
26 44
26 47
26 48
26 50
26 51
26 52
26 56
26 60
26 63
26 67
26 68
26 71
27 28
27 29
27 30
27 31
27 33
27 34
27 35
27 36
27 38
27 39
27 40
27 41
27 42
27 44
27 45
27 48
27 49
27 50
27 51
27 52
27 53
27 54
27 55
27 56
27 57
27 59
27 60
27 66
27 69
27 72
27 74
27 76
28 33
28 34
28 36
28 38
28 39
28 43
28 45
28 46
28 49
28 55
28 58
28 61
28 62
28 64
28 65
28 66
28 70
28 78
28 79
29 30
29 31
29 32
29 35
29 37
29 40
29 41
29 42
29 44
29 47
29 48
29 50
29 51
29 52
29 54
29 56
29 57
29 60
29 63
29 67
29 68
29 71
29 75
29 77
30 31
30 32
30 33
30 35
30 36
30 37
30 38
30 39
30 40
30 41
30 42
30 44
30 45
30 48
30 50
30 51
30 52
30 53
30 54
30 55
30 56
30 57
30 59
30 60
30 68
30 69
30 72
30 74
30 76
31 33
31 34
31 35
31 36
31 38
31 39
31 40
31 41
31 42
31 44
31 45
31 48
31 49
31 50
31 51
31 52
31 53
31 54
31 55
31 56
31 57
31 59
31 60
31 66
31 69
31 72
31 73
31 74
31 76
31 80
32 35
32 37
32 40
32 41
32 42
32 47
32 48
32 50
32 51
32 52
32 56
32 63
32 67
32 68
32 71
32 75
32 77
33 34
33 36
33 38
33 39
33 43
33 44
33 45
33 46
33 49
33 51
33 52
33 53
33 54
33 55
33 57
33 58
33 59
33 60
33 61
33 62
33 64
33 65
33 66
33 69
33 70
33 72
33 73
33 74
33 76
33 78
33 79
33 83
33 84
34 36
34 38
34 39
34 43
34 45
34 46
34 49
34 53
34 55
34 58
34 61
34 62
34 64
34 65
34 66
34 70
34 73
34 78
34 79
34 82
35 37
35 40
35 41
35 42
35 44
35 47
35 48
35 50
35 51
35 52
35 53
35 54
35 56
35 57
35 60
35 63
35 67
35 68
35 71
35 75
35 77
35 85
36 38
36 39
36 43
36 44
36 45
36 46
36 49
36 53
36 54
36 55
36 57
36 58
36 59
36 61
36 62
36 64
36 65
36 66
36 69
36 70
36 72
36 73
36 74
36 78
36 79
36 82
36 83
36 84
37 40
37 41
37 42
37 44
37 47
37 48
37 50
37 51
37 52
37 56
37 60
37 63
37 67
37 68
37 71
37 75
37 77
37 89
37 91
38 39
38 43
38 44
38 45
38 46
38 49
38 53
38 54
38 55
38 57
38 58
38 59
38 61
38 62
38 64
38 65
38 66
38 69
38 70
38 72
38 73
38 74
38 76
38 78
38 79
38 83
38 84
39 40
39 43
39 44
39 45
39 46
39 49
39 51
39 52
39 53
39 54
39 55
39 57
39 58
39 59
39 60
39 61
39 62
39 64
39 65
39 66
39 69
39 70
39 72
39 73
39 74
39 76
39 78
39 79
39 80
39 83
39 84
39 86
39 87
40 41
40 42
40 44
40 47
40 48
40 50
40 51
40 52
40 53
40 54
40 56
40 57
40 59
40 60
40 63
40 67
40 68
40 69
40 71
40 75
40 76
40 77
40 80
40 81
40 85
40 88
40 90
40 92
41 42
41 44
41 47
41 48
41 50
41 51
41 52
41 53
41 54
41 56
41 57
41 59
41 60
41 63
41 67
41 68
41 69
41 71
41 75
41 77
41 81
41 85
41 88
41 90
41 91
41 92
42 44
42 47
42 48
42 50
42 51
42 52
42 53
42 54
42 56
42 57
42 59
42 60
42 63
42 67
42 68
42 71
42 75
42 77
42 81
42 85
42 88
42 89
42 90
42 91
42 92
43 45
43 46
43 49
43 55
43 58
43 61
43 62
43 64
43 65
43 66
43 70
43 73
43 78
43 79
43 82
44 45
44 48
44 49
44 50
44 51
44 52
44 53
44 54
44 55
44 56
44 57
44 59
44 60
44 62
44 63
44 66
44 68
44 69
44 72
44 73
44 74
44 75
44 76
44 80
44 81
44 83
44 85
44 86
44 87
44 88
44 90
45 46
45 49
45 53
45 54
45 55
45 57
45 58
45 59
45 61
45 62
45 64
45 65
45 66
45 69
45 70
45 72
45 73
45 74
45 76
45 78
45 79
45 82
45 83
45 84
45 87
45 93
46 49
46 55
46 58
46 61
46 62
46 64
46 65
46 66
46 70
46 78
46 79
46 82
47 48
47 50
47 51
47 52
47 56
47 60
47 63
47 67
47 68
47 71
47 75
47 77
47 85
47 89
47 90
47 91
47 92
48 50
48 51
48 52
48 53
48 54
48 56
48 57
48 59
48 60
48 63
48 67
48 68
48 69
48 71
48 75
48 77
48 81
48 85
48 88
48 89
48 90
48 91
48 92
48 95
49 53
49 54
49 55
49 57
49 58
49 59
49 61
49 62
49 64
49 65
49 66
49 69
49 70
49 72
49 73
49 74
49 76
49 78
49 79
49 82
49 83
49 84
49 93
50 51
50 52
50 53
50 54
50 56
50 57
50 59
50 60
50 63
50 67
50 68
50 69
50 71
50 75
50 77
50 80
50 81
50 85
50 88
50 89
50 90
50 91
50 92
50 95
51 52
51 53
51 54
51 56
51 57
51 59
51 60
51 63
51 67
51 68
51 69
51 71
51 72
51 74
51 75
51 76
51 77
51 80
51 81
51 85
51 86
51 87
51 88
51 89
51 90
51 91
51 92
51 94
52 53
52 54
52 55
52 56
52 57
52 59
52 60
52 63
52 67
52 68
52 69
52 71
52 72
52 73
52 74
52 75
52 76
52 77
52 80
52 81
52 85
52 86
52 87
52 88
52 90
52 91
52 92
52 94
53 54
53 55
53 56
53 57
53 58
53 59
53 60
53 62
53 66
53 68
53 69
53 70
53 72
53 73
53 74
53 76
53 78
53 79
53 80
53 81
53 83
53 84
53 85
53 86
53 87
53 88
53 90
53 94
54 55
54 56
54 57
54 59
54 60
54 62
54 63
54 66
54 68
54 69
54 70
54 72
54 73
54 74
54 75
54 76
54 79
54 80
54 81
54 83
54 84
54 85
54 86
54 87
54 88
54 90
54 92
54 94
55 57
55 58
55 59
55 60
55 61
55 62
55 64
55 65
55 66
55 69
55 70
55 72
55 73
55 74
55 76
55 78
55 79
55 80
55 82
55 83
55 84
55 86
55 87
55 93
55 96
56 57
56 59
56 60
56 63
56 67
56 68
56 69
56 71
56 72
56 75
56 76
56 77
56 80
56 81
56 85
56 86
56 87
56 88
56 89
56 90
56 91
56 92
56 94
56 95
57 59
57 60
57 62
57 63
57 66
57 68
57 69
57 70
57 72
57 73
57 74
57 75
57 76
57 77
57 79
57 80
57 81
57 83
57 84
57 85
57 86
57 87
57 88
57 90
57 92
57 94
57 98
58 61
58 62
58 64
58 65
58 66
58 69
58 70
58 72
58 73
58 74
58 78
58 79
58 82
58 83
58 84
58 93
58 96
58 97
59 60
59 62
59 63
59 66
59 68
59 69
59 70
59 72
59 73
59 74
59 75
59 76
59 78
59 79
59 80
59 81
59 83
59 84
59 85
59 86
59 87
59 88
59 90
59 92
59 93
59 94
59 96
59 98
59 100
60 63
60 66
60 67
60 68
60 69
60 71
60 72
60 73
60 74
60 75
60 76
60 77
60 80
60 81
60 83
60 84
60 85
60 86
60 87
60 88
60 89
60 90
60 91
60 92
60 94
60 95
60 98
61 62
61 64
61 65
61 66
61 70
61 72
61 73
61 74
61 78
61 79
61 82
61 83
61 84
61 93
61 96
61 97
61 99
62 64
62 65
62 66
62 69
62 70
62 72
62 73
62 74
62 76
62 78
62 79
62 80
62 82
62 83
62 84
62 86
62 87
62 93
62 96
62 97
62 99
63 67
63 68
63 69
63 71
63 75
63 76
63 77
63 80
63 81
63 85
63 86
63 88
63 89
63 90
63 91
63 92
63 94
63 95
64 65
64 66
64 70
64 72
64 73
64 74
64 78
64 79
64 82
64 83
64 84
64 93
64 96
64 97
64 99
65 66
65 70
65 72
65 73
65 74
65 78
65 79
65 82
65 83
65 84
65 93
65 96
65 97
65 99
66 69
66 70
66 72
66 73
66 74
66 76
66 78
66 79
66 80
66 82
66 83
66 84
66 86
66 87
66 93
66 96
66 97
66 99
66 100
67 68
67 71
67 75
67 77
67 81
67 85
67 88
67 89
67 90
67 91
67 92
67 94
67 95
68 69
68 71
68 72
68 75
68 76
68 77
68 80
68 81
68 85
68 86
68 87
68 88
68 89
68 90
68 91
68 92
68 94
68 95
68 98
69 70
69 72
69 73
69 74
69 76
69 78
69 79
69 80
69 81
69 83
69 84
69 85
69 86
69 87
69 88
69 90
69 92
69 93
69 94
69 96
69 98
69 100
70 72
70 73
70 74
70 76
70 78
70 79
70 80
70 82
70 83
70 84
70 86
70 87
70 93
70 96
70 97
70 99
70 100
71 75
71 77
71 81
71 85
71 88
71 89
71 90
71 91
71 92
71 94
71 95
72 73
72 74
72 76
72 78
72 79
72 80
72 81
72 82
72 83
72 84
72 85
72 86
72 87
72 88
72 90
72 93
72 94
72 96
72 98
72 99
72 100
73 74
73 76
73 78
73 79
73 80
73 81
73 82
73 83
73 84
73 86
73 87
73 88
73 93
73 96
73 97
73 98
73 99
73 100
74 76
74 78
74 79
74 80
74 81
74 82
74 83
74 84
74 85
74 86
74 87
74 88
74 90
74 93
74 94
74 96
74 98
74 99
74 100
75 76
75 77
75 80
75 81
75 85
75 86
75 88
75 89
75 90
75 91
75 92
75 94
75 95
75 98
76 78
76 79
76 80
76 81
76 83
76 84
76 85
76 86
76 87
76 88
76 90
76 92
76 93
76 94
76 96
76 98
76 99
76 100
77 80
77 81
77 85
77 88
77 89
77 90
77 91
77 92
77 94
77 95
77 98
78 79
78 80
78 82
78 83
78 84
78 86
78 87
78 93
78 96
78 97
78 99
78 100
79 80
79 82
79 83
79 84
79 86
79 87
79 93
79 96
79 97
79 99
79 100
80 81
80 83
80 84
80 85
80 86
80 87
80 88
80 90
80 92
80 93
80 94
80 95
80 96
80 98
80 99
80 100
81 83
81 84
81 85
81 86
81 87
81 88
81 89
81 90
81 91
81 92
81 94
81 95
81 98
81 100
82 83
82 84
82 93
82 96
82 97
82 99
83 84
83 86
83 87
83 88
83 93
83 94
83 96
83 97
83 98
83 99
83 100
84 86
84 87
84 88
84 93
84 96
84 97
84 98
84 99
84 100
85 86
85 87
85 88
85 89
85 90
85 91
85 92
85 94
85 95
85 98
85 100
86 87
86 88
86 90
86 92
86 93
86 94
86 96
86 98
86 99
86 100
87 88
87 90
87 92
87 93
87 94
87 96
87 98
87 99
87 100
88 89
88 90
88 91
88 92
88 94
88 95
88 98
88 100
89 90
89 91
89 92
89 94
89 95
90 91
90 92
90 94
90 95
90 98
90 100
91 92
91 94
91 95
91 98
92 94
92 95
92 98
93 96
93 97
93 98
93 99
93 100
94 95
94 98
94 100
95 98
96 97
96 98
96 99
96 100
97 99
98 99
98 100
99 100
