0 7
0 8
0 10
2 5
2 9
3 4
3 6
5 7
5 9
6 11
7 8
7 9
7 10
7 12
8 10
8 11
8 12
9 13
10 11
10 12
10 18
11 12
12 18
13 16
14 15
14 17
14 19
14 20
16 23
16 24
16 27
17 19
17 20
17 25
18 30
19 20
19 25
20 25
21 23
21 24
21 31
22 29
22 34
22 35
22 36
22 38
23 24
23 27
24 27
25 26
25 28
25 32
26 28
26 32
26 39
28 32
28 39
29 34
29 35
29 36
29 37
29 38
33 37
33 45
34 35
34 36
34 37
34 38
35 36
35 37
35 38
36 37
36 38
37 38
39 40
39 43
40 43
45 46
46 49
47 56
47 58
47 59
48 50
48 55
49 50
50 55
50 61
51 60
52 53
52 54
52 56
52 58
53 54
55 61
56 58
56 59
56 62
58 59
58 62
59 62
59 67
60 65
61 68
62 67
62 70
63 64
65 69
65 71
66 68
67 70
67 74
69 71
70 74
71 76
72 73
72 75
73 75
73 83
75 83
76 80
76 81
78 82
78 84
79 81
80 81
82 84
82 87
83 86
84 87
85 86
85 90
85 91
85 92
86 91
86 92
86 94
86 95
87 90
87 93
88 89
88 96
89 96
90 91
90 92
90 93
90 95
91 92
91 95
92 94
92 95
94 95
96 99
97 98
