0 2
0 3
0 5
0 6
0 7
0 12
0 13
0 14
0 15
0 18
0 19
0 21
0 28
1 4
1 5
1 8
1 9
1 10
1 11
1 16
1 17
1 20
1 22
1 26
1 27
2 3
2 5
2 6
2 7
2 12
2 13
2 14
2 15
2 18
2 19
2 21
2 23
2 28
3 6
3 7
3 12
3 13
3 14
3 15
3 19
3 21
3 23
4 8
4 9
4 10
4 11
4 16
4 17
4 20
4 24
4 26
4 27
4 32
5 6
5 9
5 10
5 11
5 12
5 13
5 14
5 15
5 16
5 17
5 18
5 19
5 22
5 25
5 28
5 29
5 30
5 31
5 37
6 7
6 12
6 13
6 14
6 15
6 18
6 19
6 21
6 23
6 28
6 34
6 35
6 36
7 12
7 13
7 14
7 15
7 18
7 19
7 21
7 23
7 28
7 34
7 35
8 9
8 10
8 11
8 16
8 17
8 20
8 24
8 26
8 27
8 32
9 10
9 11
9 16
9 17
9 18
9 20
9 22
9 25
9 26
9 27
9 29
9 30
9 31
9 33
9 38
10 11
10 16
10 17
10 18
10 20
10 22
10 25
10 26
10 27
10 29
10 30
10 31
10 33
10 37
10 38
11 16
11 17
11 20
11 22
11 24
11 25
11 26
11 27
11 29
11 30
11 32
11 33
11 38
12 13
12 14
12 15
12 18
12 19
12 21
12 23
12 28
12 34
12 35
12 36
12 40
13 14
13 15
13 18
13 19
13 21
13 23
13 28
13 34
13 35
13 36
13 40
13 41
14 15
14 18
14 19
14 21
14 23
14 28
14 34
14 35
14 36
14 40
15 18
15 19
15 21
15 23
15 28
15 34
15 35
15 36
15 40
16 17
16 18
16 20
16 22
16 25
16 26
16 27
16 29
16 30
16 31
16 32
16 33
16 37
16 38
16 44
16 45
17 18
17 20
17 22
17 25
17 26
17 27
17 29
17 30
17 31
17 32
17 33
17 37
17 38
17 44
17 45
18 19
18 22
18 25
18 28
18 29
18 30
18 31
18 33
18 35
18 36
18 37
18 40
18 41
18 42
18 43
18 46
19 21
19 23
19 28
19 34
19 35
19 36
19 40
19 41
19 46
20 22
20 24
20 25
20 26
20 27
20 29
20 30
20 31
20 32
20 33
20 37
20 38
20 44
20 45
20 47
21 23
21 28
21 34
21 35
21 36
21 39
21 40
21 46
21 48
21 49
22 25
22 26
22 27
22 28
22 29
22 30
22 31
22 32
22 33
22 37
22 38
22 41
22 42
22 43
22 44
22 45
22 50
22 52
23 34
23 35
23 36
23 39
23 48
23 49
24 26
24 27
24 32
24 38
24 47
25 26
25 27
25 28
25 29
25 30
25 31
25 33
25 37
25 38
25 41
25 42
25 43
25 44
25 45
25 50
25 52
26 27
26 29
26 30
26 31
26 32
26 33
26 37
26 38
26 44
26 45
26 47
26 52
27 29
27 30
27 31
27 32
27 33
27 37
27 38
27 44
27 45
27 47
27 52
28 29
28 30
28 31
28 33
28 34
28 35
28 36
28 37
28 40
28 41
28 42
28 43
28 46
28 48
28 49
28 50
28 51
28 53
29 30
29 31
29 32
29 33
29 37
29 38
29 41
29 42
29 43
29 44
29 45
29 47
29 50
29 52
29 56
30 31
30 33
30 36
30 37
30 38
30 40
30 41
30 42
30 43
30 44
30 45
30 46
30 50
30 51
30 52
30 56
31 33
31 36
31 37
31 38
31 40
31 41
31 42
31 43
31 44
31 45
31 46
31 50
31 51
31 52
31 56
32 33
32 38
32 44
32 45
32 47
32 52
32 54
32 57
33 37
33 38
33 40
33 41
33 42
33 43
33 44
33 45
33 47
33 50
33 51
33 52
33 56
34 35
34 36
34 39
34 40
34 41
34 46
34 48
34 49
34 53
34 55
34 58
35 36
35 37
35 39
35 40
35 41
35 42
35 43
35 46
35 48
35 49
35 51
35 53
35 55
35 58
35 59
36 37
36 39
36 40
36 41
36 42
36 43
36 46
36 48
36 49
36 51
36 53
36 58
36 59
37 38
37 40
37 41
37 42
37 43
37 44
37 45
37 46
37 50
37 51
37 52
37 53
37 56
38 42
38 43
38 44
38 45
38 47
38 50
38 52
38 56
38 57
39 40
39 46
39 48
39 49
39 55
39 60
39 61
40 41
40 42
40 43
40 46
40 48
40 49
40 50
40 51
40 53
40 58
40 59
40 62
40 63
41 42
41 43
41 44
41 45
41 46
41 48
41 49
41 50
41 51
41 53
41 56
41 58
41 59
41 62
41 63
42 43
42 44
42 45
42 46
42 49
42 50
42 51
42 52
42 53
42 56
42 58
42 59
42 62
42 63
43 44
43 45
43 46
43 50
43 51
43 52
43 53
43 56
43 58
43 59
43 62
43 63
43 71
44 45
44 47
44 50
44 51
44 52
44 56
44 57
44 66
44 73
45 47
45 50
45 51
45 52
45 56
45 57
45 66
45 73
46 48
46 49
46 50
46 51
46 53
46 55
46 58
46 59
46 62
46 63
46 64
46 65
47 50
47 52
47 54
47 56
47 57
47 66
47 67
47 70
47 73
47 75
48 49
48 51
48 53
48 55
48 58
48 59
48 60
48 61
48 62
48 64
48 65
48 68
48 69
48 72
49 51
49 53
49 55
49 58
49 59
49 60
49 61
49 62
49 63
49 64
49 65
49 68
49 69
49 72
50 51
50 52
50 53
50 56
50 58
50 59
50 62
50 63
50 66
50 71
50 73
50 74
50 76
50 78
51 52
51 53
51 56
51 58
51 59
51 62
51 63
51 64
51 66
51 71
51 74
51 76
51 78
51 79
52 54
52 56
52 57
52 66
52 67
52 70
52 71
52 73
52 74
52 75
52 80
53 55
53 56
53 58
53 59
53 60
53 61
53 62
53 63
53 64
53 65
53 68
53 71
53 72
53 76
53 78
53 79
54 57
54 67
54 70
54 73
54 75
54 77
55 58
55 59
55 60
55 61
55 64
55 65
55 68
55 69
55 72
55 81
56 57
56 58
56 59
56 62
56 63
56 66
56 70
56 71
56 73
56 74
56 75
56 76
56 78
56 80
57 66
57 67
57 70
57 73
57 75
57 77
58 59
58 60
58 61
58 62
58 63
58 64
58 65
58 68
58 71
58 72
58 74
58 76
58 78
58 79
58 81
58 82
58 83
58 85
59 60
59 61
59 62
59 63
59 64
59 65
59 68
59 69
59 71
59 72
59 74
59 76
59 78
59 79
59 81
59 82
59 83
59 85
60 61
60 64
60 65
60 68
60 69
60 72
60 79
60 81
60 82
60 83
60 85
60 86
60 87
61 62
61 64
61 65
61 68
61 69
61 72
61 79
61 81
61 82
61 83
61 85
61 86
61 87
62 63
62 64
62 65
62 68
62 71
62 72
62 74
62 76
62 78
62 79
62 81
62 82
62 83
62 85
63 64
63 65
63 66
63 71
63 72
63 74
63 76
63 78
63 79
63 80
63 82
63 83
63 85
63 89
64 65
64 68
64 69
64 72
64 76
64 78
64 79
64 81
64 82
64 83
64 85
64 86
64 87
64 90
64 91
65 68
65 69
65 72
65 78
65 79
65 81
65 82
65 83
65 85
65 86
65 87
65 90
65 91
66 67
66 70
66 71
66 73
66 74
66 75
66 76
66 78
66 80
66 88
66 89
67 70
67 73
67 75
67 77
67 80
67 84
67 88
67 94
68 69
68 72
68 79
68 81
68 82
68 83
68 85
68 86
68 87
68 90
68 96
69 72
69 79
69 81
69 82
69 83
69 85
69 86
69 87
69 96
70 71
70 73
70 75
70 77
70 80
70 84
70 88
70 94
70 99
71 73
71 74
71 75
71 76
71 78
71 79
71 80
71 88
71 89
72 79
72 81
72 82
72 83
72 85
72 86
72 87
72 90
72 91
72 96
72 98
73 74
73 75
73 76
73 77
73 80
73 84
73 88
73 94
73 99
74 75
74 76
74 78
74 79
74 80
74 88
74 89
74 93
75 77
75 80
75 84
75 88
75 94
75 97
75 99
75 100
76 78
76 79
76 80
76 82
76 83
76 85
76 88
76 89
76 90
76 92
76 93
76 95
77 84
77 94
77 97
77 100
78 79
78 80
78 82
78 83
78 85
78 89
78 90
78 91
78 92
78 93
78 95
79 81
79 82
79 83
79 85
79 86
79 87
79 89
79 90
79 91
79 92
79 93
79 95
79 96
79 98
80 88
80 89
80 94
80 99
81 82
81 83
81 85
81 86
81 87
81 90
81 91
81 92
81 93
81 95
81 96
81 98
82 83
82 85
82 86
82 87
82 89
82 90
82 91
82 92
82 93
82 95
82 96
82 98
83 85
83 86
83 87
83 89
83 90
83 91
83 92
83 93
83 95
83 96
83 98
84 88
84 94
84 97
84 99
84 100
85 86
85 87
85 89
85 90
85 91
85 92
85 93
85 95
85 96
85 98
86 87
86 90
86 91
86 92
86 93
86 95
86 96
86 98
87 90
87 91
87 92
87 96
87 98
88 89
88 94
88 99
88 100
89 90
89 91
89 92
89 93
89 95
89 98
89 99
90 91
90 92
90 93
90 95
90 96
90 98
91 92
91 93
91 95
91 96
91 98
92 93
92 95
92 96
92 98
93 95
93 96
93 98
94 97
94 99
94 100
95 96
95 98
96 98
97 99
97 100
99 100
