0 2
0 4
0 6
0 7
0 10
1 3
1 8
1 9
1 11
1 12
1 13
1 20
2 3
2 7
2 9
2 10
2 13
2 14
2 15
2 18
2 19
2 21
3 8
3 9
3 11
3 12
3 13
3 14
3 15
3 18
3 19
3 21
3 22
3 24
4 5
4 6
4 16
4 17
5 6
5 16
5 17
6 16
6 17
7 9
7 10
7 14
7 15
7 18
7 19
7 21
7 23
7 25
8 9
8 11
8 12
8 13
8 14
8 15
8 18
8 19
8 20
8 21
8 22
8 24
8 26
8 30
8 32
8 33
9 10
9 11
9 12
9 13
9 14
9 15
9 18
9 19
9 20
9 21
9 22
9 24
9 26
9 27
9 30
9 32
9 33
10 13
10 14
10 15
10 18
10 19
10 21
10 22
10 23
10 24
10 25
10 27
10 28
10 31
11 12
11 13
11 14
11 15
11 19
11 20
11 21
11 22
11 24
11 26
11 30
11 32
11 33
11 36
11 37
12 13
12 14
12 15
12 18
12 19
12 20
12 21
12 22
12 24
12 26
12 30
12 32
12 33
12 36
12 37
12 41
13 14
13 15
13 18
13 19
13 20
13 21
13 22
13 24
13 26
13 27
13 30
13 31
13 32
13 33
13 36
13 37
13 39
13 40
13 41
14 15
14 18
14 19
14 20
14 21
14 22
14 24
14 26
14 27
14 28
14 30
14 31
14 32
14 33
14 37
14 39
14 40
14 41
15 18
15 19
15 21
15 22
15 24
15 25
15 26
15 27
15 28
15 30
15 31
15 32
15 33
15 37
15 39
15 40
15 41
15 44
16 17
16 23
16 25
16 29
16 34
16 35
16 38
16 42
16 43
16 46
17 23
17 25
17 29
17 34
17 35
17 38
17 42
17 43
17 46
18 19
18 21
18 22
18 23
18 24
18 25
18 27
18 28
18 30
18 31
18 32
18 33
18 39
18 40
18 41
18 44
19 21
19 22
19 24
19 25
19 26
19 27
19 28
19 30
19 31
19 32
19 33
19 36
19 37
19 39
19 40
19 41
19 44
19 45
19 49
20 22
20 24
20 26
20 30
20 32
20 33
20 36
20 37
20 41
20 45
20 47
21 22
21 24
21 25
21 26
21 27
21 28
21 30
21 31
21 32
21 33
21 36
21 37
21 39
21 40
21 41
21 44
21 45
21 49
21 50
22 24
22 26
22 27
22 28
22 30
22 31
22 32
22 33
22 36
22 37
22 39
22 40
22 41
22 44
22 45
22 49
23 25
23 27
23 28
23 29
23 31
23 34
23 35
23 38
23 43
23 44
23 46
23 48
23 55
24 26
24 27
24 28
24 30
24 31
24 32
24 33
24 36
24 37
24 39
24 40
24 41
24 44
24 45
24 47
24 49
25 27
25 28
25 29
25 31
25 34
25 35
25 38
25 39
25 43
25 44
25 46
25 48
25 50
25 55
26 30
26 32
26 33
26 36
26 37
26 39
26 40
26 41
26 45
26 47
26 49
26 54
27 28
27 30
27 31
27 32
27 33
27 37
27 39
27 40
27 41
27 44
27 49
27 50
27 56
28 29
28 31
28 34
28 35
28 38
28 39
28 40
28 43
28 44
28 46
28 48
28 50
29 34
29 35
29 38
29 42
29 43
29 46
29 48
29 51
29 52
29 53
29 55
30 32
30 33
30 36
30 37
30 39
30 40
30 41
30 45
30 47
30 49
30 54
30 57
31 32
31 33
31 37
31 39
31 40
31 41
31 44
31 48
31 49
31 50
31 56
31 58
32 33
32 36
32 37
32 39
32 40
32 41
32 45
32 47
32 49
32 54
32 57
33 36
33 37
33 39
33 40
33 41
33 44
33 45
33 47
33 49
33 54
33 56
33 57
34 35
34 38
34 42
34 43
34 46
34 48
34 51
34 55
35 38
35 42
35 43
35 46
35 48
35 51
35 52
35 53
35 55
35 60
36 37
36 39
36 40
36 41
36 45
36 47
36 49
36 54
36 57
37 39
37 40
37 41
37 45
37 47
37 49
37 54
37 56
37 57
38 42
38 43
38 44
38 46
38 48
38 50
38 51
38 55
38 59
38 60
39 40
39 41
39 44
39 45
39 49
39 50
39 56
39 58
39 62
40 41
40 44
40 45
40 47
40 49
40 50
40 54
40 56
40 57
40 58
40 62
40 66
40 67
40 68
41 44
41 45
41 47
41 49
41 50
41 54
41 56
41 57
41 58
41 62
41 66
41 67
41 68
42 43
42 46
42 51
42 52
42 53
42 55
42 63
42 72
43 44
43 46
43 48
43 50
43 51
43 55
43 59
43 60
43 61
43 64
43 69
43 73
44 48
44 49
44 50
44 55
44 56
44 58
44 59
44 61
44 62
44 64
44 67
44 70
45 47
45 49
45 54
45 56
45 57
45 58
45 65
45 66
45 67
45 68
45 71
46 48
46 51
46 52
46 53
46 55
46 59
46 60
46 61
46 64
46 69
46 79
47 49
47 54
47 57
47 65
47 71
48 50
48 51
48 55
48 59
48 60
48 61
48 64
48 69
48 70
48 73
48 76
48 79
49 50
49 54
49 56
49 57
49 58
49 62
49 65
49 66
49 67
49 68
49 71
49 74
49 75
49 77
49 80
49 81
50 55
50 56
50 58
50 59
50 60
50 61
50 62
50 64
50 66
50 67
50 70
50 73
50 74
50 75
50 76
50 80
51 52
51 53
51 55
51 60
51 63
51 69
51 72
51 78
51 79
51 82
51 83
52 53
52 55
52 63
52 69
52 72
52 78
52 82
53 55
53 63
53 69
53 72
53 78
53 82
54 56
54 57
54 65
54 66
54 68
54 71
55 59
55 60
55 61
55 63
55 64
55 69
55 70
55 72
55 73
55 76
55 79
55 83
56 57
56 58
56 59
56 61
56 62
56 64
56 65
56 66
56 67
56 68
56 70
56 71
56 74
56 75
56 77
56 80
56 81
56 84
56 85
56 86
56 87
56 88
56 90
57 58
57 62
57 65
57 66
57 67
57 68
57 71
57 74
57 77
57 81
57 84
57 86
57 88
57 90
58 59
58 61
58 62
58 64
58 65
58 66
58 67
58 68
58 70
58 71
58 73
58 74
58 75
58 76
58 77
58 80
58 81
58 84
58 85
58 86
58 87
58 88
58 90
58 93
58 94
59 60
59 61
59 62
59 64
59 67
59 69
59 70
59 73
59 74
59 75
59 76
59 77
59 79
59 80
59 85
59 87
59 91
59 93
60 61
60 63
60 64
60 69
60 70
60 72
60 73
60 76
60 79
60 82
60 83
60 87
60 91
60 92
60 95
61 62
61 64
61 67
61 69
61 70
61 73
61 74
61 75
61 76
61 77
61 79
61 80
61 81
61 85
61 87
61 91
61 93
61 94
61 95
61 99
62 64
62 65
62 66
62 67
62 68
62 70
62 71
62 73
62 74
62 75
62 76
62 77
62 80
62 81
62 84
62 85
62 86
62 87
62 88
62 90
62 93
62 94
62 96
62 98
63 69
63 72
63 78
63 79
63 82
63 83
63 89
63 91
63 92
64 67
64 69
64 70
64 73
64 74
64 75
64 76
64 77
64 79
64 80
64 81
64 83
64 85
64 87
64 91
64 93
64 94
64 95
64 99
65 66
65 67
65 68
65 71
65 77
65 81
65 84
65 86
65 88
65 90
65 96
65 97
66 67
66 68
66 71
66 74
66 75
66 77
66 80
66 81
66 84
66 85
66 86
66 87
66 88
66 90
66 93
66 94
66 96
66 97
66 98
67 68
67 70
67 71
67 74
67 75
67 77
67 80
67 81
67 84
67 85
67 86
67 87
67 88
67 90
67 93
67 94
67 96
67 97
67 98
68 71
68 74
68 75
68 77
68 80
68 81
68 84
68 85
68 86
68 88
68 90
68 94
68 96
68 97
68 98
69 70
69 72
69 73
69 76
69 78
69 79
69 82
69 83
69 89
69 91
69 92
69 95
70 73
70 74
70 75
70 76
70 77
70 79
70 80
70 81
70 83
70 85
70 87
70 91
70 93
70 94
70 95
70 99
71 74
71 77
71 80
71 81
71 84
71 86
71 88
71 90
71 96
71 97
71 98
72 78
72 79
72 82
72 83
72 89
72 91
72 92
72 95
73 74
73 75
73 76
73 77
73 79
73 80
73 83
73 85
73 87
73 91
73 93
73 94
73 95
73 99
74 75
74 76
74 77
74 80
74 81
74 84
74 85
74 86
74 87
74 88
74 90
74 93
74 94
74 96
74 97
74 98
74 99
75 76
75 77
75 80
75 81
75 84
75 85
75 86
75 87
75 88
75 90
75 93
75 94
75 96
75 98
75 99
76 77
76 79
76 80
76 83
76 85
76 87
76 91
76 92
76 93
76 94
76 95
76 99
77 80
77 81
77 84
77 85
77 86
77 87
77 88
77 90
77 93
77 94
77 96
77 97
77 98
78 79
78 82
78 83
78 89
78 91
78 92
78 95
79 82
79 83
79 87
79 89
79 91
79 92
79 95
79 99
80 81
80 84
80 85
80 86
80 87
80 88
80 90
80 93
80 94
80 96
80 97
80 98
80 99
81 84
81 85
81 86
81 87
81 88
81 90
81 93
81 94
81 96
81 97
81 98
82 83
82 89
82 91
82 92
82 95
83 89
83 91
83 92
83 95
83 99
84 85
84 86
84 87
84 88
84 90
84 93
84 94
84 96
84 97
84 98
85 86
85 87
85 88
85 90
85 93
85 94
85 96
85 98
85 99
86 87
86 88
86 90
86 93
86 94
86 96
86 97
86 98
87 88
87 91
87 93
87 94
87 95
87 98
87 99
88 90
88 93
88 94
88 96
88 97
88 98
89 91
89 92
89 95
90 93
90 94
90 96
90 97
90 98
91 92
91 93
91 95
91 99
92 95
92 99
93 94
93 95
93 96
93 98
93 99
94 96
94 97
94 98
94 99
95 99
96 97
96 98
97 98
