0 4
0 9
0 10
0 12
0 15
0 21
0 23
1 3
1 8
1 11
1 13
1 14
1 27
1 29
2 4
2 5
2 6
2 7
2 10
2 12
2 16
2 17
2 18
2 19
2 20
2 22
2 24
2 25
2 26
2 28
2 32
2 34
3 5
3 6
3 7
3 8
3 11
3 13
3 14
3 19
3 25
3 27
3 29
3 30
3 31
4 9
4 10
4 12
4 15
4 16
4 18
4 20
4 21
4 22
4 23
4 24
5 6
5 7
5 11
5 13
5 14
5 17
5 19
5 20
5 22
5 24
5 25
5 26
5 28
5 30
5 31
5 32
5 33
5 34
5 35
6 7
6 11
6 13
6 14
6 17
6 19
6 22
6 24
6 25
6 26
6 28
6 29
6 30
6 31
6 32
6 33
6 34
6 35
6 36
6 38
7 11
7 13
7 14
7 17
7 19
7 22
7 24
7 25
7 26
7 28
7 29
7 30
7 31
7 32
7 33
7 34
7 35
7 36
7 38
8 11
8 13
8 14
8 27
8 29
9 10
9 12
9 15
9 16
9 18
9 20
9 21
9 22
9 23
9 37
10 12
10 15
10 16
10 17
10 18
10 20
10 21
10 22
10 23
10 24
10 26
10 37
11 13
11 14
11 17
11 19
11 25
11 27
11 28
11 29
11 30
11 31
11 33
11 35
11 36
11 39
11 40
11 41
12 15
12 16
12 18
12 20
12 21
12 22
12 23
12 24
12 26
12 37
13 14
13 17
13 19
13 25
13 27
13 28
13 29
13 30
13 31
13 35
13 36
13 39
13 40
13 41
14 17
14 19
14 25
14 27
14 28
14 29
14 30
14 31
14 33
14 35
14 36
14 39
14 40
14 41
15 16
15 18
15 20
15 21
15 22
15 23
15 24
15 26
15 37
16 17
16 18
16 20
16 21
16 22
16 23
16 24
16 26
16 32
16 37
16 42
17 18
17 19
17 20
17 22
17 24
17 25
17 26
17 28
17 29
17 30
17 31
17 32
17 33
17 34
17 35
17 36
17 38
17 42
17 44
17 47
18 20
18 21
18 22
18 23
18 24
18 26
18 32
18 34
18 37
18 42
19 22
19 24
19 25
19 26
19 27
19 28
19 29
19 30
19 31
19 32
19 33
19 34
19 35
19 36
19 38
19 39
19 40
19 41
19 43
20 21
20 22
20 24
20 26
20 28
20 32
20 33
20 34
20 37
20 42
20 44
20 48
20 49
21 22
21 23
21 37
21 50
22 24
22 25
22 26
22 28
22 32
22 33
22 34
22 35
22 37
22 38
22 42
22 44
22 47
22 48
22 49
22 51
23 37
24 25
24 26
24 28
24 30
24 31
24 32
24 33
24 34
24 35
24 36
24 37
24 38
24 42
24 44
24 47
24 48
24 49
24 53
25 26
25 27
25 28
25 29
25 30
25 31
25 32
25 33
25 34
25 35
25 36
25 38
25 39
25 40
25 41
25 43
25 44
25 47
25 53
25 54
26 28
26 30
26 31
26 32
26 33
26 34
26 35
26 36
26 37
26 38
26 42
26 43
26 44
26 47
26 48
26 49
26 53
26 57
27 29
27 30
27 31
27 36
27 39
27 40
27 41
27 43
27 45
27 46
27 52
27 55
27 56
28 29
28 30
28 31
28 32
28 33
28 34
28 35
28 36
28 38
28 39
28 40
28 41
28 42
28 43
28 44
28 47
28 48
28 53
28 54
29 30
29 31
29 33
29 34
29 35
29 36
29 38
29 39
29 40
29 41
29 43
29 45
29 46
29 52
29 54
29 55
29 56
30 31
30 32
30 33
30 34
30 35
30 36
30 38
30 39
30 40
30 41
30 43
30 47
30 52
30 54
30 55
30 56
30 59
31 32
31 33
31 34
31 35
31 36
31 38
31 39
31 40
31 41
31 43
31 44
31 45
31 46
31 47
31 52
31 54
31 55
31 56
31 59
31 60
32 33
32 34
32 35
32 36
32 37
32 38
32 42
32 43
32 44
32 47
32 48
32 49
32 51
32 53
32 54
32 57
33 34
33 35
33 36
33 38
33 39
33 40
33 41
33 42
33 43
33 44
33 47
33 48
33 53
33 54
33 57
33 59
33 60
34 35
34 36
34 38
34 39
34 40
34 41
34 42
34 43
34 44
34 47
34 48
34 49
34 53
34 54
34 57
34 59
34 60
35 36
35 38
35 39
35 40
35 41
35 42
35 43
35 44
35 47
35 48
35 53
35 54
35 59
35 60
36 38
36 39
36 40
36 41
36 43
36 44
36 45
36 46
36 47
36 52
36 53
36 54
36 55
36 56
36 59
36 60
37 42
37 44
37 48
37 49
37 50
37 51
37 57
37 58
37 61
37 63
37 64
38 39
38 40
38 41
38 42
38 43
38 44
38 47
38 48
38 52
38 53
38 54
38 56
38 57
38 59
38 60
39 40
39 41
39 43
39 45
39 46
39 47
39 52
39 53
39 54
39 55
39 56
39 59
39 60
39 62
39 67
40 41
40 43
40 45
40 46
40 52
40 54
40 55
40 56
40 59
40 60
40 62
40 66
40 67
41 43
41 45
41 46
41 47
41 52
41 53
41 54
41 55
41 56
41 59
41 60
41 62
41 66
41 67
42 44
42 47
42 48
42 49
42 50
42 51
42 53
42 57
42 58
42 61
42 63
43 44
43 45
43 46
43 47
43 52
43 53
43 54
43 55
43 56
43 59
43 60
43 62
43 67
43 68
44 47
44 48
44 49
44 50
44 51
44 53
44 54
44 57
44 58
44 59
44 60
44 61
44 63
45 46
45 52
45 54
45 55
45 56
45 59
45 62
45 66
45 67
46 52
46 54
46 55
46 56
46 59
46 62
46 66
46 67
47 48
47 49
47 51
47 53
47 54
47 57
47 59
47 60
47 63
47 68
48 49
48 50
48 51
48 53
48 54
48 57
48 58
48 60
48 61
48 63
48 69
48 70
48 71
49 50
49 51
49 53
49 57
49 58
49 61
49 63
49 64
49 65
49 69
49 70
49 71
49 72
49 75
50 51
50 57
50 58
50 61
50 63
50 64
50 65
50 70
50 71
50 72
51 53
51 57
51 58
51 61
51 63
51 64
51 65
51 69
51 70
51 71
51 72
52 54
52 55
52 56
52 59
52 60
52 62
52 66
52 67
52 74
53 54
53 57
53 58
53 59
53 60
53 61
53 63
53 68
53 69
53 70
53 73
54 55
54 56
54 59
54 60
54 62
54 66
54 67
54 68
54 73
55 56
55 59
55 60
55 62
55 66
55 67
55 74
56 59
56 60
56 62
56 66
56 67
56 68
56 74
57 58
57 60
57 61
57 63
57 64
57 65
57 69
57 70
57 71
57 72
57 75
58 61
58 63
58 64
58 65
58 69
58 70
58 71
58 72
58 75
58 79
58 82
58 83
58 84
59 60
59 62
59 66
59 67
59 68
59 73
59 77
60 62
60 66
60 67
60 68
60 73
60 77
61 63
61 64
61 65
61 69
61 70
61 71
61 72
61 75
61 78
61 79
61 80
61 81
61 82
61 83
61 84
61 88
62 66
62 67
62 68
62 73
62 74
62 76
62 77
62 85
62 89
62 91
63 64
63 65
63 69
63 70
63 71
63 72
63 75
63 79
63 80
63 81
63 82
63 83
63 84
63 88
64 65
64 69
64 70
64 71
64 72
64 78
64 79
64 80
64 81
64 82
64 83
64 84
64 88
65 69
65 70
65 71
65 72
65 75
65 78
65 79
65 80
65 81
65 82
65 83
65 84
65 88
65 92
65 94
65 96
66 67
66 68
66 73
66 74
66 76
66 77
66 85
66 89
66 91
66 95
67 68
67 73
67 74
67 76
67 77
67 85
67 89
67 90
67 91
67 95
68 69
68 73
68 77
68 85
68 86
68 87
68 90
68 91
68 93
68 95
68 100
69 70
69 71
69 72
69 73
69 75
69 79
69 80
69 81
69 82
69 83
69 84
69 86
69 87
69 88
69 92
69 93
69 94
70 71
70 72
70 75
70 78
70 79
70 80
70 81
70 82
70 83
70 84
70 86
70 87
70 88
70 92
70 93
70 94
70 98
71 72
71 75
71 78
71 79
71 80
71 81
71 82
71 83
71 84
71 86
71 87
71 88
71 92
71 93
71 94
71 96
71 98
72 75
72 78
72 79
72 80
72 81
72 82
72 83
72 84
72 88
72 92
72 94
72 96
72 98
73 75
73 77
73 85
73 86
73 87
73 90
73 91
73 93
73 95
73 100
74 76
74 77
74 85
74 89
74 91
74 95
74 97
74 99
75 79
75 80
75 81
75 82
75 83
75 84
75 86
75 87
75 88
75 92
75 93
75 94
75 98
76 77
76 85
76 89
76 90
76 91
76 95
76 97
76 99
77 85
77 86
77 87
77 89
77 90
77 91
77 95
77 97
77 99
77 100
78 79
78 80
78 81
78 82
78 83
78 84
78 88
78 92
78 94
78 96
78 98
79 80
79 81
79 82
79 83
79 84
79 87
79 88
79 92
79 93
79 94
79 96
79 98
80 81
80 82
80 83
80 84
80 88
80 92
80 94
80 96
80 98
81 82
81 83
81 84
81 88
81 92
81 94
81 96
81 98
82 83
82 84
82 87
82 88
82 92
82 93
82 94
82 96
82 98
83 84
83 87
83 88
83 92
83 93
83 94
83 96
83 98
84 86
84 87
84 88
84 92
84 93
84 94
84 96
84 98
85 89
85 90
85 91
85 95
85 97
85 99
86 87
86 90
86 92
86 93
86 95
86 100
87 88
87 90
87 92
87 93
87 100
88 92
88 93
88 94
88 96
88 98
89 90
89 91
89 95
89 97
89 99
90 91
90 93
90 95
90 97
90 99
90 100
91 95
91 97
91 99
91 100
92 93
92 94
92 96
92 98
93 94
93 98
93 100
94 96
94 98
95 97
95 99
95 100
96 98
97 99
99 100
