0 1
0 3
0 5
0 6
0 7
0 11
0 13
0 15
0 18
0 19
0 20
0 22
1 2
1 5
1 6
1 7
1 11
1 13
1 14
1 15
1 18
1 19
1 20
1 22
2 4
2 5
2 7
2 8
2 9
2 10
2 11
2 12
2 13
2 14
2 15
2 16
2 17
2 20
2 23
2 26
2 27
3 6
3 18
3 19
3 21
3 30
3 34
4 5
4 8
4 9
4 10
4 11
4 12
4 14
4 15
4 16
4 17
4 23
4 24
4 25
4 26
4 27
4 28
4 31
4 32
4 33
5 7
5 8
5 9
5 10
5 11
5 12
5 13
5 14
5 15
5 16
5 17
5 20
5 22
5 23
5 26
5 27
5 29
5 33
6 7
6 11
6 13
6 15
6 18
6 19
6 20
6 21
6 22
6 30
7 9
7 11
7 13
7 14
7 15
7 16
7 17
7 18
7 19
7 20
7 22
7 23
7 29
8 9
8 10
8 11
8 12
8 14
8 15
8 16
8 17
8 23
8 24
8 25
8 26
8 27
8 28
8 31
8 32
8 33
9 10
9 11
9 12
9 14
9 15
9 16
9 17
9 23
9 24
9 25
9 26
9 27
9 28
9 31
9 32
9 33
10 12
10 14
10 16
10 17
10 23
10 24
10 25
10 26
10 27
10 28
10 31
10 32
11 13
11 14
11 15
11 16
11 17
11 18
11 19
11 20
11 22
11 23
11 26
11 27
11 29
11 33
11 35
12 14
12 16
12 17
12 23
12 24
12 25
12 26
12 27
12 28
12 31
12 32
13 14
13 15
13 18
13 19
13 20
13 22
13 23
13 29
13 35
13 41
14 15
14 16
14 17
14 20
14 23
14 24
14 25
14 26
14 27
14 28
14 29
14 31
14 32
14 33
14 35
14 38
14 40
14 42
15 16
15 17
15 18
15 19
15 20
15 22
15 23
15 26
15 27
15 28
15 29
15 33
15 35
15 41
16 17
16 23
16 24
16 25
16 26
16 27
16 28
16 31
16 32
16 33
16 38
16 39
16 40
16 42
17 23
17 24
17 25
17 26
17 27
17 28
17 31
17 32
17 33
17 38
17 39
17 40
17 42
17 43
18 19
18 20
18 21
18 22
18 29
18 30
18 34
18 35
18 37
18 41
18 47
19 20
19 21
19 22
19 29
19 30
19 34
19 35
19 37
19 41
19 46
19 47
20 22
20 23
20 26
20 29
20 30
20 33
20 35
20 37
20 41
20 45
20 46
21 30
21 34
21 37
22 23
22 29
22 30
22 35
22 37
22 41
22 45
22 46
22 47
23 26
23 27
23 28
23 29
23 31
23 32
23 33
23 35
23 38
23 39
23 40
23 41
23 42
23 43
23 44
23 45
23 50
23 55
23 56
24 25
24 26
24 27
24 28
24 31
24 32
24 33
24 36
24 38
24 39
24 42
24 43
24 44
24 48
24 49
24 51
24 53
25 26
25 27
25 28
25 31
25 32
25 33
25 36
25 38
25 39
25 42
25 43
25 44
25 48
25 49
25 51
25 52
25 53
25 58
26 27
26 28
26 29
26 31
26 32
26 33
26 35
26 36
26 38
26 39
26 40
26 41
26 42
26 43
26 44
26 48
26 49
26 50
26 52
26 54
26 56
27 28
27 29
27 31
27 32
27 33
27 35
27 36
27 38
27 39
27 40
27 41
27 42
27 43
27 44
27 48
27 49
27 50
27 52
27 54
27 55
27 56
28 29
28 31
28 32
28 33
28 35
28 36
28 38
28 39
28 40
28 42
28 43
28 44
28 48
28 49
28 50
28 51
28 52
28 53
28 54
28 56
29 33
29 35
29 37
29 38
29 40
29 41
29 45
29 46
29 47
29 50
29 55
29 56
29 59
30 34
30 37
30 46
30 47
30 57
30 60
31 32
31 33
31 35
31 36
31 38
31 39
31 40
31 42
31 43
31 44
31 48
31 49
31 50
31 51
31 52
31 53
31 54
31 56
32 33
32 36
32 38
32 39
32 40
32 42
32 43
32 44
32 48
32 49
32 50
32 51
32 52
32 53
32 54
32 58
33 35
33 38
33 39
33 40
33 41
33 42
33 43
33 44
33 45
33 48
33 49
33 50
33 52
33 54
33 55
33 56
34 37
34 47
34 57
35 37
35 38
35 40
35 41
35 42
35 43
35 45
35 46
35 47
35 50
35 54
35 55
35 56
35 59
35 61
35 64
36 38
36 39
36 42
36 43
36 44
36 48
36 49
36 51
36 52
36 53
36 54
36 58
36 63
37 41
37 45
37 46
37 47
37 57
37 60
37 61
37 62
37 65
38 39
38 40
38 41
38 42
38 43
38 44
38 45
38 48
38 49
38 50
38 51
38 52
38 53
38 54
38 55
38 56
38 66
39 40
39 42
39 43
39 44
39 48
39 49
39 50
39 51
39 52
39 53
39 54
39 56
39 58
39 63
40 41
40 42
40 43
40 44
40 45
40 46
40 48
40 49
40 50
40 52
40 53
40 54
40 55
40 56
40 59
40 66
40 70
41 45
41 46
41 47
41 50
41 55
41 56
41 57
41 59
41 61
41 64
41 67
41 68
41 69
42 43
42 44
42 48
42 49
42 50
42 51
42 52
42 53
42 54
42 55
42 56
42 58
42 63
42 66
42 70
43 44
43 48
43 49
43 50
43 51
43 52
43 53
43 54
43 55
43 56
43 58
43 63
43 66
43 70
43 72
44 48
44 49
44 50
44 51
44 52
44 53
44 54
44 55
44 56
44 58
44 63
44 66
44 70
44 72
44 74
45 46
45 47
45 50
45 54
45 55
45 56
45 57
45 59
45 61
45 64
45 66
45 67
45 68
45 69
45 73
46 47
46 50
46 55
46 56
46 57
46 59
46 60
46 61
46 62
46 64
46 65
46 67
46 68
46 69
46 73
47 57
47 59
47 60
47 61
47 62
47 64
47 65
47 67
47 69
47 71
48 49
48 50
48 51
48 52
48 53
48 54
48 56
48 58
48 63
48 66
48 70
48 72
48 74
49 50
49 51
49 52
49 53
49 54
49 55
49 56
49 58
49 63
49 66
49 70
49 72
49 74
49 75
49 76
50 51
50 52
50 53
50 54
50 55
50 56
50 59
50 63
50 64
50 66
50 68
50 70
50 72
50 74
50 75
50 76
51 52
51 53
51 54
51 58
51 63
51 66
51 70
51 72
51 77
51 79
52 53
52 54
52 55
52 56
52 58
52 63
52 66
52 68
52 70
52 72
52 74
52 75
52 76
53 54
53 58
53 63
53 66
53 70
53 72
53 74
53 77
53 79
54 55
54 56
54 58
54 59
54 63
54 66
54 68
54 70
54 72
54 74
54 75
54 76
55 56
55 59
55 61
55 64
55 66
55 67
55 68
55 69
55 70
55 73
55 74
55 75
55 76
55 78
56 59
56 61
56 64
56 66
56 67
56 68
56 69
56 70
56 72
56 73
56 74
56 75
56 76
56 78
57 59
57 60
57 61
57 62
57 64
57 65
57 67
57 69
57 71
57 80
57 81
57 82
58 63
58 70
58 72
58 77
58 79
59 61
59 64
59 65
59 66
59 67
59 68
59 69
59 70
59 73
59 74
59 75
59 76
59 78
59 80
59 83
59 84
59 89
59 90
60 61
60 62
60 64
60 65
60 67
60 69
60 71
60 80
60 81
60 82
60 83
60 86
60 94
61 62
61 64
61 65
61 67
61 68
61 69
61 71
61 73
61 78
61 80
61 81
61 82
61 83
61 84
61 86
61 89
62 64
62 65
62 67
62 69
62 71
62 80
62 81
62 82
62 83
62 86
62 94
62 95
62 97
63 66
63 70
63 72
63 74
63 75
63 76
63 77
63 79
63 85
63 87
63 88
64 65
64 66
64 67
64 68
64 69
64 73
64 76
64 78
64 80
64 81
64 83
64 84
64 89
64 90
64 91
64 95
64 96
65 67
65 69
65 71
65 73
65 80
65 81
65 82
65 83
65 84
65 86
65 89
65 94
65 95
65 97
66 67
66 68
66 69
66 70
66 72
66 73
66 74
66 75
66 76
66 78
66 85
66 87
66 88
66 92
66 93
66 98
67 68
67 69
67 73
67 75
67 76
67 78
67 80
67 81
67 83
67 84
67 86
67 89
67 90
67 91
67 95
67 96
67 99
68 69
68 70
68 72
68 73
68 74
68 75
68 76
68 78
68 80
68 83
68 84
68 89
68 90
68 91
68 92
68 93
68 96
68 100
69 73
69 75
69 76
69 78
69 80
69 81
69 83
69 84
69 86
69 89
69 90
69 91
69 95
69 96
69 99
70 72
70 73
70 74
70 75
70 76
70 78
70 79
70 85
70 87
70 88
70 92
70 93
70 98
70 100
71 80
71 81
71 82
71 83
71 86
71 94
71 95
71 97
72 74
72 75
72 76
72 77
72 79
72 85
72 87
72 88
72 92
72 93
72 98
73 74
73 75
73 76
73 78
73 80
73 81
73 83
73 84
73 89
73 90
73 91
73 93
73 95
73 96
73 99
73 100
74 75
74 76
74 77
74 78
74 79
74 85
74 87
74 88
74 90
74 91
74 92
74 93
74 98
74 100
75 76
75 78
75 79
75 85
75 87
75 88
75 90
75 91
75 92
75 93
75 96
75 98
75 100
76 78
76 84
76 85
76 87
76 88
76 89
76 90
76 91
76 92
76 93
76 96
76 98
76 100
77 79
77 85
77 87
77 88
77 98
78 80
78 81
78 83
78 84
78 89
78 90
78 91
78 92
78 93
78 95
78 96
78 97
78 99
78 100
79 85
79 87
79 88
79 92
79 98
80 81
80 82
80 83
80 84
80 86
80 89
80 90
80 91
80 94
80 95
80 96
80 97
80 99
81 82
81 83
81 84
81 86
81 89
81 90
81 91
81 94
81 95
81 96
81 97
81 99
82 83
82 84
82 86
82 89
82 94
82 95
82 97
82 99
83 84
83 86
83 89
83 90
83 91
83 94
83 95
83 96
83 97
83 99
83 100
84 86
84 89
84 90
84 91
84 93
84 94
84 95
84 96
84 97
84 99
84 100
85 87
85 88
85 92
85 93
85 98
85 100
86 89
86 90
86 91
86 94
86 95
86 97
86 99
87 88
87 92
87 93
87 98
87 100
88 92
88 93
88 98
88 100
89 90
89 91
89 93
89 94
89 95
89 96
89 97
89 99
89 100
90 91
90 92
90 93
90 95
90 96
90 97
90 99
90 100
91 92
91 93
91 95
91 96
91 97
91 99
91 100
92 93
92 96
92 98
92 100
93 96
93 98
93 100
94 95
94 97
94 99
95 96
95 97
95 99
96 97
96 99
96 100
97 99
98 100
99 100
