0 4
0 6
1 11
2 3
4 6
5 6
5 7
6 7
8 13
13 15
14 16
15 19
17 22
18 21
19 23
20 21
23 30
23 31
23 32
24 28
25 28
25 34
26 27
26 29
26 33
27 29
27 30
27 35
28 34
29 33
29 35
29 41
30 31
30 32
30 35
30 42
31 32
31 37
31 42
32 35
32 42
33 36
33 38
33 41
33 44
33 45
33 46
35 42
35 43
36 38
36 40
36 46
37 47
38 40
38 45
38 46
38 51
40 45
40 46
40 51
41 44
41 45
41 46
41 48
42 43
42 49
42 52
43 44
43 49
43 52
44 45
44 46
44 48
45 46
45 48
45 51
46 48
46 51
47 50
47 56
49 52
50 56
51 53
51 54
52 57
52 59
53 54
53 61
54 61
57 58
57 59
57 60
57 65
58 59
58 60
58 65
58 67
59 60
59 65
59 67
60 62
60 65
60 67
61 63
61 69
62 64
62 71
63 68
63 69
64 71
65 67
65 73
65 75
65 77
66 74
67 73
67 75
67 77
68 69
69 79
71 76
72 73
73 75
73 77
74 78
75 76
75 77
76 77
78 81
78 87
79 82
79 86
80 88
82 83
82 84
82 85
82 86
82 89
83 84
83 85
83 89
84 85
84 89
84 90
85 89
88 95
89 90
89 93
90 91
90 93
90 94
90 98
91 94
92 99
93 94
93 98
94 98
