0 2
0 5
0 6
0 8
0 11
0 13
0 14
0 16
0 17
0 20
0 22
0 23
1 3
1 4
1 5
1 7
1 9
1 10
1 12
1 15
1 18
1 19
1 21
1 24
1 25
2 5
2 6
2 9
2 11
2 13
2 14
2 16
2 17
2 18
2 21
2 23
2 28
3 4
3 5
3 7
3 9
3 10
3 12
3 15
3 16
3 18
3 19
3 21
3 24
3 25
3 26
3 27
4 5
4 7
4 9
4 10
4 12
4 15
4 16
4 18
4 19
4 21
4 24
4 25
4 26
4 27
4 32
5 6
5 9
5 11
5 13
5 14
5 16
5 17
5 18
5 21
5 23
5 27
5 28
6 8
6 11
6 13
6 14
6 16
6 17
6 20
6 22
6 23
6 29
7 10
7 12
7 15
7 19
7 24
7 25
7 26
8 11
8 13
8 14
8 17
8 20
8 22
8 29
8 36
9 10
9 12
9 15
9 16
9 18
9 19
9 21
9 24
9 25
9 26
9 27
9 28
9 30
9 31
9 32
10 12
10 15
10 18
10 19
10 21
10 24
10 25
10 26
10 27
10 30
10 31
10 32
11 13
11 14
11 16
11 17
11 20
11 22
11 23
11 28
11 29
11 33
12 15
12 18
12 19
12 21
12 24
12 25
12 26
12 27
12 30
12 31
12 32
13 14
13 16
13 17
13 20
13 22
13 23
13 29
13 33
13 38
14 16
14 17
14 20
14 22
14 23
14 28
14 29
14 33
14 38
15 18
15 19
15 24
15 25
15 26
15 31
15 34
15 39
16 17
16 18
16 21
16 22
16 23
16 27
16 28
16 30
16 33
16 35
16 37
16 40
17 20
17 22
17 23
17 28
17 29
17 33
17 38
18 19
18 21
18 24
18 25
18 26
18 27
18 28
18 30
18 31
18 32
18 35
18 37
19 21
19 24
19 25
19 26
19 27
19 28
19 30
19 31
19 32
19 34
19 39
19 43
20 22
20 23
20 29
20 33
20 36
20 38
20 41
20 51
21 23
21 24
21 25
21 26
21 27
21 28
21 30
21 31
21 32
21 35
21 37
21 40
21 42
21 43
22 23
22 29
22 33
22 36
22 38
22 41
22 51
23 27
23 28
23 29
23 30
23 33
23 35
23 36
23 37
23 38
23 40
23 42
23 46
23 48
23 50
24 25
24 26
24 27
24 28
24 30
24 31
24 32
24 34
24 39
24 42
24 43
24 44
24 52
24 53
24 54
24 55
25 26
25 27
25 30
25 31
25 32
25 34
25 39
25 43
25 44
25 45
25 49
25 52
25 53
25 54
25 55
26 27
26 30
26 31
26 32
26 34
26 39
26 43
26 44
26 45
26 49
26 52
26 53
26 54
26 55
27 28
27 30
27 31
27 32
27 33
27 35
27 37
27 40
27 42
27 43
27 46
27 48
27 50
27 53
27 55
27 56
27 57
28 29
28 30
28 32
28 33
28 35
28 37
28 40
28 42
28 46
28 48
28 50
28 56
28 57
28 61
29 33
29 35
29 36
29 37
29 38
29 40
29 41
29 46
29 47
29 50
29 51
29 58
29 59
29 60
29 63
30 31
30 32
30 33
30 35
30 37
30 40
30 42
30 43
30 46
30 48
30 50
30 53
30 54
30 55
30 56
30 57
30 61
31 32
31 34
31 39
31 42
31 43
31 44
31 45
31 49
31 52
31 53
31 54
31 55
31 62
32 34
32 35
32 37
32 39
32 40
32 42
32 43
32 48
32 52
32 53
32 54
32 55
32 56
32 57
33 35
33 36
33 37
33 38
33 40
33 41
33 42
33 46
33 48
33 50
33 51
33 56
33 60
33 61
33 63
33 65
33 67
34 39
34 43
34 44
34 45
34 49
34 52
34 53
34 54
34 55
34 62
34 70
35 37
35 38
35 40
35 42
35 46
35 48
35 50
35 55
35 56
35 57
35 61
35 65
36 38
36 41
36 47
36 51
36 58
36 59
36 60
36 63
36 64
37 40
37 42
37 46
37 48
37 50
37 55
37 56
37 57
37 61
37 65
37 71
38 40
38 41
38 46
38 47
38 50
38 51
38 58
38 59
38 60
38 63
38 64
38 66
38 67
38 68
38 69
39 43
39 44
39 45
39 49
39 52
39 53
39 54
39 55
39 62
39 70
39 75
40 42
40 46
40 48
40 50
40 51
40 55
40 56
40 57
40 61
40 65
40 71
40 73
40 77
41 47
41 51
41 58
41 59
41 60
41 63
41 64
41 66
41 68
41 69
41 74
42 43
42 46
42 48
42 50
42 53
42 54
42 55
42 56
42 57
42 61
42 65
42 71
42 73
42 77
43 44
43 45
43 49
43 52
43 53
43 54
43 55
43 56
43 57
43 62
43 70
43 72
43 75
44 45
44 49
44 52
44 53
44 54
44 55
44 62
44 70
44 72
44 75
45 49
45 52
45 53
45 54
45 55
45 62
45 70
45 72
45 75
45 83
46 48
46 50
46 51
46 56
46 57
46 60
46 61
46 63
46 65
46 66
46 67
46 68
46 69
46 71
46 73
46 76
46 77
46 78
46 81
46 82
46 84
47 51
47 58
47 59
47 60
47 63
47 64
47 66
47 67
47 68
47 69
47 74
47 79
47 80
48 50
48 53
48 55
48 56
48 57
48 61
48 63
48 65
48 67
48 71
48 73
48 76
48 77
48 78
48 82
49 52
49 53
49 54
49 55
49 62
49 70
49 72
49 75
49 83
49 87
50 51
50 56
50 57
50 60
50 61
50 63
50 65
50 66
50 67
50 68
50 69
50 71
50 73
50 76
50 77
50 78
50 81
50 82
50 84
51 58
51 59
51 60
51 61
51 63
51 64
51 65
51 66
51 67
51 68
51 69
51 74
51 76
51 78
51 79
51 80
51 81
52 53
52 54
52 55
52 62
52 70
52 72
52 75
52 83
52 85
52 86
52 87
53 54
53 55
53 56
53 57
53 62
53 70
53 72
53 75
53 77
53 83
53 85
53 86
54 55
54 56
54 57
54 62
54 70
54 72
54 75
54 83
54 85
54 86
54 87
55 56
55 57
55 61
55 62
55 65
55 70
55 72
55 75
55 77
55 85
56 57
56 61
56 65
56 71
56 72
56 73
56 76
56 77
56 78
56 82
56 88
56 91
57 61
57 65
57 71
57 72
57 73
57 77
57 82
57 91
58 59
58 60
58 63
58 64
58 66
58 67
58 68
58 69
58 74
58 76
58 78
58 79
58 80
58 81
58 90
59 60
59 63
59 64
59 66
59 67
59 68
59 69
59 74
59 79
59 80
59 90
60 63
60 64
60 66
60 67
60 68
60 69
60 74
60 76
60 78
60 79
60 80
60 81
60 90
61 63
61 65
61 66
61 67
61 68
61 69
61 71
61 73
61 76
61 77
61 78
61 81
61 82
61 84
61 88
61 89
61 91
62 70
62 72
62 75
62 83
62 85
62 86
62 87
62 92
62 93
62 94
62 95
63 64
63 65
63 66
63 67
63 68
63 69
63 71
63 73
63 74
63 76
63 78
63 79
63 80
63 81
63 82
63 84
63 88
63 89
63 90
63 96
64 66
64 67
64 68
64 69
64 74
64 76
64 79
64 80
64 90
64 97
65 66
65 67
65 68
65 69
65 71
65 73
65 76
65 77
65 78
65 80
65 81
65 82
65 84
65 88
65 89
65 91
66 67
66 68
66 69
66 71
66 73
66 74
66 76
66 78
66 79
66 80
66 81
66 82
66 84
66 88
66 89
66 90
66 96
66 97
67 68
67 69
67 71
67 73
67 74
67 76
67 77
67 78
67 79
67 80
67 81
67 82
67 84
67 88
67 89
67 90
67 96
68 69
68 71
68 73
68 74
68 76
68 78
68 79
68 80
68 81
68 82
68 84
68 88
68 89
68 90
68 96
68 97
69 71
69 73
69 74
69 76
69 78
69 79
69 80
69 81
69 82
69 84
69 88
69 89
69 90
69 96
69 97
70 72
70 75
70 83
70 85
70 86
70 87
70 92
70 93
70 94
70 95
71 73
71 76
71 77
71 78
71 80
71 81
71 82
71 84
71 88
71 89
71 91
71 96
72 75
72 77
72 83
72 85
72 86
72 87
72 91
72 92
72 93
72 94
72 95
72 98
73 76
73 77
73 78
73 80
73 81
73 82
73 84
73 88
73 89
73 91
73 96
74 76
74 78
74 79
74 80
74 81
74 84
74 90
74 96
74 97
74 100
75 83
75 85
75 86
75 87
75 92
75 93
75 94
75 95
75 98
76 77
76 78
76 79
76 80
76 81
76 82
76 84
76 88
76 89
76 91
76 96
77 78
77 81
77 82
77 84
77 85
77 88
77 89
77 91
77 95
77 99
78 79
78 80
78 81
78 82
78 84
78 88
78 89
78 91
78 96
79 80
79 81
79 84
79 90
79 96
79 97
79 100
80 81
80 82
80 84
80 88
80 89
80 90
80 96
80 97
80 100
81 82
81 84
81 88
81 89
81 90
81 91
81 96
81 97
82 84
82 88
82 89
82 91
82 96
82 99
83 85
83 86
83 87
83 92
83 93
83 94
83 95
83 98
84 88
84 89
84 91
84 96
84 97
85 86
85 87
85 91
85 92
85 93
85 94
85 95
85 98
85 99
86 87
86 92
86 93
86 94
86 95
86 98
87 92
87 93
87 94
87 95
87 98
88 89
88 91
88 96
88 99
89 91
89 96
89 99
90 96
90 97
90 100
91 95
91 96
91 99
92 93
92 94
92 95
92 98
93 94
93 95
93 98
94 95
94 98
95 98
95 99
96 97
96 100
97 100
98 99
