0 7
0 9
0 10
0 12
0 13
0 16
0 17
0 19
0 20
1 3
1 4
1 5
1 6
1 7
1 8
1 9
1 11
1 14
1 15
1 18
1 21
2 10
2 13
3 4
3 5
3 6
3 8
3 9
3 11
3 14
3 15
3 18
3 21
4 5
4 6
4 8
4 9
4 11
4 14
4 15
4 18
4 21
5 6
5 8
5 9
5 11
5 15
5 18
5 21
5 25
6 8
6 9
6 11
6 14
6 15
6 18
6 21
6 23
6 26
7 9
7 12
7 14
7 15
7 16
7 17
7 19
7 20
7 23
8 9
8 11
8 14
8 15
8 18
8 21
8 25
8 26
8 27
8 29
9 11
9 14
9 15
9 17
9 18
9 20
9 21
9 23
9 26
9 27
9 30
9 33
10 12
10 13
10 16
10 19
10 22
10 24
10 28
11 14
11 15
11 18
11 21
11 25
11 26
11 27
11 29
11 30
11 34
12 13
12 16
12 17
12 19
12 20
12 22
12 24
12 28
12 32
12 36
12 40
13 16
13 17
13 19
13 22
13 24
13 28
13 36
14 15
14 17
14 18
14 20
14 21
14 23
14 26
14 27
14 29
14 30
14 31
14 33
14 35
15 18
15 20
15 21
15 23
15 25
15 26
15 27
15 29
15 30
15 33
15 34
15 35
16 17
16 19
16 20
16 22
16 24
16 28
16 31
16 32
16 36
16 39
16 40
17 19
17 20
17 22
17 23
17 28
17 31
17 32
17 35
17 39
17 40
17 41
18 21
18 23
18 25
18 26
18 27
18 29
18 30
18 33
18 34
19 20
19 22
19 24
19 28
19 31
19 32
19 36
19 39
19 40
19 41
19 44
20 23
20 26
20 27
20 30
20 31
20 32
20 33
20 35
20 39
20 40
20 41
21 23
21 25
21 26
21 27
21 29
21 30
21 33
21 34
21 35
21 46
22 24
22 28
22 32
22 36
22 37
22 38
22 39
22 40
22 42
22 43
22 44
22 45
23 25
23 26
23 27
23 29
23 30
23 31
23 32
23 33
23 34
23 35
23 39
23 41
23 48
23 50
24 28
24 36
24 37
24 38
24 40
24 42
24 43
24 45
24 52
25 26
25 27
25 29
25 30
25 33
25 34
25 46
25 51
25 54
26 27
26 29
26 30
26 31
26 33
26 34
26 35
26 46
26 48
26 50
26 51
26 53
27 29
27 30
27 31
27 33
27 34
27 35
27 46
27 48
27 50
27 51
27 53
28 32
28 36
28 37
28 38
28 39
28 40
28 42
28 43
28 44
28 45
28 52
28 55
28 56
28 57
28 58
28 59
29 30
29 33
29 34
29 35
29 46
29 48
29 50
29 51
29 53
29 54
30 31
30 33
30 34
30 35
30 46
30 48
30 50
30 51
30 53
30 54
31 32
31 33
31 35
31 39
31 40
31 41
31 44
31 47
31 48
31 49
31 50
32 33
32 35
32 39
32 40
32 41
32 42
32 44
32 45
32 47
32 48
32 49
32 60
32 61
33 34
33 35
33 39
33 41
33 46
33 48
33 50
33 51
33 53
33 62
34 46
34 48
34 50
34 51
34 53
34 54
35 39
35 40
35 41
35 44
35 47
35 48
35 49
35 50
35 53
35 62
36 37
36 38
36 40
36 42
36 43
36 44
36 45
36 52
36 55
36 56
36 57
36 58
36 59
37 38
37 42
37 43
37 45
37 52
37 55
37 56
37 57
37 58
37 59
38 42
38 43
38 45
38 52
38 55
38 56
38 57
38 58
38 59
39 40
39 41
39 42
39 44
39 47
39 48
39 49
39 60
39 61
39 65
39 66
40 41
40 42
40 44
40 45
40 47
40 49
40 55
40 56
40 57
40 58
40 60
40 61
40 63
40 65
40 68
41 44
41 47
41 48
41 49
41 50
41 60
41 61
41 62
41 65
41 66
42 43
42 44
42 45
42 47
42 49
42 52
42 55
42 56
42 57
42 58
42 59
42 60
42 61
42 63
42 68
42 72
43 44
43 45
43 52
43 55
43 56
43 57
43 58
43 59
43 63
43 72
43 76
44 45
44 47
44 49
44 52
44 55
44 56
44 57
44 58
44 59
44 60
44 61
44 63
44 65
44 66
44 68
44 75
45 47
45 49
45 52
45 55
45 56
45 57
45 58
45 59
45 60
45 61
45 63
45 68
45 72
45 75
45 77
46 48
46 50
46 51
46 53
46 54
46 62
46 64
46 67
46 69
46 70
46 80
47 48
47 49
47 55
47 56
47 58
47 59
47 60
47 61
47 62
47 63
47 65
47 66
47 68
47 71
47 74
47 75
47 82
48 49
48 50
48 51
48 53
48 54
48 61
48 62
48 64
48 65
48 66
48 67
48 69
48 70
48 71
48 73
48 74
48 78
48 79
48 81
49 55
49 56
49 58
49 60
49 61
49 62
49 63
49 65
49 66
49 68
49 71
49 73
49 74
49 75
49 78
49 82
50 51
50 53
50 54
50 62
50 64
50 67
50 69
50 70
50 71
50 73
50 78
50 79
50 80
50 81
50 83
51 53
51 54
51 62
51 64
51 67
51 69
51 70
51 80
51 81
51 83
52 55
52 56
52 57
52 58
52 59
52 63
52 68
52 72
52 76
52 77
53 54
53 62
53 64
53 67
53 69
53 70
53 71
53 73
53 79
53 80
53 81
53 83
54 62
54 64
54 67
54 69
54 70
54 80
54 91
55 56
55 57
55 58
55 59
55 60
55 61
55 63
55 65
55 66
55 68
55 72
55 75
55 76
55 77
55 82
55 88
56 57
56 58
56 59
56 60
56 61
56 63
56 65
56 66
56 68
56 72
56 75
56 76
56 77
56 82
56 84
56 88
57 58
57 59
57 60
57 61
57 63
57 68
57 72
57 75
57 76
57 77
57 82
57 86
57 88
58 59
58 60
58 61
58 63
58 65
58 66
58 68
58 72
58 75
58 76
58 77
58 82
58 84
58 88
59 60
59 61
59 63
59 65
59 68
59 72
59 75
59 76
59 77
59 82
59 86
59 88
59 95
60 61
60 62
60 63
60 65
60 66
60 68
60 71
60 73
60 74
60 75
60 77
60 78
60 82
60 84
60 87
61 62
61 63
61 65
61 66
61 68
61 71
61 73
61 74
61 75
61 78
61 79
61 82
61 84
61 87
62 64
62 65
62 66
62 67
62 69
62 70
62 71
62 73
62 74
62 78
62 79
62 80
62 81
62 83
62 85
62 89
62 92
62 93
63 65
63 66
63 68
63 72
63 75
63 76
63 77
63 82
63 84
63 87
63 88
63 95
63 98
64 67
64 69
64 70
64 71
64 73
64 78
64 79
64 80
64 81
64 83
64 85
64 89
64 91
64 92
64 94
64 96
64 97
65 66
65 68
65 70
65 71
65 73
65 74
65 75
65 78
65 79
65 82
65 84
65 85
65 87
65 89
65 93
65 100
66 68
66 70
66 71
66 73
66 74
66 75
66 78
66 79
66 81
66 82
66 84
66 85
66 87
66 89
66 93
66 99
66 100
67 69
67 70
67 73
67 79
67 80
67 81
67 83
67 85
67 91
67 92
67 94
67 96
67 97
68 71
68 72
68 74
68 75
68 77
68 78
68 82
68 84
68 87
68 88
68 100
69 70
69 71
69 73
69 78
69 79
69 80
69 81
69 83
69 85
69 91
69 92
69 94
69 96
69 97
70 71
70 73
70 74
70 78
70 79
70 80
70 81
70 83
70 85
70 89
70 91
70 92
70 93
70 94
70 96
70 97
70 99
71 73
71 74
71 75
71 78
71 79
71 80
71 81
71 82
71 83
71 84
71 85
71 87
71 89
71 92
71 93
71 99
72 75
72 76
72 77
72 82
72 86
72 88
72 90
72 95
72 98
73 74
73 78
73 79
73 80
73 81
73 82
73 83
73 84
73 85
73 87
73 89
73 92
73 93
73 96
73 99
74 75
74 78
74 79
74 81
74 82
74 83
74 84
74 85
74 87
74 89
74 92
74 93
74 99
74 100
75 77
75 78
75 82
75 84
75 87
75 88
75 95
75 98
75 100
76 77
76 86
76 88
76 90
76 95
76 98
77 82
77 84
77 86
77 88
77 90
77 95
77 98
77 100
78 79
78 80
78 81
78 82
78 83
78 84
78 85
78 87
78 89
78 92
78 93
78 96
78 99
78 100
79 80
79 81
79 83
79 84
79 85
79 87
79 89
79 91
79 92
79 93
79 94
79 96
79 97
79 99
80 81
80 83
80 85
80 89
80 91
80 92
80 94
80 96
80 97
81 83
81 85
81 87
81 89
81 91
81 92
81 93
81 94
81 96
81 97
81 99
82 84
82 87
82 88
82 89
82 93
82 95
82 98
82 99
82 100
83 85
83 89
83 91
83 92
83 93
83 94
83 96
83 97
83 99
84 85
84 87
84 88
84 89
84 93
84 95
84 98
84 99
84 100
85 87
85 89
85 91
85 92
85 93
85 94
85 96
85 97
85 99
86 88
86 90
86 95
86 98
87 88
87 89
87 92
87 93
87 99
87 100
88 90
88 95
88 98
88 100
89 92
89 93
89 96
89 97
89 99
89 100
90 95
90 98
91 92
91 94
91 96
91 97
92 93
92 94
92 96
92 97
92 99
93 96
93 99
93 100
94 96
94 97
95 98
95 100
96 97
96 99
98 100
99 100
