0 1
1 7
2 4
3 4
3 6
4 6
7 8
8 11
8 14
9 10
11 14
13 17
14 20
15 16
15 18
16 21
19 21
21 23
21 27
23 27
23 29
24 25
26 31
26 32
26 33
26 34
26 35
27 30
27 39
28 30
30 39
31 32
31 33
31 34
31 35
32 34
32 36
33 35
33 41
34 35
34 36
35 41
36 38
36 44
37 40
38 40
38 44
38 49
39 45
39 47
40 49
40 52
41 46
41 50
42 48
43 51
43 55
44 49
45 47
46 50
47 51
48 53
48 57
49 52
51 55
52 58
53 57
54 59
57 63
58 60
59 60
59 62
59 67
60 62
60 67
61 64
61 70
62 67
63 66
64 70
65 68
69 74
69 75
70 74
70 79
71 73
71 76
72 77
73 76
74 75
76 83
77 82
77 84
78 87
79 84
80 81
81 85
84 90
85 92
86 88
86 89
88 89
88 95
89 95
90 91
90 96
90 97
91 96
91 97
93 94
95 98
95 99
96 97
98 99
