0 1
0 3
0 6
0 7
0 12
0 14
1 3
1 4
1 6
1 7
1 10
1 11
1 14
1 17
2 8
3 4
3 6
3 7
3 10
3 11
3 14
3 17
3 22
4 5
4 7
4 10
4 11
4 17
4 21
5 9
5 10
5 11
5 16
5 21
5 24
5 26
6 7
6 12
6 14
6 17
6 20
6 22
7 10
7 11
7 14
7 17
7 22
7 30
8 13
8 15
8 19
8 23
8 25
9 13
9 16
9 18
9 19
9 24
9 27
9 28
9 29
10 11
10 17
10 21
10 22
10 26
11 17
11 21
11 26
12 14
12 20
13 15
13 16
13 18
13 19
13 23
13 25
13 31
14 17
14 20
14 22
14 30
15 16
15 18
15 19
15 23
15 25
15 31
16 18
16 19
16 24
16 27
16 28
16 29
16 33
16 36
17 21
17 22
17 26
17 30
17 32
17 39
18 19
18 24
18 25
18 27
18 28
18 29
18 33
18 36
18 37
18 40
19 23
19 24
19 25
19 27
19 29
19 31
19 36
20 22
20 30
21 24
21 26
21 27
21 28
21 29
21 33
21 34
21 35
21 38
22 26
22 30
22 32
22 39
22 42
23 25
23 31
23 43
24 25
24 27
24 28
24 29
24 33
24 34
24 36
24 37
24 38
24 40
24 41
25 27
25 29
25 31
26 28
26 30
26 32
26 33
26 34
26 35
26 38
26 39
26 41
26 45
27 28
27 29
27 33
27 34
27 36
27 37
27 38
27 40
27 41
28 29
28 33
28 34
28 35
28 36
28 37
28 38
28 40
28 41
29 33
29 34
29 36
29 37
29 38
29 40
29 41
29 49
30 32
30 39
30 42
30 44
30 45
30 47
31 43
31 46
32 35
32 39
32 42
32 44
32 45
32 47
33 34
33 35
33 36
33 37
33 38
33 40
33 41
33 48
33 49
34 35
34 36
34 37
34 38
34 40
34 41
34 45
34 48
34 50
35 37
35 38
35 39
35 40
35 41
35 45
35 48
35 50
35 51
35 53
36 37
36 38
36 40
36 41
36 49
37 38
37 40
37 41
37 48
37 49
37 50
37 53
37 55
37 56
38 40
38 41
38 45
38 48
38 50
38 51
38 53
38 55
38 56
39 42
39 44
39 45
39 47
39 48
39 50
39 51
39 57
40 41
40 48
40 49
40 56
41 45
41 48
41 49
41 50
41 53
41 55
41 56
41 60
41 63
41 64
42 44
42 45
42 47
42 51
42 54
42 57
43 46
43 58
43 59
43 62
44 45
44 47
44 54
44 57
45 48
45 50
45 51
45 53
45 55
45 57
45 60
45 65
46 49
46 52
46 58
46 59
46 62
47 54
47 57
48 50
48 51
48 53
48 55
48 56
48 57
48 60
48 63
48 64
48 65
49 52
49 56
49 61
50 51
50 53
50 55
50 56
50 57
50 60
50 63
50 64
50 65
51 53
51 55
51 57
51 60
51 63
51 64
51 65
52 58
52 59
52 61
52 62
52 66
53 55
53 56
53 57
53 60
53 63
53 64
53 65
53 67
53 73
54 68
55 56
55 57
55 60
55 63
55 64
55 65
55 67
55 70
55 73
56 60
56 61
56 63
56 64
56 67
56 70
56 72
56 73
57 60
57 65
57 68
57 71
58 59
58 62
58 66
58 69
59 62
59 66
59 69
60 63
60 64
60 65
60 67
60 70
60 73
61 63
61 66
61 67
61 70
61 72
61 74
61 76
62 69
63 64
63 65
63 67
63 70
63 72
63 73
64 65
64 67
64 70
64 72
64 73
65 71
65 73
65 77
66 74
66 76
66 78
66 79
66 80
66 81
66 84
67 70
67 72
67 73
67 74
67 76
67 80
68 71
68 75
68 77
68 83
70 72
70 73
70 74
70 76
70 80
70 81
70 87
71 75
71 77
71 83
72 73
72 74
72 76
72 80
72 81
72 87
73 74
73 82
73 85
73 87
74 76
74 78
74 79
74 80
74 81
74 84
74 87
74 89
75 77
75 83
76 78
76 79
76 80
76 81
76 84
76 87
76 89
76 92
77 82
77 83
78 79
78 80
78 81
78 84
78 86
78 88
78 92
79 80
79 81
79 84
79 86
79 88
79 89
79 92
80 81
80 84
80 86
80 87
80 89
80 92
80 94
81 84
81 86
81 87
81 89
81 92
81 94
82 85
82 90
82 91
82 96
84 86
84 87
84 88
84 89
84 92
84 94
84 95
85 90
85 91
85 96
86 88
86 92
86 93
86 95
86 97
87 89
87 90
87 92
87 94
87 99
88 92
88 93
88 95
88 97
89 90
89 92
89 94
89 99
90 91
90 94
90 99
91 96
91 99
92 94
92 95
93 95
93 97
94 99
95 97
96 98
96 100
98 100
