0 2
0 3
0 4
0 5
0 6
0 8
0 9
0 12
0 14
0 15
0 17
0 18
0 21
0 22
0 23
0 24
0 27
0 32
0 33
0 35
1 7
1 10
1 13
1 16
1 20
1 25
1 26
1 28
1 29
2 4
2 5
2 6
2 7
2 8
2 9
2 10
2 11
2 12
2 13
2 14
2 16
2 17
2 19
2 20
2 23
2 30
2 31
2 33
2 34
2 36
2 37
2 38
2 40
3 4
3 6
3 9
3 12
3 14
3 15
3 18
3 21
3 22
3 23
3 24
3 27
3 32
3 35
3 41
4 5
4 6
4 8
4 9
4 11
4 12
4 14
4 15
4 17
4 18
4 21
4 22
4 23
4 24
4 27
4 32
4 33
4 35
4 41
5 6
5 7
5 8
5 9
5 10
5 11
5 12
5 13
5 14
5 16
5 17
5 19
5 20
5 23
5 30
5 31
5 33
5 34
5 36
5 37
5 38
5 40
6 8
6 9
6 11
6 12
6 14
6 15
6 17
6 18
6 21
6 22
6 23
6 24
6 27
6 30
6 32
6 33
6 35
6 37
6 41
7 8
7 9
7 10
7 11
7 12
7 13
7 14
7 16
7 17
7 19
7 20
7 25
7 26
7 28
7 29
7 30
7 31
7 34
7 36
7 37
7 38
7 39
7 40
7 42
7 44
8 9
8 10
8 11
8 12
8 13
8 14
8 16
8 17
8 19
8 20
8 22
8 23
8 30
8 31
8 33
8 34
8 35
8 36
8 37
8 38
8 40
8 44
9 11
9 12
9 14
9 15
9 17
9 18
9 19
9 21
9 22
9 23
9 24
9 27
9 30
9 32
9 33
9 35
9 36
9 37
9 41
10 11
10 12
10 13
10 16
10 17
10 19
10 20
10 25
10 26
10 28
10 29
10 30
10 31
10 34
10 38
10 39
10 42
10 43
10 44
10 45
11 12
11 13
11 14
11 16
11 17
11 19
11 20
11 23
11 30
11 31
11 33
11 34
11 35
11 36
11 37
11 38
11 39
11 40
11 42
11 44
12 13
12 14
12 15
12 17
12 19
12 22
12 23
12 24
12 27
12 30
12 31
12 32
12 33
12 34
12 35
12 36
12 37
12 38
12 40
13 16
13 17
13 19
13 20
13 25
13 26
13 28
13 29
13 30
13 31
13 34
13 38
13 39
13 42
13 43
13 44
13 45
13 46
14 15
14 17
14 18
14 19
14 21
14 22
14 23
14 24
14 27
14 30
14 32
14 33
14 35
14 36
14 37
14 40
14 41
14 47
15 17
15 18
15 21
15 22
15 23
15 24
15 27
15 32
15 33
15 35
15 37
15 41
15 47
15 48
16 19
16 20
16 25
16 26
16 28
16 29
16 31
16 34
16 38
16 39
16 42
16 43
16 44
16 45
16 46
16 49
16 53
17 19
17 20
17 22
17 23
17 24
17 27
17 30
17 31
17 32
17 33
17 34
17 35
17 36
17 37
17 38
17 40
17 42
17 44
17 50
18 21
18 22
18 23
18 24
18 27
18 32
18 33
18 35
18 37
18 41
18 47
18 48
18 54
19 20
19 22
19 23
19 25
19 26
19 28
19 29
19 30
19 31
19 32
19 33
19 34
19 35
19 36
19 37
19 38
19 39
19 40
19 42
19 43
19 44
19 45
19 50
19 51
19 52
19 56
20 25
20 26
20 28
20 29
20 30
20 31
20 34
20 38
20 39
20 40
20 42
20 43
20 44
20 45
20 46
20 49
20 50
20 51
20 52
20 53
20 55
21 22
21 23
21 24
21 27
21 32
21 33
21 35
21 37
21 41
21 47
21 48
21 54
22 23
22 24
22 27
22 30
22 32
22 33
22 35
22 36
22 37
22 41
22 47
22 48
22 54
22 57
22 63
23 24
23 27
23 30
23 32
23 33
23 35
23 36
23 37
23 40
23 41
23 47
23 48
23 54
23 57
23 62
23 63
24 27
24 30
24 32
24 33
24 35
24 36
24 37
24 41
24 47
24 48
24 54
24 61
24 63
24 64
25 26
25 28
25 29
25 31
25 34
25 38
25 39
25 40
25 42
25 43
25 44
25 45
25 46
25 49
25 51
25 52
25 53
25 55
25 56
25 59
25 60
25 65
26 28
26 29
26 31
26 34
26 38
26 39
26 42
26 43
26 44
26 45
26 46
26 49
26 51
26 52
26 53
26 55
26 56
26 59
26 60
26 65
27 30
27 32
27 33
27 35
27 36
27 37
27 41
27 47
27 48
27 54
27 57
27 61
27 63
27 64
28 29
28 31
28 34
28 38
28 39
28 42
28 43
28 44
28 45
28 46
28 49
28 51
28 52
28 53
28 55
28 56
28 59
28 60
28 65
29 31
29 34
29 38
29 39
29 40
29 42
29 43
29 44
29 45
29 46
29 49
29 50
29 51
29 52
29 53
29 55
29 56
29 59
29 60
29 65
30 31
30 32
30 33
30 34
30 35
30 36
30 37
30 38
30 39
30 40
30 42
30 43
30 44
30 45
30 47
30 50
30 51
30 52
30 56
30 57
30 58
30 62
30 66
30 68
30 72
30 73
31 33
31 34
31 36
31 37
31 38
31 39
31 40
31 42
31 43
31 44
31 45
31 46
31 49
31 50
31 51
31 52
31 53
31 55
31 56
31 58
31 59
31 60
31 66
31 71
32 33
32 35
32 36
32 37
32 40
32 41
32 47
32 48
32 54
32 57
32 61
32 62
32 63
32 64
32 67
32 69
32 70
32 74
32 75
32 77
33 35
33 36
33 37
33 38
33 40
33 41
33 44
33 47
33 48
33 50
33 51
33 54
33 57
33 58
33 62
33 63
33 64
33 67
33 68
33 69
33 75
33 77
34 36
34 37
34 38
34 39
34 40
34 42
34 43
34 44
34 45
34 46
34 49
34 50
34 51
34 52
34 53
34 55
34 56
34 58
34 59
34 60
34 65
34 66
34 71
35 36
35 37
35 38
35 40
35 41
35 47
35 48
35 50
35 54
35 57
35 58
35 61
35 62
35 63
35 64
35 67
35 68
35 69
35 70
35 74
35 75
35 77
36 37
36 38
36 39
36 40
36 41
36 42
36 43
36 44
36 45
36 47
36 50
36 51
36 52
36 56
36 57
36 58
36 62
36 63
36 64
36 66
36 67
36 68
36 69
36 71
36 72
36 73
36 75
36 76
36 77
36 80
37 38
37 40
37 41
37 42
37 44
37 47
37 48
37 50
37 51
37 52
37 56
37 57
37 58
37 62
37 63
37 64
37 66
37 67
37 68
37 69
37 72
37 73
37 75
37 76
37 77
38 39
38 40
38 42
38 43
38 44
38 45
38 46
38 49
38 50
38 51
38 52
38 53
38 55
38 56
38 57
38 58
38 59
38 60
38 62
38 66
38 68
38 71
38 72
38 73
38 76
38 78
38 79
39 40
39 42
39 43
39 44
39 45
39 46
39 49
39 50
39 51
39 52
39 53
39 55
39 56
39 58
39 59
39 60
39 65
39 66
39 71
40 42
40 43
40 44
40 45
40 47
40 49
40 50
40 51
40 52
40 53
40 56
40 57
40 58
40 59
40 60
40 62
40 66
40 67
40 68
40 69
40 71
40 72
40 73
40 76
40 78
40 79
40 80
40 81
40 82
40 84
41 47
41 48
41 54
41 57
41 61
41 62
41 63
41 64
41 67
41 69
41 70
41 74
41 75
41 77
42 43
42 44
42 45
42 46
42 49
42 50
42 51
42 52
42 53
42 55
42 56
42 58
42 59
42 60
42 65
42 66
42 68
42 71
42 72
42 73
42 76
42 78
42 79
43 44
43 45
43 46
43 49
43 50
43 51
43 52
43 53
43 55
43 56
43 58
43 59
43 60
43 65
43 66
43 71
43 78
44 45
44 46
44 49
44 50
44 51
44 52
44 53
44 55
44 56
44 57
44 58
44 59
44 60
44 62
44 65
44 66
44 68
44 71
44 72
44 73
44 76
44 78
44 79
44 82
44 84
45 46
45 49
45 50
45 51
45 52
45 53
45 55
45 56
45 58
45 59
45 60
45 65
45 66
45 71
45 72
45 78
46 49
46 50
46 51
46 52
46 53
46 55
46 56
46 59
46 60
46 65
46 66
46 71
47 48
47 54
47 57
47 61
47 62
47 63
47 64
47 67
47 68
47 69
47 70
47 74
47 75
47 77
48 54
48 57
48 61
48 62
48 63
48 64
48 67
48 69
48 70
48 74
48 75
48 77
49 50
49 51
49 52
49 53
49 55
49 56
49 58
49 59
49 60
49 65
49 66
49 71
49 72
49 78
49 79
49 82
49 84
49 85
49 86
49 88
50 51
50 52
50 53
50 55
50 56
50 57
50 58
50 59
50 60
50 62
50 65
50 66
50 67
50 68
50 69
50 71
50 72
50 73
50 75
50 76
50 77
50 78
50 79
50 80
50 81
50 82
50 83
50 84
50 85
50 86
50 88
50 90
51 52
51 53
51 55
51 56
51 57
51 58
51 59
51 60
51 62
51 65
51 66
51 68
51 71
51 72
51 73
51 76
51 78
51 79
51 80
51 81
51 82
51 83
51 84
51 85
51 86
51 88
51 90
51 92
52 53
52 55
52 56
52 57
52 58
52 59
52 60
52 62
52 65
52 66
52 68
52 71
52 72
52 73
52 76
52 78
52 79
52 80
52 81
52 82
52 84
52 85
52 86
52 88
52 90
53 55
53 56
53 58
53 59
53 60
53 65
53 66
53 71
53 72
53 73
53 76
53 78
53 79
53 82
53 84
53 85
53 86
53 88
53 90
54 57
54 61
54 62
54 63
54 64
54 67
54 69
54 70
54 74
54 75
54 77
54 87
54 91
55 56
55 59
55 60
55 65
55 66
55 71
55 86
56 57
56 58
56 59
56 60
56 62
56 65
56 66
56 67
56 68
56 69
56 71
56 72
56 73
56 76
56 78
56 79
56 80
56 81
56 82
56 83
56 84
56 85
56 86
56 88
56 90
56 92
57 58
57 61
57 62
57 63
57 64
57 66
57 67
57 68
57 69
57 70
57 71
57 72
57 73
57 74
57 75
57 76
57 77
57 78
57 79
57 80
57 81
57 82
57 83
57 84
57 85
57 87
57 89
57 95
58 59
58 60
58 62
58 65
58 66
58 67
58 68
58 69
58 71
58 72
58 73
58 75
58 76
58 77
58 78
58 79
58 80
58 81
58 82
58 83
58 84
58 85
58 86
58 88
58 89
58 90
58 92
58 95
59 60
59 65
59 66
59 68
59 71
59 72
59 73
59 76
59 78
59 79
59 80
59 81
59 82
59 84
59 85
59 86
59 88
59 90
59 92
59 97
60 65
60 66
60 71
60 72
60 73
60 76
60 78
60 79
60 82
60 84
60 85
60 86
60 88
60 90
61 62
61 63
61 64
61 67
61 69
61 70
61 74
61 75
61 77
61 87
61 91
61 93
61 94
61 96
61 99
62 63
62 64
62 66
62 67
62 68
62 69
62 70
62 71
62 72
62 73
62 74
62 75
62 76
62 77
62 78
62 79
62 80
62 81
62 82
62 83
62 84
62 85
62 87
62 89
62 91
62 92
62 95
63 64
63 67
63 68
63 69
63 70
63 72
63 73
63 74
63 75
63 76
63 77
63 80
63 81
63 83
63 87
63 89
63 91
63 93
63 94
63 96
63 99
64 67
64 68
64 69
64 70
64 72
64 73
64 74
64 75
64 76
64 77
64 80
64 81
64 83
64 87
64 89
64 91
64 93
64 94
64 96
64 99
65 66
65 71
65 78
65 79
65 82
65 84
65 85
65 86
65 88
65 90
65 97
66 67
66 68
66 69
66 71
66 72
66 73
66 75
66 76
66 77
66 78
66 79
66 80
66 81
66 82
66 83
66 84
66 85
66 86
66 88
66 89
66 90
66 92
66 95
66 97
66 98
67 68
67 69
67 70
67 71
67 72
67 73
67 74
67 75
67 76
67 77
67 78
67 79
67 80
67 81
67 82
67 83
67 84
67 87
67 89
67 91
67 93
67 94
67 95
67 96
67 99
68 69
68 70
68 71
68 72
68 73
68 74
68 75
68 76
68 77
68 78
68 79
68 80
68 81
68 82
68 83
68 84
68 85
68 86
68 87
68 88
68 89
68 90
68 91
68 92
68 95
68 98
69 70
69 71
69 72
69 73
69 74
69 75
69 76
69 77
69 78
69 79
69 80
69 81
69 82
69 83
69 84
69 87
69 89
69 91
69 93
69 94
69 95
69 96
69 99
70 74
70 75
70 77
70 83
70 87
70 89
70 91
70 93
70 94
70 96
70 99
71 72
71 73
71 75
71 76
71 77
71 78
71 79
71 80
71 81
71 82
71 83
71 84
71 85
71 86
71 88
71 89
71 90
71 92
71 95
71 97
71 98
72 73
72 75
72 76
72 77
72 78
72 79
72 80
72 81
72 82
72 83
72 84
72 85
72 86
72 87
72 88
72 89
72 90
72 92
72 95
72 97
72 98
73 75
73 76
73 77
73 78
73 79
73 80
73 81
73 82
73 83
73 84
73 85
73 86
73 87
73 88
73 89
73 90
73 92
73 95
73 97
73 98
74 75
74 76
74 77
74 81
74 83
74 87
74 89
74 91
74 93
74 94
74 96
74 99
75 76
75 77
75 78
75 79
75 80
75 81
75 82
75 83
75 84
75 87
75 89
75 91
75 93
75 94
75 95
75 96
75 99
76 77
76 78
76 79
76 80
76 81
76 82
76 83
76 84
76 85
76 86
76 87
76 88
76 89
76 90
76 92
76 95
76 97
76 98
77 78
77 79
77 80
77 81
77 82
77 83
77 84
77 87
77 89
77 91
77 93
77 94
77 95
77 96
77 99
78 79
78 80
78 81
78 82
78 83
78 84
78 85
78 86
78 88
78 89
78 90
78 92
78 95
78 97
78 98
79 80
79 81
79 82
79 83
79 84
79 85
79 86
79 87
79 88
79 89
79 90
79 92
79 95
79 97
79 98
80 81
80 82
80 83
80 84
80 85
80 86
80 87
80 88
80 89
80 90
80 91
80 92
80 95
80 97
80 98
81 82
81 83
81 84
81 85
81 86
81 87
81 88
81 89
81 90
81 91
81 92
81 93
81 95
81 97
81 98
82 83
82 84
82 85
82 86
82 87
82 88
82 89
82 90
82 92
82 95
82 97
82 98
83 84
83 85
83 86
83 87
83 88
83 89
83 90
83 91
83 92
83 93
83 95
83 97
83 98
84 85
84 86
84 87
84 88
84 89
84 90
84 92
84 95
84 97
84 98
85 86
85 88
85 89
85 90
85 92
85 95
85 97
85 98
86 88
86 89
86 90
86 92
86 95
86 97
86 98
87 89
87 91
87 92
87 93
87 94
87 95
87 96
87 99
88 89
88 90
88 92
88 95
88 97
88 98
89 90
89 91
89 92
89 93
89 94
89 95
89 96
89 97
89 98
89 99
90 92
90 95
90 97
90 98
91 93
91 94
91 95
91 96
91 99
92 95
92 97
92 98
93 94
93 95
93 96
93 99
94 96
94 99
95 96
95 97
95 98
95 99
96 99
97 98
