0 2
0 5
0 8
0 10
0 15
1 8
2 3
2 5
2 8
2 10
2 15
3 4
3 5
3 6
3 7
3 10
3 11
3 13
3 14
3 16
3 18
4 6
4 7
4 9
4 11
4 12
4 13
4 14
4 16
4 17
4 18
5 10
5 11
5 15
5 16
5 21
5 23
6 7
6 9
6 10
6 11
6 13
6 14
6 16
6 17
6 18
6 24
6 25
7 9
7 11
7 12
7 13
7 14
7 16
7 17
7 18
7 24
8 15
8 19
8 22
8 26
8 28
9 11
9 12
9 13
9 14
9 17
10 11
10 15
10 16
10 18
10 21
10 23
11 13
11 14
11 16
11 17
11 18
11 23
11 24
11 25
12 13
12 14
12 17
12 29
13 14
13 16
13 17
13 18
13 24
13 25
13 31
14 16
14 17
14 18
14 24
14 25
14 31
15 21
15 23
15 27
16 17
16 18
16 21
16 23
16 24
16 25
17 18
17 24
17 29
17 30
17 31
17 32
17 33
18 21
18 23
18 24
18 25
18 31
19 20
19 22
19 26
19 28
19 34
19 40
20 22
20 26
20 28
21 23
21 25
21 27
21 34
21 35
21 36
21 38
21 39
22 26
22 27
22 28
22 34
22 40
23 24
23 25
23 27
23 35
23 36
23 38
23 39
24 25
24 30
24 31
24 32
24 33
24 37
24 39
25 30
25 31
25 32
25 36
25 37
25 38
25 39
26 27
26 28
26 34
26 35
26 40
27 28
27 34
27 35
27 36
27 38
28 34
28 35
28 40
28 45
29 30
29 31
29 32
29 33
29 37
29 44
30 31
30 32
30 33
30 37
30 42
30 44
30 49
31 32
31 33
31 37
31 42
31 49
31 51
32 33
32 37
32 42
32 44
32 49
33 37
33 42
33 44
33 49
34 35
34 36
34 38
34 40
34 45
34 53
35 36
35 38
35 39
35 53
35 55
36 38
36 39
36 43
36 48
37 42
37 44
37 49
37 51
37 54
38 39
38 43
38 48
39 43
39 48
39 51
39 54
39 60
40 41
40 45
40 46
40 47
40 50
40 52
40 53
40 57
40 61
41 45
41 46
41 47
41 50
41 52
41 61
41 62
42 44
42 49
42 51
42 54
43 48
43 51
43 54
43 55
43 56
43 59
43 60
43 63
44 49
45 46
45 47
45 50
45 52
45 53
45 57
45 58
45 61
45 62
46 47
46 50
46 52
46 57
46 61
46 62
46 65
47 50
47 52
47 53
47 57
47 58
47 61
47 62
47 65
48 51
48 54
48 56
48 59
48 60
48 63
49 51
49 54
49 64
50 52
50 61
50 65
50 66
51 54
52 53
52 57
52 58
52 61
52 62
52 65
52 66
53 55
53 56
53 57
53 58
53 59
53 67
53 70
54 60
54 64
54 68
54 69
55 56
55 57
55 58
55 59
55 60
55 63
55 67
55 70
55 74
56 57
56 58
56 59
56 60
56 63
56 67
56 70
56 74
56 77
56 78
57 58
57 59
57 61
57 62
57 65
57 67
57 70
57 74
57 78
57 79
58 59
58 61
58 62
58 67
58 70
58 74
58 77
58 78
58 79
59 60
59 63
59 67
59 70
59 74
59 77
59 78
59 80
60 63
60 70
60 73
60 75
60 80
60 82
61 62
61 65
61 66
61 71
61 72
62 65
62 66
62 67
62 71
62 79
63 67
63 70
63 73
63 74
63 75
63 77
63 78
63 80
63 82
63 88
64 68
64 69
64 76
64 81
64 83
64 87
65 66
65 71
65 72
65 79
65 85
66 71
66 72
66 79
66 85
67 70
67 74
67 77
67 78
67 79
67 82
67 84
68 69
68 73
68 75
68 76
68 81
68 86
68 87
69 73
69 75
69 76
69 81
69 86
69 87
70 74
70 77
70 78
70 79
70 80
70 82
70 84
71 72
71 79
71 85
71 90
72 85
73 75
73 80
73 82
73 86
73 88
74 77
74 78
74 79
74 80
74 82
74 84
75 80
75 82
75 86
75 88
75 94
76 81
76 83
76 87
76 91
76 92
76 93
77 78
77 79
77 80
77 82
77 84
78 79
78 80
78 82
78 84
78 89
79 84
79 89
80 82
80 86
80 88
81 83
81 87
81 91
81 92
81 93
81 98
82 86
82 88
83 87
83 91
83 92
83 93
83 98
84 85
84 89
84 90
84 95
84 96
85 89
85 90
85 95
85 97
85 99
86 88
86 94
86 100
87 91
87 92
87 93
87 98
88 94
88 100
89 90
89 95
89 96
89 97
89 99
90 95
90 97
90 99
91 92
91 93
91 98
92 93
92 94
92 98
93 98
94 100
95 97
95 99
97 99
