0 1
0 2
0 4
0 6
0 7
0 8
0 9
0 10
0 11
0 13
0 14
0 15
0 16
0 18
0 19
0 20
0 22
0 23
0 24
0 27
0 29
0 32
0 35
0 36
0 37
0 38
0 40
0 41
0 42
0 43
0 48
0 50
0 54
1 2
1 3
1 4
1 5
1 6
1 7
1 8
1 9
1 10
1 11
1 12
1 13
1 14
1 15
1 16
1 17
1 18
1 19
1 20
1 22
1 23
1 24
1 25
1 26
1 27
1 28
1 29
1 31
1 32
1 33
1 34
1 35
1 36
1 40
1 44
1 46
1 49
1 52
2 4
2 6
2 7
2 8
2 9
2 10
2 11
2 13
2 14
2 15
2 16
2 18
2 19
2 20
2 22
2 23
2 24
2 27
2 29
2 32
2 35
2 36
2 37
2 38
2 40
2 41
2 42
2 43
2 47
2 48
2 50
2 54
3 5
3 6
3 7
3 9
3 10
3 11
3 12
3 13
3 15
3 16
3 17
3 18
3 21
3 22
3 24
3 25
3 26
3 27
3 28
3 29
3 30
3 31
3 32
3 33
3 34
3 35
3 39
3 44
3 45
3 46
3 49
4 6
4 7
4 8
4 9
4 10
4 11
4 13
4 14
4 16
4 19
4 20
4 22
4 23
4 24
4 27
4 29
4 36
4 37
4 38
4 40
4 41
4 42
4 43
4 47
4 48
4 50
4 51
4 54
4 57
4 60
5 6
5 9
5 10
5 11
5 12
5 15
5 17
5 18
5 21
5 22
5 24
5 25
5 26
5 27
5 28
5 30
5 31
5 32
5 33
5 34
5 35
5 39
5 44
5 45
5 49
5 55
5 56
6 7
6 8
6 9
6 10
6 11
6 12
6 13
6 14
6 15
6 16
6 17
6 18
6 21
6 22
6 24
6 25
6 26
6 27
6 28
6 29
6 30
6 31
6 32
6 33
6 34
6 35
6 36
6 44
6 46
6 49
6 52
6 59
7 8
7 9
7 10
7 11
7 13
7 14
7 15
7 16
7 17
7 18
7 19
7 20
7 22
7 23
7 24
7 25
7 26
7 27
7 29
7 31
7 32
7 35
7 36
7 37
7 38
7 40
7 41
7 42
7 43
7 46
7 50
7 52
7 53
7 54
8 9
8 10
8 11
8 13
8 14
8 15
8 16
8 19
8 20
8 22
8 23
8 24
8 27
8 29
8 32
8 35
8 36
8 37
8 38
8 40
8 41
8 42
8 43
8 47
8 48
8 50
8 51
8 53
8 54
8 57
8 58
8 60
8 64
9 10
9 11
9 12
9 13
9 14
9 15
9 16
9 17
9 18
9 21
9 22
9 24
9 25
9 26
9 27
9 28
9 29
9 30
9 31
9 32
9 33
9 34
9 35
9 36
9 39
9 44
9 46
9 49
9 52
9 59
9 62
10 11
10 12
10 13
10 14
10 15
10 16
10 17
10 18
10 19
10 20
10 22
10 23
10 24
10 25
10 26
10 27
10 28
10 29
10 31
10 32
10 33
10 34
10 35
10 36
10 37
10 38
10 40
10 41
10 42
10 44
10 46
10 49
10 52
10 53
10 54
10 59
10 62
10 63
11 12
11 13
11 14
11 15
11 16
11 17
11 18
11 19
11 20
11 21
11 22
11 23
11 24
11 25
11 26
11 27
11 28
11 29
11 30
11 31
11 32
11 33
11 34
11 35
11 36
11 40
11 41
11 44
11 46
11 49
11 52
11 53
11 54
11 59
11 62
12 13
12 15
12 17
12 18
12 21
12 22
12 24
12 25
12 26
12 27
12 28
12 30
12 31
12 32
12 33
12 34
12 35
12 39
12 44
12 45
12 46
12 49
12 55
12 56
12 61
13 14
13 15
13 16
13 17
13 18
13 19
13 20
13 22
13 23
13 24
13 25
13 26
13 27
13 28
13 29
13 31
13 32
13 33
13 35
13 36
13 37
13 38
13 40
13 41
13 42
13 43
13 44
13 46
13 48
13 49
13 50
13 52
13 53
13 54
13 57
13 59
13 62
13 63
13 66
14 15
14 16
14 19
14 20
14 22
14 23
14 24
14 27
14 29
14 32
14 35
14 36
14 37
14 38
14 40
14 41
14 42
14 43
14 47
14 48
14 50
14 51
14 53
14 54
14 57
14 58
14 60
14 63
14 64
14 65
14 66
14 67
15 16
15 17
15 18
15 21
15 22
15 24
15 25
15 26
15 27
15 28
15 29
15 30
15 31
15 32
15 33
15 34
15 35
15 36
15 39
15 44
15 45
15 46
15 49
15 52
15 53
15 55
15 59
15 62
16 18
16 19
16 20
16 22
16 23
16 24
16 25
16 26
16 27
16 29
16 31
16 32
16 35
16 36
16 37
16 38
16 40
16 41
16 42
16 43
16 46
16 47
16 48
16 50
16 51
16 52
16 53
16 54
16 57
16 59
16 60
16 63
16 64
16 66
16 67
17 18
17 21
17 22
17 24
17 25
17 26
17 27
17 28
17 29
17 30
17 31
17 32
17 33
17 34
17 35
17 39
17 44
17 45
17 46
17 49
17 55
17 56
17 59
17 61
17 62
18 21
18 22
18 24
18 25
18 26
18 27
18 28
18 29
18 30
18 31
18 32
18 33
18 34
18 35
18 36
18 39
18 44
18 45
18 46
18 49
18 52
18 55
18 56
18 59
18 61
18 62
19 20
19 22
19 23
19 24
19 27
19 29
19 36
19 37
19 38
19 40
19 41
19 42
19 43
19 47
19 48
19 50
19 51
19 53
19 54
19 57
19 58
19 60
19 63
19 64
19 65
19 66
19 67
20 22
20 23
20 24
20 27
20 29
20 36
20 37
20 38
20 40
20 41
20 42
20 43
20 47
20 48
20 50
20 51
20 53
20 54
20 57
20 58
20 60
20 63
20 64
20 65
20 66
20 67
21 22
21 25
21 26
21 28
21 30
21 31
21 32
21 33
21 34
21 35
21 39
21 44
21 45
21 49
21 55
21 56
21 61
22 23
22 24
22 25
22 26
22 27
22 28
22 29
22 30
22 31
22 32
22 33
22 34
22 35
22 36
22 38
22 39
22 40
22 41
22 42
22 44
22 45
22 46
22 49
22 50
22 52
22 53
22 54
22 59
22 62
22 63
22 66
22 68
23 24
23 27
23 29
23 35
23 36
23 37
23 38
23 40
23 41
23 42
23 43
23 47
23 48
23 50
23 51
23 53
23 54
23 57
23 58
23 60
23 63
23 64
23 65
23 66
23 67
23 69
24 25
24 26
24 27
24 28
24 29
24 30
24 31
24 32
24 33
24 34
24 35
24 36
24 37
24 38
24 40
24 41
24 42
24 43
24 44
24 46
24 48
24 49
24 50
24 52
24 53
24 54
24 57
24 59
24 62
24 63
24 66
24 68
25 26
25 27
25 28
25 29
25 30
25 31
25 32
25 33
25 34
25 35
25 39
25 44
25 45
25 46
25 49
25 52
25 55
25 56
25 59
25 61
25 62
25 70
26 27
26 28
26 29
26 30
26 31
26 32
26 33
26 34
26 35
26 36
26 39
26 44
26 45
26 46
26 49
26 52
26 55
26 56
26 59
26 61
26 62
26 68
26 70
26 74
27 28
27 29
27 30
27 31
27 32
27 33
27 34
27 35
27 36
27 37
27 38
27 40
27 41
27 42
27 43
27 44
27 46
27 49
27 50
27 52
27 53
27 54
27 57
27 59
27 62
27 63
27 66
27 68
27 70
27 76
28 30
28 31
28 32
28 33
28 34
28 35
28 39
28 44
28 45
28 46
28 49
28 52
28 55
28 56
28 59
28 61
28 62
28 72
28 77
29 31
29 32
29 33
29 35
29 36
29 37
29 38
29 40
29 41
29 42
29 43
29 44
29 46
29 47
29 48
29 49
29 50
29 51
29 52
29 53
29 54
29 57
29 58
29 59
29 60
29 62
29 63
29 64
29 65
29 66
29 67
29 68
29 69
29 70
29 71
29 73
29 76
30 31
30 32
30 33
30 34
30 35
30 39
30 44
30 45
30 46
30 49
30 55
30 56
30 59
30 61
30 62
30 72
30 77
31 32
31 33
31 34
31 35
31 36
31 39
31 44
31 45
31 46
31 49
31 52
31 53
31 55
31 56
31 59
31 61
31 62
31 63
31 68
31 70
31 74
31 77
32 33
32 34
32 35
32 36
32 39
32 40
32 41
32 42
32 44
32 45
32 46
32 49
32 50
32 52
32 53
32 54
32 55
32 56
32 57
32 59
32 61
32 62
32 63
32 66
32 68
32 70
32 74
32 76
32 78
33 34
33 35
33 39
33 44
33 45
33 46
33 49
33 52
33 55
33 56
33 59
33 61
33 62
33 68
33 70
33 72
33 74
33 77
33 83
33 84
34 35
34 39
34 44
34 45
34 46
34 49
34 52
34 55
34 56
34 59
34 61
34 62
34 70
34 72
34 74
34 77
34 83
34 84
35 36
35 38
35 39
35 40
35 41
35 42
35 43
35 44
35 45
35 46
35 49
35 50
35 52
35 53
35 54
35 55
35 56
35 57
35 59
35 61
35 62
35 63
35 66
35 67
35 68
35 70
35 71
35 74
35 76
35 77
35 78
35 81
35 83
35 85
36 37
36 38
36 40
36 41
36 42
36 43
36 44
36 46
36 47
36 48
36 49
36 50
36 51
36 52
36 53
36 54
36 57
36 58
36 59
36 60
36 62
36 63
36 64
36 65
36 66
36 67
36 68
36 69
36 70
36 71
36 73
36 75
36 76
36 78
36 79
36 80
36 81
36 82
36 85
36 87
36 88
37 38
37 40
37 41
37 42
37 43
37 47
37 48
37 50
37 51
37 52
37 53
37 54
37 57
37 58
37 60
37 63
37 64
37 65
37 66
37 67
37 69
37 71
37 73
37 75
37 79
37 80
37 81
37 82
37 87
37 88
38 40
38 41
38 42
38 43
38 46
38 47
38 48
38 50
38 51
38 52
38 53
38 54
38 57
38 58
38 59
38 60
38 63
38 64
38 65
38 66
38 67
38 69
38 71
38 73
38 75
38 76
38 79
38 80
38 81
38 82
38 85
38 87
38 88
39 44
39 45
39 46
39 49
39 55
39 56
39 59
39 61
39 62
39 70
39 72
39 74
39 77
39 83
39 84
39 86
40 41
40 42
40 43
40 46
40 47
40 48
40 50
40 51
40 52
40 53
40 54
40 57
40 58
40 59
40 60
40 62
40 63
40 64
40 65
40 66
40 67
40 68
40 69
40 71
40 73
40 75
40 76
40 78
40 79
40 80
40 81
40 82
40 85
40 87
40 88
41 42
41 43
41 46
41 47
41 48
41 50
41 51
41 52
41 53
41 54
41 57
41 58
41 59
41 60
41 63
41 64
41 65
41 66
41 67
41 68
41 69
41 71
41 73
41 75
41 76
41 79
41 80
41 81
41 82
41 85
41 87
41 88
42 43
42 46
42 47
42 48
42 50
42 51
42 52
42 53
42 54
42 57
42 58
42 59
42 60
42 63
42 64
42 65
42 66
42 67
42 68
42 69
42 71
42 73
42 75
42 76
42 78
42 79
42 80
42 81
42 82
42 85
42 87
42 88
43 46
43 47
43 48
43 50
43 51
43 52
43 53
43 54
43 57
43 58
43 59
43 60
43 63
43 64
43 65
43 66
43 67
43 68
43 69
43 71
43 73
43 75
43 76
43 79
43 80
43 81
43 82
43 85
43 87
43 88
44 45
44 46
44 49
44 52
44 53
44 54
44 55
44 56
44 59
44 61
44 62
44 63
44 66
44 68
44 70
44 72
44 74
44 76
44 77
44 78
44 81
44 83
44 84
44 85
44 86
44 89
44 91
44 92
45 46
45 49
45 52
45 55
45 56
45 59
45 61
45 62
45 68
45 70
45 72
45 74
45 77
45 83
45 84
45 86
45 91
46 49
46 50
46 52
46 53
46 54
46 55
46 56
46 57
46 59
46 60
46 61
46 62
46 63
46 64
46 66
46 67
46 68
46 69
46 70
46 71
46 72
46 73
46 74
46 75
46 76
46 77
46 78
46 81
46 82
46 83
46 84
46 85
46 86
46 89
46 90
46 92
46 93
46 94
46 95
47 48
47 50
47 51
47 52
47 53
47 54
47 57
47 58
47 60
47 63
47 64
47 65
47 66
47 67
47 69
47 71
47 73
47 75
47 76
47 79
47 80
47 81
47 82
47 85
47 87
47 88
48 50
48 51
48 52
48 53
48 54
48 57
48 58
48 60
48 63
48 64
48 65
48 66
48 67
48 68
48 69
48 71
48 73
48 75
48 76
48 79
48 80
48 81
48 82
48 85
48 87
48 88
49 52
49 53
49 54
49 55
49 56
49 59
49 61
49 62
49 63
49 66
49 68
49 70
49 71
49 72
49 74
49 76
49 77
49 78
49 81
49 83
49 84
49 85
49 86
49 89
49 91
49 92
50 51
50 52
50 53
50 54
50 57
50 58
50 59
50 60
50 62
50 63
50 64
50 65
50 66
50 67
50 68
50 69
50 71
50 73
50 75
50 76
50 78
50 79
50 80
50 81
50 82
50 85
50 87
50 88
50 90
51 52
51 53
51 54
51 57
51 58
51 60
51 63
51 64
51 65
51 66
51 67
51 69
51 71
51 73
51 75
51 76
51 79
51 80
51 81
51 82
51 85
51 87
51 88
52 53
52 54
52 55
52 56
52 57
52 58
52 59
52 60
52 61
52 62
52 63
52 64
52 65
52 66
52 67
52 68
52 69
52 70
52 71
52 73
52 74
52 75
52 76
52 77
52 78
52 79
52 80
52 81
52 82
52 83
52 85
52 86
52 87
52 88
52 89
52 90
52 92
52 93
52 94
52 95
52 98
52 99
53 54
53 57
53 58
53 59
53 60
53 62
53 63
53 64
53 65
53 66
53 67
53 68
53 69
53 70
53 71
53 73
53 74
53 75
53 76
53 78
53 79
53 80
53 81
53 82
53 83
53 85
53 87
53 88
53 89
53 90
53 93
53 94
53 95
53 97
53 99
54 57
54 58
54 59
54 60
54 62
54 63
54 64
54 65
54 66
54 67
54 68
54 69
54 70
54 71
54 73
54 74
54 75
54 76
54 78
54 79
54 80
54 81
54 82
54 85
54 87
54 88
54 89
54 90
54 93
54 94
54 95
54 97
55 56
55 59
55 61
55 62
55 68
55 70
55 72
55 74
55 77
55 78
55 83
55 84
55 86
55 89
55 91
55 92
55 96
56 59
56 61
56 62
56 68
56 70
56 72
56 74
56 77
56 78
56 83
56 84
56 86
56 89
56 91
56 92
56 96
57 58
57 59
57 60
57 62
57 63
57 64
57 65
57 66
57 67
57 68
57 69
57 70
57 71
57 73
57 75
57 76
57 78
57 79
57 80
57 81
57 82
57 85
57 87
57 88
57 90
57 93
57 97
58 60
58 63
58 64
58 65
58 66
58 67
58 69
58 71
58 73
58 75
58 76
58 79
58 80
58 81
58 82
58 85
58 87
58 88
59 60
59 61
59 62
59 63
59 64
59 66
59 67
59 68
59 69
59 70
59 71
59 72
59 73
59 74
59 75
59 76
59 77
59 78
59 79
59 81
59 82
59 83
59 84
59 85
59 86
59 88
59 89
59 90
59 91
59 92
59 93
59 94
59 95
59 98
59 99
60 63
60 64
60 65
60 66
60 67
60 68
60 69
60 71
60 73
60 75
60 76
60 78
60 79
60 80
60 81
60 82
60 85
60 87
60 88
60 90
60 97
61 62
61 68
61 70
61 72
61 74
61 76
61 77
61 78
61 83
61 84
61 86
61 89
61 91
61 92
61 96
62 63
62 64
62 66
62 67
62 68
62 69
62 70
62 71
62 72
62 73
62 74
62 76
62 77
62 78
62 81
62 82
62 83
62 84
62 85
62 86
62 88
62 89
62 90
62 91
62 92
62 93
62 94
62 95
62 96
62 98
62 99
63 64
63 65
63 66
63 67
63 68
63 69
63 70
63 71
63 73
63 74
63 75
63 76
63 78
63 79
63 80
63 81
63 82
63 83
63 85
63 87
63 88
63 89
63 90
63 92
63 93
63 94
63 95
63 97
63 98
63 99
64 65
64 66
64 67
64 68
64 69
64 71
64 73
64 75
64 76
64 78
64 79
64 80
64 81
64 82
64 85
64 87
64 88
64 90
64 93
64 97
65 66
65 67
65 68
65 69
65 71
65 73
65 75
65 76
65 79
65 80
65 81
65 82
65 85
65 87
65 88
65 97
66 67
66 68
66 69
66 70
66 71
66 73
66 74
66 75
66 76
66 78
66 79
66 80
66 81
66 82
66 85
66 87
66 88
66 89
66 90
66 93
66 94
66 95
66 97
66 98
66 99
67 68
67 69
67 70
67 71
67 73
67 75
67 76
67 78
67 79
67 80
67 81
67 82
67 85
67 87
67 88
67 90
67 93
67 94
67 95
67 97
67 99
68 69
68 70
68 71
68 72
68 73
68 74
68 75
68 76
68 77
68 78
68 79
68 80
68 81
68 82
68 83
68 84
68 85
68 86
68 87
68 88
68 89
68 90
68 91
68 92
68 93
68 94
68 95
68 97
68 98
68 99
69 70
69 71
69 73
69 74
69 75
69 76
69 78
69 79
69 80
69 81
69 82
69 85
69 87
69 88
69 89
69 90
69 93
69 94
69 95
69 97
69 98
69 99
70 71
70 72
70 73
70 74
70 76
70 77
70 78
70 81
70 82
70 83
70 84
70 85
70 86
70 88
70 89
70 90
70 91
70 92
70 93
70 94
70 95
70 96
70 97
70 98
70 99
71 73
71 74
71 75
71 76
71 78
71 79
71 80
71 81
71 82
71 83
71 85
71 87
71 88
71 89
71 90
71 92
71 93
71 94
71 95
71 97
71 98
71 99
72 74
72 77
72 78
72 83
72 84
72 86
72 89
72 91
72 92
72 96
73 74
73 75
73 76
73 78
73 79
73 80
73 81
73 82
73 85
73 87
73 88
73 89
73 90
73 93
73 94
73 95
73 97
73 98
73 99
74 76
74 77
74 78
74 81
74 82
74 83
74 84
74 85
74 86
74 88
74 89
74 90
74 91
74 92
74 93
74 94
74 95
74 96
74 97
74 98
74 99
75 76
75 78
75 79
75 80
75 81
75 82
75 85
75 87
75 88
75 90
75 93
75 94
75 95
75 97
75 98
75 99
76 77
76 78
76 79
76 80
76 81
76 82
76 83
76 85
76 86
76 87
76 88
76 89
76 90
76 91
76 92
76 93
76 94
76 95
76 97
76 98
76 99
77 78
77 81
77 83
77 84
77 85
77 86
77 89
77 90
77 91
77 92
77 93
77 94
77 95
77 96
77 98
78 79
78 80
78 81
78 82
78 83
78 84
78 85
78 86
78 87
78 88
78 89
78 90
78 91
78 92
78 93
78 94
78 95
78 96
78 97
78 98
78 99
79 80
79 81
79 82
79 85
79 87
79 88
79 90
79 93
79 94
79 95
79 97
79 98
79 99
80 81
80 82
80 85
80 87
80 88
80 90
80 93
80 94
80 95
80 97
80 98
80 99
81 82
81 83
81 85
81 86
81 87
81 88
81 89
81 90
81 92
81 93
81 94
81 95
81 97
81 98
81 99
82 85
82 87
82 88
82 89
82 90
82 92
82 93
82 94
82 95
82 97
82 98
82 99
83 84
83 85
83 86
83 89
83 90
83 91
83 92
83 93
83 94
83 95
83 96
83 98
83 99
84 86
84 89
84 91
84 92
84 93
84 94
84 95
84 96
85 86
85 87
85 88
85 89
85 90
85 92
85 93
85 94
85 95
85 97
85 98
85 99
86 89
86 90
86 91
86 92
86 93
86 94
86 95
86 96
86 98
86 99
87 88
87 90
87 93
87 94
87 95
87 97
87 98
87 99
88 89
88 90
88 92
88 93
88 94
88 95
88 97
88 98
88 99
89 90
89 91
89 92
89 93
89 94
89 95
89 96
89 97
89 98
89 99
90 91
90 92
90 93
90 94
90 95
90 96
90 97
90 98
90 99
91 92
91 93
91 94
91 95
91 96
91 98
91 99
92 93
92 94
92 95
92 96
92 97
92 98
92 99
93 94
93 95
93 96
93 97
93 98
93 99
94 95
94 96
94 97
94 98
94 99
95 96
95 97
95 98
95 99
96 98
96 99
97 98
97 99
98 99
