0 3
0 4
0 5
0 6
0 11
0 12
0 17
0 19
0 23
0 24
0 31
0 32
1 2
1 3
1 5
1 7
1 8
1 9
1 10
1 12
1 13
1 14
1 15
1 16
1 18
1 20
1 21
1 22
1 25
1 26
1 27
1 29
1 30
2 7
2 9
2 10
2 14
2 15
2 16
2 18
2 21
2 22
2 27
2 29
2 30
2 33
2 36
3 4
3 5
3 7
3 8
3 9
3 10
3 11
3 12
3 13
3 15
3 16
3 17
3 18
3 19
3 20
3 21
3 22
3 23
3 24
3 25
3 26
3 27
3 28
3 34
4 5
4 6
4 11
4 12
4 17
4 19
4 23
4 24
4 31
4 32
4 34
4 35
4 38
5 6
5 8
5 9
5 10
5 11
5 12
5 13
5 15
5 16
5 17
5 18
5 19
5 20
5 21
5 23
5 24
5 25
5 26
5 28
5 31
5 34
5 41
6 11
6 12
6 17
6 19
6 23
6 24
6 31
6 32
6 35
6 38
7 8
7 9
7 10
7 13
7 14
7 15
7 16
7 18
7 20
7 21
7 22
7 27
7 29
7 30
7 33
7 36
7 37
7 39
8 9
8 10
8 11
8 12
8 13
8 15
8 16
8 17
8 18
8 19
8 20
8 21
8 22
8 23
8 24
8 25
8 26
8 27
8 28
8 30
8 31
8 34
8 41
8 47
9 10
9 11
9 12
9 13
9 14
9 15
9 16
9 17
9 18
9 19
9 20
9 21
9 22
9 23
9 24
9 25
9 26
9 27
9 28
9 29
9 30
9 34
9 39
9 41
9 47
10 13
10 14
10 15
10 16
10 18
10 20
10 21
10 22
10 25
10 26
10 27
10 29
10 30
10 33
10 36
10 37
10 39
10 46
10 48
11 12
11 13
11 17
11 19
11 20
11 23
11 24
11 25
11 26
11 28
11 31
11 32
11 34
11 35
11 38
11 40
11 43
11 44
11 45
12 13
12 15
12 17
12 18
12 19
12 20
12 21
12 23
12 24
12 25
12 26
12 28
12 31
12 32
12 34
12 40
12 41
12 45
12 47
12 49
13 15
13 16
13 17
13 18
13 19
13 20
13 21
13 22
13 23
13 24
13 25
13 26
13 27
13 28
13 29
13 30
13 31
13 34
13 39
13 40
13 41
13 47
13 49
14 15
14 16
14 18
14 20
14 21
14 22
14 27
14 29
14 30
14 33
14 36
14 37
14 39
14 46
14 48
14 50
15 16
15 18
15 20
15 21
15 22
15 25
15 26
15 27
15 29
15 30
15 33
15 36
15 37
15 39
15 41
15 46
15 48
16 18
16 20
16 21
16 22
16 25
16 26
16 27
16 29
16 30
16 33
16 36
16 37
16 39
16 46
16 48
16 50
17 19
17 20
17 21
17 23
17 24
17 25
17 26
17 28
17 31
17 32
17 34
17 35
17 38
17 40
17 41
17 42
17 43
17 44
17 45
17 47
17 49
18 20
18 21
18 22
18 23
18 25
18 26
18 27
18 28
18 29
18 30
18 33
18 36
18 37
18 39
18 41
18 46
18 47
18 48
19 20
19 23
19 24
19 25
19 26
19 28
19 31
19 32
19 34
19 35
19 38
19 40
19 42
19 43
19 44
19 45
19 49
19 51
20 21
20 22
20 23
20 24
20 25
20 26
20 27
20 28
20 29
20 30
20 31
20 34
20 37
20 39
20 40
20 41
20 45
20 46
20 47
20 48
20 49
20 52
20 54
21 22
21 23
21 25
21 26
21 27
21 28
21 29
21 30
21 33
21 34
21 36
21 37
21 39
21 41
21 46
21 47
21 48
21 49
21 53
22 25
22 26
22 27
22 29
22 30
22 33
22 36
22 37
22 39
22 41
22 46
22 48
22 50
22 53
22 57
23 24
23 25
23 26
23 27
23 28
23 31
23 32
23 34
23 35
23 38
23 40
23 41
23 42
23 43
23 44
23 45
23 47
23 49
23 52
23 54
23 55
23 56
24 25
24 26
24 28
24 31
24 32
24 34
24 35
24 38
24 40
24 41
24 42
24 43
24 44
24 45
24 47
24 49
24 51
24 52
24 55
24 56
25 26
25 27
25 28
25 29
25 30
25 31
25 32
25 34
25 39
25 40
25 41
25 43
25 44
25 45
25 46
25 47
25 48
25 49
25 52
25 54
25 55
25 56
25 58
25 59
25 61
25 62
26 27
26 28
26 29
26 30
26 31
26 34
26 37
26 39
26 40
26 41
26 45
26 46
26 47
26 48
26 49
26 52
26 53
26 54
26 55
26 56
26 57
26 58
26 59
26 61
26 62
27 28
27 29
27 30
27 33
27 36
27 37
27 39
27 41
27 46
27 47
27 48
27 50
27 53
27 54
27 57
27 58
28 30
28 31
28 32
28 34
28 35
28 38
28 39
28 40
28 41
28 42
28 43
28 44
28 45
28 47
28 49
28 52
28 54
28 55
28 56
28 58
28 59
28 61
28 62
28 63
28 69
29 30
29 33
29 36
29 37
29 39
29 41
29 46
29 47
29 48
29 50
29 53
29 54
29 57
29 58
29 65
29 70
30 33
30 36
30 37
30 39
30 41
30 46
30 47
30 48
30 49
30 50
30 52
30 53
30 54
30 57
30 58
30 61
30 65
31 32
31 34
31 35
31 38
31 40
31 41
31 42
31 43
31 44
31 45
31 47
31 49
31 51
31 52
31 54
31 55
31 56
31 59
31 60
31 62
31 63
31 64
31 66
31 67
31 68
32 34
32 35
32 38
32 40
32 41
32 42
32 43
32 44
32 45
32 47
32 49
32 51
32 52
32 55
32 56
32 60
32 64
32 66
32 67
32 68
33 36
33 37
33 39
33 46
33 48
33 50
33 53
33 57
33 65
33 70
33 71
34 35
34 38
34 40
34 41
34 42
34 43
34 44
34 45
34 47
34 49
34 51
34 52
34 54
34 55
34 56
34 58
34 59
34 60
34 61
34 62
34 63
34 64
34 67
34 68
34 69
34 73
35 38
35 40
35 42
35 43
35 44
35 45
35 51
35 56
35 60
35 64
35 66
35 68
35 74
36 37
36 39
36 46
36 48
36 50
36 53
36 57
36 65
36 70
36 71
36 72
36 75
37 39
37 41
37 46
37 47
37 48
37 50
37 53
37 57
37 58
37 65
37 70
37 71
37 72
37 75
38 40
38 42
38 43
38 44
38 45
38 49
38 51
38 55
38 56
38 60
38 64
38 66
38 67
38 68
38 74
38 78
38 79
39 41
39 46
39 47
39 48
39 49
39 50
39 52
39 53
39 54
39 55
39 57
39 58
39 59
39 61
39 62
39 63
39 65
39 69
39 70
39 71
39 72
40 41
40 42
40 43
40 44
40 45
40 47
40 49
40 51
40 52
40 54
40 55
40 56
40 58
40 59
40 60
40 61
40 62
40 63
40 64
40 66
40 67
40 68
40 69
40 73
40 76
40 77
40 78
40 80
40 81
41 43
41 44
41 45
41 46
41 47
41 48
41 49
41 52
41 53
41 54
41 55
41 56
41 57
41 58
41 59
41 61
41 62
41 63
41 67
41 69
41 73
41 76
41 77
41 80
41 82
42 43
42 44
42 45
42 49
42 51
42 52
42 55
42 56
42 60
42 64
42 66
42 67
42 68
42 74
42 78
42 79
42 84
43 44
43 45
43 47
43 49
43 51
43 52
43 54
43 55
43 56
43 59
43 60
43 61
43 62
43 63
43 64
43 66
43 67
43 68
43 69
43 73
43 74
43 76
43 77
43 78
43 79
43 81
44 45
44 47
44 49
44 51
44 52
44 54
44 55
44 56
44 59
44 60
44 61
44 62
44 63
44 64
44 66
44 67
44 68
44 69
44 73
44 74
44 76
44 77
44 78
44 79
44 81
45 47
45 49
45 51
45 52
45 54
45 55
45 56
45 58
45 59
45 60
45 61
45 62
45 63
45 64
45 66
45 67
45 68
45 69
45 73
45 74
45 76
45 77
45 78
45 80
45 81
45 83
46 47
46 48
46 49
46 50
46 52
46 53
46 54
46 57
46 58
46 59
46 61
46 65
46 70
46 71
46 72
46 75
47 48
47 49
47 52
47 53
47 54
47 55
47 56
47 57
47 58
47 59
47 61
47 62
47 63
47 67
47 69
47 73
47 76
47 77
47 80
47 82
47 83
48 49
48 50
48 52
48 53
48 54
48 57
48 58
48 59
48 61
48 65
48 70
48 71
48 72
48 75
49 51
49 52
49 53
49 54
49 55
49 56
49 57
49 58
49 59
49 60
49 61
49 62
49 63
49 64
49 66
49 67
49 68
49 69
49 73
49 76
49 77
49 78
49 80
49 81
49 82
49 83
49 85
50 53
50 57
50 65
50 70
50 71
50 72
50 75
50 86
50 88
50 89
51 55
51 56
51 60
51 64
51 66
51 67
51 68
51 73
51 74
51 76
51 78
51 79
51 81
51 84
52 53
52 54
52 55
52 56
52 57
52 58
52 59
52 61
52 62
52 63
52 64
52 67
52 68
52 69
52 73
52 76
52 77
52 78
52 80
52 81
52 82
52 83
52 85
52 90
53 54
53 55
53 57
53 58
53 59
53 61
53 62
53 63
53 65
53 69
53 70
53 71
53 72
53 75
53 82
53 86
53 87
53 88
53 89
53 91
54 55
54 56
54 57
54 58
54 59
54 61
54 62
54 63
54 64
54 67
54 69
54 73
54 76
54 77
54 78
54 80
54 81
54 82
54 83
54 85
54 87
54 90
54 91
54 93
54 96
55 56
55 57
55 58
55 59
55 60
55 61
55 62
55 63
55 64
55 66
55 67
55 68
55 69
55 73
55 76
55 77
55 78
55 80
55 81
55 82
55 83
55 85
55 90
55 96
55 98
56 58
56 59
56 60
56 61
56 62
56 63
56 64
56 66
56 67
56 68
56 69
56 73
56 74
56 76
56 77
56 78
56 79
56 80
56 81
56 82
56 83
56 84
56 85
56 90
56 95
56 98
57 58
57 59
57 61
57 62
57 63
57 65
57 69
57 70
57 71
57 72
57 75
57 80
57 82
57 86
57 87
57 88
57 89
57 90
57 91
58 59
58 61
58 62
58 63
58 65
58 67
58 69
58 70
58 71
58 72
58 73
58 75
58 76
58 77
58 80
58 82
58 83
58 85
58 87
58 90
58 91
58 93
58 96
59 61
59 62
59 63
59 64
59 67
59 68
59 69
59 73
59 76
59 77
59 78
59 80
59 81
59 82
59 83
59 85
59 87
59 90
59 91
59 93
59 96
59 98
60 62
60 63
60 64
60 66
60 67
60 68
60 69
60 73
60 74
60 76
60 77
60 78
60 79
60 81
60 84
60 92
60 94
60 95
60 99
61 62
61 63
61 67
61 69
61 73
61 76
61 77
61 78
61 80
61 81
61 82
61 83
61 85
61 87
61 90
61 91
61 93
61 96
61 98
62 63
62 64
62 66
62 67
62 68
62 69
62 73
62 76
62 77
62 78
62 80
62 81
62 82
62 83
62 85
62 87
62 90
62 91
62 93
62 95
62 96
62 98
63 64
63 66
63 67
63 68
63 69
63 73
63 76
63 77
63 78
63 80
63 81
63 82
63 83
63 85
63 87
63 90
63 91
63 93
63 95
63 96
63 98
63 99
64 66
64 67
64 68
64 69
64 73
64 74
64 76
64 77
64 78
64 79
64 80
64 81
64 83
64 84
64 85
64 92
64 94
64 95
64 98
64 99
65 70
65 71
65 72
65 75
65 86
65 87
65 88
65 89
65 97
66 67
66 68
66 69
66 73
66 74
66 76
66 77
66 78
66 79
66 80
66 81
66 83
66 84
66 85
66 92
66 94
66 95
66 99
67 68
67 69
67 73
67 74
67 76
67 77
67 78
67 79
67 80
67 81
67 82
67 83
67 84
67 85
67 90
67 92
67 93
67 94
67 95
67 96
67 98
67 99
68 69
68 73
68 74
68 76
68 77
68 78
68 79
68 80
68 81
68 83
68 84
68 85
68 92
68 94
68 95
68 98
68 99
69 73
69 76
69 77
69 78
69 80
69 81
69 82
69 83
69 85
69 87
69 90
69 91
69 93
69 95
69 96
69 98
69 99
70 71
70 72
70 75
70 82
70 86
70 87
70 88
70 89
70 91
70 97
71 72
71 75
71 86
71 87
71 88
71 89
71 91
71 97
72 75
72 82
72 86
72 87
72 88
72 89
72 91
72 97
73 74
73 76
73 77
73 78
73 79
73 80
73 81
73 82
73 83
73 84
73 85
73 87
73 90
73 91
73 92
73 93
73 94
73 95
73 96
73 98
73 99
74 76
74 77
74 78
74 79
74 81
74 83
74 84
74 85
74 92
74 94
74 95
74 99
75 86
75 87
75 88
75 89
75 91
75 97
76 77
76 78
76 79
76 80
76 81
76 82
76 83
76 84
76 85
76 87
76 90
76 91
76 92
76 93
76 94
76 95
76 96
76 98
76 99
77 78
77 79
77 80
77 81
77 82
77 83
77 84
77 85
77 87
77 90
77 91
77 92
77 93
77 94
77 95
77 96
77 98
77 99
78 79
78 80
78 81
78 82
78 83
78 84
78 85
78 90
78 92
78 94
78 95
78 96
78 98
78 99
79 81
79 83
79 84
79 85
79 92
79 94
79 95
79 98
79 99
80 81
80 82
80 83
80 85
80 87
80 90
80 91
80 92
80 93
80 94
80 95
80 96
80 98
80 99
81 82
81 83
81 84
81 85
81 90
81 92
81 93
81 94
81 95
81 96
81 98
81 99
82 83
82 85
82 87
82 90
82 91
82 93
82 95
82 96
82 98
82 99
83 84
83 85
83 87
83 90
83 91
83 92
83 93
83 94
83 95
83 96
83 98
83 99
84 85
84 92
84 94
84 95
84 98
84 99
85 87
85 90
85 91
85 92
85 93
85 94
85 95
85 96
85 98
85 99
86 87
86 88
86 89
86 91
86 97
87 88
87 89
87 90
87 91
87 93
87 96
87 97
87 98
88 89
88 91
88 93
88 97
89 91
89 93
89 97
90 91
90 93
90 95
90 96
90 98
90 99
91 93
91 96
91 97
91 98
92 94
92 95
92 98
92 99
93 95
93 96
93 98
93 99
94 95
94 98
94 99
95 96
95 98
95 99
96 98
96 99
98 99
