0 5
0 6
0 8
0 10
0 16
0 20
0 23
1 2
1 3
1 4
1 7
1 9
1 11
1 13
1 14
1 15
1 18
1 19
1 21
1 22
1 25
1 26
2 3
2 4
2 7
2 9
2 11
2 14
2 15
2 17
2 18
2 19
2 24
2 25
2 26
2 30
3 4
3 7
3 9
3 11
3 14
3 15
3 17
3 19
3 24
3 25
3 26
4 7
4 9
4 11
4 14
4 15
4 17
4 18
4 19
4 21
4 22
4 24
4 25
4 26
4 28
4 30
5 6
5 8
5 10
5 16
5 17
5 20
5 23
5 27
6 8
6 10
6 16
6 20
6 23
6 27
7 11
7 12
7 13
7 14
7 15
7 18
7 19
7 21
7 22
7 26
7 28
7 29
7 30
8 10
8 16
8 17
8 20
8 23
8 27
8 31
8 32
9 11
9 14
9 15
9 17
9 19
9 20
9 24
9 25
9 26
9 28
9 30
9 33
10 16
10 17
10 20
10 23
10 27
10 31
10 32
10 33
11 14
11 15
11 17
11 18
11 19
11 21
11 24
11 25
11 26
11 28
11 30
11 33
11 34
11 36
12 13
12 14
12 15
12 18
12 19
12 21
12 22
12 28
12 29
12 37
13 14
13 15
13 18
13 19
13 21
13 22
13 28
13 29
13 37
14 15
14 18
14 19
14 21
14 22
14 25
14 26
14 28
14 29
14 30
14 34
14 36
15 18
15 19
15 21
15 22
15 24
15 25
15 26
15 28
15 30
15 34
15 36
16 17
16 20
16 23
16 27
16 31
16 32
16 35
16 38
16 39
17 20
17 24
17 25
17 26
17 31
17 32
17 33
18 19
18 21
18 22
18 25
18 26
18 28
18 29
18 30
18 34
18 36
18 37
18 40
18 41
18 42
18 43
18 44
18 45
19 21
19 22
19 24
19 25
19 26
19 28
19 29
19 30
19 34
19 36
19 37
19 40
19 41
19 42
19 45
20 23
20 24
20 27
20 31
20 32
20 33
20 38
20 46
21 22
21 25
21 26
21 28
21 29
21 30
21 34
21 36
21 37
21 40
21 41
21 42
21 43
21 44
21 45
22 25
22 26
22 28
22 29
22 30
22 34
22 36
22 37
22 40
22 41
22 42
22 43
22 44
22 45
23 27
23 31
23 32
23 35
23 38
23 39
23 48
24 25
24 26
24 28
24 30
24 31
24 32
24 33
24 34
24 36
24 42
24 46
24 50
24 54
25 26
25 28
25 30
25 33
25 34
25 36
25 41
25 42
25 50
25 51
25 54
26 28
26 30
26 33
26 34
26 36
26 41
26 42
26 45
26 49
26 51
26 53
26 54
27 31
27 32
27 35
27 38
27 39
27 47
27 48
28 29
28 30
28 34
28 36
28 37
28 40
28 41
28 42
28 43
28 44
28 45
28 49
28 51
28 53
28 54
28 57
29 34
29 37
29 40
29 41
29 43
29 44
29 45
29 52
30 33
30 34
30 36
30 37
30 40
30 41
30 42
30 45
30 49
30 51
30 53
30 54
30 57
30 58
31 32
31 33
31 35
31 38
31 39
31 46
31 47
31 48
31 55
31 59
32 33
32 35
32 38
32 39
32 46
32 47
32 48
32 50
32 55
32 59
33 36
33 38
33 46
33 47
33 50
33 54
33 55
33 56
33 59
33 60
34 36
34 37
34 40
34 41
34 42
34 43
34 44
34 45
34 49
34 51
34 52
34 53
34 54
34 57
34 58
35 38
35 39
35 47
35 48
36 37
36 40
36 41
36 42
36 43
36 44
36 45
36 49
36 50
36 51
36 53
36 54
36 56
36 57
36 58
36 60
37 40
37 41
37 42
37 43
37 44
37 45
37 49
37 51
37 52
37 53
37 57
37 61
38 39
38 46
38 47
38 48
38 55
38 59
38 63
39 47
39 48
39 59
39 63
40 41
40 42
40 43
40 44
40 45
40 49
40 51
40 52
40 53
40 57
40 61
40 67
41 42
41 43
41 44
41 45
41 49
41 50
41 51
41 52
41 53
41 54
41 57
41 58
41 61
41 64
41 67
41 69
41 71
42 43
42 44
42 45
42 49
42 50
42 51
42 52
42 53
42 54
42 57
42 58
42 61
42 64
42 67
42 69
42 71
43 44
43 45
43 49
43 51
43 52
43 53
43 57
43 61
43 67
43 73
44 45
44 49
44 51
44 52
44 53
44 57
44 61
44 67
44 73
45 49
45 51
45 52
45 53
45 54
45 57
45 58
45 61
45 67
45 69
45 71
46 47
46 48
46 50
46 54
46 55
46 56
46 58
46 59
46 60
46 62
46 65
46 66
46 68
46 70
46 74
47 48
47 50
47 55
47 56
47 59
47 60
47 62
47 63
47 66
47 68
47 70
47 72
48 55
48 59
48 63
48 72
48 77
49 50
49 51
49 52
49 53
49 54
49 57
49 58
49 61
49 64
49 67
49 69
49 71
49 79
50 51
50 53
50 54
50 55
50 56
50 57
50 58
50 59
50 60
50 62
50 64
50 65
50 66
50 68
50 70
50 74
50 75
50 76
51 52
51 53
51 54
51 56
51 57
51 58
51 60
51 61
51 64
51 65
51 67
51 69
51 71
51 79
52 53
52 57
52 61
52 67
52 71
52 73
53 54
53 57
53 58
53 60
53 61
53 64
53 65
53 67
53 69
53 71
53 79
53 81
54 55
54 56
54 57
54 58
54 60
54 62
54 64
54 65
54 67
54 69
54 71
54 76
55 56
55 58
55 59
55 60
55 62
55 63
55 64
55 65
55 66
55 68
55 70
55 74
55 75
55 76
55 80
55 83
56 57
56 58
56 59
56 60
56 62
56 64
56 65
56 66
56 68
56 70
56 74
56 75
56 76
56 80
56 83
56 85
57 58
57 60
57 61
57 64
57 65
57 67
57 69
57 71
57 73
57 79
57 81
57 82
57 86
58 60
58 62
58 64
58 65
58 67
58 69
58 70
58 71
58 74
58 76
58 79
58 81
58 85
59 60
59 62
59 63
59 65
59 66
59 68
59 70
59 72
59 74
59 75
59 76
59 77
59 78
59 80
59 83
59 90
60 62
60 64
60 65
60 66
60 68
60 69
60 70
60 74
60 75
60 76
60 80
60 83
60 85
61 67
61 69
61 71
61 73
61 79
61 81
61 82
61 86
61 87
61 89
61 91
62 63
62 64
62 65
62 66
62 68
62 70
62 72
62 74
62 75
62 76
62 77
62 80
62 83
62 85
62 90
62 99
63 66
63 68
63 70
63 72
63 74
63 75
63 77
63 78
63 80
63 83
63 84
63 88
63 90
63 93
63 94
63 96
64 65
64 66
64 67
64 68
64 69
64 70
64 71
64 74
64 75
64 76
64 79
64 81
64 82
64 85
64 86
64 87
64 92
64 95
65 66
65 68
65 69
65 70
65 71
65 74
65 75
65 76
65 79
65 80
65 81
65 83
65 85
65 92
65 95
66 68
66 70
66 72
66 74
66 75
66 76
66 77
66 78
66 80
66 83
66 85
66 88
66 90
66 99
66 100
67 69
67 71
67 73
67 79
67 81
67 82
67 86
67 87
67 89
67 91
67 92
67 95
67 97
67 98
68 70
68 72
68 74
68 75
68 76
68 77
68 78
68 80
68 83
68 85
68 88
68 90
68 99
68 100
69 71
69 73
69 76
69 79
69 81
69 82
69 85
69 86
69 87
69 89
69 91
69 92
69 95
69 97
69 98
70 72
70 74
70 75
70 76
70 77
70 78
70 80
70 83
70 85
70 90
70 99
70 100
71 73
71 76
71 79
71 81
71 82
71 85
71 86
71 87
71 89
71 91
71 92
71 95
71 97
71 98
72 75
72 77
72 78
72 80
72 83
72 84
72 88
72 90
72 93
72 94
72 96
73 79
73 81
73 82
73 86
73 87
73 89
73 91
73 95
73 97
73 98
74 75
74 76
74 77
74 80
74 83
74 85
74 90
74 99
74 100
75 76
75 77
75 78
75 80
75 83
75 85
75 88
75 90
75 99
75 100
76 79
76 80
76 83
76 85
76 90
76 92
76 95
76 99
76 100
77 78
77 80
77 83
77 84
77 88
77 90
77 93
77 94
77 96
77 99
77 100
78 80
78 83
78 84
78 88
78 90
78 93
78 94
78 96
78 100
79 81
79 82
79 85
79 86
79 87
79 89
79 91
79 92
79 95
79 97
79 98
80 83
80 84
80 85
80 88
80 90
80 93
80 94
80 96
80 99
80 100
81 82
81 85
81 86
81 87
81 89
81 91
81 92
81 95
81 97
81 98
82 86
82 87
82 89
82 91
82 92
82 95
82 97
82 98
83 84
83 85
83 88
83 90
83 93
83 94
83 96
83 99
83 100
84 88
84 90
84 93
84 94
84 96
84 100
85 90
85 92
85 95
85 99
85 100
86 87
86 89
86 91
86 92
86 95
86 97
86 98
87 89
87 91
87 92
87 95
87 97
87 98
88 90
88 93
88 94
88 96
88 99
88 100
89 91
89 92
89 95
89 97
89 98
90 93
90 94
90 96
90 99
90 100
91 92
91 95
91 97
91 98
92 95
92 97
92 98
93 94
93 96
93 100
94 96
94 100
95 97
95 98
96 100
97 98
99 100
