0 2
0 7
0 9
0 17
0 22
1 3
1 4
1 5
1 8
1 14
1 16
1 21
1 23
1 26
2 7
2 9
2 10
2 13
2 17
2 18
2 22
2 24
2 25
3 5
3 11
3 12
3 20
3 23
4 5
4 8
4 14
4 15
4 16
4 21
4 23
4 26
4 27
5 12
5 16
5 23
6 7
6 9
6 10
6 11
6 12
6 13
6 18
6 19
6 20
7 9
7 10
7 13
7 17
7 18
7 19
7 24
7 25
8 14
8 15
8 16
8 21
8 23
8 26
8 27
9 10
9 11
9 13
9 17
9 18
9 19
9 24
9 25
10 11
10 13
10 17
10 18
10 19
10 24
10 25
11 12
11 13
11 18
11 19
11 20
12 19
12 20
12 29
13 17
13 18
13 19
13 20
13 24
13 25
14 15
14 16
14 21
14 26
14 27
14 31
14 32
15 21
15 31
16 21
16 23
16 26
16 27
16 28
17 18
17 19
17 22
17 24
17 25
18 19
18 24
18 25
19 20
19 24
19 25
19 29
19 30
20 29
20 30
21 23
21 26
21 27
21 31
21 32
21 34
22 25
23 26
23 27
23 28
23 33
24 25
24 35
24 36
24 38
25 35
25 38
26 27
26 28
26 31
26 32
26 33
27 28
27 31
27 32
27 33
27 42
28 33
28 40
28 41
29 30
29 33
29 36
29 39
29 41
29 44
30 36
30 39
30 44
31 32
31 34
31 37
31 42
31 43
32 34
32 37
32 42
32 43
33 40
33 41
33 45
34 37
34 43
34 48
35 36
35 38
35 39
35 46
35 50
36 39
36 44
36 46
36 47
36 50
36 53
36 55
36 56
37 42
37 43
37 48
38 46
38 50
38 52
39 44
39 46
39 47
39 50
39 53
39 55
39 56
39 60
40 41
40 42
40 45
40 49
40 51
40 54
40 57
40 58
41 44
41 45
41 49
41 51
41 56
41 57
41 58
41 61
42 43
42 48
42 49
42 54
42 59
42 65
43 48
43 54
43 59
44 46
44 47
44 50
44 53
44 55
44 56
44 57
44 58
44 60
44 61
44 64
45 49
45 51
45 54
45 57
45 58
45 61
45 67
46 47
46 50
46 52
46 53
46 55
46 60
46 62
46 63
46 64
47 50
47 53
47 55
47 56
47 58
47 60
47 64
48 59
48 66
49 51
49 54
49 57
49 58
49 61
49 65
49 67
49 70
50 52
50 53
50 55
50 56
50 60
50 63
50 64
51 54
51 57
51 58
51 61
51 65
51 67
51 69
51 70
52 60
52 62
52 63
53 55
53 56
53 58
53 60
53 61
53 64
54 65
54 67
54 68
54 70
54 72
55 56
55 57
55 58
55 60
55 61
55 64
55 69
56 57
56 58
56 60
56 61
56 64
56 67
56 69
57 58
57 61
57 67
57 69
58 61
58 67
58 69
59 65
59 66
59 68
59 71
59 76
59 78
60 63
60 64
60 73
60 74
61 67
61 69
61 70
61 77
62 63
62 73
62 75
63 73
63 74
63 75
63 80
64 73
64 74
64 77
64 82
65 68
65 70
65 71
65 72
65 76
66 68
66 71
66 76
66 78
67 69
67 70
67 79
67 81
67 85
68 70
68 71
68 72
68 76
68 78
69 70
69 77
69 79
69 81
69 83
69 85
70 72
70 79
70 85
71 72
71 76
71 78
71 90
72 76
72 79
72 90
73 74
73 75
73 80
73 82
73 84
73 88
74 75
74 80
74 82
74 84
74 88
75 80
75 84
75 88
76 78
76 90
77 81
77 82
77 83
77 86
77 87
77 89
78 93
79 81
79 83
79 85
80 84
80 88
81 82
81 83
81 85
81 86
81 87
81 89
81 92
81 95
82 83
82 84
82 86
82 87
82 89
82 92
82 94
82 95
83 85
83 86
83 87
83 89
83 92
83 95
83 100
84 88
84 94
84 96
84 97
84 99
85 86
85 87
85 89
85 91
85 92
85 95
86 87
86 89
86 92
86 94
86 95
86 100
87 89
87 92
87 94
87 95
87 100
88 94
88 96
88 97
88 99
89 92
89 94
89 95
89 99
89 100
90 91
90 93
90 98
91 98
92 94
92 95
92 99
92 100
93 98
94 95
94 96
94 97
94 99
94 100
95 99
95 100
96 97
96 99
97 99
97 100
99 100
