0 3
0 4
0 5
0 7
0 8
0 10
0 11
0 12
0 13
0 14
0 15
0 19
0 20
0 21
0 22
0 23
0 24
0 26
0 32
0 35
0 36
1 2
1 5
1 6
1 7
1 8
1 9
1 11
1 13
1 16
1 17
1 18
1 19
1 20
1 22
1 25
1 27
1 28
1 29
1 30
1 33
1 34
1 39
2 6
2 9
2 16
2 17
2 18
2 25
2 27
2 33
2 34
2 37
2 38
3 4
3 5
3 6
3 7
3 8
3 10
3 11
3 12
3 13
3 14
3 15
3 19
3 20
3 21
3 22
3 23
3 24
3 26
3 30
3 31
3 32
3 35
3 36
4 5
4 6
4 7
4 8
4 9
4 10
4 11
4 12
4 13
4 14
4 15
4 16
4 19
4 20
4 21
4 22
4 23
4 24
4 26
4 28
4 30
4 31
4 32
4 35
4 36
5 6
5 7
5 8
5 9
5 10
5 11
5 13
5 14
5 15
5 16
5 17
5 18
5 19
5 20
5 22
5 23
5 25
5 27
5 28
5 29
5 30
5 31
6 7
6 8
6 9
6 10
6 11
6 13
6 16
6 17
6 18
6 19
6 20
6 22
6 23
6 25
6 27
6 28
6 29
6 30
6 31
6 34
6 39
7 8
7 9
7 10
7 11
7 13
7 14
7 15
7 16
7 17
7 18
7 19
7 20
7 22
7 23
7 25
7 28
7 29
7 30
7 31
8 9
8 10
8 11
8 13
8 14
8 15
8 16
8 17
8 18
8 19
8 20
8 22
8 23
8 25
8 27
8 28
8 29
8 30
8 31
8 34
8 40
9 10
9 11
9 13
9 16
9 17
9 18
9 19
9 20
9 22
9 23
9 25
9 27
9 28
9 29
9 30
9 31
9 33
9 34
9 37
9 39
9 40
9 41
10 11
10 12
10 13
10 14
10 15
10 16
10 19
10 20
10 21
10 22
10 23
10 24
10 26
10 28
10 29
10 30
10 31
10 32
10 35
10 36
10 42
11 12
11 13
11 14
11 15
11 16
11 17
11 19
11 20
11 21
11 22
11 23
11 24
11 25
11 28
11 29
11 30
11 31
11 32
11 36
11 42
12 13
12 14
12 15
12 21
12 23
12 24
12 26
12 32
12 35
12 36
12 43
13 14
13 15
13 16
13 17
13 19
13 20
13 21
13 22
13 23
13 24
13 25
13 26
13 28
13 29
13 30
13 31
13 32
13 35
13 36
13 42
14 15
14 19
14 20
14 21
14 22
14 23
14 24
14 26
14 30
14 31
14 32
14 35
14 36
14 42
14 43
15 19
15 20
15 21
15 22
15 23
15 24
15 26
15 28
15 30
15 31
15 32
15 35
15 36
15 42
15 43
15 45
16 17
16 18
16 19
16 20
16 22
16 23
16 25
16 27
16 28
16 29
16 30
16 31
16 33
16 34
16 37
16 38
16 39
16 40
16 41
16 42
16 44
17 18
17 19
17 20
17 22
17 25
17 27
17 28
17 29
17 30
17 31
17 33
17 34
17 37
17 38
17 39
17 40
17 41
17 44
17 46
17 48
18 19
18 20
18 22
18 25
18 27
18 28
18 29
18 30
18 31
18 33
18 34
18 37
18 38
18 39
18 40
18 41
18 44
18 46
18 48
18 49
19 20
19 21
19 22
19 23
19 25
19 27
19 28
19 29
19 30
19 31
19 32
19 34
19 36
19 39
19 40
19 42
19 44
19 45
19 47
19 50
19 53
19 54
20 21
20 22
20 23
20 25
20 27
20 28
20 29
20 30
20 31
20 32
20 34
20 36
20 39
20 40
20 41
20 42
20 44
20 45
20 47
20 50
20 53
20 54
21 22
21 23
21 24
21 26
21 31
21 32
21 35
21 36
21 42
21 43
21 45
21 51
21 52
22 23
22 25
22 27
22 28
22 29
22 30
22 31
22 32
22 34
22 36
22 39
22 40
22 42
22 44
22 45
22 47
22 50
22 53
22 54
23 24
23 26
23 28
23 29
23 30
23 31
23 32
23 35
23 36
23 40
23 42
23 43
23 45
23 47
23 50
23 51
23 53
23 54
23 57
23 58
23 60
24 26
24 32
24 35
24 36
24 43
24 51
24 52
25 27
25 28
25 29
25 30
25 31
25 33
25 34
25 37
25 38
25 39
25 40
25 41
25 44
25 46
25 48
25 49
25 55
25 59
26 32
26 35
26 36
26 43
26 45
26 51
26 52
27 28
27 29
27 30
27 33
27 34
27 37
27 38
27 39
27 40
27 41
27 44
27 46
27 48
27 49
27 55
27 56
27 59
28 29
28 30
28 31
28 33
28 34
28 36
28 37
28 38
28 39
28 40
28 41
28 42
28 44
28 45
28 46
28 47
28 48
28 50
28 53
28 54
28 55
28 57
28 58
28 59
28 61
28 63
29 30
29 31
29 33
29 34
29 36
29 37
29 38
29 39
29 40
29 41
29 42
29 44
29 45
29 46
29 47
29 48
29 50
29 53
29 54
29 55
29 57
29 58
29 59
29 61
29 63
30 31
30 32
30 34
30 36
30 39
30 40
30 41
30 42
30 44
30 45
30 46
30 47
30 50
30 53
30 54
30 55
30 57
30 58
30 59
30 60
30 61
30 62
30 63
30 70
31 32
31 34
31 35
31 36
31 39
31 40
31 41
31 42
31 44
31 45
31 47
31 50
31 51
31 53
31 54
31 55
31 57
31 58
31 59
31 60
31 61
31 62
31 63
31 70
32 35
32 36
32 42
32 43
32 45
32 47
32 50
32 51
32 52
32 53
32 54
32 57
32 58
32 60
32 62
32 64
32 67
32 68
32 69
33 34
33 37
33 38
33 39
33 40
33 41
33 44
33 46
33 48
33 49
33 56
33 59
33 65
34 37
34 38
34 39
34 40
34 41
34 44
34 46
34 48
34 49
34 53
34 55
34 56
34 59
34 63
34 65
34 66
34 72
35 36
35 42
35 43
35 45
35 47
35 50
35 51
35 52
35 54
35 57
35 58
35 60
35 62
35 64
35 67
35 68
35 69
36 42
36 43
36 45
36 47
36 50
36 51
36 52
36 53
36 54
36 57
36 58
36 60
36 61
36 62
36 64
36 67
36 68
36 69
37 38
37 39
37 40
37 41
37 44
37 46
37 48
37 49
37 55
37 56
37 59
37 65
37 66
37 72
38 39
38 40
38 41
38 44
38 46
38 48
38 49
38 55
38 56
38 59
38 65
38 66
38 72
39 40
39 41
39 42
39 44
39 46
39 47
39 48
39 49
39 50
39 53
39 54
39 55
39 56
39 57
39 59
39 61
39 63
39 65
39 66
39 70
39 72
39 73
39 74
39 79
40 41
40 42
40 44
40 45
40 46
40 47
40 48
40 49
40 50
40 53
40 54
40 55
40 56
40 57
40 58
40 59
40 60
40 61
40 62
40 63
40 65
40 66
40 70
40 71
40 72
40 73
40 74
40 79
41 44
41 46
41 48
41 49
41 50
41 53
41 55
41 56
41 59
41 61
41 63
41 65
41 66
41 72
41 73
41 74
41 79
41 81
41 86
42 43
42 44
42 45
42 47
42 50
42 51
42 52
42 53
42 54
42 55
42 57
42 58
42 59
42 60
42 61
42 62
42 63
42 64
42 66
42 67
42 68
42 69
42 70
42 71
42 73
42 74
42 76
42 77
42 78
42 80
43 45
43 47
43 51
43 52
43 54
43 57
43 58
43 60
43 62
43 64
43 67
43 68
43 69
43 75
43 82
43 85
43 87
44 45
44 46
44 47
44 48
44 49
44 50
44 53
44 54
44 55
44 56
44 57
44 58
44 59
44 60
44 61
44 62
44 63
44 65
44 66
44 70
44 71
44 72
44 73
44 74
44 76
44 79
44 81
44 86
44 88
44 89
45 47
45 50
45 51
45 52
45 53
45 54
45 55
45 57
45 58
45 59
45 60
45 61
45 62
45 63
45 64
45 67
45 68
45 69
45 70
45 71
45 73
45 74
45 75
45 76
45 77
45 78
45 80
45 82
45 85
45 87
45 89
45 91
46 48
46 49
46 53
46 55
46 56
46 59
46 61
46 63
46 65
46 66
46 70
46 72
46 73
46 74
46 79
46 81
46 83
46 84
46 86
46 88
47 50
47 51
47 52
47 53
47 54
47 55
47 57
47 58
47 59
47 60
47 61
47 62
47 63
47 64
47 66
47 67
47 68
47 69
47 70
47 71
47 73
47 74
47 75
47 76
47 77
47 78
47 80
47 82
47 87
47 89
47 91
48 49
48 53
48 55
48 56
48 59
48 61
48 63
48 65
48 66
48 70
48 72
48 73
48 74
48 79
48 81
48 83
48 84
48 86
48 88
49 55
49 56
49 59
49 63
49 65
49 66
49 72
49 73
49 79
49 81
49 83
49 84
49 86
49 88
49 93
50 51
50 53
50 54
50 55
50 57
50 58
50 59
50 60
50 61
50 62
50 63
50 64
50 66
50 67
50 68
50 69
50 70
50 71
50 72
50 73
50 74
50 75
50 76
50 77
50 78
50 80
50 82
50 87
50 89
50 91
50 92
50 96
51 52
51 53
51 54
51 57
51 58
51 60
51 61
51 62
51 64
51 67
51 68
51 69
51 70
51 71
51 75
51 76
51 77
51 78
51 80
51 82
51 85
51 87
51 90
51 95
52 54
52 57
52 58
52 60
52 62
52 64
52 67
52 68
52 69
52 75
52 77
52 80
52 82
52 85
52 87
52 90
53 54
53 55
53 57
53 58
53 59
53 60
53 61
53 62
53 63
53 64
53 65
53 66
53 67
53 68
53 69
53 70
53 71
53 72
53 73
53 74
53 76
53 77
53 78
53 79
53 80
53 82
53 86
53 89
53 91
53 92
53 94
53 96
54 55
54 57
54 58
54 59
54 60
54 61
54 62
54 63
54 64
54 66
54 67
54 68
54 69
54 70
54 71
54 73
54 74
54 75
54 76
54 77
54 78
54 80
54 82
54 85
54 87
54 89
54 91
54 92
54 95
54 96
55 56
55 57
55 58
55 59
55 60
55 61
55 62
55 63
55 65
55 66
55 67
55 70
55 71
55 72
55 73
55 74
55 76
55 77
55 78
55 79
55 80
55 81
55 83
55 84
55 86
55 88
55 89
55 92
55 94
55 97
55 99
56 59
56 63
56 65
56 66
56 72
56 73
56 79
56 81
56 83
56 84
56 86
56 88
56 93
57 58
57 59
57 60
57 61
57 62
57 63
57 64
57 66
57 67
57 68
57 69
57 70
57 71
57 73
57 74
57 75
57 76
57 77
57 78
57 80
57 82
57 85
57 87
57 89
57 91
57 92
57 94
57 95
57 96
57 98
58 59
58 60
58 61
58 62
58 63
58 64
58 66
58 67
58 68
58 69
58 70
58 71
58 73
58 74
58 75
58 76
58 77
58 78
58 80
58 82
58 85
58 87
58 89
58 91
58 92
58 94
58 95
58 96
58 98
59 60
59 61
59 62
59 63
59 65
59 66
59 67
59 70
59 71
59 72
59 73
59 74
59 76
59 78
59 79
59 81
59 83
59 84
59 86
59 88
59 89
59 92
59 94
59 97
59 99
60 61
60 62
60 63
60 64
60 66
60 67
60 68
60 69
60 70
60 71
60 73
60 74
60 75
60 76
60 77
60 78
60 80
60 82
60 85
60 87
60 89
60 91
60 92
60 95
60 96
60 98
61 62
61 63
61 64
61 65
61 66
61 67
61 68
61 69
61 70
61 71
61 72
61 73
61 74
61 75
61 76
61 77
61 78
61 79
61 80
61 82
61 86
61 87
61 88
61 89
61 91
61 92
61 94
61 95
61 96
61 97
61 98
61 99
62 63
62 64
62 66
62 67
62 68
62 69
62 70
62 71
62 73
62 74
62 75
62 76
62 77
62 78
62 80
62 82
62 85
62 87
62 89
62 91
62 92
62 94
62 95
62 96
62 98
63 64
63 65
63 66
63 67
63 70
63 71
63 72
63 73
63 74
63 76
63 77
63 78
63 79
63 80
63 81
63 86
63 88
63 89
63 91
63 92
63 94
63 96
63 97
63 99
64 67
64 68
64 69
64 70
64 71
64 73
64 74
64 75
64 76
64 77
64 78
64 80
64 82
64 85
64 87
64 89
64 90
64 91
64 92
64 95
64 96
64 98
65 66
65 70
65 71
65 72
65 73
65 74
65 79
65 81
65 83
65 84
65 86
65 88
65 89
65 92
65 93
65 94
65 97
65 99
66 70
66 71
66 72
66 73
66 74
66 76
66 78
66 79
66 81
66 83
66 84
66 86
66 88
66 89
66 91
66 92
66 93
66 94
66 97
66 99
67 68
67 69
67 70
67 71
67 73
67 74
67 75
67 76
67 77
67 78
67 80
67 82
67 85
67 87
67 89
67 90
67 91
67 92
67 94
67 95
67 96
67 98
68 69
68 70
68 71
68 75
68 76
68 77
68 78
68 80
68 82
68 85
68 87
68 90
68 91
68 95
68 96
68 98
69 70
69 71
69 75
69 76
69 77
69 78
69 80
69 82
69 85
69 87
69 90
69 91
69 95
69 96
69 98
70 71
70 72
70 73
70 74
70 75
70 76
70 77
70 78
70 79
70 80
70 82
70 86
70 87
70 88
70 89
70 91
70 92
70 94
70 95
70 96
70 97
70 98
70 99
71 72
71 73
71 74
71 75
71 76
71 77
71 78
71 79
71 80
71 82
71 85
71 86
71 87
71 88
71 89
71 91
71 92
71 94
71 95
71 96
71 97
71 98
71 99
72 73
72 74
72 79
72 81
72 83
72 84
72 86
72 88
72 89
72 92
72 93
72 94
72 97
72 99
73 74
73 76
73 77
73 78
73 79
73 80
73 81
73 83
73 84
73 86
73 88
73 89
73 91
73 92
73 93
73 94
73 96
73 97
73 99
74 76
74 77
74 78
74 79
74 80
74 81
74 82
74 84
74 86
74 88
74 89
74 91
74 92
74 94
74 95
74 96
74 97
74 98
74 99
75 76
75 77
75 78
75 80
75 82
75 85
75 87
75 90
75 91
75 95
75 96
75 98
76 77
76 78
76 80
76 82
76 85
76 86
76 87
76 89
76 90
76 91
76 92
76 94
76 95
76 96
76 97
76 98
76 99
77 78
77 80
77 82
77 85
77 87
77 89
77 90
77 91
77 92
77 94
77 95
77 96
77 98
77 99
78 80
78 82
78 85
78 86
78 87
78 89
78 90
78 91
78 92
78 94
78 95
78 96
78 97
78 98
78 99
79 81
79 83
79 84
79 86
79 88
79 89
79 92
79 93
79 94
79 97
79 99
80 82
80 85
80 87
80 89
80 90
80 91
80 92
80 94
80 95
80 96
80 97
80 98
80 99
81 83
81 84
81 86
81 88
81 89
81 92
81 93
81 94
81 97
81 99
82 85
82 87
82 89
82 90
82 91
82 92
82 95
82 96
82 98
83 84
83 86
83 88
83 93
83 94
83 97
83 99
84 86
84 88
84 93
84 94
84 97
84 99
85 87
85 90
85 91
85 95
85 96
85 98
86 88
86 89
86 91
86 92
86 93
86 94
86 97
86 99
87 89
87 90
87 91
87 92
87 95
87 96
87 98
88 89
88 92
88 93
88 94
88 97
88 99
89 91
89 92
89 94
89 95
89 96
89 97
89 98
89 99
90 91
90 95
90 96
90 98
91 92
91 94
91 95
91 96
91 97
91 98
91 99
92 94
92 95
92 96
92 97
92 98
92 99
93 94
93 97
93 99
94 95
94 96
94 97
94 98
94 99
95 96
95 98
95 99
96 97
96 98
96 99
97 99
98 99
