0 1
0 2
0 3
0 4
0 7
0 8
0 9
0 10
0 11
0 12
0 13
0 14
0 16
0 17
0 18
0 20
0 21
0 23
0 27
0 28
0 30
0 32
0 33
0 37
0 38
0 39
0 40
0 41
0 42
0 43
0 44
0 45
0 47
0 49
0 51
1 2
1 3
1 4
1 5
1 6
1 7
1 8
1 10
1 11
1 12
1 15
1 17
1 18
1 19
1 22
1 23
1 24
1 25
1 26
1 29
1 31
1 34
1 35
1 36
1 39
1 41
1 43
1 46
1 47
1 48
1 52
2 3
2 4
2 7
2 8
2 9
2 10
2 11
2 12
2 13
2 14
2 16
2 17
2 18
2 20
2 21
2 23
2 27
2 28
2 30
2 32
2 33
2 37
2 38
2 39
2 40
2 41
2 42
2 43
2 44
2 45
2 49
2 51
2 53
3 4
3 5
3 6
3 7
3 8
3 10
3 11
3 12
3 14
3 15
3 17
3 18
3 19
3 22
3 23
3 24
3 25
3 26
3 29
3 31
3 32
3 34
3 35
3 36
3 37
3 39
3 41
3 43
3 46
3 47
3 48
3 50
3 52
4 5
4 6
4 7
4 8
4 10
4 11
4 12
4 14
4 15
4 17
4 18
4 19
4 22
4 23
4 24
4 25
4 26
4 29
4 31
4 32
4 34
4 35
4 36
4 39
4 41
4 43
4 46
4 47
4 48
4 50
4 52
5 6
5 7
5 8
5 10
5 15
5 17
5 19
5 22
5 24
5 25
5 26
5 29
5 31
5 34
5 35
5 36
6 7
6 8
6 10
6 15
6 17
6 19
6 22
6 24
6 25
6 26
6 29
6 31
6 34
6 35
6 36
6 56
6 57
7 8
7 9
7 10
7 11
7 12
7 13
7 14
7 15
7 16
7 17
7 18
7 19
7 20
7 21
7 22
7 23
7 24
7 26
7 27
7 28
7 32
7 33
7 36
7 37
7 38
7 39
7 40
7 41
7 42
7 43
7 46
7 47
7 48
7 49
7 50
7 51
7 52
8 10
8 11
8 12
8 15
8 17
8 18
8 19
8 22
8 23
8 24
8 25
8 26
8 29
8 31
8 34
8 35
8 36
8 39
8 41
8 43
8 46
8 47
8 48
8 50
8 52
8 56
8 58
8 60
9 11
9 12
9 13
9 14
9 16
9 18
9 20
9 21
9 23
9 27
9 28
9 30
9 32
9 33
9 37
9 38
9 40
9 42
9 44
9 45
9 49
9 53
9 54
9 55
10 11
10 12
10 14
10 15
10 17
10 18
10 19
10 22
10 23
10 24
10 25
10 26
10 29
10 31
10 32
10 34
10 35
10 36
10 37
10 39
10 41
10 43
10 46
10 47
10 48
10 50
10 52
10 56
10 58
10 60
11 12
11 13
11 14
11 16
11 17
11 18
11 20
11 21
11 22
11 23
11 24
11 27
11 28
11 30
11 32
11 33
11 36
11 37
11 38
11 39
11 40
11 41
11 42
11 43
11 44
11 45
11 46
11 47
11 48
11 49
11 50
11 51
11 52
11 53
11 54
11 59
11 61
12 13
12 14
12 16
12 17
12 18
12 20
12 21
12 22
12 23
12 24
12 27
12 28
12 30
12 32
12 33
12 36
12 37
12 38
12 39
12 40
12 41
12 42
12 43
12 44
12 45
12 46
12 47
12 48
12 49
12 50
12 51
12 52
12 53
12 54
12 59
12 61
13 14
13 16
13 18
13 20
13 21
13 23
13 27
13 28
13 30
13 32
13 33
13 37
13 38
13 39
13 40
13 41
13 42
13 43
13 44
13 45
13 49
13 51
13 53
13 54
13 55
14 16
14 17
14 18
14 20
14 21
14 23
14 27
14 28
14 30
14 32
14 33
14 37
14 38
14 39
14 40
14 41
14 42
14 43
14 44
14 45
14 47
14 49
14 50
14 51
14 53
14 54
14 55
14 61
14 64
15 17
15 19
15 22
15 24
15 25
15 26
15 29
15 31
15 34
15 35
15 36
15 46
15 48
15 56
15 57
15 58
15 60
15 62
16 18
16 20
16 21
16 23
16 27
16 28
16 30
16 32
16 33
16 37
16 38
16 39
16 40
16 42
16 44
16 45
16 49
16 51
16 53
16 54
16 55
16 63
17 18
17 19
17 22
17 23
17 24
17 25
17 26
17 29
17 31
17 32
17 34
17 35
17 36
17 37
17 39
17 41
17 43
17 46
17 47
17 48
17 50
17 52
17 56
17 58
17 60
17 62
17 65
18 20
18 21
18 23
18 27
18 28
18 30
18 32
18 33
18 37
18 38
18 39
18 40
18 41
18 42
18 43
18 44
18 45
18 46
18 47
18 49
18 50
18 51
18 53
18 54
18 55
18 59
18 61
18 64
18 66
19 22
19 23
19 24
19 25
19 26
19 29
19 31
19 34
19 35
19 36
19 39
19 41
19 43
19 46
19 47
19 48
19 50
19 52
19 56
19 57
19 58
19 60
19 62
19 65
20 21
20 23
20 27
20 28
20 30
20 32
20 33
20 37
20 38
20 39
20 40
20 41
20 42
20 43
20 44
20 45
20 49
20 51
20 53
20 54
20 55
20 61
20 63
20 64
20 66
20 68
21 23
21 27
21 28
21 30
21 32
21 33
21 37
21 38
21 39
21 40
21 41
21 42
21 43
21 44
21 45
21 49
21 51
21 53
21 54
21 55
21 61
21 63
21 64
21 66
21 68
21 69
21 72
22 23
22 24
22 25
22 26
22 29
22 31
22 32
22 34
22 35
22 36
22 37
22 39
22 41
22 43
22 46
22 47
22 48
22 50
22 52
22 56
22 57
22 58
22 59
22 60
22 62
22 65
23 24
23 26
23 27
23 28
23 30
23 32
23 33
23 36
23 37
23 38
23 39
23 40
23 41
23 42
23 43
23 44
23 45
23 46
23 47
23 48
23 49
23 50
23 51
23 52
23 53
23 54
23 55
23 58
23 59
23 61
23 64
23 66
23 67
23 73
24 25
24 26
24 29
24 31
24 34
24 35
24 36
24 39
24 41
24 43
24 46
24 47
24 48
24 50
24 52
24 56
24 57
24 58
24 60
24 62
24 65
25 26
25 29
25 31
25 34
25 35
25 36
25 39
25 41
25 43
25 46
25 47
25 48
25 50
25 52
25 56
25 57
25 58
25 60
25 62
25 65
25 74
25 78
25 81
26 29
26 31
26 34
26 35
26 36
26 39
26 41
26 43
26 46
26 47
26 48
26 50
26 52
26 56
26 57
26 58
26 60
26 62
26 65
26 74
26 78
26 81
27 28
27 30
27 32
27 33
27 37
27 38
27 39
27 40
27 41
27 42
27 43
27 44
27 45
27 46
27 47
27 49
27 50
27 51
27 52
27 53
27 54
27 55
27 59
27 61
27 63
27 64
27 66
27 67
27 68
27 69
27 70
27 71
27 72
27 73
27 75
27 76
27 77
27 79
27 80
28 30
28 32
28 33
28 37
28 38
28 39
28 40
28 41
28 42
28 43
28 44
28 45
28 47
28 49
28 50
28 51
28 53
28 54
28 55
28 59
28 61
28 63
28 64
28 66
28 67
28 68
28 69
28 70
28 71
28 72
28 75
28 76
28 77
28 79
28 80
29 31
29 34
29 35
29 36
29 39
29 41
29 43
29 46
29 47
29 48
29 50
29 52
29 56
29 57
29 58
29 60
29 62
29 65
29 74
29 78
29 81
30 32
30 33
30 37
30 38
30 39
30 40
30 41
30 42
30 43
30 44
30 45
30 49
30 51
30 53
30 54
30 55
30 59
30 61
30 63
30 64
30 66
30 67
30 68
30 69
30 70
30 71
30 72
30 75
30 80
31 34
31 35
31 36
31 46
31 47
31 48
31 50
31 52
31 56
31 57
31 58
31 60
31 62
31 65
31 74
31 78
31 81
32 33
32 36
32 37
32 38
32 39
32 40
32 41
32 42
32 43
32 44
32 45
32 46
32 47
32 48
32 49
32 50
32 51
32 52
32 53
32 54
32 55
32 58
32 59
32 61
32 63
32 64
32 66
32 67
32 68
32 69
32 70
32 71
32 72
32 73
32 75
32 76
32 77
32 79
32 80
32 82
32 85
33 37
33 38
33 39
33 40
33 41
33 42
33 43
33 44
33 45
33 47
33 49
33 50
33 51
33 53
33 54
33 55
33 59
33 61
33 63
33 64
33 66
33 67
33 68
33 69
33 70
33 71
33 72
33 73
33 75
33 76
33 77
33 79
33 80
34 35
34 36
34 39
34 41
34 43
34 46
34 47
34 48
34 50
34 52
34 56
34 57
34 58
34 60
34 62
34 65
34 74
34 78
34 81
35 36
35 46
35 47
35 48
35 50
35 52
35 56
35 57
35 58
35 60
35 62
35 65
35 74
35 78
35 81
36 37
36 39
36 41
36 42
36 43
36 46
36 47
36 48
36 49
36 50
36 51
36 52
36 56
36 57
36 58
36 59
36 60
36 61
36 62
36 65
36 73
36 74
36 78
36 81
36 83
36 84
36 86
36 88
36 89
37 38
37 39
37 40
37 41
37 42
37 43
37 44
37 45
37 46
37 47
37 48
37 49
37 50
37 51
37 52
37 53
37 54
37 55
37 58
37 59
37 61
37 63
37 64
37 65
37 66
37 67
37 68
37 69
37 70
37 71
37 72
37 73
37 75
37 76
37 77
37 79
37 80
37 82
37 85
37 87
37 90
38 39
38 40
38 41
38 42
38 43
38 44
38 45
38 46
38 47
38 49
38 50
38 51
38 52
38 53
38 54
38 55
38 59
38 61
38 63
38 64
38 66
38 67
38 68
38 69
38 70
38 71
38 72
38 73
38 75
38 76
38 77
38 79
38 80
38 82
38 85
38 87
39 40
39 41
39 42
39 43
39 44
39 45
39 46
39 47
39 48
39 49
39 50
39 51
39 52
39 53
39 54
39 55
39 56
39 58
39 59
39 60
39 61
39 62
39 64
39 65
39 66
39 67
39 68
39 69
39 70
39 71
39 73
39 76
39 77
39 79
39 82
39 83
39 84
39 85
39 87
40 41
40 42
40 43
40 44
40 45
40 46
40 47
40 48
40 49
40 50
40 51
40 52
40 53
40 54
40 55
40 59
40 61
40 63
40 64
40 66
40 67
40 68
40 69
40 70
40 71
40 72
40 73
40 75
40 76
40 77
40 79
40 80
40 82
40 85
40 87
40 90
40 92
40 93
41 42
41 43
41 44
41 45
41 46
41 47
41 48
41 49
41 50
41 51
41 52
41 53
41 54
41 55
41 56
41 58
41 59
41 60
41 61
41 62
41 64
41 65
41 66
41 67
41 68
41 69
41 70
41 71
41 73
41 76
41 77
41 79
41 80
41 82
41 83
41 84
41 85
41 87
41 92
42 43
42 44
42 45
42 46
42 47
42 48
42 49
42 50
42 51
42 52
42 53
42 54
42 55
42 58
42 59
42 61
42 63
42 64
42 66
42 67
42 68
42 69
42 70
42 71
42 72
42 73
42 75
42 76
42 77
42 79
42 80
42 82
42 85
42 87
42 90
42 92
43 44
43 45
43 46
43 47
43 48
43 49
43 50
43 51
43 52
43 53
43 54
43 55
43 56
43 58
43 59
43 60
43 61
43 62
43 64
43 65
43 66
43 67
43 68
43 69
43 70
43 71
43 73
43 76
43 77
43 79
43 80
43 82
43 83
43 84
43 85
43 87
43 88
43 90
43 92
44 45
44 47
44 49
44 50
44 51
44 53
44 54
44 55
44 59
44 61
44 63
44 64
44 66
44 67
44 68
44 69
44 70
44 71
44 72
44 73
44 75
44 76
44 77
44 79
44 80
44 85
44 87
44 90
44 93
45 47
45 49
45 50
45 51
45 53
45 54
45 55
45 59
45 61
45 63
45 64
45 66
45 67
45 68
45 69
45 70
45 71
45 72
45 73
45 75
45 76
45 77
45 79
45 80
45 82
45 85
45 87
45 90
45 92
45 93
46 47
46 48
46 49
46 50
46 51
46 52
46 53
46 54
46 56
46 57
46 58
46 59
46 60
46 61
46 62
46 64
46 65
46 66
46 67
46 69
46 70
46 71
46 73
46 74
46 76
46 77
46 78
46 79
46 81
46 82
46 83
46 84
46 85
46 86
46 87
46 88
46 89
46 95
47 48
47 49
47 50
47 51
47 52
47 53
47 54
47 55
47 56
47 57
47 58
47 59
47 60
47 61
47 62
47 64
47 65
47 66
47 67
47 68
47 69
47 70
47 71
47 73
47 76
47 77
47 78
47 79
47 80
47 82
47 83
47 84
47 85
47 86
47 87
47 88
47 89
47 90
47 92
47 94
47 95
48 49
48 50
48 51
48 52
48 53
48 54
48 56
48 57
48 58
48 59
48 60
48 61
48 62
48 64
48 65
48 66
48 67
48 70
48 71
48 73
48 74
48 76
48 77
48 78
48 79
48 81
48 82
48 83
48 84
48 85
48 86
48 88
48 89
48 91
48 95
48 98
48 100
49 50
49 51
49 52
49 53
49 54
49 55
49 58
49 59
49 61
49 63
49 64
49 65
49 66
49 67
49 68
49 69
49 70
49 71
49 72
49 73
49 75
49 76
49 77
49 79
49 80
49 82
49 84
49 85
49 87
49 90
49 92
49 93
49 94
49 97
50 51
50 52
50 53
50 54
50 55
50 56
50 57
50 58
50 59
50 60
50 61
50 62
50 64
50 65
50 66
50 67
50 68
50 69
50 70
50 71
50 73
50 76
50 77
50 78
50 79
50 80
50 82
50 83
50 84
50 85
50 86
50 87
50 88
50 89
50 90
50 92
50 94
50 95
50 98
51 52
51 53
51 54
51 55
51 58
51 59
51 60
51 61
51 63
51 64
51 65
51 66
51 67
51 68
51 69
51 70
51 71
51 72
51 73
51 75
51 76
51 77
51 79
51 80
51 82
51 83
51 84
51 85
51 87
51 90
51 92
51 93
51 94
51 97
52 53
52 54
52 55
52 56
52 57
52 58
52 59
52 60
52 61
52 62
52 64
52 65
52 66
52 67
52 68
52 69
52 70
52 71
52 73
52 74
52 76
52 77
52 78
52 79
52 81
52 82
52 83
52 84
52 85
52 86
52 87
52 88
52 89
52 90
52 92
52 94
52 95
52 98
52 100
53 54
53 55
53 59
53 61
53 63
53 64
53 66
53 67
53 68
53 69
53 70
53 71
53 72
53 73
53 75
53 76
53 77
53 79
53 80
53 82
53 84
53 85
53 87
53 90
53 92
53 93
53 94
53 97
54 55
54 58
54 59
54 61
54 63
54 64
54 65
54 66
54 67
54 68
54 69
54 70
54 71
54 72
54 73
54 75
54 76
54 77
54 79
54 80
54 82
54 84
54 85
54 87
54 90
54 92
54 93
54 94
54 97
55 59
55 61
55 63
55 64
55 66
55 67
55 68
55 69
55 70
55 71
55 72
55 73
55 75
55 76
55 77
55 79
55 80
55 82
55 85
55 87
55 90
55 92
55 93
55 94
55 97
56 57
56 58
56 59
56 60
56 62
56 65
56 73
56 74
56 78
56 81
56 82
56 83
56 84
56 86
56 88
56 89
56 91
56 95
56 96
56 98
56 99
56 100
57 58
57 60
57 62
57 65
57 74
57 78
57 81
57 83
57 84
57 86
57 88
57 89
57 91
57 96
57 99
57 100
58 59
58 60
58 61
58 62
58 64
58 65
58 66
58 67
58 70
58 71
58 73
58 74
58 76
58 77
58 78
58 79
58 81
58 82
58 83
58 84
58 85
58 86
58 87
58 88
58 89
58 91
58 95
58 96
58 98
58 99
58 100
59 60
59 61
59 62
59 63
59 64
59 65
59 66
59 67
59 68
59 69
59 70
59 71
59 72
59 73
59 75
59 76
59 77
59 78
59 79
59 80
59 82
59 83
59 84
59 85
59 86
59 87
59 88
59 89
59 90
59 92
59 93
59 94
59 95
59 97
59 98
59 100
60 61
60 62
60 65
60 73
60 74
60 76
60 77
60 78
60 81
60 82
60 83
60 84
60 86
60 88
60 89
60 91
60 95
60 96
60 98
60 99
60 100
61 63
61 64
61 65
61 66
61 67
61 68
61 69
61 70
61 71
61 72
61 73
61 75
61 76
61 77
61 79
61 80
61 82
61 83
61 84
61 85
61 86
61 87
61 88
61 90
61 92
61 93
61 94
61 95
61 97
61 98
62 65
62 73
62 74
62 78
62 81
62 82
62 83
62 84
62 86
62 88
62 89
62 91
62 95
62 96
62 98
62 99
62 100
63 64
63 66
63 67
63 68
63 69
63 70
63 71
63 72
63 73
63 75
63 76
63 77
63 79
63 80
63 82
63 85
63 87
63 90
63 92
63 93
63 94
63 97
64 65
64 66
64 67
64 68
64 69
64 70
64 71
64 72
64 73
64 75
64 76
64 77
64 79
64 80
64 82
64 83
64 84
64 85
64 87
64 90
64 92
64 93
64 94
64 95
64 97
65 66
65 67
65 70
65 71
65 73
65 74
65 76
65 77
65 78
65 79
65 81
65 82
65 83
65 84
65 85
65 86
65 87
65 88
65 89
65 91
65 92
65 95
65 96
65 98
65 99
65 100
66 67
66 68
66 69
66 70
66 71
66 72
66 73
66 75
66 76
66 77
66 79
66 80
66 82
66 83
66 84
66 85
66 86
66 87
66 88
66 90
66 92
66 93
66 94
66 95
66 97
66 98
67 68
67 69
67 70
67 71
67 72
67 73
67 75
67 76
67 77
67 79
67 80
67 82
67 83
67 84
67 85
67 86
67 87
67 88
67 90
67 92
67 93
67 94
67 95
67 97
67 98
68 69
68 70
68 71
68 72
68 73
68 75
68 76
68 77
68 79
68 80
68 82
68 84
68 85
68 87
68 90
68 92
68 93
68 94
68 97
69 70
69 71
69 72
69 73
69 75
69 76
69 77
69 79
69 80
69 82
69 84
69 85
69 87
69 90
69 92
69 93
69 94
69 95
69 97
69 98
70 71
70 72
70 73
70 75
70 76
70 77
70 79
70 80
70 82
70 83
70 84
70 85
70 86
70 87
70 88
70 90
70 92
70 93
70 94
70 95
70 97
70 98
71 72
71 73
71 75
71 76
71 77
71 79
71 80
71 82
71 83
71 84
71 85
71 86
71 87
71 88
71 90
71 92
71 93
71 94
71 95
71 97
71 98
72 73
72 75
72 76
72 77
72 79
72 80
72 82
72 85
72 87
72 90
72 92
72 93
72 94
72 97
73 75
73 76
73 77
73 78
73 79
73 80
73 82
73 83
73 84
73 85
73 86
73 87
73 88
73 89
73 90
73 92
73 93
73 94
73 95
73 97
73 98
73 100
74 78
74 81
74 83
74 84
74 86
74 88
74 89
74 91
74 95
74 96
74 98
74 99
74 100
75 76
75 77
75 79
75 80
75 82
75 85
75 87
75 90
75 92
75 93
75 94
75 97
76 77
76 79
76 80
76 82
76 83
76 84
76 85
76 86
76 87
76 88
76 89
76 90
76 92
76 93
76 94
76 95
76 97
76 98
76 100
77 79
77 80
77 82
77 83
77 84
77 85
77 86
77 87
77 88
77 89
77 90
77 92
77 93
77 94
77 95
77 97
77 98
77 100
78 81
78 82
78 83
78 84
78 86
78 88
78 89
78 91
78 95
78 96
78 98
78 99
78 100
79 80
79 82
79 83
79 84
79 85
79 86
79 87
79 88
79 89
79 90
79 92
79 93
79 94
79 95
79 97
79 98
79 100
80 82
80 84
80 85
80 87
80 90
80 92
80 93
80 94
80 97
81 83
81 84
81 86
81 88
81 89
81 91
81 95
81 96
81 98
81 99
81 100
82 83
82 84
82 85
82 86
82 87
82 88
82 89
82 90
82 92
82 93
82 94
82 95
82 97
82 98
82 100
83 84
83 85
83 86
83 87
83 88
83 89
83 90
83 91
83 92
83 94
83 95
83 96
83 97
83 98
83 99
83 100
84 85
84 86
84 87
84 88
84 89
84 90
84 91
84 92
84 93
84 94
84 95
84 96
84 97
84 98
84 99
84 100
85 86
85 87
85 88
85 89
85 90
85 92
85 93
85 94
85 95
85 97
85 98
85 100
86 87
86 88
86 89
86 90
86 91
86 92
86 94
86 95
86 96
86 97
86 98
86 99
86 100
87 88
87 89
87 90
87 92
87 93
87 94
87 95
87 97
87 98
87 100
88 89
88 90
88 91
88 92
88 94
88 95
88 96
88 97
88 98
88 99
88 100
89 91
89 92
89 94
89 95
89 96
89 98
89 99
89 100
90 92
90 93
90 94
90 95
90 97
90 98
90 100
91 95
91 96
91 98
91 99
91 100
92 93
92 94
92 95
92 97
92 98
92 100
93 94
93 95
93 97
93 98
94 95
94 97
94 98
94 100
95 96
95 97
95 98
95 99
95 100
96 98
96 99
96 100
97 98
97 100
98 99
98 100
99 100
