0 3
0 4
0 5
0 6
0 7
0 9
0 10
0 11
0 12
0 13
0 14
0 15
0 19
1 2
1 4
1 8
1 9
1 11
1 17
1 20
2 4
2 8
2 9
2 11
2 14
2 17
2 20
3 5
3 6
3 7
3 9
3 10
3 11
3 12
3 13
3 14
3 15
3 19
3 22
3 26
3 27
3 28
4 8
4 9
4 11
4 13
4 14
4 15
4 17
4 20
4 23
5 6
5 7
5 10
5 12
5 16
5 18
5 21
5 22
5 24
5 25
5 29
6 7
6 10
6 12
6 13
6 14
6 15
6 19
6 22
6 24
6 26
6 28
6 32
7 9
7 10
7 11
7 12
7 13
7 14
7 15
7 19
7 22
7 24
7 26
7 27
7 28
7 32
7 38
8 9
8 11
8 13
8 14
8 15
8 17
8 20
8 31
8 35
8 39
9 11
9 13
9 14
9 15
9 17
9 19
9 20
9 23
9 27
9 33
10 12
10 13
10 14
10 15
10 19
10 21
10 22
10 24
10 25
10 26
10 27
10 28
10 29
10 32
10 38
11 13
11 14
11 15
11 17
11 19
11 20
11 23
11 27
11 33
11 36
11 44
12 13
12 15
12 16
12 19
12 21
12 22
12 24
12 25
12 26
12 27
12 28
12 29
12 32
12 36
12 38
12 46
13 14
13 15
13 17
13 19
13 20
13 23
13 26
13 27
13 28
13 32
13 33
13 36
13 38
13 44
13 46
14 15
14 17
14 19
14 20
14 23
14 26
14 27
14 28
14 33
14 36
14 38
14 39
14 44
15 17
15 19
15 20
15 23
15 26
15 27
15 28
15 32
15 33
15 36
15 38
15 44
15 46
16 18
16 21
16 22
16 24
16 25
16 29
16 30
16 34
16 37
16 40
16 42
16 43
16 50
16 51
17 20
17 23
17 27
17 31
17 33
17 35
17 39
17 41
17 44
17 45
17 48
17 52
18 21
18 24
18 25
18 29
18 30
18 34
18 37
18 40
18 42
18 43
18 50
18 51
19 20
19 22
19 23
19 24
19 26
19 27
19 28
19 29
19 32
19 33
19 36
19 38
19 44
19 46
19 47
19 49
20 23
20 27
20 31
20 33
20 35
20 39
20 41
20 44
20 45
20 48
20 52
21 22
21 24
21 25
21 26
21 28
21 29
21 30
21 32
21 34
21 37
21 38
21 40
21 42
21 43
21 49
21 50
21 51
21 53
21 54
21 55
21 56
21 57
21 58
21 59
22 24
22 25
22 26
22 28
22 29
22 30
22 32
22 34
22 36
22 37
22 38
22 40
22 42
22 43
22 46
22 47
22 49
22 50
22 51
22 53
22 54
22 56
23 26
23 27
23 28
23 31
23 33
23 35
23 36
23 38
23 39
23 41
23 44
23 45
23 46
23 47
23 52
23 60
23 61
23 62
24 25
24 26
24 28
24 29
24 30
24 32
24 34
24 36
24 37
24 38
24 40
24 42
24 43
24 46
24 47
24 49
24 50
24 51
24 53
24 54
24 55
24 56
24 57
24 59
25 26
25 28
25 29
25 30
25 32
25 34
25 37
25 38
25 40
25 42
25 43
25 49
25 50
25 51
25 53
25 54
25 55
25 56
25 57
25 58
25 59
26 27
26 28
26 29
26 32
26 33
26 36
26 38
26 42
26 46
26 47
26 49
26 53
26 54
26 56
27 28
27 32
27 33
27 36
27 38
27 39
27 44
27 45
27 46
27 47
27 49
27 60
27 61
27 62
27 64
28 29
28 32
28 33
28 36
28 38
28 44
28 46
28 47
28 49
28 54
28 56
28 60
28 61
28 63
28 64
28 66
29 30
29 32
29 34
29 36
29 37
29 38
29 40
29 42
29 43
29 46
29 47
29 49
29 50
29 51
29 53
29 54
29 55
29 56
29 57
29 58
29 59
29 63
29 65
30 34
30 37
30 40
30 42
30 43
30 50
30 51
30 53
30 55
30 57
30 58
30 59
30 65
30 67
31 33
31 35
31 39
31 41
31 44
31 45
31 48
31 52
32 36
32 38
32 40
32 42
32 43
32 46
32 47
32 49
32 50
32 51
32 53
32 54
32 56
32 59
32 63
33 35
33 36
33 38
33 39
33 41
33 44
33 45
33 46
33 47
33 52
33 60
33 61
33 62
33 64
33 66
34 37
34 40
34 42
34 43
34 50
34 51
34 53
34 55
34 57
34 58
34 59
34 65
34 67
35 39
35 41
35 44
35 45
35 48
35 52
36 38
36 44
36 46
36 47
36 49
36 54
36 56
36 60
36 61
36 62
36 64
36 66
36 68
37 40
37 42
37 43
37 50
37 51
37 53
37 55
37 57
37 58
37 59
37 65
37 67
38 44
38 46
38 47
38 49
38 53
38 54
38 56
38 60
38 61
38 62
38 63
38 64
38 66
39 41
39 44
39 45
39 48
39 52
40 42
40 43
40 50
40 51
40 53
40 54
40 55
40 56
40 57
40 58
40 59
40 65
40 67
40 70
41 44
41 45
41 48
41 52
42 43
42 49
42 50
42 51
42 53
42 54
42 55
42 56
42 57
42 58
42 59
42 63
42 65
42 67
42 70
43 49
43 50
43 51
43 53
43 54
43 55
43 56
43 57
43 58
43 59
43 65
43 67
43 70
43 72
44 45
44 46
44 47
44 48
44 52
44 60
44 61
44 62
44 64
44 66
44 68
44 73
45 48
45 52
45 62
45 74
46 47
46 49
46 53
46 54
46 56
46 60
46 61
46 62
46 63
46 64
46 66
46 68
46 69
46 71
47 49
47 53
47 54
47 56
47 60
47 61
47 62
47 63
47 64
47 66
47 68
47 69
47 71
47 73
47 75
48 52
48 74
48 76
48 78
49 50
49 51
49 53
49 54
49 55
49 56
49 57
49 58
49 59
49 60
49 61
49 62
49 63
49 64
49 65
49 66
49 68
49 69
49 71
49 77
50 51
50 53
50 54
50 55
50 56
50 57
50 58
50 59
50 63
50 65
50 67
50 70
50 72
50 79
50 80
51 53
51 54
51 55
51 56
51 57
51 58
51 59
51 63
51 65
51 67
51 70
51 72
51 79
51 80
52 60
52 61
52 62
52 73
52 74
52 76
52 78
52 82
53 54
53 55
53 56
53 57
53 58
53 59
53 63
53 65
53 67
53 69
53 70
53 72
53 77
53 79
54 55
54 56
54 57
54 58
54 59
54 60
54 61
54 63
54 64
54 65
54 66
54 67
54 69
54 70
54 71
54 77
55 56
55 57
55 58
55 59
55 63
55 65
55 67
55 70
55 72
55 79
55 80
55 81
56 57
56 58
56 59
56 60
56 61
56 63
56 64
56 65
56 66
56 67
56 69
56 70
56 71
56 77
57 58
57 59
57 63
57 65
57 67
57 70
57 72
57 77
57 79
57 80
57 81
57 85
58 59
58 63
58 65
58 67
58 70
58 72
58 79
58 80
58 81
58 85
59 63
59 65
59 67
59 69
59 70
59 72
59 77
59 79
59 80
59 81
59 85
60 61
60 62
60 63
60 64
60 66
60 68
60 69
60 71
60 73
60 75
61 62
61 63
61 64
61 66
61 68
61 69
61 71
61 73
61 75
62 63
62 64
62 66
62 68
62 69
62 71
62 73
62 75
62 76
62 82
62 83
62 88
63 64
63 65
63 66
63 67
63 68
63 69
63 70
63 71
63 75
63 77
64 66
64 68
64 69
64 71
64 73
64 75
64 77
64 89
65 67
65 69
65 70
65 72
65 77
65 79
65 80
65 81
65 85
65 86
65 87
66 68
66 69
66 71
66 73
66 75
66 77
66 89
67 70
67 72
67 77
67 79
67 80
67 81
67 85
67 86
67 87
68 69
68 71
68 73
68 75
68 76
68 82
68 83
68 88
68 89
68 91
69 71
69 73
69 75
69 77
69 89
69 91
69 92
70 72
70 77
70 79
70 80
70 81
70 85
70 86
70 87
71 73
71 75
71 77
71 88
71 89
71 91
71 95
71 97
72 79
72 80
72 81
72 85
72 86
72 87
73 74
73 75
73 76
73 78
73 82
73 83
73 84
73 88
73 89
73 91
73 95
74 76
74 78
74 82
74 83
74 84
74 88
74 90
74 93
74 96
75 76
75 77
75 82
75 83
75 88
75 89
75 91
75 95
75 97
75 98
76 78
76 82
76 83
76 84
76 88
76 90
76 93
76 96
76 99
77 79
77 80
77 85
77 86
77 87
77 89
77 91
77 92
77 94
77 97
78 82
78 83
78 84
78 88
78 90
78 93
78 96
78 99
79 80
79 81
79 85
79 86
79 87
79 92
79 94
80 81
80 85
80 86
80 87
80 92
80 94
81 85
81 86
81 87
81 94
82 83
82 84
82 88
82 90
82 93
82 95
82 96
82 98
82 99
83 84
83 88
83 89
83 90
83 93
83 95
83 96
83 98
83 99
84 88
84 90
84 93
84 96
84 99
85 86
85 87
85 92
85 94
86 87
86 92
86 94
87 92
87 94
88 89
88 90
88 91
88 93
88 95
88 96
88 97
88 98
88 99
89 91
89 92
89 94
89 95
89 97
89 98
89 99
90 93
90 95
90 96
90 98
90 99
91 92
91 94
91 95
91 97
91 98
91 99
92 94
92 97
93 96
93 99
94 97
95 96
95 97
95 98
95 99
96 98
96 99
97 98
97 99
98 99
