0 3
0 4
0 8
0 9
0 12
0 14
0 16
0 19
0 23
0 24
0 25
0 28
0 32
0 33
1 2
1 5
1 6
1 7
1 10
1 11
1 15
1 18
1 20
1 21
1 22
1 26
1 27
1 29
1 31
1 34
1 35
1 36
1 37
1 38
1 39
2 3
2 7
2 9
2 10
2 11
2 12
2 13
2 14
2 15
2 16
2 17
2 18
2 20
2 21
2 22
2 24
2 25
2 27
2 30
2 31
2 37
2 38
3 4
3 8
3 9
3 12
3 13
3 14
3 16
3 17
3 18
3 19
3 20
3 23
3 24
3 25
3 28
3 30
3 32
3 33
3 40
3 42
4 8
4 9
4 12
4 13
4 14
4 16
4 19
4 23
4 24
4 25
4 28
4 32
4 33
4 40
4 42
5 6
5 7
5 10
5 11
5 15
5 21
5 22
5 26
5 29
5 34
5 35
5 36
5 37
5 39
5 43
6 7
6 10
6 11
6 15
6 21
6 22
6 26
6 29
6 34
6 35
6 36
6 37
6 39
6 43
6 48
7 10
7 11
7 13
7 15
7 16
7 17
7 18
7 20
7 21
7 22
7 26
7 27
7 29
7 30
7 31
7 34
7 35
7 36
7 37
7 38
7 39
7 43
7 49
7 50
7 52
8 9
8 12
8 13
8 14
8 16
8 17
8 19
8 23
8 24
8 25
8 28
8 32
8 33
8 40
8 42
9 10
9 11
9 12
9 13
9 14
9 16
9 17
9 18
9 19
9 20
9 23
9 24
9 25
9 27
9 28
9 30
9 31
9 32
9 33
9 40
9 41
9 42
9 44
9 45
9 46
9 47
9 51
9 53
10 11
10 12
10 13
10 15
10 16
10 17
10 18
10 20
10 21
10 22
10 26
10 27
10 29
10 30
10 31
10 34
10 35
10 36
10 37
10 38
10 39
10 41
10 43
10 45
10 46
10 47
10 49
10 50
10 52
11 12
11 13
11 15
11 16
11 17
11 18
11 20
11 21
11 22
11 26
11 27
11 29
11 30
11 31
11 34
11 35
11 36
11 37
11 38
11 39
11 41
11 43
11 45
11 47
11 49
11 50
11 52
11 58
12 13
12 14
12 16
12 17
12 18
12 19
12 20
12 23
12 24
12 25
12 27
12 28
12 30
12 31
12 32
12 33
12 40
12 41
12 42
12 44
12 45
12 46
12 47
12 51
12 53
12 55
12 56
12 57
13 14
13 16
13 17
13 18
13 19
13 20
13 21
13 23
13 24
13 25
13 27
13 28
13 30
13 31
13 32
13 33
13 38
13 40
13 41
13 42
13 44
13 45
13 46
13 47
13 51
13 53
13 55
13 56
13 57
14 16
14 17
14 18
14 19
14 20
14 23
14 24
14 25
14 28
14 30
14 32
14 33
14 40
14 41
14 42
14 44
14 45
14 46
14 47
14 51
14 53
14 55
14 56
14 57
15 18
15 20
15 21
15 22
15 26
15 27
15 29
15 31
15 34
15 35
15 36
15 37
15 38
15 39
15 43
15 48
15 49
15 50
15 52
15 54
16 17
16 18
16 19
16 20
16 21
16 23
16 24
16 25
16 27
16 28
16 30
16 31
16 32
16 33
16 38
16 40
16 41
16 42
16 44
16 45
16 46
16 47
16 51
16 53
16 55
16 56
16 57
17 18
17 19
17 20
17 21
17 22
17 24
17 25
17 27
17 28
17 30
17 31
17 32
17 33
17 37
17 38
17 41
17 42
17 44
17 45
17 46
17 47
17 49
17 50
17 51
17 53
17 55
17 56
17 57
18 19
18 20
18 21
18 22
18 24
18 25
18 27
18 28
18 30
18 31
18 32
18 33
18 34
18 37
18 38
18 41
18 42
18 44
18 45
18 46
18 47
18 49
18 50
18 51
18 52
18 53
18 55
18 56
18 57
19 20
19 23
19 24
19 25
19 28
19 30
19 32
19 33
19 40
19 41
19 42
19 44
19 45
19 46
19 47
19 51
19 53
19 55
19 56
19 57
19 62
20 21
20 22
20 24
20 25
20 27
20 28
20 30
20 31
20 32
20 34
20 36
20 37
20 38
20 41
20 44
20 45
20 46
20 47
20 49
20 50
20 51
20 52
20 53
20 55
20 56
20 57
20 59
21 22
21 26
21 27
21 29
21 30
21 31
21 34
21 35
21 36
21 37
21 38
21 39
21 43
21 45
21 47
21 48
21 49
21 50
21 52
21 54
21 58
21 59
21 60
21 64
22 26
22 27
22 29
22 31
22 34
22 35
22 36
22 37
22 38
22 39
22 43
22 47
22 48
22 49
22 50
22 52
22 54
22 58
22 59
22 60
23 24
23 25
23 28
23 32
23 33
23 40
23 41
23 42
23 44
23 46
23 51
23 53
23 61
24 25
24 27
24 28
24 30
24 31
24 32
24 33
24 40
24 41
24 42
24 44
24 45
24 46
24 47
24 51
24 53
24 55
24 56
24 57
24 62
24 63
25 27
25 28
25 30
25 31
25 32
25 33
25 40
25 41
25 42
25 44
25 45
25 46
25 47
25 51
25 53
25 55
25 56
25 57
25 62
25 63
26 27
26 29
26 31
26 34
26 35
26 36
26 37
26 38
26 39
26 43
26 48
26 49
26 50
26 52
26 54
26 58
26 59
26 60
27 29
27 30
27 31
27 34
27 35
27 36
27 37
27 38
27 39
27 41
27 43
27 44
27 45
27 46
27 47
27 48
27 49
27 50
27 51
27 52
27 53
27 54
27 55
27 56
27 58
27 59
27 60
27 64
27 65
27 66
27 67
27 69
28 30
28 32
28 33
28 40
28 41
28 42
28 44
28 45
28 46
28 47
28 51
28 53
28 55
28 56
28 57
28 61
28 62
28 63
29 31
29 34
29 35
29 36
29 37
29 38
29 39
29 43
29 48
29 49
29 50
29 52
29 54
29 58
29 59
29 60
30 31
30 32
30 33
30 34
30 37
30 38
30 40
30 41
30 42
30 44
30 45
30 46
30 47
30 49
30 50
30 51
30 52
30 53
30 55
30 56
30 57
30 58
30 59
30 62
30 63
30 64
30 65
30 68
31 34
31 35
31 36
31 37
31 38
31 39
31 41
31 43
31 44
31 45
31 46
31 47
31 48
31 49
31 50
31 51
31 52
31 53
31 54
31 55
31 56
31 58
31 59
31 60
31 64
31 65
31 66
31 67
31 69
32 33
32 40
32 41
32 42
32 44
32 45
32 46
32 47
32 51
32 53
32 55
32 56
32 57
32 61
32 62
32 63
32 68
33 40
33 41
33 42
33 44
33 45
33 46
33 51
33 53
33 55
33 56
33 57
33 61
33 62
33 63
33 68
33 75
34 35
34 36
34 37
34 38
34 39
34 43
34 45
34 47
34 48
34 49
34 50
34 52
34 54
34 58
34 59
34 60
34 64
34 65
34 66
34 67
34 69
34 70
34 71
34 72
35 36
35 37
35 38
35 39
35 43
35 48
35 49
35 50
35 52
35 54
35 58
35 59
35 60
35 64
35 66
35 67
35 69
35 70
35 71
35 72
35 74
35 76
36 37
36 38
36 39
36 43
36 47
36 48
36 49
36 50
36 52
36 54
36 58
36 59
36 60
36 64
36 65
36 66
36 67
36 69
36 70
36 71
36 72
36 74
36 76
37 38
37 39
37 41
37 43
37 45
37 47
37 48
37 49
37 50
37 52
37 54
37 58
37 59
37 60
37 64
37 65
37 66
37 67
37 69
37 70
37 71
37 73
38 39
38 41
38 43
38 44
38 45
38 46
38 47
38 48
38 49
38 50
38 51
38 52
38 53
38 54
38 55
38 56
38 57
38 58
38 59
38 60
38 63
38 64
38 65
38 66
38 67
38 68
38 69
38 70
38 71
38 73
38 77
39 43
39 48
39 49
39 50
39 52
39 54
39 58
39 59
39 60
39 64
39 65
39 66
39 67
39 69
39 70
39 71
39 72
39 74
39 76
39 78
39 79
40 41
40 42
40 44
40 45
40 46
40 51
40 53
40 55
40 56
40 57
40 61
40 62
40 63
40 68
40 75
41 42
41 44
41 45
41 46
41 47
41 49
41 50
41 51
41 52
41 53
41 55
41 56
41 57
41 58
41 59
41 62
41 63
41 64
41 65
41 67
41 68
41 69
41 73
41 75
41 77
42 44
42 45
42 46
42 47
42 51
42 53
42 55
42 56
42 57
42 61
42 62
42 63
42 68
42 75
42 80
42 83
43 47
43 48
43 49
43 50
43 52
43 54
43 58
43 59
43 60
43 64
43 65
43 66
43 67
43 69
43 70
43 71
43 72
43 74
43 76
43 78
43 79
43 82
44 45
44 46
44 47
44 49
44 50
44 51
44 53
44 55
44 56
44 57
44 58
44 59
44 61
44 62
44 63
44 64
44 65
44 68
44 69
44 75
44 77
44 80
45 46
45 47
45 49
45 50
45 51
45 52
45 53
45 55
45 56
45 57
45 58
45 59
45 60
45 62
45 63
45 64
45 65
45 66
45 67
45 68
45 69
45 73
45 77
46 47
46 49
46 50
46 51
46 52
46 53
46 55
46 56
46 57
46 58
46 59
46 61
46 62
46 63
46 64
46 65
46 67
46 68
46 69
46 73
46 75
46 77
46 80
46 84
47 49
47 50
47 51
47 52
47 53
47 55
47 56
47 57
47 58
47 59
47 60
47 62
47 63
47 64
47 65
47 66
47 67
47 68
47 69
47 73
47 77
48 49
48 50
48 52
48 54
48 58
48 59
48 60
48 64
48 65
48 66
48 67
48 69
48 70
48 71
48 72
48 74
48 76
48 78
48 79
48 82
49 50
49 51
49 52
49 53
49 54
49 55
49 56
49 58
49 59
49 60
49 63
49 64
49 65
49 66
49 67
49 68
49 69
49 70
49 71
49 72
49 73
49 77
49 81
49 85
49 86
50 52
50 53
50 54
50 55
50 56
50 58
50 59
50 60
50 63
50 64
50 65
50 66
50 67
50 68
50 69
50 70
50 71
50 72
50 73
50 74
50 76
50 77
50 79
50 81
50 85
50 86
51 53
51 55
51 56
51 57
51 59
51 61
51 62
51 63
51 64
51 65
51 68
51 75
51 77
51 80
51 83
51 84
52 54
52 55
52 56
52 58
52 59
52 60
52 64
52 65
52 66
52 67
52 69
52 70
52 71
52 72
52 73
52 74
52 76
52 77
52 78
52 79
52 81
52 82
52 85
52 86
53 55
53 56
53 57
53 59
53 61
53 62
53 63
53 64
53 65
53 68
53 69
53 73
53 75
53 77
53 80
53 83
53 84
53 87
53 89
54 58
54 59
54 60
54 64
54 65
54 66
54 67
54 69
54 70
54 71
54 72
54 73
54 74
54 76
54 78
54 79
54 81
54 82
54 86
54 88
55 56
55 57
55 58
55 59
55 61
55 62
55 63
55 64
55 65
55 66
55 67
55 68
55 69
55 73
55 75
55 77
55 80
55 83
55 84
55 85
55 90
55 93
56 57
56 58
56 59
56 61
56 62
56 63
56 64
56 65
56 66
56 67
56 68
56 69
56 73
56 75
56 77
56 80
56 83
56 84
56 85
56 89
56 90
56 93
57 59
57 61
57 62
57 63
57 64
57 65
57 68
57 69
57 73
57 75
57 77
57 80
57 83
57 84
57 87
57 89
57 90
57 92
57 93
57 94
57 97
58 59
58 60
58 63
58 64
58 65
58 66
58 67
58 68
58 69
58 70
58 71
58 72
58 73
58 74
58 76
58 77
58 78
58 79
58 81
58 82
58 85
58 86
58 88
58 91
58 96
59 60
59 63
59 64
59 65
59 66
59 67
59 68
59 69
59 70
59 71
59 72
59 73
59 74
59 76
59 77
59 78
59 79
59 81
59 82
59 85
59 86
59 88
59 90
59 91
59 96
60 64
60 65
60 66
60 67
60 69
60 70
60 71
60 72
60 73
60 74
60 76
60 77
60 78
60 79
60 81
60 82
60 85
60 86
60 88
60 91
60 95
60 96
60 98
61 62
61 63
61 68
61 75
61 80
61 83
61 84
61 87
61 89
61 94
61 99
62 63
62 68
62 75
62 77
62 80
62 83
62 84
62 87
62 89
62 90
62 92
62 93
62 94
62 97
62 100
63 64
63 65
63 66
63 67
63 68
63 69
63 73
63 75
63 77
63 80
63 83
63 84
63 85
63 87
63 89
63 90
63 92
63 93
63 94
63 97
64 65
64 66
64 67
64 68
64 69
64 70
64 71
64 72
64 73
64 74
64 76
64 77
64 78
64 79
64 81
64 82
64 85
64 86
64 88
64 90
64 91
64 95
64 96
64 98
65 66
65 67
65 68
65 69
65 70
65 71
65 72
65 73
65 74
65 76
65 77
65 78
65 79
65 81
65 82
65 84
65 85
65 86
65 88
65 90
65 91
65 95
65 96
65 98
66 67
66 68
66 69
66 70
66 71
66 72
66 73
66 74
66 76
66 77
66 78
66 79
66 81
66 82
66 85
66 86
66 88
66 90
66 91
66 95
66 96
66 98
67 68
67 69
67 70
67 71
67 72
67 73
67 74
67 76
67 77
67 78
67 79
67 81
67 82
67 85
67 86
67 88
67 90
67 91
67 95
67 96
67 98
68 69
68 73
68 75
68 77
68 80
68 81
68 83
68 84
68 85
68 87
68 89
68 90
68 92
68 93
68 94
68 97
69 70
69 71
69 72
69 73
69 74
69 76
69 77
69 78
69 79
69 81
69 82
69 84
69 85
69 86
69 88
69 90
69 91
69 95
69 96
69 98
70 71
70 72
70 73
70 74
70 76
70 77
70 78
70 79
70 81
70 82
70 85
70 86
70 88
70 91
70 95
70 96
70 98
71 72
71 73
71 74
71 76
71 77
71 78
71 79
71 81
71 82
71 85
71 86
71 88
71 91
71 95
71 96
71 98
72 73
72 74
72 76
72 78
72 79
72 81
72 82
72 85
72 86
72 88
72 91
72 95
72 96
72 98
73 74
73 76
73 77
73 78
73 79
73 80
73 81
73 82
73 84
73 85
73 86
73 88
73 90
73 91
73 93
73 95
73 96
73 97
73 98
74 76
74 78
74 79
74 81
74 82
74 86
74 88
74 91
74 95
74 96
74 98
75 77
75 80
75 83
75 84
75 87
75 89
75 90
75 92
75 93
75 94
75 97
75 99
75 100
76 78
76 79
76 81
76 82
76 85
76 86
76 88
76 91
76 95
76 96
76 98
77 79
77 80
77 81
77 83
77 84
77 85
77 86
77 88
77 89
77 90
77 91
77 92
77 93
77 94
77 96
77 97
77 98
78 79
78 81
78 82
78 85
78 86
78 88
78 91
78 95
78 96
78 98
79 81
79 82
79 85
79 86
79 88
79 91
79 95
79 96
79 98
80 83
80 84
80 85
80 87
80 89
80 90
80 92
80 93
80 94
80 97
80 99
80 100
81 82
81 84
81 85
81 86
81 88
81 90
81 91
81 95
81 96
81 98
82 85
82 86
82 88
82 91
82 95
82 96
82 98
83 84
83 87
83 89
83 90
83 92
83 93
83 94
83 97
83 99
83 100
84 85
84 87
84 89
84 90
84 91
84 92
84 93
84 94
84 97
84 99
84 100
85 86
85 88
85 89
85 90
85 91
85 92
85 93
85 95
85 96
85 97
85 98
86 88
86 90
86 91
86 95
86 96
86 98
87 89
87 90
87 92
87 93
87 94
87 97
87 99
87 100
88 90
88 91
88 95
88 96
88 98
89 90
89 92
89 93
89 94
89 97
89 99
89 100
90 91
90 92
90 93
90 94
90 96
90 97
90 98
90 100
91 93
91 95
91 96
91 97
91 98
92 93
92 94
92 97
92 99
92 100
93 94
93 97
93 99
93 100
94 97
94 99
94 100
95 96
95 98
96 98
97 99
97 100
99 100
