0 2
0 3
0 7
0 10
0 11
0 12
0 14
0 16
0 19
0 20
0 24
0 26
0 27
0 28
0 30
0 35
0 36
0 41
0 42
1 4
1 5
1 6
1 8
1 9
1 10
1 13
1 14
1 15
1 17
1 18
1 20
1 21
1 22
1 23
1 25
1 29
1 31
1 32
1 33
1 34
1 38
1 39
2 3
2 4
2 5
2 7
2 9
2 10
2 11
2 12
2 13
2 14
2 15
2 16
2 17
2 19
2 20
2 22
2 23
2 24
2 26
2 27
2 30
2 36
2 37
3 4
3 5
3 7
3 10
3 11
3 12
3 13
3 14
3 15
3 16
3 17
3 19
3 20
3 22
3 23
3 24
3 26
3 27
3 30
3 36
3 37
3 42
4 5
4 6
4 7
4 8
4 9
4 10
4 12
4 13
4 14
4 15
4 17
4 18
4 20
4 21
4 22
4 23
4 25
4 26
4 29
4 31
4 32
4 33
4 34
4 37
4 38
4 39
4 43
5 6
5 7
5 8
5 9
5 10
5 11
5 12
5 13
5 14
5 15
5 17
5 18
5 19
5 20
5 21
5 22
5 23
5 25
5 26
5 27
5 29
5 30
5 31
5 32
5 33
5 34
5 37
5 39
5 40
5 43
6 8
6 9
6 10
6 13
6 15
6 17
6 18
6 21
6 23
6 25
6 29
6 31
6 32
6 33
6 38
7 10
7 11
7 12
7 14
7 15
7 16
7 17
7 19
7 20
7 22
7 23
7 24
7 26
7 27
7 30
7 36
7 37
7 40
7 42
8 9
8 10
8 13
8 14
8 15
8 17
8 18
8 20
8 21
8 22
8 23
8 25
8 29
8 31
8 32
8 33
8 34
8 38
8 39
8 45
9 10
9 12
9 13
9 14
9 15
9 17
9 18
9 20
9 21
9 22
9 23
9 25
9 26
9 29
9 31
9 32
9 33
9 34
9 37
9 38
9 39
9 43
9 45
9 47
10 11
10 12
10 13
10 14
10 15
10 17
10 18
10 19
10 20
10 21
10 22
10 23
10 25
10 26
10 27
10 29
10 30
10 31
10 32
10 33
10 34
10 36
10 37
10 38
10 39
10 40
10 43
10 45
11 12
11 14
11 15
11 16
11 19
11 20
11 22
11 24
11 26
11 27
11 28
11 30
11 35
11 36
11 41
11 42
11 44
11 46
12 13
12 14
12 15
12 16
12 17
12 19
12 20
12 22
12 23
12 24
12 26
12 27
12 30
12 32
12 34
12 36
12 37
12 40
12 41
12 42
12 43
12 46
13 14
13 15
13 17
13 18
13 20
13 21
13 22
13 23
13 25
13 26
13 29
13 31
13 32
13 33
13 34
13 37
13 38
13 39
13 40
13 43
13 45
13 47
14 15
14 17
14 18
14 19
14 20
14 21
14 22
14 23
14 24
14 25
14 26
14 27
14 29
14 30
14 31
14 32
14 34
14 36
14 37
14 39
14 40
14 42
14 43
14 49
15 17
15 18
15 19
15 20
15 21
15 22
15 23
15 25
15 26
15 27
15 29
15 30
15 31
15 32
15 33
15 34
15 36
15 37
15 38
15 39
15 40
15 43
15 45
15 47
15 50
16 19
16 24
16 27
16 28
16 30
16 35
16 36
16 41
16 42
16 44
16 46
17 18
17 20
17 21
17 22
17 23
17 25
17 26
17 29
17 30
17 31
17 32
17 33
17 34
17 36
17 37
17 38
17 39
17 40
17 43
17 45
17 47
17 48
17 50
18 20
18 21
18 22
18 23
18 25
18 29
18 31
18 32
18 33
18 34
18 37
18 38
18 39
18 40
18 43
18 45
18 47
18 48
18 52
19 20
19 22
19 23
19 24
19 26
19 27
19 28
19 30
19 35
19 36
19 37
19 40
19 41
19 42
19 44
19 46
19 49
19 51
19 53
19 54
20 21
20 22
20 23
20 24
20 25
20 26
20 27
20 29
20 30
20 31
20 32
20 34
20 36
20 37
20 39
20 40
20 42
20 43
20 45
20 46
20 49
20 50
21 22
21 23
21 25
21 29
21 31
21 32
21 33
21 34
21 37
21 38
21 39
21 40
21 43
21 45
21 47
21 48
21 52
21 55
22 23
22 25
22 26
22 27
22 29
22 30
22 31
22 32
22 33
22 34
22 36
22 37
22 38
22 39
22 40
22 42
22 43
22 45
22 47
22 49
22 50
23 25
23 26
23 27
23 29
23 30
23 31
23 32
23 33
23 34
23 36
23 37
23 38
23 39
23 40
23 43
23 45
23 47
23 48
23 49
23 50
23 52
24 26
24 27
24 28
24 30
24 35
24 36
24 41
24 42
24 44
24 46
24 51
24 53
24 54
24 56
24 57
25 26
25 29
25 31
25 32
25 33
25 34
25 37
25 38
25 39
25 40
25 43
25 45
25 47
25 48
25 50
25 52
25 55
25 59
25 60
25 62
26 27
26 29
26 30
26 31
26 32
26 34
26 35
26 36
26 37
26 39
26 40
26 41
26 42
26 43
26 44
26 45
26 46
26 49
26 50
26 51
26 53
26 54
26 58
27 28
27 30
27 34
27 35
27 36
27 37
27 40
27 41
27 42
27 43
27 44
27 46
27 49
27 50
27 51
27 53
27 54
27 58
27 65
27 67
28 30
28 35
28 36
28 41
28 42
28 44
28 46
28 51
28 56
28 57
29 31
29 32
29 33
29 34
29 37
29 38
29 39
29 40
29 43
29 45
29 47
29 48
29 50
29 52
29 55
29 59
29 60
29 61
29 62
29 63
29 64
30 32
30 34
30 35
30 36
30 37
30 40
30 41
30 42
30 43
30 44
30 46
30 49
30 50
30 51
30 53
30 54
30 58
30 65
30 67
31 32
31 33
31 34
31 37
31 38
31 39
31 40
31 43
31 45
31 47
31 48
31 50
31 52
31 55
31 59
31 60
31 61
31 62
31 63
31 64
31 69
32 33
32 34
32 36
32 37
32 38
32 39
32 40
32 43
32 45
32 47
32 48
32 49
32 50
32 52
32 55
32 59
32 60
32 61
32 62
32 63
32 64
32 68
32 69
33 34
33 37
33 38
33 39
33 40
33 43
33 45
33 47
33 48
33 50
33 52
33 55
33 59
33 60
33 61
33 62
33 63
33 64
33 69
33 71
34 36
34 37
34 38
34 39
34 40
34 43
34 45
34 47
34 48
34 49
34 50
34 52
34 53
34 54
34 55
34 59
34 60
34 61
34 62
34 63
34 64
34 68
34 70
34 71
34 72
34 73
34 74
34 75
35 36
35 41
35 42
35 44
35 46
35 49
35 51
35 53
35 54
35 56
35 57
35 58
35 65
35 66
35 67
35 76
36 37
36 40
36 41
36 42
36 43
36 44
36 46
36 49
36 50
36 51
36 53
36 54
36 56
36 57
36 58
36 65
36 66
36 67
36 68
36 70
36 72
37 38
37 39
37 40
37 42
37 43
37 45
37 46
37 47
37 48
37 49
37 50
37 51
37 52
37 53
37 54
37 55
37 58
37 59
37 60
37 62
37 63
37 64
37 68
37 70
37 72
37 74
37 75
38 39
38 40
38 43
38 45
38 47
38 48
38 50
38 52
38 55
38 59
38 60
38 61
38 62
38 63
38 64
38 68
38 69
38 71
38 73
38 75
38 78
38 79
39 40
39 43
39 45
39 47
39 48
39 49
39 50
39 52
39 55
39 59
39 60
39 61
39 62
39 63
39 64
39 68
39 69
39 70
39 71
39 72
39 73
39 74
39 75
39 78
39 79
40 41
40 42
40 43
40 44
40 45
40 46
40 47
40 48
40 49
40 50
40 51
40 52
40 53
40 54
40 55
40 58
40 59
40 60
40 62
40 63
40 64
40 65
40 67
40 68
40 70
40 72
40 73
40 74
40 75
40 80
41 42
41 44
41 46
41 49
41 51
41 53
41 54
41 56
41 57
41 58
41 65
41 66
41 67
41 76
41 77
41 81
42 43
42 44
42 46
42 49
42 50
42 51
42 53
42 54
42 56
42 57
42 58
42 65
42 66
42 67
42 70
42 72
42 76
42 77
42 81
43 45
43 47
43 48
43 49
43 50
43 52
43 53
43 54
43 55
43 58
43 59
43 60
43 61
43 62
43 63
43 64
43 68
43 69
43 70
43 71
43 72
43 73
43 74
43 75
43 82
44 46
44 49
44 51
44 53
44 54
44 56
44 57
44 58
44 65
44 66
44 67
44 76
44 77
44 81
44 83
45 47
45 48
45 49
45 50
45 52
45 55
45 59
45 60
45 61
45 62
45 63
45 64
45 68
45 69
45 70
45 71
45 72
45 73
45 74
45 75
45 78
45 79
45 84
46 49
46 50
46 51
46 53
46 54
46 56
46 57
46 58
46 65
46 66
46 67
46 70
46 72
46 76
46 77
46 80
46 81
47 48
47 49
47 50
47 52
47 55
47 59
47 60
47 61
47 62
47 63
47 64
47 68
47 69
47 70
47 71
47 72
47 73
47 74
47 75
47 78
47 79
47 84
47 85
47 86
48 50
48 52
48 55
48 59
48 60
48 61
48 62
48 63
48 64
48 68
48 69
48 71
48 73
48 74
48 75
48 78
48 79
48 84
48 85
48 86
49 50
49 51
49 53
49 54
49 56
49 58
49 60
49 63
49 64
49 65
49 66
49 67
49 68
49 70
49 72
49 74
49 75
49 76
49 77
49 80
49 82
49 87
49 89
50 51
50 52
50 53
50 54
50 55
50 58
50 59
50 60
50 61
50 62
50 63
50 64
50 65
50 67
50 68
50 69
50 70
50 71
50 72
50 73
50 74
50 75
50 78
50 79
50 80
50 82
50 84
50 87
50 88
50 89
50 92
51 53
51 54
51 56
51 57
51 58
51 65
51 66
51 67
51 68
51 70
51 72
51 76
51 77
51 80
51 81
51 83
51 89
51 90
52 55
52 59
52 60
52 61
52 62
52 63
52 64
52 68
52 69
52 71
52 73
52 74
52 75
52 78
52 79
52 84
52 85
52 86
52 88
52 91
52 93
53 54
53 56
53 57
53 58
53 63
53 65
53 66
53 67
53 68
53 70
53 72
53 74
53 75
53 76
53 77
53 80
53 81
53 82
53 83
53 87
53 89
53 90
53 94
54 56
54 57
54 58
54 63
54 64
54 65
54 66
54 67
54 68
54 70
54 72
54 74
54 75
54 76
54 77
54 80
54 81
54 82
54 87
54 89
54 90
54 94
55 59
55 60
55 61
55 62
55 63
55 64
55 68
55 69
55 71
55 73
55 74
55 75
55 78
55 79
55 82
55 84
55 85
55 86
55 88
55 91
55 93
55 96
56 57
56 58
56 65
56 66
56 67
56 76
56 77
56 81
56 83
56 90
56 95
57 58
57 65
57 66
57 67
57 76
57 77
57 81
57 83
57 90
57 95
58 63
58 65
58 66
58 67
58 68
58 70
58 72
58 74
58 75
58 76
58 77
58 80
58 81
58 82
58 83
58 87
58 89
58 90
58 94
59 60
59 61
59 62
59 63
59 64
59 68
59 69
59 70
59 71
59 72
59 73
59 74
59 75
59 78
59 79
59 82
59 84
59 85
59 86
59 87
59 88
59 91
59 92
59 93
59 96
60 61
60 62
60 63
60 64
60 68
60 69
60 70
60 71
60 72
60 73
60 74
60 75
60 78
60 79
60 80
60 82
60 84
60 85
60 86
60 87
60 88
60 91
60 92
60 93
60 96
60 97
61 62
61 63
61 64
61 68
61 69
61 71
61 73
61 74
61 75
61 78
61 79
61 82
61 84
61 85
61 86
61 88
61 91
61 92
61 93
61 96
62 63
62 64
62 68
62 69
62 70
62 71
62 72
62 73
62 74
62 75
62 78
62 79
62 82
62 84
62 85
62 86
62 87
62 88
62 91
62 92
62 93
62 96
62 97
63 64
63 68
63 69
63 70
63 71
63 72
63 73
63 74
63 75
63 78
63 79
63 80
63 82
63 84
63 85
63 86
63 87
63 88
63 89
63 91
63 92
63 93
63 94
63 96
63 97
64 68
64 69
64 70
64 71
64 72
64 73
64 74
64 75
64 78
64 79
64 80
64 82
64 84
64 85
64 86
64 87
64 88
64 89
64 91
64 92
64 93
64 94
64 96
64 97
65 66
65 67
65 68
65 70
65 72
65 74
65 76
65 77
65 80
65 81
65 82
65 83
65 87
65 89
65 90
65 94
65 95
65 98
65 99
66 67
66 70
66 72
66 76
66 77
66 80
66 81
66 83
66 89
66 90
66 95
66 98
66 99
67 68
67 70
67 72
67 74
67 76
67 77
67 80
67 81
67 82
67 83
67 87
67 89
67 90
67 94
67 95
67 98
67 99
67 100
68 69
68 70
68 71
68 72
68 73
68 74
68 75
68 78
68 79
68 80
68 82
68 84
68 85
68 87
68 88
68 89
68 91
68 92
68 93
68 94
68 97
68 100
69 70
69 71
69 72
69 73
69 74
69 75
69 78
69 79
69 82
69 84
69 85
69 86
69 87
69 88
69 91
69 92
69 93
69 96
69 97
70 71
70 72
70 73
70 74
70 75
70 76
70 77
70 79
70 80
70 81
70 82
70 84
70 87
70 88
70 89
70 91
70 92
70 93
70 94
70 99
70 100
71 72
71 73
71 74
71 75
71 78
71 79
71 80
71 82
71 84
71 85
71 86
71 87
71 88
71 91
71 92
71 93
71 96
71 97
72 73
72 74
72 75
72 76
72 77
72 78
72 79
72 80
72 81
72 82
72 84
72 87
72 88
72 89
72 90
72 91
72 92
72 93
72 94
72 97
72 99
72 100
73 74
73 75
73 78
73 79
73 80
73 82
73 84
73 85
73 86
73 87
73 88
73 89
73 91
73 92
73 93
73 94
73 96
73 97
74 75
74 78
74 79
74 80
74 82
74 84
74 85
74 87
74 88
74 89
74 91
74 92
74 93
74 94
74 96
74 97
74 100
75 78
75 79
75 80
75 82
75 84
75 85
75 86
75 87
75 88
75 89
75 91
75 92
75 93
75 94
75 96
75 97
76 77
76 80
76 81
76 83
76 89
76 90
76 94
76 95
76 98
76 99
76 100
77 80
77 81
77 83
77 87
77 89
77 90
77 94
77 95
77 98
77 99
77 100
78 79
78 82
78 84
78 85
78 86
78 87
78 88
78 91
78 92
78 93
78 96
78 97
79 82
79 84
79 85
79 86
79 87
79 88
79 91
79 92
79 93
79 96
79 97
80 81
80 82
80 83
80 87
80 88
80 89
80 90
80 91
80 92
80 93
80 94
80 97
80 98
80 99
80 100
81 83
81 89
81 90
81 94
81 95
81 98
81 99
81 100
82 84
82 85
82 87
82 88
82 89
82 91
82 92
82 93
82 94
82 96
82 97
82 99
82 100
83 90
83 95
83 98
83 99
84 85
84 86
84 87
84 88
84 91
84 92
84 93
84 94
84 96
84 97
85 86
85 88
85 91
85 92
85 93
85 96
85 97
86 88
86 91
86 92
86 93
86 96
86 97
87 88
87 89
87 91
87 92
87 93
87 94
87 96
87 97
87 99
87 100
88 89
88 91
88 92
88 93
88 94
88 96
88 97
88 100
89 90
89 91
89 92
89 93
89 94
89 95
89 97
89 98
89 99
89 100
90 94
90 95
90 98
90 99
90 100
91 92
91 93
91 94
91 96
91 97
91 100
92 93
92 94
92 96
92 97
92 99
92 100
93 94
93 96
93 97
93 100
94 95
94 97
94 98
94 99
94 100
95 98
95 99
95 100
96 97
97 100
98 99
98 100
99 100
