0 2
0 3
0 4
0 5
0 6
0 8
0 9
0 11
0 12
0 14
0 17
0 18
0 19
0 20
0 21
0 22
0 23
0 27
0 29
0 31
0 32
0 34
0 38
0 39
0 42
0 43
1 2
1 3
1 5
1 7
1 10
1 11
1 13
1 14
1 15
1 16
1 17
1 18
1 24
1 25
1 26
1 27
1 28
1 33
1 35
1 36
1 37
1 40
1 41
2 3
2 5
2 6
2 8
2 9
2 11
2 12
2 13
2 14
2 17
2 18
2 19
2 20
2 21
2 22
2 23
2 24
2 25
2 26
2 27
2 28
2 32
2 33
2 34
2 35
2 36
2 37
2 38
2 44
2 48
3 4
3 5
3 6
3 8
3 9
3 11
3 12
3 14
3 17
3 18
3 19
3 20
3 21
3 22
3 23
3 26
3 27
3 28
3 29
3 31
3 32
3 34
3 37
3 38
3 39
3 42
3 43
3 45
4 6
4 8
4 9
4 12
4 17
4 19
4 20
4 21
4 22
4 23
4 27
4 29
4 31
4 32
4 38
4 39
4 42
4 43
4 45
5 6
5 8
5 11
5 12
5 13
5 14
5 17
5 18
5 19
5 21
5 22
5 23
5 24
5 25
5 26
5 27
5 28
5 33
5 34
5 35
5 36
5 37
5 38
5 40
5 41
5 44
5 48
6 8
6 9
6 11
6 12
6 14
6 17
6 18
6 19
6 20
6 21
6 22
6 23
6 27
6 28
6 29
6 31
6 32
6 34
6 38
6 39
6 42
6 43
6 45
7 10
7 13
7 15
7 16
7 24
7 25
7 26
7 30
7 33
7 40
7 41
7 46
7 47
7 50
7 51
7 52
7 53
8 9
8 11
8 12
8 14
8 17
8 18
8 19
8 20
8 21
8 22
8 23
8 27
8 29
8 31
8 32
8 34
8 38
8 39
8 42
8 43
8 45
8 54
8 56
9 11
9 12
9 14
9 17
9 18
9 19
9 20
9 21
9 22
9 23
9 27
9 29
9 31
9 32
9 34
9 38
9 39
9 42
9 43
9 45
9 54
9 56
9 58
10 13
10 15
10 16
10 24
10 25
10 26
10 28
10 30
10 33
10 35
10 36
10 40
10 41
10 46
10 47
10 49
10 50
10 51
10 52
10 53
10 55
11 12
11 13
11 14
11 17
11 18
11 19
11 20
11 21
11 22
11 23
11 24
11 25
11 26
11 27
11 28
11 29
11 31
11 32
11 33
11 34
11 35
11 36
11 37
11 38
11 40
11 42
11 44
11 45
11 48
12 14
12 17
12 18
12 19
12 20
12 21
12 22
12 23
12 27
12 29
12 31
12 32
12 34
12 38
12 39
12 42
12 43
12 45
12 54
12 56
12 58
13 14
13 15
13 16
13 18
13 24
13 25
13 26
13 27
13 28
13 30
13 33
13 35
13 36
13 37
13 40
13 41
13 44
13 46
13 47
13 49
13 50
13 51
13 52
13 53
13 55
13 57
14 17
14 18
14 19
14 21
14 22
14 23
14 24
14 25
14 26
14 27
14 28
14 32
14 33
14 34
14 35
14 36
14 37
14 38
14 40
14 41
14 42
14 44
14 45
14 46
14 48
14 49
14 59
15 16
15 24
15 25
15 26
15 30
15 33
15 40
15 41
15 46
15 47
15 50
15 51
15 52
15 53
16 24
16 25
16 26
16 30
16 33
16 40
16 41
16 46
16 47
16 50
16 51
16 52
16 53
16 55
17 18
17 19
17 20
17 21
17 22
17 23
17 25
17 26
17 27
17 28
17 29
17 31
17 32
17 33
17 34
17 35
17 36
17 37
17 38
17 39
17 42
17 43
17 44
17 45
17 48
17 54
18 19
18 20
18 21
18 22
18 23
18 24
18 25
18 26
18 27
18 28
18 29
18 31
18 32
18 33
18 34
18 35
18 36
18 37
18 38
18 40
18 41
18 42
18 44
18 45
18 48
18 49
18 54
18 59
19 20
19 21
19 22
19 23
19 26
19 27
19 28
19 29
19 31
19 32
19 34
19 37
19 38
19 39
19 42
19 43
19 44
19 45
19 48
19 54
19 56
19 58
19 62
20 21
20 22
20 23
20 27
20 29
20 31
20 32
20 34
20 38
20 39
20 42
20 43
20 45
20 54
20 56
20 58
21 22
21 23
21 26
21 27
21 28
21 29
21 31
21 32
21 34
21 35
21 36
21 37
21 38
21 39
21 42
21 43
21 44
21 45
21 48
21 54
21 56
21 58
21 62
21 64
22 23
22 26
22 27
22 28
22 29
22 31
22 32
22 34
22 35
22 36
22 37
22 38
22 39
22 42
22 43
22 44
22 45
22 48
22 54
22 56
22 58
22 62
22 64
23 26
23 27
23 28
23 29
23 31
23 32
23 34
23 37
23 38
23 39
23 42
23 43
23 44
23 45
23 48
23 54
23 56
23 58
23 62
23 64
24 25
24 26
24 27
24 28
24 30
24 33
24 35
24 36
24 37
24 40
24 41
24 44
24 46
24 47
24 48
24 49
24 50
24 51
24 52
24 53
24 55
24 57
24 60
24 61
24 63
25 26
25 27
25 28
25 30
25 33
25 34
25 35
25 36
25 37
25 40
25 41
25 44
25 46
25 47
25 48
25 49
25 50
25 51
25 52
25 53
25 55
25 57
25 59
25 60
25 61
25 63
26 27
26 28
26 30
26 33
26 34
26 35
26 36
26 37
26 38
26 40
26 41
26 44
26 46
26 48
26 49
26 50
26 51
26 52
26 53
26 55
26 57
26 59
26 60
26 61
27 28
27 29
27 31
27 32
27 33
27 34
27 35
27 36
27 37
27 38
27 39
27 40
27 42
27 43
27 44
27 45
27 48
27 49
27 54
27 56
27 59
27 62
27 64
28 33
28 34
28 35
28 36
28 37
28 38
28 40
28 41
28 42
28 44
28 46
28 48
28 49
28 50
28 51
28 52
28 53
28 55
28 57
28 59
28 60
28 61
29 31
29 32
29 34
29 38
29 39
29 42
29 43
29 45
29 54
29 56
29 58
29 62
29 65
29 66
30 33
30 35
30 36
30 40
30 41
30 46
30 47
30 49
30 50
30 51
30 52
30 53
30 55
30 57
30 63
31 32
31 34
31 38
31 39
31 42
31 43
31 45
31 54
31 56
31 58
31 62
31 65
31 66
32 34
32 37
32 38
32 39
32 42
32 43
32 44
32 45
32 48
32 54
32 56
32 58
32 62
32 64
32 65
32 66
33 34
33 35
33 36
33 37
33 38
33 40
33 41
33 44
33 46
33 47
33 48
33 49
33 50
33 51
33 52
33 53
33 55
33 57
33 59
33 60
33 61
33 63
33 67
33 68
33 71
34 35
34 36
34 37
34 38
34 39
34 40
34 41
34 42
34 43
34 44
34 45
34 48
34 49
34 54
34 56
34 57
34 58
34 59
34 60
34 61
34 62
34 64
34 65
34 70
35 36
35 37
35 38
35 40
35 41
35 42
35 44
35 46
35 47
35 48
35 49
35 50
35 51
35 52
35 53
35 55
35 57
35 59
35 60
35 61
35 63
35 64
35 67
35 68
35 71
35 74
36 37
36 38
36 40
36 41
36 42
36 44
36 46
36 47
36 48
36 49
36 50
36 51
36 52
36 53
36 55
36 57
36 59
36 60
36 61
36 63
36 64
36 67
36 68
36 71
36 74
37 38
37 40
37 41
37 42
37 44
37 45
37 46
37 48
37 49
37 50
37 51
37 52
37 53
37 54
37 55
37 57
37 59
37 60
37 61
37 62
37 64
37 67
37 68
37 71
37 74
38 39
38 42
38 43
38 44
38 45
38 48
38 54
38 56
38 58
38 59
38 60
38 62
38 64
38 65
38 66
38 70
38 73
39 42
39 43
39 45
39 54
39 56
39 58
39 62
39 64
39 65
39 66
39 70
39 73
40 41
40 44
40 46
40 47
40 48
40 49
40 50
40 51
40 52
40 53
40 55
40 57
40 59
40 60
40 61
40 63
40 67
40 68
40 69
40 71
40 72
40 74
41 44
41 46
41 47
41 48
41 49
41 50
41 51
41 52
41 53
41 55
41 57
41 59
41 60
41 61
41 63
41 67
41 68
41 69
41 71
41 72
41 74
42 43
42 44
42 45
42 48
42 54
42 56
42 58
42 59
42 62
42 64
42 65
42 66
42 70
42 73
42 77
43 44
43 45
43 48
43 54
43 56
43 58
43 62
43 64
43 65
43 66
43 70
43 73
44 45
44 46
44 48
44 49
44 50
44 51
44 52
44 54
44 55
44 56
44 57
44 59
44 60
44 61
44 62
44 64
44 67
44 68
44 70
44 71
44 74
44 75
44 76
44 78
45 48
45 54
45 56
45 58
45 59
45 62
45 64
45 65
45 66
45 70
45 73
45 77
45 80
46 47
46 48
46 49
46 50
46 51
46 52
46 53
46 55
46 57
46 59
46 60
46 61
46 63
46 67
46 68
46 69
46 71
46 72
46 74
46 79
46 81
47 49
47 50
47 51
47 52
47 53
47 55
47 57
47 61
47 63
47 67
47 68
47 69
47 72
48 49
48 50
48 51
48 52
48 54
48 55
48 56
48 57
48 58
48 59
48 60
48 61
48 62
48 64
48 65
48 67
48 68
48 70
48 71
48 73
48 74
48 75
48 76
48 77
48 78
49 50
49 51
49 52
49 53
49 55
49 57
49 59
49 60
49 61
49 63
49 64
49 67
49 68
49 69
49 71
49 72
49 74
49 75
49 76
49 79
49 81
50 51
50 52
50 53
50 55
50 57
50 59
50 60
50 61
50 63
50 67
50 68
50 69
50 71
50 72
50 74
50 76
50 79
50 81
51 52
51 53
51 55
51 57
51 59
51 60
51 61
51 63
51 67
51 68
51 69
51 71
51 72
51 74
51 79
51 81
52 53
52 55
52 57
52 59
52 60
52 61
52 63
52 67
52 68
52 69
52 71
52 72
52 74
52 76
52 79
52 81
53 55
53 57
53 59
53 60
53 61
53 63
53 67
53 68
53 69
53 71
53 72
53 74
53 79
53 81
54 56
54 58
54 59
54 60
54 62
54 64
54 65
54 66
54 70
54 73
54 77
54 78
54 80
55 57
55 59
55 60
55 61
55 63
55 67
55 68
55 69
55 71
55 72
55 74
55 75
55 76
55 79
55 81
55 82
55 83
55 86
55 88
56 58
56 59
56 62
56 64
56 65
56 66
56 70
56 73
56 77
56 78
56 80
57 59
57 60
57 61
57 63
57 64
57 67
57 68
57 69
57 71
57 72
57 74
57 75
57 76
57 78
57 79
57 81
57 82
57 83
57 84
57 85
57 87
58 62
58 64
58 65
58 66
58 70
58 73
58 77
58 80
59 60
59 61
59 62
59 63
59 64
59 67
59 68
59 70
59 71
59 73
59 74
59 75
59 76
59 77
59 78
59 79
59 80
59 81
59 82
59 83
59 84
59 85
59 87
59 90
60 61
60 62
60 63
60 64
60 67
60 68
60 69
60 70
60 71
60 72
60 74
60 75
60 76
60 78
60 79
60 81
60 82
60 83
60 84
60 85
60 87
60 90
61 63
61 64
61 67
61 68
61 69
61 71
61 72
61 74
61 75
61 76
61 78
61 79
61 81
61 82
61 83
61 84
61 85
61 86
61 87
61 88
61 90
61 92
62 64
62 65
62 66
62 70
62 73
62 75
62 76
62 77
62 78
62 80
62 85
63 67
63 68
63 69
63 71
63 72
63 74
63 76
63 79
63 81
63 82
63 83
63 86
63 88
63 89
64 65
64 66
64 67
64 68
64 70
64 71
64 73
64 74
64 75
64 76
64 77
64 78
64 80
64 82
64 83
64 84
64 85
64 87
64 91
64 93
65 66
65 70
65 73
65 77
65 78
65 80
65 94
65 97
65 98
66 70
66 73
66 77
66 78
66 80
66 94
66 97
66 98
66 99
67 68
67 69
67 71
67 72
67 74
67 75
67 76
67 78
67 79
67 81
67 82
67 83
67 84
67 85
67 86
67 87
67 88
67 89
67 90
67 92
67 95
68 69
68 71
68 72
68 74
68 75
68 76
68 78
68 79
68 81
68 82
68 83
68 84
68 85
68 86
68 87
68 88
68 89
68 90
68 92
68 95
69 71
69 72
69 74
69 79
69 81
69 83
69 86
69 88
69 89
69 95
70 71
70 73
70 74
70 75
70 76
70 77
70 78
70 80
70 82
70 84
70 85
70 87
70 91
70 93
70 94
70 96
70 97
70 98
70 99
71 72
71 74
71 75
71 76
71 77
71 78
71 79
71 81
71 82
71 83
71 84
71 85
71 86
71 87
71 88
71 90
71 91
71 92
71 93
71 95
71 96
72 74
72 75
72 76
72 79
72 81
72 82
72 83
72 84
72 86
72 87
72 88
72 89
72 90
72 92
72 95
73 75
73 77
73 78
73 80
73 85
73 91
73 93
73 94
73 96
73 97
73 98
73 99
74 75
74 76
74 77
74 78
74 79
74 81
74 82
74 83
74 84
74 85
74 86
74 87
74 88
74 89
74 90
74 91
74 92
74 93
74 95
74 96
75 76
75 77
75 78
75 79
75 80
75 81
75 82
75 83
75 84
75 85
75 87
75 88
75 90
75 91
75 92
75 93
75 94
75 95
75 96
75 98
75 99
76 77
76 78
76 79
76 80
76 81
76 82
76 83
76 84
76 85
76 86
76 87
76 88
76 90
76 91
76 92
76 93
76 95
76 96
76 99
77 78
77 80
77 82
77 83
77 84
77 85
77 87
77 90
77 91
77 93
77 94
77 96
77 97
77 98
77 99
78 80
78 81
78 82
78 83
78 84
78 85
78 87
78 90
78 91
78 92
78 93
78 94
78 96
78 97
78 98
78 99
79 81
79 82
79 83
79 84
79 85
79 86
79 87
79 88
79 89
79 90
79 92
79 95
80 82
80 84
80 85
80 87
80 90
80 91
80 93
80 94
80 96
80 97
80 98
80 99
81 82
81 83
81 84
81 85
81 86
81 87
81 88
81 89
81 90
81 92
81 93
81 95
82 83
82 84
82 85
82 86
82 87
82 88
82 89
82 90
82 91
82 92
82 93
82 95
82 96
82 99
83 84
83 85
83 86
83 87
83 88
83 89
83 90
83 91
83 92
83 93
83 95
83 96
84 85
84 86
84 87
84 88
84 90
84 91
84 92
84 93
84 94
84 95
84 96
84 98
84 99
85 87
85 88
85 90
85 91
85 92
85 93
85 94
85 95
85 96
85 97
85 98
85 99
86 87
86 88
86 89
86 90
86 92
86 95
87 88
87 89
87 90
87 91
87 92
87 93
87 94
87 95
87 96
87 98
87 99
88 89
88 90
88 92
88 95
89 90
89 92
89 95
90 91
90 92
90 93
90 95
90 96
90 98
90 99
91 92
91 93
91 94
91 96
91 97
91 98
91 99
92 93
92 95
92 96
93 94
93 96
93 97
93 98
93 99
94 96
94 97
94 98
94 99
96 97
96 98
96 99
97 98
97 99
98 99
