1 3
1 6
1 11
3 6
3 11
3 12
4 8
4 9
5 6
6 11
7 10
8 9
10 14
10 17
11 12
11 16
12 13
12 18
13 18
17 19
17 21
18 24
19 21
20 24
24 26
24 30
25 27
26 30
26 31
28 29
28 36
28 37
29 36
29 37
30 31
30 33
31 38
32 34
33 35
33 40
35 40
35 42
36 37
36 39
36 41
36 43
37 39
37 41
37 43
38 44
39 41
39 43
40 42
41 43
44 49
46 55
47 50
47 54
48 52
48 60
49 52
49 59
50 53
50 54
52 59
52 60
53 54
56 57
56 58
57 58
58 63
60 62
61 64
62 66
64 73
64 74
65 70
66 67
66 72
66 75
67 72
67 75
68 76
68 77
68 79
69 70
69 71
69 83
70 82
71 78
71 83
72 75
73 74
76 77
76 79
76 80
76 85
77 79
77 80
77 85
78 83
78 86
78 88
79 85
80 84
80 85
80 89
81 84
83 86
83 87
85 89
86 87
87 90
89 92
89 93
89 100
90 99
91 95
92 100
93 96
94 96
94 97
