0 4
0 7
1 6
2 4
3 5
3 8
3 11
5 8
5 10
5 11
5 12
7 17
8 11
8 15
8 18
10 12
10 14
11 15
11 18
12 14
13 16
14 20
14 22
15 18
17 19
17 21
17 24
17 25
19 20
19 21
19 23
19 24
19 25
20 22
20 23
21 24
21 25
23 24
23 25
24 25
26 28
26 30
26 32
26 33
27 29
28 30
28 32
28 33
30 32
30 33
31 35
32 33
32 40
33 40
34 43
35 44
36 37
36 41
36 42
37 41
37 42
38 39
38 45
39 45
40 46
41 42
41 43
43 47
44 48
44 51
45 49
47 50
48 51
49 50
50 58
52 53
52 54
52 55
54 55
56 57
58 62
59 60
59 61
59 64
59 65
59 66
59 68
59 71
60 61
60 64
60 65
60 66
60 68
60 71
61 64
61 65
61 66
61 68
61 71
62 63
63 70
64 66
64 68
64 71
65 68
65 71
66 68
66 71
68 71
69 73
69 75
72 78
72 79
72 82
73 75
73 77
73 80
73 83
74 76
75 77
75 80
75 83
77 80
77 83
77 85
78 82
79 82
79 84
80 83
81 87
82 84
83 85
83 86
84 89
84 90
85 86
86 95
87 93
87 94
88 93
88 94
89 90
91 92
93 94
97 98
97 99
98 99
