0 2
0 8
0 9
0 10
0 12
0 16
0 18
1 2
1 14
1 17
1 19
2 8
2 9
2 10
2 12
2 16
2 17
2 18
3 5
3 7
3 11
3 15
4 6
4 13
4 14
4 15
5 7
5 11
6 13
6 14
6 15
7 11
7 15
7 20
7 24
8 9
8 10
8 12
8 16
8 18
8 27
9 10
9 12
9 16
9 18
10 12
10 16
10 18
10 27
11 15
11 20
11 24
11 29
11 31
12 16
12 18
12 27
12 30
12 33
13 14
13 15
13 19
13 20
13 28
14 17
14 19
14 22
14 28
15 20
15 24
15 29
15 31
16 17
16 18
16 21
16 22
16 23
16 26
16 27
16 30
16 32
16 33
16 36
17 19
17 21
17 22
17 23
17 26
17 28
18 21
18 23
18 26
18 27
18 30
18 32
18 33
18 36
19 21
19 22
19 23
19 26
19 28
19 38
20 24
20 29
20 31
21 22
21 23
21 26
21 28
21 30
21 32
21 33
21 36
21 37
21 40
22 23
22 26
22 28
22 30
22 32
22 37
23 26
23 28
23 30
23 32
23 33
23 36
23 37
23 40
24 29
24 31
24 34
25 31
25 34
25 35
26 28
26 30
26 32
26 33
26 36
26 37
26 40
27 30
27 32
27 33
27 36
27 39
28 37
28 38
28 43
29 31
29 34
29 42
30 32
30 33
30 36
30 37
30 39
30 40
31 34
31 35
31 42
32 33
32 36
32 37
32 39
32 40
33 36
33 37
33 39
33 40
33 48
34 35
34 42
35 42
35 53
36 37
36 39
36 40
36 45
36 48
37 39
37 40
37 45
38 41
38 43
39 40
39 45
39 48
39 49
39 57
40 45
40 48
40 55
40 57
41 43
41 44
41 46
41 47
41 52
41 59
42 44
42 46
42 47
42 50
42 51
42 52
42 53
42 54
42 58
42 59
43 44
43 46
44 46
44 47
44 50
44 51
44 52
44 59
44 63
45 48
45 55
45 57
45 60
45 66
46 47
46 50
46 52
46 59
46 63
47 50
47 51
47 52
47 54
47 58
47 59
47 63
47 68
48 49
48 55
48 56
48 57
48 62
48 64
48 67
49 56
49 57
49 62
49 64
49 67
50 51
50 52
50 53
50 54
50 58
50 59
50 65
50 68
51 52
51 53
51 54
51 58
51 59
51 65
51 68
52 54
52 58
52 59
52 63
52 65
52 68
53 54
53 58
53 65
54 58
54 59
54 65
54 68
55 57
55 60
55 61
55 66
55 67
55 72
55 73
56 57
56 62
56 64
56 67
57 60
57 62
57 64
57 66
57 67
57 75
58 59
58 65
58 68
58 74
59 63
59 65
59 68
59 69
60 61
60 66
60 70
60 71
60 72
60 73
60 77
60 79
61 66
61 69
61 70
61 71
61 72
61 73
61 77
61 79
62 64
62 67
62 75
62 80
63 68
63 69
63 71
63 76
63 78
64 67
64 75
64 80
65 68
65 74
65 78
66 67
66 70
66 72
66 73
66 75
66 77
66 79
66 80
67 75
67 77
67 79
67 80
68 69
68 74
68 76
68 78
68 85
68 86
69 70
69 71
69 72
69 73
69 76
69 81
69 82
70 71
70 72
70 73
70 76
70 77
70 79
70 81
70 82
70 83
71 72
71 73
71 76
71 79
71 81
71 82
71 83
72 73
72 76
72 77
72 79
72 81
72 82
72 83
72 84
72 92
73 75
73 77
73 79
73 81
73 82
73 83
73 84
73 89
73 92
74 78
74 85
74 86
75 77
75 79
75 80
75 84
75 89
75 94
76 81
76 82
76 85
76 88
76 91
77 79
77 80
77 82
77 83
77 84
77 89
77 92
77 94
78 85
78 86
78 88
78 91
78 93
79 80
79 82
79 83
79 84
79 89
79 92
79 94
80 84
80 87
80 89
80 94
81 82
81 83
81 88
81 91
81 92
81 97
82 83
82 88
82 91
82 92
82 97
83 84
83 89
83 92
83 97
84 89
84 92
84 94
84 99
85 86
85 88
85 91
85 93
85 96
85 98
86 88
86 91
86 93
86 96
86 98
87 94
88 91
88 93
88 96
88 97
88 98
89 92
89 94
89 99
90 95
90 100
91 93
91 96
91 97
91 98
92 94
92 97
92 99
93 96
93 98
94 99
95 100
96 98
