0 3
0 6
0 8
0 9
0 11
0 12
1 2
1 4
2 4
2 5
2 7
3 6
3 8
3 9
3 10
3 11
3 16
3 17
4 14
4 15
5 7
5 9
5 10
6 8
6 9
6 11
6 12
7 10
7 16
7 18
8 9
8 10
8 11
8 12
8 16
8 17
8 20
8 21
9 10
9 11
9 16
9 17
9 20
9 21
10 11
10 16
10 17
10 20
10 21
11 16
11 17
11 20
11 21
11 25
12 13
12 19
12 23
13 19
13 27
13 29
14 15
14 18
14 22
14 26
14 33
14 34
15 18
15 22
15 33
15 34
16 17
16 20
16 21
16 24
16 25
16 28
16 32
17 20
17 21
17 23
17 24
17 25
17 31
17 32
17 36
18 22
18 26
18 28
18 30
18 38
19 23
19 27
19 29
19 35
20 21
20 24
20 25
20 28
20 30
20 32
21 24
21 25
21 31
21 32
21 36
22 26
22 33
22 34
22 37
23 24
23 25
23 27
23 31
23 32
23 35
23 36
24 25
24 31
24 32
24 36
24 40
24 42
25 31
25 32
25 36
25 40
25 42
26 28
26 30
26 34
26 38
26 39
26 41
27 29
27 35
28 30
28 38
28 39
28 41
28 51
29 35
30 38
30 39
30 41
30 51
31 32
31 36
31 40
31 42
32 36
32 40
32 42
32 43
32 46
33 34
33 37
33 44
33 45
33 50
34 37
34 38
34 41
34 44
34 45
34 47
34 49
34 50
35 53
36 40
36 42
36 43
36 46
37 41
37 44
37 45
37 47
37 49
37 50
38 39
38 41
38 45
38 47
38 48
38 49
38 51
38 52
38 58
38 60
39 41
39 43
39 45
39 46
39 47
39 48
39 49
39 51
39 52
39 58
39 60
39 68
40 42
40 43
40 46
40 54
40 56
40 57
40 61
40 63
41 44
41 45
41 47
41 48
41 49
41 50
41 51
41 52
41 58
41 60
41 65
42 43
42 46
42 54
42 56
42 57
42 61
42 63
42 64
43 46
43 48
43 51
43 52
43 54
43 56
43 57
43 61
43 64
44 45
44 47
44 49
44 50
44 59
44 69
44 70
44 71
45 47
45 49
45 50
45 51
45 58
45 59
45 60
45 65
45 69
45 70
45 71
46 48
46 51
46 52
46 54
46 56
46 57
46 61
46 64
46 73
47 49
47 50
47 51
47 58
47 60
47 65
47 69
47 70
48 51
48 52
48 54
48 56
48 60
48 64
48 68
48 72
48 73
49 50
49 51
49 58
49 59
49 60
49 65
49 69
49 70
49 71
50 59
50 69
50 70
50 71
51 52
51 58
51 60
51 64
51 65
51 68
51 72
51 76
52 54
52 56
52 60
52 64
52 68
52 72
52 73
53 55
53 62
53 66
53 67
53 74
54 56
54 57
54 61
54 63
54 64
54 73
54 80
55 57
55 62
55 63
55 66
55 67
55 74
55 75
55 77
56 57
56 61
56 63
56 64
56 73
56 80
56 84
57 61
57 63
57 64
57 75
57 80
57 82
58 60
58 65
58 68
58 69
58 70
58 71
58 72
58 76
58 78
58 79
59 65
59 69
59 70
59 71
59 81
59 83
60 65
60 68
60 69
60 70
60 71
60 72
60 76
60 78
60 79
61 63
61 64
61 73
61 75
61 80
61 82
61 84
61 87
62 66
62 67
62 74
62 77
62 85
63 64
63 75
63 80
63 82
63 84
63 87
64 68
64 72
64 73
64 76
64 80
64 84
64 86
65 68
65 69
65 70
65 71
65 72
65 76
65 78
65 79
65 81
65 89
66 67
66 74
66 75
66 77
66 85
67 74
67 77
67 85
68 72
68 73
68 76
68 78
68 79
69 70
69 71
69 78
69 81
69 83
69 88
69 89
69 90
70 71
70 78
70 79
70 81
70 83
70 88
70 89
70 90
71 78
71 81
71 83
71 88
71 89
71 90
72 73
72 76
72 78
72 79
72 86
72 89
72 91
73 76
73 79
73 80
73 84
73 86
74 75
74 77
74 85
74 92
74 93
75 77
75 80
75 82
75 87
75 93
75 94
76 78
76 79
76 86
76 91
77 82
77 85
77 92
77 93
78 79
78 81
78 83
78 88
78 89
78 90
78 91
79 89
79 90
79 91
80 82
80 84
80 86
80 87
80 94
81 83
81 88
81 89
81 90
81 95
82 84
82 87
82 93
82 94
83 88
83 89
83 90
83 95
84 86
84 87
84 94
84 96
84 98
85 92
85 93
86 87
86 91
86 94
86 96
86 98
87 94
88 89
88 90
88 95
88 97
89 90
89 91
89 95
89 97
90 91
90 95
90 97
91 96
91 97
91 98
92 93
92 99
93 99
94 99
96 97
96 98
97 98
