0 1
0 2
0 3
0 4
0 9
0 10
0 11
0 13
0 14
0 15
0 17
0 30
1 3
1 4
1 9
1 10
1 11
1 14
1 17
2 4
2 5
2 9
2 10
2 12
2 13
2 14
2 15
2 17
2 22
2 23
2 26
2 28
2 29
2 30
2 33
3 4
3 9
3 10
3 11
3 14
3 17
3 32
4 9
4 10
4 11
4 13
4 14
4 15
4 17
4 30
4 32
5 6
5 7
5 8
5 12
5 13
5 15
5 16
5 18
5 19
5 20
5 21
5 22
5 23
5 24
5 25
5 26
5 27
6 7
6 8
6 12
6 16
6 18
6 19
6 20
6 21
6 22
6 23
6 24
6 25
6 26
6 27
6 31
6 35
7 8
7 12
7 16
7 18
7 19
7 20
7 21
7 22
7 23
7 24
7 25
7 27
7 31
7 35
8 12
8 16
8 18
8 19
8 20
8 21
8 22
8 23
8 24
8 25
8 26
8 27
8 31
8 35
9 10
9 11
9 13
9 14
9 15
9 17
9 30
9 32
10 13
10 14
10 15
10 17
10 23
10 28
10 29
10 30
10 33
11 32
12 13
12 15
12 16
12 18
12 19
12 20
12 21
12 22
12 23
12 24
12 25
12 26
12 27
12 28
12 29
12 31
12 34
12 35
13 14
13 15
13 17
13 22
13 23
13 26
13 28
13 29
13 30
13 33
13 34
13 36
14 15
14 17
14 23
14 28
14 29
14 30
14 33
14 36
15 17
15 18
15 22
15 23
15 26
15 28
15 29
15 30
15 33
15 34
15 36
16 18
16 19
16 20
16 21
16 22
16 24
16 25
16 27
16 31
16 35
17 23
17 28
17 29
17 30
17 32
17 33
17 36
18 19
18 20
18 21
18 22
18 23
18 24
18 25
18 26
18 27
18 31
18 35
19 20
19 21
19 24
19 25
19 27
19 31
19 35
20 21
20 24
20 25
20 27
20 31
20 35
20 39
20 42
21 22
21 23
21 24
21 25
21 26
21 27
21 28
21 31
21 34
21 35
21 37
21 39
21 41
22 23
22 24
22 25
22 26
22 27
22 28
22 29
22 31
22 33
22 34
22 35
22 36
22 37
22 38
22 39
22 40
22 41
22 43
22 44
23 24
23 25
23 26
23 27
23 28
23 29
23 31
23 33
23 34
23 35
23 36
23 37
23 38
23 40
23 41
23 43
23 44
24 25
24 26
24 27
24 28
24 29
24 31
24 34
24 35
24 36
24 37
24 38
24 39
24 40
24 41
24 42
25 26
25 27
25 31
25 35
25 39
25 41
25 42
26 27
26 28
26 29
26 31
26 33
26 34
26 35
26 36
26 37
26 38
26 39
26 40
26 41
26 43
26 44
26 50
26 51
27 31
27 35
27 37
27 39
27 41
27 42
27 55
28 29
28 30
28 33
28 34
28 36
28 37
28 38
28 40
28 41
28 43
28 44
28 46
28 48
28 50
28 51
29 30
29 33
29 34
29 36
29 37
29 38
29 40
29 43
29 44
29 46
29 48
29 50
29 51
29 53
30 32
30 33
30 34
30 36
30 38
30 40
30 43
30 44
30 45
30 46
30 47
30 48
30 49
30 50
30 51
30 53
30 56
31 35
31 37
31 39
31 41
31 42
31 55
31 57
32 45
32 46
32 47
32 48
32 49
32 52
32 53
32 54
32 56
32 59
33 34
33 36
33 37
33 38
33 40
33 41
33 43
33 44
33 45
33 46
33 48
33 50
33 51
33 53
33 58
33 61
34 35
34 36
34 37
34 38
34 39
34 40
34 41
34 43
34 44
34 46
34 48
34 50
34 51
34 57
34 58
34 61
35 37
35 38
35 39
35 40
35 41
35 42
35 43
35 44
35 55
35 57
35 62
36 37
36 38
36 40
36 41
36 43
36 44
36 46
36 48
36 50
36 51
36 53
36 58
36 61
37 38
37 39
37 40
37 41
37 43
37 44
37 46
37 48
37 50
37 51
37 55
37 57
37 58
37 61
37 62
38 39
38 40
38 41
38 43
38 44
38 46
38 48
38 50
38 51
38 57
38 58
38 61
38 62
38 63
39 40
39 41
39 42
39 43
39 44
39 50
39 55
39 57
39 60
39 62
39 64
39 66
40 41
40 43
40 44
40 46
40 48
40 50
40 51
40 55
40 57
40 58
40 61
40 62
40 63
41 42
41 43
41 44
41 50
41 51
41 55
41 57
41 60
41 61
41 62
41 64
41 66
42 55
42 57
42 60
42 64
42 66
42 67
43 44
43 46
43 48
43 50
43 51
43 53
43 56
43 57
43 58
43 61
43 62
43 63
43 65
44 46
44 48
44 50
44 51
44 53
44 57
44 58
44 61
44 62
44 63
44 65
44 72
45 46
45 47
45 48
45 49
45 51
45 52
45 53
45 54
45 56
45 58
45 59
45 65
45 68
46 47
46 48
46 49
46 50
46 51
46 53
46 56
46 58
46 59
46 61
46 63
46 65
46 68
46 75
47 48
47 49
47 52
47 53
47 54
47 56
47 59
47 68
47 71
47 73
47 74
47 77
48 49
48 50
48 51
48 52
48 53
48 54
48 56
48 58
48 59
48 61
48 63
48 65
48 68
48 75
49 51
49 52
49 53
49 54
49 56
49 58
49 59
49 65
49 68
49 71
49 73
49 74
49 76
49 77
49 80
50 51
50 53
50 56
50 57
50 58
50 59
50 61
50 62
50 63
50 65
50 70
50 72
50 75
50 78
51 53
51 56
51 57
51 58
51 59
51 61
51 62
51 63
51 65
51 68
51 70
51 72
51 75
51 78
52 53
52 54
52 56
52 59
52 71
52 73
52 74
52 77
52 80
53 54
53 56
53 58
53 59
53 61
53 63
53 65
53 68
53 71
53 73
53 75
53 76
53 80
54 56
54 59
54 68
54 71
54 73
54 74
54 76
54 77
54 80
54 82
54 84
54 86
55 57
55 60
55 62
55 64
55 66
55 67
55 69
55 70
55 79
55 83
56 58
56 59
56 63
56 65
56 68
56 71
56 73
56 74
56 75
56 76
56 77
56 80
56 81
56 82
56 85
56 87
56 88
57 60
57 61
57 62
57 63
57 64
57 66
57 67
57 69
57 70
57 72
57 78
57 79
58 59
58 61
58 62
58 63
58 65
58 68
58 70
58 72
58 73
58 75
58 76
58 78
58 81
58 89
59 61
59 63
59 65
59 68
59 71
59 73
59 74
59 75
59 76
59 77
59 80
59 81
59 82
59 84
59 85
59 87
59 88
59 91
60 62
60 64
60 66
60 67
60 69
60 79
60 83
61 62
61 63
61 65
61 68
61 69
61 70
61 72
61 75
61 78
61 81
61 89
62 63
62 64
62 66
62 67
62 69
62 70
62 72
62 75
62 78
62 79
62 83
63 65
63 68
63 70
63 72
63 75
63 76
63 78
63 81
63 89
64 66
64 67
64 69
64 70
64 72
64 79
64 83
64 93
64 94
65 68
65 70
65 71
65 72
65 73
65 74
65 75
65 76
65 78
65 80
65 81
65 82
65 85
65 87
65 88
65 89
65 91
65 96
66 67
66 69
66 70
66 79
66 83
66 93
66 94
67 69
67 70
67 79
67 83
67 93
67 94
67 97
68 71
68 72
68 73
68 74
68 75
68 76
68 77
68 78
68 80
68 81
68 82
68 84
68 85
68 86
68 87
68 88
68 89
68 91
68 92
68 96
69 70
69 72
69 78
69 79
69 83
69 93
69 94
69 95
69 97
70 72
70 75
70 78
70 79
70 81
70 83
70 89
70 93
70 95
70 98
71 73
71 74
71 76
71 77
71 80
71 82
71 84
71 85
71 86
71 87
71 88
71 90
71 91
71 92
71 99
72 75
72 78
72 81
72 89
72 93
72 95
72 98
73 74
73 75
73 76
73 77
73 80
73 81
73 82
73 84
73 85
73 86
73 87
73 88
73 90
73 91
73 92
73 96
73 99
74 76
74 77
74 80
74 82
74 84
74 85
74 86
74 87
74 88
74 90
74 91
74 92
74 99
75 76
75 78
75 80
75 81
75 82
75 85
75 87
75 88
75 89
75 91
75 95
75 96
75 98
76 77
76 78
76 80
76 81
76 82
76 84
76 85
76 86
76 87
76 88
76 89
76 90
76 91
76 92
76 96
76 99
77 80
77 82
77 84
77 85
77 86
77 87
77 88
77 90
77 91
77 92
77 99
78 81
78 89
78 91
78 93
78 95
78 96
78 98
79 83
79 93
79 94
79 95
79 97
80 81
80 82
80 84
80 85
80 86
80 87
80 88
80 89
80 90
80 91
80 92
80 96
80 99
81 82
81 85
81 87
81 88
81 89
81 91
81 95
81 96
81 98
82 84
82 85
82 86
82 87
82 88
82 89
82 90
82 91
82 92
82 96
82 99
83 93
83 94
83 95
83 97
84 85
84 86
84 87
84 88
84 90
84 91
84 92
84 96
84 99
85 86
85 87
85 88
85 89
85 90
85 91
85 92
85 96
85 99
86 87
86 88
86 90
86 91
86 92
86 96
86 99
87 88
87 89
87 90
87 91
87 92
87 96
87 99
88 89
88 90
88 91
88 92
88 96
88 99
89 91
89 93
89 95
89 96
89 98
90 91
90 92
90 99
91 92
91 96
91 99
92 96
92 99
93 94
93 95
93 97
93 98
94 95
94 97
95 97
95 98
96 98
96 99
