0 5
0 8
0 17
0 18
1 2
1 4
1 6
1 11
1 13
2 4
2 6
2 11
3 7
3 10
3 14
3 15
3 16
3 19
3 24
4 6
4 11
4 13
4 21
5 8
5 17
5 18
5 23
6 7
6 11
6 13
6 14
6 21
6 26
7 10
7 13
7 14
7 15
7 16
7 19
7 24
8 9
8 17
8 18
8 20
8 23
8 29
8 30
9 12
9 20
9 22
9 23
9 25
9 28
10 12
10 14
10 15
10 16
10 19
10 22
10 24
11 13
11 14
11 21
11 26
12 15
12 16
12 20
12 22
12 24
12 25
12 28
12 35
13 14
13 16
13 19
13 21
13 26
13 31
13 32
13 33
13 34
14 15
14 16
14 19
14 21
14 24
14 26
14 31
14 32
14 33
14 34
15 16
15 19
15 22
15 24
15 33
16 19
16 22
16 24
16 31
16 32
16 33
16 34
17 18
17 20
17 23
17 27
17 29
17 30
17 36
18 20
18 23
18 27
18 29
18 30
18 36
19 22
19 24
19 26
19 31
19 32
19 33
19 34
20 23
20 25
20 28
20 29
20 30
20 35
21 26
21 31
21 32
21 33
21 34
21 37
22 24
22 25
22 28
22 35
23 25
23 27
23 28
23 29
23 30
23 35
23 36
24 31
24 32
24 33
24 34
24 38
25 28
25 35
25 39
25 40
26 31
26 32
26 33
26 34
26 37
27 29
27 30
27 36
27 41
28 35
28 39
28 40
29 30
29 36
29 41
29 44
30 36
30 41
30 44
30 48
31 32
31 33
31 34
31 37
31 38
32 33
32 34
32 37
33 34
33 37
33 38
33 49
33 51
34 37
34 42
35 38
35 39
35 40
35 46
36 41
36 44
36 48
36 50
36 55
37 42
37 45
37 47
37 53
38 39
38 40
38 49
38 51
38 56
38 57
38 60
39 40
39 44
39 46
39 50
39 52
39 54
39 56
40 46
40 52
40 54
40 56
40 61
41 44
41 48
41 55
41 65
42 43
42 45
42 47
42 53
42 58
43 45
43 47
43 53
43 58
44 46
44 48
44 50
44 52
44 54
44 55
45 47
45 53
45 58
46 48
46 50
46 52
46 54
46 55
46 69
47 53
47 58
48 50
48 52
48 55
48 65
49 51
49 56
49 57
49 59
49 60
49 61
49 62
49 63
49 64
49 67
49 70
50 52
50 54
50 55
50 69
50 72
51 56
51 57
51 59
51 60
51 62
51 63
51 64
51 67
51 70
51 71
52 54
52 55
52 56
52 61
52 66
52 69
52 72
53 57
53 58
53 59
53 62
53 71
53 74
54 56
54 61
54 66
54 68
54 69
55 65
55 72
55 75
55 77
56 60
56 61
56 66
56 67
56 68
56 69
56 70
56 73
57 59
57 60
57 62
57 63
57 64
57 67
57 70
57 71
57 73
57 76
58 74
59 60
59 62
59 63
59 64
59 67
59 70
59 71
59 73
59 74
59 76
59 78
59 81
60 61
60 62
60 63
60 64
60 66
60 67
60 68
60 70
60 71
60 73
60 83
61 63
61 64
61 66
61 67
61 68
61 69
61 70
61 73
62 63
62 64
62 67
62 70
62 71
62 73
62 74
62 76
62 78
62 81
63 64
63 67
63 68
63 70
63 71
63 73
63 74
63 76
63 78
63 81
64 67
64 68
64 70
64 71
64 73
64 74
64 76
64 78
64 81
65 72
65 75
65 77
66 68
66 69
66 70
66 73
66 82
67 68
67 70
67 71
67 73
67 76
67 78
67 81
67 83
67 85
68 69
68 70
68 73
68 82
68 83
68 85
69 72
69 79
69 80
69 82
69 84
70 71
70 73
70 78
70 81
70 83
70 85
71 73
71 74
71 76
71 78
71 81
72 75
72 77
72 79
72 80
72 84
73 78
73 81
73 83
73 85
73 86
73 87
74 76
74 78
74 81
75 77
75 80
75 88
76 78
76 81
76 87
77 79
77 80
77 88
78 81
78 83
78 85
78 87
78 90
79 80
79 82
79 84
80 82
80 84
80 88
81 83
81 85
81 87
81 90
82 84
82 86
83 85
83 86
83 87
83 90
83 92
83 93
84 86
84 98
85 86
85 87
85 90
85 92
85 93
85 96
86 87
86 92
86 93
87 90
87 92
87 93
87 95
87 96
88 94
88 97
89 91
90 92
90 93
90 95
90 96
92 93
92 96
93 95
93 96
94 97
94 99
95 96
97 99
98 99
