0 3
0 5
0 6
0 10
0 12
0 17
1 2
1 3
1 4
1 11
2 3
2 4
2 11
2 16
3 4
3 6
3 10
3 11
3 16
3 17
3 22
4 11
4 16
4 22
5 6
5 12
5 13
6 10
6 12
6 13
6 17
7 8
7 9
7 14
7 15
7 18
7 20
8 9
8 14
8 15
8 18
8 19
8 20
8 21
9 14
9 15
9 18
9 19
9 20
9 21
10 11
10 12
10 16
10 17
10 22
10 28
11 16
11 17
11 22
11 25
11 26
11 27
11 28
12 13
12 17
12 23
12 29
13 23
13 29
14 15
14 18
14 20
15 18
15 19
15 20
15 21
15 24
15 31
16 17
16 22
16 25
16 26
16 27
16 28
17 22
17 28
17 32
18 19
18 20
18 21
18 24
18 31
19 20
19 21
19 24
19 30
19 31
19 33
20 21
20 31
21 24
21 30
21 31
21 33
22 25
22 26
22 27
22 28
22 32
22 35
22 36
23 29
24 26
24 27
24 30
24 31
24 33
24 41
24 44
25 26
25 27
25 28
25 30
25 32
25 35
25 36
25 38
25 41
25 43
26 27
26 28
26 30
26 33
26 35
26 36
26 38
26 41
26 43
27 28
27 30
27 35
27 36
27 38
27 41
27 43
28 32
28 34
28 35
28 36
28 38
28 42
28 43
28 46
29 32
29 34
29 47
29 48
29 49
29 51
29 53
30 31
30 33
30 35
30 36
30 38
30 41
30 43
30 44
30 52
31 33
31 37
31 39
31 40
31 44
31 45
31 50
32 34
32 36
32 42
32 46
32 47
32 48
32 49
32 51
32 53
32 55
33 35
33 39
33 40
33 41
33 44
33 50
33 52
34 42
34 46
34 47
34 48
34 49
34 51
34 53
34 55
35 36
35 38
35 41
35 42
35 43
35 46
35 52
36 38
36 41
36 42
36 43
36 46
36 52
37 39
37 40
37 45
37 50
38 41
38 42
38 43
38 46
38 52
38 56
38 58
38 62
39 40
39 44
39 45
39 50
39 60
40 44
40 45
40 50
40 60
41 43
41 44
41 52
41 57
41 58
41 62
42 43
42 46
42 47
42 48
42 49
42 51
42 53
42 55
42 56
42 61
43 44
43 46
43 52
43 56
43 58
43 62
44 50
44 52
44 57
44 58
44 60
44 64
45 50
45 60
46 47
46 49
46 55
46 56
46 61
46 62
47 48
47 49
47 51
47 53
47 55
47 59
47 61
47 63
47 69
48 49
48 51
48 53
48 54
48 55
48 59
48 63
48 69
49 51
49 53
49 54
49 55
49 59
49 61
49 63
49 69
50 57
50 60
50 64
50 66
51 53
51 54
51 55
51 59
51 63
51 69
51 71
52 56
52 57
52 58
52 62
52 64
52 67
52 68
53 54
53 55
53 59
53 63
53 65
53 69
53 71
54 59
54 63
54 65
54 72
55 59
55 61
55 63
55 69
55 71
56 58
56 61
56 62
56 67
57 58
57 60
57 62
57 64
57 66
57 67
57 68
57 73
57 74
58 62
58 64
58 67
58 68
58 77
59 61
59 63
59 65
59 69
59 71
59 76
60 64
60 66
60 68
60 70
60 73
60 74
61 62
61 63
61 71
62 64
62 67
62 68
62 77
63 65
63 69
63 71
63 72
63 76
63 78
64 66
64 67
64 68
64 73
64 74
65 69
65 72
65 76
66 67
66 68
66 70
66 73
66 74
66 79
67 68
67 77
67 80
68 73
68 74
68 77
69 71
69 72
69 76
69 78
70 73
70 74
70 75
70 79
71 76
71 78
71 81
72 76
73 74
73 75
73 79
73 83
74 75
74 79
74 83
74 85
75 79
75 84
75 85
76 78
76 81
77 80
77 82
78 81
78 86
78 90
78 91
79 83
79 84
79 85
79 88
79 96
80 82
80 87
80 94
80 97
81 86
81 87
81 90
81 91
81 92
81 94
81 97
81 99
82 87
82 89
82 92
82 94
82 95
82 97
83 84
83 85
83 88
83 89
83 93
83 95
83 96
84 85
84 96
85 88
85 96
86 87
86 90
86 91
86 92
86 94
86 97
86 99
87 90
87 92
87 94
87 97
87 99
88 89
88 93
88 95
88 96
89 93
89 95
89 96
90 91
90 92
90 94
90 97
90 99
91 92
91 98
91 99
92 94
92 97
92 99
93 95
93 96
94 97
94 99
