0 8
1 4
1 5
2 3
2 9
2 11
3 7
3 9
3 11
3 12
4 5
4 13
5 13
6 7
6 9
7 9
7 12
8 14
9 11
9 12
9 16
9 17
10 15
10 18
11 12
11 14
11 16
11 17
11 20
11 22
12 16
12 17
12 20
13 19
14 20
14 22
15 18
16 17
16 20
16 25
16 27
17 20
17 25
17 27
20 22
20 25
20 27
22 25
22 27
22 30
23 32
24 26
24 29
25 27
25 30
26 31
26 33
26 35
27 30
29 34
30 31
30 36
30 38
31 33
31 35
31 36
31 38
31 44
32 41
33 35
33 36
34 42
35 36
35 38
35 44
36 38
36 44
37 39
37 40
37 43
38 44
39 40
39 43
40 43
40 47
41 45
41 48
43 47
44 46
44 50
45 47
45 48
45 52
46 50
48 52
48 61
49 53
49 54
51 55
51 57
52 61
53 54
54 60
55 57
55 59
55 64
57 59
57 64
59 64
61 62
61 63
61 65
61 66
62 63
62 65
62 66
62 68
62 70
62 72
63 65
63 66
63 67
63 70
63 72
64 69
64 71
65 66
65 67
65 70
65 72
65 73
66 67
66 70
66 72
66 73
67 70
67 72
67 73
67 77
68 70
68 72
69 78
70 72
70 73
71 76
71 79
72 73
73 77
74 80
74 81
76 79
80 81
82 85
82 86
83 87
83 88
85 86
85 90
85 91
85 95
86 90
86 93
87 88
87 89
88 89
88 96
90 91
90 93
90 95
90 97
91 92
91 93
91 95
91 97
92 94
92 95
93 95
93 97
94 100
95 97
96 98
98 100
