0 3
0 4
0 5
0 10
0 14
0 15
0 17
0 19
0 24
0 25
0 26
1 2
1 6
1 7
1 8
1 9
1 11
1 14
1 16
1 18
1 19
1 20
1 21
1 22
1 27
1 30
2 6
2 7
2 8
2 9
2 11
2 12
2 13
2 18
2 23
2 32
3 4
3 5
3 10
3 17
3 26
3 31
4 5
4 10
4 15
4 17
4 24
4 26
4 31
5 10
5 15
5 17
5 26
5 31
6 7
6 8
6 9
6 11
6 12
6 13
6 18
6 23
6 32
6 33
6 37
7 8
7 9
7 11
7 12
7 13
7 18
7 20
7 21
7 22
7 23
7 32
7 33
7 34
7 35
7 37
8 9
8 11
8 12
8 13
8 16
8 18
8 20
8 21
8 22
8 23
8 32
8 33
8 34
8 35
8 37
9 11
9 12
9 13
9 18
9 20
9 21
9 22
9 23
9 32
9 33
9 34
9 35
9 37
10 15
10 17
10 24
10 25
10 26
10 31
10 36
10 38
11 12
11 13
11 18
11 20
11 21
11 22
11 23
11 32
11 33
11 34
11 35
11 37
12 13
12 23
12 32
12 33
12 37
13 23
13 32
13 33
14 15
14 16
14 18
14 19
14 20
14 21
14 22
14 24
14 25
14 26
14 27
14 28
14 29
14 30
14 39
14 40
14 44
15 16
15 17
15 19
15 20
15 21
15 22
15 24
15 25
15 26
15 27
15 28
15 29
15 30
15 36
15 43
16 18
16 19
16 20
16 21
16 22
16 24
16 25
16 27
16 28
16 29
16 30
16 39
16 40
16 44
17 24
17 26
17 31
17 36
17 38
17 47
18 19
18 20
18 21
18 22
18 23
18 25
18 27
18 28
18 29
18 30
18 32
18 33
18 34
18 35
18 37
18 39
18 40
18 41
18 42
18 45
18 48
19 20
19 21
19 22
19 24
19 25
19 26
19 27
19 28
19 29
19 30
19 39
19 40
19 43
19 44
19 49
20 21
20 22
20 23
20 25
20 27
20 28
20 29
20 30
20 34
20 35
20 37
20 39
20 40
20 41
20 42
20 44
20 45
20 48
21 22
21 23
21 24
21 25
21 27
21 28
21 29
21 30
21 34
21 35
21 37
21 39
21 40
21 41
21 42
21 44
21 45
21 48
21 49
22 23
22 24
22 25
22 27
22 28
22 29
22 30
22 34
22 35
22 37
22 39
22 40
22 41
22 42
22 44
22 45
22 48
22 49
23 32
23 33
23 34
23 35
23 37
23 39
23 41
23 42
23 45
23 46
23 48
23 51
24 25
24 26
24 27
24 28
24 29
24 30
24 31
24 36
24 38
24 39
24 40
24 43
24 44
24 49
24 50
24 52
25 26
25 27
25 28
25 29
25 30
25 36
25 39
25 40
25 43
25 44
25 49
25 50
26 27
26 28
26 29
26 30
26 31
26 36
26 38
26 43
26 47
26 50
26 52
27 28
27 29
27 30
27 34
27 35
27 39
27 40
27 41
27 42
27 43
27 44
27 45
27 49
27 58
28 29
28 30
28 36
28 39
28 40
28 43
28 44
28 49
28 50
28 58
29 30
29 36
29 39
29 40
29 42
29 43
29 44
29 45
29 49
29 50
29 58
29 61
30 34
30 35
30 39
30 40
30 41
30 42
30 43
30 44
30 45
30 49
30 55
30 58
30 61
31 36
31 38
31 43
31 47
31 50
31 52
31 59
32 33
32 34
32 35
32 37
32 41
32 42
32 45
32 46
32 48
32 51
32 53
32 54
32 56
32 57
32 63
32 67
33 34
33 35
33 37
33 41
33 42
33 45
33 46
33 48
33 51
33 53
33 54
33 56
33 57
33 63
33 67
33 68
34 35
34 37
34 39
34 40
34 41
34 42
34 45
34 46
34 48
34 49
34 51
34 53
34 54
34 55
34 56
34 57
34 62
34 64
34 67
35 37
35 39
35 40
35 41
35 42
35 45
35 46
35 48
35 49
35 51
35 53
35 54
35 55
35 56
35 57
35 62
35 64
35 67
35 68
36 38
36 43
36 44
36 47
36 50
36 52
36 58
36 59
36 60
36 65
36 66
37 39
37 40
37 41
37 42
37 45
37 46
37 48
37 51
37 53
37 54
37 55
37 56
37 57
37 62
37 63
37 64
37 67
37 68
38 43
38 47
38 50
38 52
38 59
38 60
38 65
38 66
39 40
39 41
39 42
39 43
39 44
39 45
39 48
39 49
39 55
39 58
39 61
39 62
39 64
40 41
40 42
40 43
40 44
40 45
40 48
40 49
40 55
40 58
40 61
40 62
40 64
40 69
41 42
41 44
41 45
41 46
41 48
41 49
41 51
41 53
41 54
41 55
41 56
41 57
41 62
41 64
41 67
41 68
42 44
42 45
42 48
42 49
42 51
42 53
42 55
42 57
42 61
42 62
42 64
42 67
42 68
43 44
43 47
43 49
43 50
43 52
43 58
43 59
43 60
43 61
43 65
43 70
44 45
44 49
44 50
44 52
44 55
44 58
44 59
44 60
44 61
44 62
44 64
44 69
45 48
45 49
45 51
45 53
45 55
45 57
45 61
45 62
45 64
45 67
45 68
45 72
46 48
46 51
46 53
46 54
46 56
46 57
46 63
46 67
46 68
46 71
46 74
46 76
47 50
47 52
47 59
47 60
47 65
47 66
48 49
48 51
48 53
48 54
48 55
48 56
48 57
48 62
48 63
48 64
48 67
48 68
48 72
48 79
49 50
49 52
49 55
49 58
49 60
49 61
49 62
49 64
49 69
49 78
49 80
50 52
50 58
50 59
50 60
50 61
50 65
50 66
50 70
50 73
50 75
50 77
51 53
51 54
51 55
51 56
51 57
51 63
51 64
51 67
51 68
51 71
51 72
51 74
51 76
52 58
52 59
52 60
52 61
52 65
52 66
52 70
52 73
52 75
52 77
52 81
53 54
53 56
53 57
53 63
53 64
53 67
53 68
53 71
53 72
53 74
53 76
53 82
53 84
54 56
54 57
54 63
54 64
54 67
54 68
54 71
54 72
54 74
54 76
54 84
55 57
55 58
55 61
55 62
55 64
55 67
55 68
55 69
55 72
55 78
55 79
55 80
55 82
56 57
56 63
56 64
56 67
56 68
56 71
56 72
56 74
56 76
56 84
57 63
57 64
57 67
57 68
57 71
57 72
57 74
57 76
57 79
57 82
57 84
58 59
58 60
58 61
58 62
58 65
58 69
58 70
58 73
58 75
58 77
58 78
58 80
58 83
59 60
59 61
59 65
59 66
59 70
59 73
59 75
59 77
59 81
59 83
59 86
60 61
60 65
60 66
60 69
60 70
60 73
60 75
60 77
60 81
60 83
60 86
61 62
61 64
61 69
61 70
61 75
61 77
61 78
61 80
61 83
62 64
62 67
62 68
62 69
62 72
62 78
62 79
62 80
62 82
62 85
62 88
62 91
63 64
63 67
63 68
63 71
63 72
63 74
63 76
63 82
63 84
63 87
63 89
63 90
64 67
64 68
64 69
64 71
64 72
64 74
64 78
64 79
64 80
64 82
64 84
64 85
64 88
65 66
65 70
65 73
65 75
65 77
65 81
65 83
65 86
65 92
65 97
66 70
66 73
66 75
66 81
66 86
66 92
66 97
67 68
67 71
67 72
67 74
67 76
67 79
67 82
67 84
67 85
67 87
67 89
67 90
67 93
67 94
67 95
68 71
68 72
68 74
68 76
68 79
68 82
68 84
68 85
68 87
68 89
68 90
68 93
68 94
68 95
69 70
69 72
69 75
69 77
69 78
69 79
69 80
69 82
69 83
69 85
69 88
69 91
69 96
69 98
69 99
70 73
70 75
70 77
70 80
70 81
70 83
70 86
70 92
70 97
70 98
70 100
71 72
71 74
71 76
71 79
71 82
71 84
71 85
71 87
71 89
71 90
71 93
71 94
71 95
72 74
72 76
72 78
72 79
72 82
72 84
72 85
72 87
72 88
72 89
72 90
72 91
72 93
72 94
72 95
73 75
73 77
73 81
73 83
73 86
73 92
73 97
73 98
73 100
74 76
74 79
74 82
74 84
74 85
74 87
74 89
74 90
74 93
74 94
74 95
75 77
75 80
75 81
75 83
75 86
75 92
75 97
75 98
75 99
75 100
76 79
76 82
76 84
76 85
76 87
76 89
76 90
76 93
76 94
76 95
77 78
77 80
77 81
77 83
77 86
77 88
77 91
77 92
77 96
77 98
77 99
78 79
78 80
78 82
78 83
78 85
78 88
78 91
78 96
78 98
78 99
79 80
79 82
79 84
79 85
79 87
79 88
79 89
79 90
79 91
79 93
79 94
79 95
79 96
79 99
80 82
80 83
80 85
80 88
80 91
80 96
80 98
80 99
81 83
81 86
81 92
81 97
81 98
81 100
82 84
82 85
82 87
82 88
82 89
82 90
82 91
82 93
82 94
82 95
82 96
83 86
83 88
83 91
83 92
83 96
83 97
83 98
83 99
83 100
84 85
84 87
84 89
84 90
84 93
84 94
84 95
85 87
85 88
85 89
85 90
85 91
85 93
85 94
85 95
85 96
85 99
86 92
86 97
86 98
86 100
87 89
87 90
87 93
87 94
87 95
88 91
88 93
88 95
88 96
88 98
88 99
89 90
89 93
89 94
89 95
90 93
90 94
90 95
91 93
91 96
91 98
91 99
92 97
92 98
92 100
93 94
93 95
94 95
96 98
96 99
97 98
97 100
98 99
98 100
