0 1
0 4
0 5
0 9
0 10
0 11
0 12
0 16
0 18
0 19
0 21
0 22
0 23
0 24
0 25
0 27
0 29
0 31
0 33
0 34
1 3
1 4
1 5
1 6
1 9
1 10
1 11
1 12
1 14
1 15
1 16
1 18
1 19
1 21
1 22
1 23
1 24
1 25
1 26
1 27
1 29
1 33
1 34
1 36
1 37
2 3
2 6
2 7
2 8
2 13
2 14
2 15
2 17
2 20
2 22
2 26
2 28
2 30
2 32
2 39
2 40
3 6
3 7
3 8
3 13
3 14
3 15
3 17
3 20
3 22
3 26
3 28
3 30
3 32
3 35
3 39
3 40
3 41
4 5
4 9
4 10
4 11
4 12
4 16
4 18
4 19
4 21
4 23
4 24
4 25
4 27
4 29
4 31
4 33
4 43
4 46
4 47
5 9
5 10
5 11
5 12
5 16
5 18
5 19
5 21
5 23
5 24
5 25
5 27
5 29
5 31
5 33
5 34
6 7
6 8
6 13
6 14
6 15
6 17
6 20
6 22
6 26
6 28
6 30
6 32
6 34
6 35
6 36
6 39
6 40
6 41
6 42
6 45
6 48
6 49
7 8
7 13
7 14
7 15
7 17
7 20
7 26
7 28
7 30
7 32
7 39
7 40
7 45
8 13
8 14
8 15
8 17
8 20
8 22
8 26
8 28
8 30
8 32
8 35
8 39
8 40
8 41
8 45
8 49
9 10
9 11
9 12
9 16
9 18
9 19
9 21
9 22
9 23
9 24
9 25
9 27
9 29
9 31
9 33
9 34
9 36
9 37
9 43
9 46
9 47
9 50
10 11
10 12
10 16
10 18
10 19
10 21
10 23
10 24
10 25
10 27
10 29
10 31
10 33
10 43
10 46
10 47
10 51
10 52
11 12
11 16
11 18
11 19
11 21
11 22
11 23
11 24
11 25
11 27
11 29
11 31
11 33
11 34
11 36
11 37
11 38
11 43
11 46
11 47
11 50
11 51
11 54
11 56
12 16
12 18
12 19
12 21
12 23
12 24
12 25
12 27
12 29
12 31
12 33
12 34
12 37
12 43
12 46
12 47
12 50
12 51
12 52
12 54
12 56
13 14
13 15
13 17
13 20
13 22
13 26
13 28
13 30
13 32
13 35
13 39
13 40
13 41
13 45
13 49
13 53
13 57
14 15
14 17
14 20
14 22
14 26
14 27
14 28
14 29
14 30
14 32
14 33
14 34
14 35
14 36
14 37
14 38
14 39
14 40
14 41
14 42
14 44
14 45
14 48
14 49
15 17
15 20
15 22
15 26
15 27
15 28
15 29
15 30
15 32
15 33
15 34
15 35
15 36
15 37
15 38
15 39
15 40
15 41
15 42
15 44
15 45
15 48
15 49
15 57
16 18
16 19
16 21
16 23
16 24
16 25
16 27
16 29
16 31
16 33
16 43
16 46
16 47
16 50
16 51
16 52
16 54
16 58
16 59
16 60
17 20
17 22
17 26
17 28
17 30
17 32
17 35
17 39
17 40
17 41
17 42
17 45
17 48
17 49
17 53
17 57
18 19
18 21
18 22
18 23
18 24
18 25
18 27
18 29
18 31
18 33
18 34
18 36
18 37
18 38
18 43
18 44
18 46
18 47
18 50
18 51
18 52
18 54
18 55
18 56
18 59
18 63
19 21
19 22
19 23
19 24
19 25
19 27
19 29
19 31
19 33
19 34
19 36
19 37
19 38
19 43
19 44
19 46
19 47
19 50
19 51
19 52
19 54
19 55
19 56
19 59
19 60
19 63
19 64
20 22
20 26
20 28
20 30
20 32
20 34
20 35
20 36
20 37
20 38
20 39
20 40
20 41
20 42
20 44
20 45
20 48
20 49
20 53
20 57
20 65
21 22
21 23
21 24
21 25
21 27
21 29
21 31
21 33
21 34
21 36
21 37
21 38
21 43
21 44
21 46
21 47
21 50
21 51
21 52
21 54
21 55
21 56
21 58
21 59
21 60
21 63
21 64
22 25
22 26
22 27
22 28
22 29
22 30
22 32
22 33
22 34
22 35
22 36
22 37
22 38
22 39
22 40
22 41
22 42
22 44
22 45
22 48
22 49
22 61
22 62
23 24
23 25
23 27
23 29
23 31
23 33
23 34
23 37
23 43
23 46
23 47
23 50
23 51
23 52
23 54
23 55
23 56
23 58
23 59
23 60
23 63
23 64
23 66
23 67
24 25
24 27
24 29
24 31
24 33
24 34
24 36
24 37
24 38
24 43
24 44
24 46
24 47
24 50
24 51
24 52
24 54
24 55
24 56
24 58
24 59
24 60
24 63
24 64
24 66
24 67
24 68
24 69
25 27
25 29
25 31
25 33
25 34
25 35
25 36
25 37
25 38
25 43
25 44
25 46
25 47
25 50
25 51
25 52
25 54
25 55
25 56
25 58
25 59
25 60
25 61
25 63
25 64
25 66
25 68
25 69
26 27
26 28
26 29
26 30
26 32
26 33
26 34
26 35
26 36
26 37
26 38
26 39
26 40
26 41
26 42
26 44
26 45
26 48
26 49
26 53
26 57
26 61
26 62
26 65
27 29
27 31
27 33
27 34
27 35
27 36
27 37
27 38
27 42
27 43
27 44
27 46
27 47
27 48
27 50
27 51
27 54
27 55
27 56
27 59
27 61
27 62
27 63
27 64
27 68
27 69
28 30
28 32
28 35
28 39
28 40
28 41
28 42
28 45
28 48
28 49
28 53
28 57
28 65
29 31
29 33
29 34
29 35
29 36
29 37
29 38
29 42
29 43
29 44
29 46
29 47
29 48
29 50
29 51
29 52
29 54
29 55
29 56
29 59
29 61
29 62
29 63
29 64
29 68
29 69
30 32
30 34
30 35
30 36
30 38
30 39
30 40
30 41
30 42
30 44
30 45
30 48
30 49
30 53
30 57
30 65
31 33
31 43
31 46
31 47
31 50
31 51
31 52
31 54
31 55
31 56
31 58
31 59
31 60
31 63
31 64
31 66
31 67
31 73
32 34
32 35
32 36
32 37
32 38
32 39
32 40
32 41
32 42
32 44
32 45
32 48
32 49
32 53
32 57
32 62
32 65
33 34
33 35
33 36
33 37
33 38
33 42
33 43
33 44
33 46
33 47
33 48
33 50
33 51
33 52
33 54
33 55
33 56
33 59
33 60
33 61
33 62
33 63
33 64
33 68
33 69
33 71
34 35
34 36
34 37
34 38
34 39
34 41
34 42
34 44
34 46
34 47
34 48
34 49
34 50
34 54
34 55
34 56
34 59
34 61
34 62
34 63
34 64
34 68
34 69
34 70
34 72
35 36
35 37
35 38
35 39
35 40
35 41
35 42
35 44
35 45
35 48
35 49
35 50
35 53
35 54
35 55
35 56
35 57
35 61
35 62
35 65
35 68
35 70
35 72
35 75
36 37
36 38
36 39
36 40
36 41
36 42
36 44
36 45
36 48
36 49
36 50
36 54
36 55
36 56
36 57
36 61
36 62
36 63
36 64
36 65
36 68
36 69
36 70
36 72
36 75
37 38
37 39
37 41
37 42
37 44
37 46
37 47
37 48
37 49
37 50
37 51
37 54
37 55
37 56
37 59
37 61
37 62
37 63
37 64
37 65
37 68
37 69
37 70
37 71
37 72
37 75
38 39
38 40
38 41
38 42
38 44
38 45
38 48
38 49
38 50
38 54
38 55
38 56
38 57
38 61
38 62
38 63
38 64
38 65
38 68
38 69
38 70
38 72
38 75
39 40
39 41
39 42
39 44
39 45
39 48
39 49
39 53
39 57
39 61
39 62
39 65
39 70
39 72
39 75
39 77
39 78
39 79
39 81
39 82
40 41
40 42
40 44
40 45
40 48
40 49
40 53
40 57
40 62
40 65
40 70
40 77
40 78
40 79
40 81
40 82
41 42
41 44
41 45
41 48
41 49
41 53
41 57
41 61
41 62
41 65
41 70
41 72
41 75
41 77
41 78
41 79
41 81
41 82
42 44
42 45
42 48
42 49
42 50
42 53
42 54
42 55
42 56
42 57
42 61
42 62
42 64
42 65
42 68
42 69
42 70
42 72
42 75
42 77
42 79
42 82
43 46
43 47
43 50
43 51
43 52
43 54
43 55
43 56
43 58
43 59
43 60
43 63
43 64
43 66
43 67
43 68
43 69
43 71
43 73
43 74
43 76
43 80
43 83
44 45
44 48
44 49
44 50
44 54
44 55
44 56
44 57
44 59
44 61
44 62
44 63
44 64
44 65
44 68
44 69
44 70
44 72
44 75
44 77
44 79
44 86
45 48
45 49
45 53
45 57
45 62
45 65
45 70
45 72
45 77
45 78
45 79
45 81
45 82
45 84
46 47
46 50
46 51
46 52
46 54
46 55
46 56
46 58
46 59
46 60
46 61
46 63
46 64
46 66
46 67
46 68
46 69
46 71
46 73
46 74
46 76
46 80
46 83
47 50
47 51
47 52
47 54
47 55
47 56
47 58
47 59
47 60
47 63
47 64
47 66
47 67
47 68
47 69
47 71
47 73
47 74
47 76
47 80
47 83
48 49
48 50
48 53
48 54
48 55
48 56
48 57
48 61
48 62
48 65
48 68
48 69
48 70
48 72
48 75
48 77
48 78
48 79
48 81
48 82
48 85
48 86
48 87
49 53
49 57
49 61
49 62
49 65
49 70
49 72
49 75
49 77
49 78
49 79
49 81
49 82
49 84
49 85
50 51
50 52
50 54
50 55
50 56
50 58
50 59
50 60
50 61
50 62
50 63
50 64
50 66
50 67
50 68
50 69
50 70
50 71
50 72
50 73
50 74
50 75
50 76
50 80
50 83
50 88
50 89
51 52
51 54
51 55
51 56
51 58
51 59
51 60
51 63
51 64
51 66
51 67
51 68
51 69
51 71
51 73
51 74
51 76
51 80
51 83
51 90
52 54
52 55
52 56
52 58
52 59
52 60
52 63
52 64
52 66
52 67
52 68
52 69
52 71
52 73
52 74
52 76
52 80
52 83
52 90
53 57
53 65
53 77
53 78
53 79
53 81
53 82
53 84
54 55
54 56
54 58
54 59
54 60
54 61
54 62
54 63
54 64
54 66
54 67
54 68
54 69
54 70
54 71
54 72
54 73
54 74
54 75
54 76
54 80
54 83
54 88
54 89
54 91
55 56
55 58
55 59
55 60
55 61
55 62
55 63
55 64
55 66
55 67
55 68
55 69
55 70
55 71
55 72
55 73
55 74
55 75
55 76
55 80
55 83
55 86
55 88
55 89
55 91
56 58
56 59
56 60
56 61
56 62
56 63
56 64
56 66
56 67
56 68
56 69
56 70
56 71
56 72
56 73
56 74
56 75
56 76
56 80
56 83
56 88
56 89
56 90
56 91
57 62
57 65
57 70
57 72
57 75
57 77
57 78
57 79
57 81
57 82
57 84
57 85
57 94
57 95
57 96
58 59
58 60
58 63
58 64
58 66
58 67
58 68
58 69
58 71
58 73
58 74
58 76
58 80
58 83
58 88
58 90
58 91
59 60
59 61
59 62
59 63
59 64
59 66
59 67
59 68
59 69
59 71
59 73
59 74
59 76
59 80
59 83
59 88
59 89
59 90
59 91
60 61
60 63
60 64
60 66
60 67
60 68
60 69
60 71
60 73
60 74
60 76
60 80
60 83
60 88
60 90
60 91
61 62
61 63
61 64
61 65
61 68
61 69
61 70
61 71
61 72
61 74
61 75
61 76
61 77
61 79
61 80
61 82
61 85
61 86
61 87
61 88
61 89
61 92
61 93
61 97
61 98
62 63
62 64
62 65
62 68
62 69
62 70
62 71
62 72
62 74
62 75
62 76
62 77
62 79
62 81
62 82
62 85
62 86
62 87
62 89
62 92
62 93
62 98
63 64
63 66
63 67
63 68
63 69
63 71
63 73
63 74
63 76
63 80
63 83
63 88
63 89
63 90
63 91
63 97
64 66
64 67
64 68
64 69
64 70
64 71
64 72
64 73
64 74
64 75
64 76
64 80
64 83
64 86
64 87
64 88
64 89
64 90
64 91
64 97
64 98
65 70
65 72
65 75
65 77
65 78
65 79
65 81
65 82
65 84
65 85
65 86
65 87
65 92
65 93
65 94
65 95
65 96
66 67
66 68
66 69
66 71
66 73
66 74
66 76
66 80
66 83
66 88
66 90
66 91
67 68
67 69
67 71
67 73
67 74
67 76
67 80
67 83
67 88
67 90
67 91
68 69
68 70
68 71
68 72
68 73
68 74
68 75
68 76
68 77
68 79
68 80
68 83
68 86
68 87
68 88
68 89
68 90
68 91
68 92
68 97
68 98
69 70
69 71
69 72
69 73
69 74
69 75
69 76
69 80
69 83
69 86
69 87
69 88
69 89
69 90
69 91
69 92
69 97
69 98
70 71
70 72
70 74
70 75
70 77
70 78
70 79
70 81
70 82
70 84
70 85
70 86
70 87
70 89
70 92
70 93
70 94
70 97
70 98
70 99
70 100
71 72
71 73
71 74
71 75
71 76
71 80
71 83
71 86
71 88
71 89
71 90
71 91
71 97
71 98
72 74
72 75
72 77
72 78
72 79
72 81
72 82
72 84
72 85
72 86
72 87
72 89
72 92
72 93
72 94
72 95
72 96
72 97
72 98
72 99
72 100
73 74
73 76
73 80
73 83
73 88
73 89
73 90
73 91
74 75
74 76
74 80
74 83
74 86
74 87
74 88
74 89
74 90
74 91
74 97
74 98
75 77
75 78
75 79
75 81
75 82
75 84
75 85
75 86
75 87
75 88
75 89
75 92
75 93
75 94
75 95
75 96
75 97
75 98
75 99
75 100
76 80
76 83
76 86
76 88
76 89
76 90
76 91
76 97
76 98
77 78
77 79
77 81
77 82
77 84
77 85
77 86
77 87
77 89
77 92
77 93
77 94
77 95
77 96
77 98
77 99
77 100
78 79
78 81
78 82
78 84
78 85
78 86
78 87
78 92
78 93
78 94
78 95
78 96
78 100
79 81
79 82
79 84
79 85
79 86
79 87
79 89
79 92
79 93
79 94
79 95
79 96
79 97
79 98
79 99
79 100
80 83
80 88
80 89
80 90
80 91
80 97
80 98
81 82
81 84
81 85
81 86
81 87
81 92
81 93
81 94
81 95
81 96
81 99
81 100
82 84
82 85
82 86
82 87
82 92
82 93
82 94
82 95
82 96
82 98
82 99
82 100
83 88
83 89
83 90
83 91
83 97
84 85
84 86
84 87
84 92
84 93
84 94
84 95
84 96
84 99
84 100
85 86
85 87
85 89
85 92
85 93
85 94
85 95
85 96
85 97
85 98
85 99
85 100
86 87
86 88
86 89
86 91
86 92
86 93
86 94
86 95
86 96
86 97
86 98
86 99
86 100
87 88
87 89
87 91
87 92
87 93
87 94
87 95
87 96
87 97
87 98
87 99
87 100
88 89
88 90
88 91
88 92
88 97
88 98
88 99
89 90
89 91
89 92
89 93
89 97
89 98
89 99
89 100
90 91
90 97
91 97
91 98
91 99
92 93
92 94
92 95
92 96
92 97
92 98
92 99
92 100
93 94
93 95
93 96
93 97
93 98
93 99
93 100
94 95
94 96
94 98
94 99
94 100
95 96
95 99
95 100
96 99
96 100
97 98
97 99
97 100
98 99
98 100
99 100
