0 5
0 10
0 16
0 17
0 18
0 24
0 25
0 26
0 29
0 31
0 34
0 37
0 39
0 41
1 2
1 3
1 6
1 7
1 8
1 9
1 11
1 27
1 35
1 40
2 3
2 4
2 6
2 7
2 8
2 9
2 11
2 12
2 13
2 14
2 15
2 19
2 20
2 21
2 22
2 23
2 27
2 28
2 30
2 35
2 36
2 40
3 6
3 7
3 8
3 9
3 11
3 13
3 14
3 15
3 23
3 27
3 28
3 35
3 36
3 40
3 44
4 5
4 6
4 9
4 11
4 12
4 13
4 14
4 15
4 16
4 18
4 19
4 20
4 21
4 22
4 23
4 24
4 25
4 26
4 27
4 28
4 29
4 30
4 32
4 33
4 36
4 38
4 42
5 6
5 10
5 11
5 12
5 13
5 14
5 15
5 16
5 17
5 18
5 19
5 20
5 21
5 22
5 23
5 24
5 25
5 26
5 28
5 29
5 30
5 31
5 32
5 33
5 34
5 37
5 38
5 41
5 42
5 43
5 50
6 7
6 8
6 9
6 11
6 12
6 13
6 14
6 15
6 16
6 18
6 19
6 20
6 21
6 22
6 23
6 27
6 28
6 30
6 32
6 33
6 35
6 36
6 40
6 45
6 46
6 47
6 48
7 8
7 9
7 11
7 13
7 14
7 15
7 22
7 23
7 27
7 28
7 35
7 36
7 40
7 44
7 45
7 46
7 49
8 9
8 11
8 13
8 14
8 15
8 19
8 20
8 22
8 23
8 27
8 28
8 30
8 35
8 36
8 40
8 44
8 45
8 46
8 49
9 11
9 12
9 13
9 14
9 15
9 19
9 20
9 21
9 22
9 23
9 27
9 28
9 30
9 35
9 36
9 40
9 44
9 45
9 46
9 47
9 48
9 49
10 16
10 17
10 24
10 25
10 26
10 29
10 31
10 34
10 37
10 39
10 41
10 43
11 12
11 13
11 14
11 15
11 16
11 18
11 19
11 20
11 21
11 22
11 23
11 27
11 28
11 30
11 32
11 33
11 35
11 36
11 38
11 40
11 44
11 45
11 46
11 47
11 48
11 49
11 53
12 13
12 14
12 15
12 16
12 18
12 19
12 20
12 21
12 22
12 23
12 24
12 25
12 26
12 28
12 29
12 30
12 32
12 33
12 34
12 36
12 37
12 38
12 42
12 47
12 48
12 50
12 51
13 14
13 15
13 16
13 18
13 19
13 20
13 21
13 22
13 23
13 24
13 27
13 28
13 30
13 32
13 33
13 35
13 36
13 38
13 42
13 45
13 46
13 47
13 48
13 51
13 54
14 15
14 16
14 18
14 19
14 20
14 21
14 22
14 23
14 24
14 27
14 28
14 30
14 32
14 33
14 35
14 36
14 38
14 42
14 45
14 46
14 47
14 48
14 51
14 54
15 16
15 18
15 19
15 20
15 21
15 22
15 23
15 24
15 25
15 26
15 27
15 28
15 30
15 32
15 33
15 35
15 36
15 38
15 42
15 45
15 46
15 47
15 48
15 51
15 53
15 54
15 55
16 17
16 18
16 19
16 20
16 21
16 22
16 23
16 24
16 25
16 26
16 28
16 29
16 30
16 31
16 32
16 33
16 34
16 36
16 37
16 38
16 39
16 41
16 42
16 43
16 50
16 51
17 18
17 24
17 25
17 26
17 29
17 31
17 34
17 37
17 39
17 41
17 43
17 56
18 19
18 20
18 21
18 22
18 23
18 24
18 25
18 26
18 28
18 29
18 30
18 31
18 32
18 33
18 34
18 36
18 37
18 38
18 41
18 42
18 43
18 47
18 48
18 50
18 51
18 54
19 20
19 21
19 22
19 23
19 24
19 25
19 26
19 27
19 28
19 29
19 30
19 32
19 33
19 34
19 35
19 36
19 38
19 42
19 46
19 47
19 48
19 50
19 51
19 53
19 54
19 55
20 21
20 22
20 23
20 24
20 25
20 26
20 27
20 28
20 29
20 30
20 32
20 33
20 34
20 35
20 36
20 38
20 42
20 46
20 47
20 48
20 50
20 51
20 53
20 54
20 55
21 22
21 23
21 24
21 25
21 26
21 27
21 28
21 29
21 30
21 32
21 33
21 34
21 35
21 36
21 37
21 38
21 41
21 42
21 46
21 47
21 48
21 50
21 51
21 54
21 55
21 64
22 23
22 24
22 25
22 26
22 27
22 28
22 29
22 30
22 32
22 33
22 35
22 36
22 38
22 42
22 45
22 46
22 47
22 48
22 50
22 51
22 53
22 54
22 55
22 62
23 24
23 25
23 26
23 27
23 28
23 30
23 32
23 33
23 35
23 36
23 38
23 40
23 42
23 45
23 46
23 47
23 48
23 49
23 50
23 51
23 53
23 54
23 55
23 62
23 63
24 25
24 26
24 28
24 29
24 30
24 31
24 32
24 33
24 34
24 37
24 38
24 39
24 41
24 42
24 43
24 50
24 51
24 57
24 59
25 26
25 29
25 30
25 31
25 32
25 33
25 34
25 37
25 38
25 39
25 41
25 42
25 43
25 50
25 51
25 56
25 57
25 59
25 60
26 29
26 30
26 31
26 32
26 33
26 34
26 37
26 38
26 39
26 41
26 42
26 43
26 50
26 51
26 56
26 57
26 59
26 60
27 28
27 30
27 35
27 36
27 40
27 44
27 45
27 46
27 47
27 48
27 49
27 52
27 53
27 54
27 55
27 61
27 62
27 63
27 65
28 30
28 32
28 33
28 35
28 36
28 38
28 40
28 42
28 44
28 45
28 46
28 47
28 48
28 49
28 51
28 52
28 53
28 54
28 55
28 61
28 62
28 63
29 30
29 31
29 32
29 33
29 34
29 37
29 38
29 39
29 41
29 42
29 43
29 50
29 51
29 56
29 57
29 58
29 59
29 60
30 32
30 33
30 34
30 35
30 36
30 38
30 40
30 42
30 45
30 46
30 47
30 48
30 50
30 51
30 53
30 54
30 55
30 61
30 62
30 63
30 64
30 66
30 67
31 32
31 33
31 34
31 37
31 38
31 39
31 41
31 42
31 43
31 50
31 51
31 56
31 57
31 58
31 59
31 60
32 33
32 34
32 35
32 36
32 37
32 38
32 41
32 42
32 43
32 47
32 48
32 50
32 51
32 54
32 55
32 57
32 59
32 64
32 66
32 68
32 70
33 34
33 35
33 36
33 37
33 38
33 41
33 42
33 43
33 46
33 47
33 48
33 50
33 51
33 53
33 54
33 55
33 57
33 59
33 62
33 63
33 64
33 66
33 67
33 68
33 70
34 37
34 38
34 39
34 41
34 42
34 43
34 50
34 51
34 56
34 57
34 58
34 59
34 60
34 70
35 36
35 40
35 44
35 45
35 46
35 47
35 48
35 49
35 52
35 53
35 54
35 55
35 61
35 62
35 63
35 65
35 69
36 38
36 40
36 42
36 44
36 45
36 46
36 47
36 48
36 49
36 51
36 52
36 53
36 54
36 55
36 61
36 62
36 63
36 64
36 65
36 67
37 38
37 39
37 41
37 42
37 43
37 50
37 51
37 56
37 57
37 58
37 59
37 60
37 68
37 70
38 39
38 41
38 42
38 43
38 47
38 48
38 50
38 51
38 53
38 54
38 55
38 57
38 59
38 62
38 63
38 64
38 66
38 67
38 68
38 70
38 71
39 41
39 42
39 43
39 50
39 51
39 56
39 57
39 58
39 59
39 60
39 72
40 44
40 45
40 46
40 47
40 48
40 49
40 52
40 53
40 54
40 55
40 61
40 62
40 63
40 65
40 69
40 73
41 42
41 43
41 50
41 51
41 56
41 57
41 58
41 59
41 60
41 68
41 70
41 72
41 74
42 43
42 47
42 48
42 50
42 51
42 54
42 55
42 56
42 57
42 59
42 60
42 62
42 63
42 64
42 66
42 67
42 68
42 70
42 71
42 74
43 50
43 51
43 56
43 57
43 58
43 59
43 60
43 64
43 66
43 68
43 70
43 72
43 74
43 77
43 79
44 45
44 46
44 47
44 48
44 49
44 52
44 53
44 54
44 55
44 61
44 62
44 63
44 65
44 67
44 69
44 73
44 80
45 46
45 47
45 48
45 49
45 52
45 53
45 54
45 55
45 61
45 62
45 63
45 65
45 67
45 69
45 73
45 80
46 47
46 48
46 49
46 52
46 53
46 54
46 55
46 61
46 62
46 63
46 64
46 65
46 67
46 69
46 73
46 80
47 48
47 49
47 50
47 51
47 52
47 53
47 54
47 55
47 61
47 62
47 63
47 64
47 65
47 66
47 67
47 68
47 69
47 70
47 71
47 73
47 75
47 76
47 82
48 49
48 50
48 51
48 52
48 53
48 54
48 55
48 61
48 62
48 63
48 64
48 65
48 66
48 67
48 68
48 69
48 70
48 71
48 73
48 75
48 76
48 82
49 52
49 53
49 54
49 55
49 61
49 62
49 63
49 65
49 67
49 69
49 73
49 80
49 83
50 51
50 54
50 55
50 56
50 57
50 58
50 59
50 60
50 64
50 66
50 67
50 68
50 70
50 71
50 72
50 74
50 76
50 77
50 78
50 79
50 81
50 85
51 53
51 54
51 55
51 56
51 57
51 59
51 60
51 61
51 62
51 63
51 64
51 66
51 67
51 68
51 70
51 71
51 74
51 75
51 76
51 77
51 78
51 81
51 85
51 86
51 89
52 53
52 54
52 55
52 61
52 62
52 63
52 65
52 67
52 69
52 73
52 80
52 83
52 87
53 54
53 55
53 61
53 62
53 63
53 64
53 65
53 66
53 67
53 69
53 71
53 73
53 75
53 76
53 80
53 82
53 83
54 55
54 57
54 61
54 62
54 63
54 64
54 65
54 66
54 67
54 68
54 69
54 70
54 71
54 73
54 75
54 76
54 78
54 82
54 86
54 88
55 57
55 61
55 62
55 63
55 64
55 65
55 66
55 67
55 68
55 69
55 70
55 71
55 73
55 75
55 76
55 78
55 80
55 82
55 86
55 88
55 93
56 57
56 58
56 59
56 60
56 68
56 70
56 72
56 74
56 77
56 78
56 79
56 81
56 84
56 90
56 92
57 58
57 59
57 60
57 64
57 66
57 67
57 68
57 70
57 71
57 72
57 74
57 75
57 76
57 77
57 78
57 79
57 81
57 84
57 85
57 86
57 89
57 90
57 91
57 92
57 96
57 98
58 59
58 60
58 68
58 70
58 72
58 74
58 77
58 79
58 81
58 84
58 90
58 92
59 60
59 64
59 66
59 68
59 70
59 71
59 72
59 74
59 76
59 77
59 78
59 79
59 81
59 84
59 85
59 86
59 89
59 90
59 91
59 92
59 96
59 98
60 68
60 70
60 72
60 74
60 77
60 78
60 79
60 81
60 84
60 85
60 90
60 92
61 62
61 63
61 64
61 65
61 66
61 67
61 69
61 71
61 73
61 75
61 76
61 80
61 82
61 83
61 87
61 88
61 94
61 97
62 63
62 64
62 65
62 66
62 67
62 68
62 69
62 70
62 71
62 73
62 75
62 76
62 80
62 82
62 83
62 86
62 87
62 88
62 93
62 94
62 97
63 64
63 65
63 66
63 67
63 68
63 69
63 70
63 71
63 73
63 75
63 76
63 80
63 82
63 83
63 86
63 87
63 88
63 93
63 94
63 97
64 65
64 66
64 67
64 68
64 70
64 71
64 74
64 75
64 76
64 77
64 78
64 79
64 81
64 82
64 85
64 86
64 88
64 89
64 90
64 91
64 93
64 95
64 96
64 99
65 66
65 67
65 69
65 73
65 75
65 76
65 80
65 82
65 83
65 87
65 88
65 94
65 97
65 100
66 67
66 68
66 70
66 71
66 74
66 75
66 76
66 77
66 78
66 79
66 81
66 82
66 85
66 86
66 88
66 89
66 90
66 91
66 92
66 93
66 95
66 96
66 98
66 99
67 68
67 69
67 70
67 71
67 73
67 75
67 76
67 78
67 80
67 81
67 82
67 83
67 85
67 86
67 88
67 89
67 91
67 93
67 94
67 95
67 97
67 99
68 70
68 71
68 72
68 74
68 75
68 76
68 77
68 78
68 79
68 81
68 82
68 84
68 85
68 86
68 88
68 89
68 90
68 91
68 92
68 93
68 95
68 96
68 98
68 99
69 73
69 75
69 80
69 82
69 83
69 87
69 88
69 94
69 97
69 100
70 71
70 72
70 74
70 75
70 76
70 77
70 78
70 79
70 81
70 82
70 84
70 85
70 86
70 88
70 89
70 90
70 91
70 92
70 93
70 95
70 96
70 98
70 99
71 74
71 75
71 76
71 77
71 78
71 79
71 81
71 82
71 85
71 86
71 88
71 89
71 90
71 91
71 92
71 93
71 95
71 96
71 98
71 99
72 74
72 77
72 78
72 79
72 81
72 84
72 85
72 90
72 92
72 96
72 98
73 75
73 76
73 80
73 82
73 83
73 87
73 88
73 93
73 94
73 97
73 100
74 75
74 76
74 77
74 78
74 79
74 81
74 84
74 85
74 86
74 88
74 89
74 90
74 91
74 92
74 93
74 95
74 96
74 98
74 99
75 76
75 77
75 78
75 80
75 81
75 82
75 85
75 86
75 88
75 89
75 90
75 91
75 92
75 93
75 94
75 95
75 96
75 97
75 98
75 99
76 77
76 78
76 79
76 81
76 82
76 85
76 86
76 88
76 89
76 90
76 91
76 92
76 93
76 94
76 95
76 96
76 97
76 98
76 99
77 78
77 79
77 81
77 82
77 84
77 85
77 86
77 88
77 89
77 90
77 91
77 92
77 93
77 95
77 96
77 98
77 99
78 79
78 81
78 82
78 84
78 85
78 86
78 88
78 89
78 90
78 91
78 92
78 93
78 95
78 96
78 98
78 99
79 81
79 84
79 85
79 86
79 89
79 90
79 91
79 92
79 95
79 96
79 98
80 82
80 83
80 87
80 88
80 93
80 94
80 97
80 100
81 82
81 84
81 85
81 86
81 88
81 89
81 90
81 91
81 92
81 93
81 95
81 96
81 98
81 99
82 83
82 85
82 86
82 87
82 88
82 89
82 91
82 93
82 94
82 95
82 96
82 97
82 98
82 99
82 100
83 87
83 88
83 94
83 97
83 100
84 85
84 86
84 89
84 90
84 91
84 92
84 96
84 98
85 86
85 88
85 89
85 90
85 91
85 92
85 93
85 95
85 96
85 98
85 99
86 88
86 89
86 90
86 91
86 92
86 93
86 94
86 95
86 96
86 97
86 98
86 99
87 88
87 94
87 97
87 100
88 89
88 90
88 91
88 93
88 94
88 95
88 96
88 97
88 98
88 99
88 100
89 90
89 91
89 92
89 93
89 95
89 96
89 98
89 99
90 91
90 92
90 93
90 95
90 96
90 98
90 99
91 92
91 93
91 95
91 96
91 97
91 98
91 99
92 93
92 95
92 96
92 98
92 99
93 94
93 95
93 96
93 97
93 98
93 99
93 100
94 95
94 97
94 99
94 100
95 96
95 97
95 98
95 99
96 98
96 99
97 99
97 100
98 99
99 100
