0 4
0 5
0 8
0 12
0 16
0 17
0 19
0 21
1 2
1 3
1 6
1 7
1 10
1 13
1 14
1 18
2 3
2 6
2 7
2 10
2 13
2 14
3 6
3 7
3 10
3 13
3 14
3 18
4 5
4 6
4 8
4 12
4 14
4 16
4 19
4 20
4 21
5 6
5 8
5 12
5 14
5 16
5 19
5 20
5 21
6 7
6 8
6 10
6 14
6 16
6 18
6 20
7 10
7 13
7 14
7 18
8 12
8 14
8 16
8 18
8 19
8 20
8 21
9 11
9 15
9 17
9 24
9 25
10 13
10 14
10 18
10 22
11 15
11 23
12 16
12 17
12 19
12 20
12 21
12 24
13 14
13 18
13 22
14 16
14 18
14 20
14 26
15 17
15 23
15 25
16 18
16 19
16 20
16 21
16 26
16 27
16 28
16 32
17 19
17 21
17 24
17 25
17 29
17 31
18 19
18 20
18 22
18 26
18 30
19 20
19 21
19 24
19 26
19 27
19 28
19 29
19 32
20 21
20 26
20 27
20 28
20 30
20 32
21 24
21 26
21 27
21 28
21 29
21 31
21 32
21 33
22 36
23 25
24 25
24 27
24 28
24 29
24 31
24 33
24 37
25 31
25 38
26 28
26 30
26 32
26 34
26 35
26 39
27 28
27 29
27 31
27 32
27 33
27 34
27 35
27 37
28 29
28 30
28 31
28 32
28 33
28 34
28 35
28 37
28 39
28 41
29 31
29 32
29 33
29 34
29 37
30 32
30 34
30 35
30 39
31 33
31 37
31 38
31 40
32 33
32 34
32 35
32 37
32 39
32 41
33 34
33 35
33 37
33 41
33 45
34 35
34 39
34 41
34 52
34 53
35 39
35 41
35 52
35 53
36 44
36 47
37 38
37 40
37 41
37 45
37 48
37 56
38 40
38 43
38 45
38 46
38 48
38 49
39 41
39 44
39 47
39 52
39 53
39 55
39 58
40 43
40 45
40 46
40 48
40 49
40 50
40 60
41 45
41 52
41 53
42 46
42 49
42 50
42 51
42 54
42 57
42 64
43 46
43 48
43 49
43 50
43 60
43 61
44 47
44 55
44 58
44 59
45 48
45 52
45 56
45 60
45 62
45 65
45 66
46 48
46 49
46 50
46 51
46 54
46 57
46 61
46 64
46 68
46 72
47 53
47 55
47 58
47 59
47 63
47 69
47 70
47 73
48 49
48 50
48 56
48 60
48 61
48 62
48 65
48 66
48 67
48 68
49 50
49 51
49 57
49 60
49 61
49 64
49 67
49 68
49 71
49 72
50 51
50 54
50 57
50 60
50 61
50 64
50 67
50 68
50 71
50 72
51 54
51 57
51 64
51 72
52 53
52 56
52 62
52 63
53 55
53 58
53 63
53 69
54 57
54 64
54 72
54 77
55 58
55 59
55 63
55 69
55 70
55 73
56 60
56 62
56 65
56 66
56 67
56 74
56 75
56 76
57 64
57 72
57 77
58 59
58 63
58 69
58 70
58 73
59 69
59 70
59 73
60 61
60 62
60 65
60 66
60 67
60 68
60 71
60 76
60 84
60 85
61 64
61 67
61 68
61 71
61 72
61 76
61 78
61 80
61 81
61 82
61 84
61 85
62 65
62 66
62 67
62 74
62 75
62 76
62 83
63 69
63 73
63 74
63 75
63 79
64 68
64 72
64 77
64 78
64 80
64 81
64 82
65 66
65 67
65 74
65 75
65 76
65 83
65 86
66 67
66 71
66 74
66 75
66 76
66 83
66 86
67 68
67 71
67 76
67 78
67 81
67 84
67 85
67 86
68 71
68 72
68 76
68 78
68 80
68 81
68 82
68 84
68 85
69 70
69 73
69 79
69 87
69 91
70 73
70 87
71 72
71 76
71 78
71 80
71 81
71 82
71 84
71 85
72 77
72 78
72 80
72 81
72 82
72 84
72 85
73 79
73 87
73 91
73 93
74 75
74 79
74 83
74 86
74 88
74 89
74 90
74 92
75 79
75 83
75 86
75 88
75 89
75 90
75 92
76 78
76 81
76 84
76 85
76 86
77 78
77 80
77 81
77 82
77 95
78 80
78 81
78 82
78 84
78 85
78 94
78 95
79 83
79 88
79 89
79 90
79 91
79 92
79 96
80 81
80 82
80 84
80 85
80 94
80 95
81 82
81 84
81 85
81 94
81 95
82 84
82 85
82 94
82 95
83 86
83 88
83 89
83 90
83 92
84 85
84 86
84 94
84 97
85 86
85 94
85 97
86 88
86 89
86 90
86 92
86 99
87 91
87 93
87 96
88 89
88 90
88 91
88 92
88 96
89 90
89 92
89 99
90 91
90 92
90 96
91 92
91 93
91 96
92 96
92 99
93 96
94 95
94 97
94 98
95 97
95 98
97 98
97 99
