0 1
0 2
0 3
0 4
0 5
0 6
0 8
0 9
0 13
0 14
0 15
0 16
0 19
0 21
0 23
0 26
0 28
0 29
0 30
0 33
0 37
1 2
1 3
1 4
1 5
1 6
1 7
1 8
1 9
1 13
1 14
1 15
1 16
1 19
1 21
1 23
1 26
1 28
1 29
1 30
1 33
1 34
1 37
1 39
2 3
2 4
2 5
2 6
2 7
2 8
2 9
2 10
2 13
2 14
2 16
2 18
2 19
2 20
2 21
2 23
2 24
2 26
2 28
2 29
2 30
2 34
2 40
3 4
3 5
3 6
3 7
3 8
3 9
3 10
3 13
3 14
3 15
3 16
3 19
3 21
3 23
3 26
3 28
3 29
3 30
3 34
3 37
3 39
3 40
4 5
4 6
4 7
4 8
4 9
4 10
4 13
4 14
4 16
4 18
4 19
4 20
4 21
4 23
4 24
4 26
4 28
4 29
4 30
4 31
4 34
4 40
5 6
5 7
5 8
5 9
5 10
5 13
5 14
5 16
5 18
5 19
5 20
5 21
5 23
5 24
5 26
5 28
5 29
5 30
5 31
5 34
5 39
5 40
6 8
6 9
6 11
6 12
6 14
6 15
6 16
6 17
6 19
6 21
6 22
6 25
6 26
6 27
6 32
6 33
6 35
6 36
6 37
6 38
6 39
7 8
7 10
7 13
7 14
7 16
7 18
7 19
7 20
7 21
7 23
7 24
7 26
7 28
7 29
7 30
7 31
7 34
7 41
8 9
8 10
8 13
8 14
8 15
8 16
8 18
8 19
8 20
8 21
8 23
8 26
8 28
8 29
8 30
8 34
8 37
8 39
8 40
8 42
9 11
9 13
9 14
9 15
9 16
9 19
9 21
9 23
9 25
9 26
9 28
9 29
9 30
9 33
9 34
9 35
9 37
9 38
9 39
9 40
9 42
9 45
9 46
10 13
10 14
10 16
10 18
10 20
10 21
10 23
10 24
10 26
10 28
10 29
10 30
10 31
10 34
10 41
10 43
10 44
11 12
11 15
11 17
11 22
11 25
11 27
11 32
11 33
11 35
11 36
11 38
12 15
12 17
12 22
12 25
12 27
12 32
12 33
12 35
12 36
12 38
13 14
13 16
13 18
13 19
13 20
13 21
13 23
13 24
13 26
13 28
13 29
13 30
13 31
13 34
13 40
13 41
13 43
13 47
13 48
13 49
14 15
14 16
14 18
14 19
14 20
14 21
14 23
14 26
14 28
14 29
14 30
14 31
14 34
14 37
14 39
14 40
14 42
14 45
14 49
15 17
15 19
15 22
15 25
15 27
15 32
15 33
15 35
15 36
15 37
15 38
15 39
16 18
16 19
16 20
16 21
16 23
16 24
16 26
16 28
16 29
16 30
16 31
16 34
16 37
16 39
16 40
16 42
16 47
16 49
16 50
17 22
17 25
17 27
17 32
17 33
17 35
17 36
17 38
17 51
17 54
18 20
18 21
18 23
18 24
18 26
18 28
18 29
18 30
18 31
18 34
18 40
18 41
18 43
18 44
18 47
18 48
18 52
18 53
19 21
19 23
19 25
19 26
19 28
19 29
19 30
19 33
19 34
19 35
19 36
19 37
19 38
19 39
19 40
19 42
19 45
19 46
19 49
19 50
19 55
19 56
20 21
20 23
20 24
20 26
20 28
20 29
20 30
20 31
20 34
20 40
20 41
20 43
20 44
20 47
20 48
20 49
20 50
20 52
20 53
20 61
21 23
21 24
21 26
21 28
21 29
21 30
21 31
21 34
21 37
21 39
21 40
21 41
21 42
21 43
21 44
21 45
21 46
21 47
21 48
21 49
21 50
21 52
21 55
21 56
21 57
22 25
22 27
22 32
22 33
22 35
22 36
22 37
22 38
22 51
22 54
22 59
22 60
23 24
23 26
23 28
23 29
23 30
23 31
23 34
23 37
23 39
23 40
23 41
23 42
23 43
23 44
23 45
23 46
23 47
23 48
23 49
23 50
23 52
23 53
23 55
23 56
23 57
24 26
24 28
24 29
24 30
24 31
24 34
24 40
24 41
24 43
24 44
24 47
24 48
24 49
24 50
24 52
24 53
24 61
24 63
24 64
25 27
25 32
25 33
25 35
25 36
25 37
25 38
25 39
25 46
25 51
25 54
25 58
25 59
25 60
25 62
26 28
26 29
26 30
26 31
26 34
26 37
26 39
26 40
26 41
26 42
26 43
26 44
26 45
26 46
26 47
26 48
26 49
26 50
26 52
26 53
26 55
26 56
26 57
27 32
27 33
27 35
27 36
27 37
27 38
27 51
27 54
27 58
27 59
27 60
27 62
28 29
28 30
28 31
28 34
28 37
28 39
28 40
28 41
28 42
28 43
28 44
28 45
28 46
28 47
28 48
28 49
28 50
28 52
28 53
28 55
28 56
28 57
28 61
29 30
29 31
29 34
29 37
29 39
29 40
29 41
29 42
29 43
29 44
29 45
29 46
29 47
29 48
29 49
29 50
29 52
29 53
29 55
29 56
29 57
30 31
30 34
30 37
30 39
30 40
30 41
30 42
30 43
30 44
30 45
30 46
30 47
30 48
30 49
30 50
30 52
30 53
30 55
30 56
30 57
30 61
30 63
30 64
31 34
31 40
31 41
31 43
31 44
31 47
31 48
31 49
31 50
31 52
31 53
31 61
31 63
31 64
31 67
32 33
32 35
32 36
32 37
32 38
32 51
32 54
32 59
32 60
32 62
33 35
33 36
33 37
33 38
33 39
33 42
33 45
33 46
33 51
33 54
33 58
33 59
33 60
33 62
33 65
33 66
34 37
34 39
34 40
34 41
34 42
34 43
34 44
34 45
34 46
34 47
34 48
34 49
34 50
34 52
34 53
34 55
34 56
34 57
34 61
34 63
34 64
34 67
34 68
34 69
35 36
35 37
35 38
35 39
35 42
35 45
35 46
35 51
35 54
35 58
35 59
35 60
35 62
35 65
35 66
35 70
36 37
36 38
36 39
36 42
36 45
36 46
36 51
36 54
36 58
36 59
36 60
36 62
36 65
36 66
36 70
37 38
37 39
37 40
37 42
37 45
37 46
37 49
37 50
37 51
37 54
37 55
37 56
37 57
37 58
37 59
37 62
37 65
37 66
37 68
37 71
37 73
38 39
38 42
38 45
38 46
38 51
38 54
38 57
38 58
38 59
38 60
38 62
38 65
38 66
38 70
38 72
38 75
38 76
39 40
39 42
39 45
39 46
39 47
39 49
39 50
39 51
39 54
39 55
39 56
39 57
39 58
39 62
39 65
39 66
39 68
39 69
39 71
39 73
40 41
40 42
40 43
40 44
40 45
40 46
40 47
40 48
40 49
40 50
40 52
40 53
40 55
40 56
40 57
40 58
40 61
40 63
40 64
40 65
40 66
40 67
40 68
40 69
40 71
40 73
40 74
40 77
41 43
41 44
41 47
41 48
41 49
41 50
41 52
41 53
41 55
41 61
41 63
41 64
41 67
42 43
42 45
42 46
42 47
42 48
42 49
42 50
42 52
42 55
42 56
42 57
42 58
42 62
42 65
42 66
42 67
42 68
42 69
42 71
42 73
42 74
42 77
43 44
43 47
43 48
43 49
43 50
43 52
43 53
43 55
43 56
43 57
43 61
43 63
43 64
43 67
43 69
43 74
43 82
44 47
44 48
44 49
44 50
44 52
44 53
44 55
44 56
44 61
44 63
44 64
44 67
44 82
45 46
45 47
45 49
45 50
45 51
45 54
45 55
45 56
45 57
45 58
45 59
45 62
45 65
45 66
45 68
45 69
45 70
45 71
45 73
45 74
45 77
45 78
45 79
46 47
46 49
46 50
46 51
46 54
46 55
46 56
46 57
46 58
46 59
46 62
46 65
46 66
46 68
46 69
46 70
46 71
46 73
46 74
46 76
46 77
46 78
46 79
47 48
47 49
47 50
47 52
47 53
47 55
47 56
47 57
47 61
47 63
47 64
47 67
47 68
47 69
47 71
47 74
47 77
47 82
47 83
47 84
48 49
48 50
48 52
48 53
48 55
48 56
48 57
48 61
48 63
48 64
48 67
48 69
48 74
48 82
49 50
49 52
49 53
49 55
49 56
49 57
49 61
49 63
49 64
49 65
49 66
49 67
49 68
49 69
49 71
49 73
49 74
49 77
49 83
49 84
50 52
50 53
50 55
50 56
50 57
50 58
50 61
50 63
50 64
50 65
50 66
50 67
50 68
50 69
50 71
50 73
50 74
50 77
50 83
50 84
50 87
51 54
51 58
51 59
51 60
51 62
51 65
51 66
51 70
51 72
51 75
51 76
51 78
51 79
51 80
51 81
52 53
52 55
52 56
52 57
52 61
52 63
52 64
52 67
52 69
52 74
52 82
52 83
52 84
52 86
53 55
53 56
53 57
53 61
53 63
53 64
53 67
53 69
53 74
53 82
53 83
53 84
53 86
54 58
54 59
54 60
54 62
54 65
54 66
54 70
54 72
54 73
54 75
54 76
54 78
54 79
54 80
54 81
54 85
54 88
54 90
54 91
55 56
55 57
55 58
55 61
55 62
55 63
55 64
55 65
55 66
55 67
55 68
55 69
55 71
55 73
55 74
55 77
55 83
55 84
55 87
55 89
56 57
56 58
56 61
56 62
56 63
56 64
56 65
56 66
56 67
56 68
56 69
56 71
56 73
56 74
56 77
56 83
56 84
56 87
56 89
57 58
57 61
57 62
57 63
57 64
57 65
57 66
57 67
57 68
57 69
57 71
57 73
57 74
57 76
57 77
57 78
57 79
57 83
57 84
57 85
57 87
57 89
57 93
57 96
58 59
58 60
58 62
58 65
58 66
58 68
58 69
58 70
58 71
58 72
58 73
58 75
58 76
58 77
58 78
58 79
58 80
58 81
58 85
58 88
58 90
58 93
59 60
59 62
59 65
59 66
59 70
59 72
59 73
59 75
59 76
59 78
59 79
59 80
59 81
59 85
59 88
59 90
59 91
59 93
59 97
59 99
60 62
60 65
60 66
60 70
60 72
60 75
60 76
60 78
60 79
60 80
60 81
60 88
60 90
60 91
60 97
61 63
61 64
61 67
61 68
61 69
61 71
61 74
61 77
61 82
61 83
61 84
61 86
61 87
61 89
61 92
61 94
61 95
62 65
62 66
62 68
62 69
62 70
62 71
62 72
62 73
62 75
62 76
62 77
62 78
62 79
62 80
62 81
62 85
62 88
62 90
62 91
62 93
62 99
63 64
63 67
63 68
63 69
63 71
63 74
63 77
63 82
63 83
63 84
63 86
63 87
63 89
63 92
63 94
63 95
64 67
64 68
64 69
64 71
64 74
64 77
64 82
64 83
64 84
64 86
64 87
64 89
64 92
64 94
64 95
65 66
65 68
65 69
65 70
65 71
65 72
65 73
65 74
65 75
65 76
65 77
65 78
65 79
65 80
65 81
65 85
65 88
65 90
65 93
65 96
66 68
66 69
66 70
66 71
66 72
66 73
66 74
66 75
66 76
66 77
66 78
66 79
66 80
66 81
66 85
66 88
66 90
66 93
66 96
67 68
67 69
67 71
67 74
67 77
67 82
67 83
67 84
67 86
67 87
67 89
67 92
67 94
67 95
67 98
68 69
68 70
68 71
68 73
68 74
68 75
68 76
68 77
68 78
68 79
68 80
68 82
68 83
68 84
68 85
68 87
68 88
68 89
68 90
68 93
68 96
68 98
69 71
69 73
69 74
69 77
69 78
69 79
69 82
69 83
69 84
69 85
69 86
69 87
69 89
69 92
69 93
69 94
69 96
69 98
70 72
70 73
70 75
70 76
70 78
70 79
70 80
70 81
70 85
70 88
70 90
70 91
70 93
70 97
70 99
71 73
71 74
71 75
71 76
71 77
71 78
71 79
71 80
71 82
71 83
71 84
71 85
71 87
71 88
71 89
71 90
71 93
71 96
71 98
72 75
72 76
72 78
72 79
72 80
72 81
72 85
72 88
72 90
72 91
72 93
72 97
72 99
73 74
73 75
73 76
73 77
73 78
73 79
73 80
73 81
73 83
73 84
73 85
73 87
73 88
73 89
73 90
73 93
73 96
73 98
74 77
74 82
74 83
74 84
74 86
74 87
74 89
74 92
74 93
74 94
74 95
74 96
74 98
75 76
75 78
75 79
75 80
75 81
75 85
75 88
75 90
75 91
75 93
75 96
75 97
75 99
76 78
76 79
76 80
76 81
76 85
76 88
76 90
76 91
76 93
76 96
76 97
76 99
77 78
77 79
77 82
77 83
77 84
77 85
77 86
77 87
77 88
77 89
77 92
77 93
77 94
77 96
77 98
78 79
78 80
78 81
78 85
78 88
78 90
78 91
78 93
78 96
78 97
78 99
79 80
79 81
79 85
79 88
79 90
79 91
79 93
79 96
79 97
79 99
80 81
80 85
80 88
80 90
80 91
80 93
80 96
80 97
80 99
81 85
81 88
81 90
81 91
81 93
81 97
81 99
82 83
82 84
82 86
82 87
82 89
82 92
82 94
82 95
82 98
83 84
83 86
83 87
83 89
83 92
83 94
83 95
83 96
83 98
84 86
84 87
84 89
84 92
84 94
84 95
84 96
84 98
85 88
85 90
85 91
85 93
85 96
85 97
85 99
86 87
86 89
86 92
86 94
86 95
86 98
87 89
87 92
87 93
87 94
87 95
87 96
87 98
88 90
88 91
88 93
88 96
88 97
88 99
89 92
89 93
89 94
89 95
89 96
89 98
90 91
90 93
90 96
90 97
90 99
91 93
91 97
91 99
92 94
92 95
92 98
93 96
93 97
93 98
93 99
94 95
94 98
95 98
96 98
96 99
97 99
