0 1
0 6
0 7
0 9
0 10
0 11
0 13
0 14
0 15
0 16
0 25
1 9
1 10
1 13
1 14
1 15
1 16
1 24
1 26
2 3
2 4
2 5
2 8
2 12
2 17
2 18
2 20
2 21
2 22
2 28
3 4
3 5
3 6
3 7
3 8
3 11
3 12
3 19
3 20
3 23
3 27
3 32
4 5
4 6
4 7
4 8
4 11
4 12
4 17
4 18
4 19
4 20
4 21
4 23
4 27
4 32
5 6
5 7
5 8
5 11
5 12
5 13
5 16
5 19
5 20
5 23
5 27
5 29
5 32
6 7
6 11
6 13
6 15
6 16
6 19
6 25
6 27
6 29
6 31
6 33
7 8
7 11
7 13
7 15
7 16
7 19
7 23
7 25
7 27
7 29
7 31
7 32
7 33
8 11
8 12
8 17
8 18
8 19
8 20
8 21
8 22
8 23
8 28
8 30
8 35
9 10
9 13
9 14
9 15
9 16
9 24
9 26
10 13
10 14
10 15
10 24
10 26
11 13
11 15
11 16
11 19
11 20
11 23
11 25
11 27
11 29
11 31
11 32
11 33
11 34
12 17
12 18
12 20
12 21
12 22
12 23
12 28
12 30
12 32
12 35
12 36
12 37
13 14
13 15
13 16
13 19
13 25
13 26
13 27
13 29
13 31
13 33
13 34
13 39
13 40
14 15
14 24
14 26
14 38
14 43
15 16
15 19
15 24
15 25
15 26
15 27
15 29
15 31
15 33
15 39
15 40
16 19
16 25
16 26
16 27
16 29
16 31
16 33
16 34
16 39
16 40
17 18
17 20
17 21
17 22
17 23
17 28
17 30
17 35
17 36
17 37
17 42
18 20
18 21
18 22
18 23
18 28
18 30
18 32
18 35
18 36
18 37
18 41
18 42
19 20
19 21
19 23
19 25
19 27
19 29
19 30
19 31
19 32
19 33
19 34
19 40
20 21
20 22
20 23
20 27
20 28
20 29
20 30
20 32
20 35
20 36
20 37
20 41
20 42
20 44
20 46
21 22
21 23
21 28
21 30
21 32
21 35
21 36
21 37
21 41
21 42
21 44
21 46
22 23
22 28
22 30
22 32
22 35
22 36
22 37
22 41
22 42
22 44
22 50
22 53
22 54
23 27
23 28
23 29
23 30
23 32
23 33
23 34
23 35
23 36
23 37
23 41
23 44
23 46
23 58
23 59
24 26
24 38
24 39
24 43
24 49
25 26
25 27
25 29
25 31
25 32
25 33
25 34
25 39
25 40
25 45
25 47
25 48
25 51
25 52
25 55
25 57
25 62
26 31
26 38
26 39
26 43
26 48
26 49
26 55
26 56
26 61
27 29
27 30
27 31
27 32
27 33
27 34
27 39
27 40
27 41
27 45
27 47
27 51
27 57
27 60
28 30
28 32
28 35
28 36
28 37
28 41
28 42
28 44
28 46
28 50
28 53
28 54
28 58
29 30
29 31
29 32
29 33
29 34
29 39
29 40
29 41
29 45
29 46
29 47
29 51
29 57
29 59
29 60
30 32
30 33
30 34
30 35
30 36
30 37
30 41
30 42
30 44
30 46
30 50
30 53
30 54
30 58
30 59
31 32
31 33
31 34
31 39
31 40
31 45
31 47
31 48
31 49
31 51
31 52
31 55
31 56
31 57
31 62
32 33
32 34
32 35
32 36
32 37
32 40
32 41
32 44
32 45
32 46
32 47
32 51
32 57
32 58
32 59
32 60
32 64
33 34
33 39
33 40
33 41
33 45
33 47
33 51
33 52
33 55
33 57
33 59
33 60
33 62
34 39
34 40
34 41
34 45
34 46
34 47
34 51
34 52
34 55
34 57
34 58
34 59
34 60
34 62
34 65
34 67
34 68
35 36
35 37
35 41
35 42
35 44
35 46
35 50
35 53
35 54
35 58
35 59
35 63
35 64
36 37
36 41
36 42
36 44
36 46
36 50
36 53
36 54
36 58
36 59
36 63
36 64
36 66
36 71
36 73
37 41
37 42
37 44
37 46
37 50
37 53
37 54
37 58
37 59
37 60
37 63
37 64
37 66
37 67
37 69
37 71
37 72
37 73
38 39
38 43
38 48
38 49
38 52
38 55
38 56
38 61
39 40
39 43
39 45
39 47
39 48
39 49
39 51
39 52
39 55
39 56
39 57
39 61
39 62
39 65
40 45
40 47
40 48
40 49
40 51
40 52
40 55
40 56
40 57
40 59
40 60
40 61
40 62
40 65
40 67
40 68
40 70
41 42
41 44
41 45
41 46
41 50
41 51
41 53
41 54
41 57
41 58
41 59
41 60
41 63
41 64
41 66
41 67
41 68
41 69
41 71
41 72
41 73
42 44
42 46
42 50
42 53
42 54
42 58
42 63
42 64
42 71
42 73
43 48
43 49
43 52
43 55
43 56
43 61
44 46
44 50
44 53
44 54
44 58
44 59
44 60
44 63
44 64
44 66
44 67
44 69
44 71
44 72
44 73
44 78
45 46
45 47
45 48
45 49
45 51
45 52
45 55
45 56
45 57
45 58
45 59
45 60
45 62
45 64
45 65
45 66
45 67
45 68
45 69
45 70
45 75
46 50
46 51
46 53
46 54
46 57
46 58
46 59
46 60
46 63
46 64
46 66
46 67
46 68
46 69
46 71
46 72
46 73
46 78
47 48
47 49
47 51
47 52
47 55
47 56
47 57
47 59
47 60
47 61
47 62
47 65
47 66
47 67
47 68
47 70
47 76
48 49
48 51
48 52
48 55
48 56
48 57
48 61
48 62
48 65
48 70
48 74
48 76
48 77
48 79
48 80
49 52
49 55
49 56
49 57
49 61
49 62
49 65
49 70
49 74
49 76
49 77
49 79
49 80
50 53
50 54
50 58
50 63
50 64
50 71
50 72
50 73
51 52
51 55
51 56
51 57
51 58
51 59
51 60
51 62
51 64
51 65
51 66
51 67
51 68
51 69
51 70
51 75
52 55
52 56
52 57
52 60
52 61
52 62
52 65
52 68
52 70
52 74
52 76
52 77
52 79
52 80
52 81
52 82
53 54
53 58
53 59
53 63
53 64
53 71
53 72
53 73
54 58
54 59
54 63
54 64
54 66
54 69
54 71
54 72
54 73
55 56
55 57
55 60
55 61
55 62
55 65
55 68
55 70
55 74
55 76
55 77
55 79
55 80
55 81
55 82
56 57
56 61
56 62
56 65
56 70
56 74
56 76
56 77
56 79
56 80
56 82
56 83
56 84
57 58
57 59
57 60
57 62
57 64
57 65
57 66
57 67
57 68
57 69
57 70
57 75
57 81
57 85
58 59
58 60
58 63
58 64
58 66
58 67
58 68
58 69
58 71
58 72
58 73
58 75
58 78
58 87
59 60
59 63
59 64
59 66
59 67
59 68
59 69
59 70
59 71
59 72
59 73
59 75
59 78
59 87
60 62
60 64
60 65
60 66
60 67
60 68
60 69
60 70
60 71
60 72
60 75
60 78
61 62
61 65
61 70
61 74
61 76
61 77
61 79
61 80
61 82
61 83
61 84
62 65
62 67
62 68
62 70
62 74
62 76
62 77
62 79
62 80
62 81
62 82
62 86
63 64
63 66
63 69
63 71
63 72
63 73
63 78
63 88
64 66
64 67
64 68
64 69
64 70
64 71
64 72
64 73
64 75
64 78
64 87
65 67
65 68
65 70
65 74
65 75
65 76
65 77
65 79
65 80
65 81
65 82
65 83
65 84
65 85
65 86
65 89
65 90
65 91
66 67
66 68
66 69
66 70
66 71
66 72
66 73
66 75
66 78
66 87
66 93
66 94
66 95
67 68
67 69
67 70
67 71
67 72
67 73
67 75
67 78
67 81
67 85
67 87
67 93
67 94
67 95
68 69
68 70
68 71
68 72
68 75
68 78
68 79
68 81
68 82
68 85
68 86
68 87
68 89
68 90
68 93
68 94
69 70
69 71
69 72
69 73
69 75
69 78
69 85
69 87
69 92
69 93
69 94
69 95
70 75
70 76
70 77
70 79
70 80
70 81
70 82
70 85
70 86
70 89
70 90
70 91
71 72
71 73
71 75
71 78
71 87
71 88
71 92
71 93
71 94
71 95
71 96
72 73
72 75
72 78
72 87
72 88
72 92
72 93
72 94
72 95
72 96
72 98
73 75
73 78
73 87
73 88
73 92
73 93
73 94
73 95
73 96
74 76
74 77
74 79
74 80
74 81
74 82
74 83
74 84
74 86
74 91
74 97
74 100
75 78
75 79
75 81
75 82
75 85
75 86
75 87
75 89
75 90
75 91
75 92
75 93
75 94
75 95
75 98
75 99
76 77
76 79
76 80
76 81
76 82
76 83
76 84
76 85
76 86
76 89
76 90
76 91
76 97
77 79
77 80
77 81
77 82
77 83
77 84
77 85
77 86
77 89
77 90
77 91
77 97
78 85
78 87
78 88
78 92
78 93
78 94
78 95
78 96
78 98
78 99
79 80
79 81
79 82
79 83
79 84
79 85
79 86
79 89
79 90
79 91
79 97
80 81
80 82
80 83
80 84
80 85
80 86
80 89
80 90
80 91
80 97
80 100
81 82
81 83
81 84
81 85
81 86
81 89
81 90
81 91
81 93
81 94
81 95
81 97
81 99
82 83
82 84
82 85
82 86
82 89
82 90
82 91
82 97
83 84
83 85
83 86
83 89
83 90
83 91
83 97
83 100
84 85
84 86
84 89
84 90
84 91
84 97
84 100
85 86
85 87
85 89
85 90
85 91
85 93
85 94
85 95
85 98
85 99
86 89
86 90
86 91
86 93
86 94
86 95
86 97
86 98
86 99
87 88
87 92
87 93
87 94
87 95
87 96
87 98
87 99
88 92
88 93
88 94
88 95
88 96
89 90
89 91
89 93
89 94
89 95
89 97
89 98
89 99
90 91
90 93
90 94
90 95
90 97
90 98
90 99
91 97
91 99
92 93
92 94
92 95
92 96
92 98
92 99
93 94
93 95
93 96
93 98
93 99
94 95
94 96
94 98
94 99
95 96
95 98
95 99
96 98
96 99
97 100
98 99
