0 1
0 2
0 3
0 4
0 5
0 6
0 7
0 8
0 9
0 10
0 11
0 12
0 13
0 14
0 15
0 16
0 17
0 18
0 19
0 20
0 21
0 22
0 23
0 24
0 25
0 26
0 27
0 28
0 29
0 30
0 31
0 32
0 34
0 37
0 41
0 43
0 45
0 47
1 2
1 3
1 5
1 6
1 7
1 8
1 11
1 14
1 15
1 16
1 20
1 22
1 23
1 25
1 27
1 29
1 30
1 32
1 34
1 38
1 39
1 42
1 43
1 46
1 48
1 50
2 3
2 5
2 6
2 7
2 8
2 11
2 14
2 15
2 16
2 17
2 19
2 20
2 22
2 23
2 24
2 25
2 26
2 27
2 29
2 30
2 32
2 34
2 37
2 38
2 39
2 42
2 43
2 46
2 47
2 48
2 50
2 53
3 4
3 5
3 6
3 7
3 8
3 10
3 11
3 14
3 15
3 16
3 17
3 18
3 19
3 20
3 22
3 23
3 24
3 25
3 26
3 27
3 29
3 30
3 32
3 34
3 37
3 38
3 39
3 42
3 43
3 46
3 47
3 48
3 53
4 6
4 8
4 9
4 10
4 11
4 12
4 13
4 15
4 17
4 18
4 19
4 20
4 21
4 22
4 23
4 24
4 25
4 26
4 28
4 29
4 30
4 31
4 32
4 33
4 34
4 35
4 36
4 37
4 40
4 41
4 44
4 45
4 49
4 51
4 52
4 54
5 6
5 7
5 8
5 10
5 11
5 14
5 15
5 16
5 17
5 18
5 19
5 20
5 22
5 23
5 24
5 25
5 26
5 27
5 29
5 30
5 32
5 34
5 37
5 38
5 39
5 42
5 43
5 46
5 47
5 48
5 50
5 53
6 7
6 8
6 9
6 10
6 11
6 13
6 14
6 15
6 16
6 17
6 18
6 19
6 20
6 21
6 22
6 23
6 24
6 25
6 26
6 27
6 28
6 29
6 30
6 31
6 32
6 34
6 37
6 38
6 39
6 41
6 43
6 44
6 45
6 46
6 47
6 52
6 55
7 8
7 11
7 14
7 15
7 16
7 20
7 22
7 23
7 25
7 27
7 29
7 30
7 32
7 34
7 38
7 39
7 42
7 43
7 46
7 48
7 50
7 53
7 56
8 9
8 10
8 11
8 13
8 14
8 15
8 16
8 17
8 18
8 19
8 20
8 21
8 22
8 23
8 24
8 25
8 26
8 27
8 28
8 29
8 30
8 32
8 34
8 37
8 38
8 39
8 41
8 42
8 43
8 45
8 46
8 47
8 53
8 55
9 10
9 11
9 12
9 13
9 15
9 17
9 18
9 19
9 20
9 21
9 22
9 23
9 24
9 25
9 26
9 28
9 29
9 31
9 32
9 33
9 35
9 36
9 37
9 40
9 41
9 44
9 45
9 49
9 51
9 52
9 54
9 57
10 11
10 12
10 13
10 15
10 17
10 18
10 19
10 20
10 21
10 22
10 23
10 24
10 25
10 26
10 28
10 29
10 30
10 31
10 32
10 33
10 34
10 35
10 36
10 37
10 40
10 41
10 44
10 45
10 47
10 49
10 51
10 52
10 54
10 55
10 57
10 58
11 12
11 13
11 14
11 15
11 16
11 17
11 18
11 19
11 20
11 21
11 22
11 23
11 24
11 25
11 26
11 27
11 28
11 29
11 30
11 31
11 32
11 33
11 34
11 35
11 36
11 37
11 38
11 39
11 40
11 41
11 43
11 44
11 45
11 46
11 47
11 49
11 51
11 52
11 53
11 54
11 55
11 57
11 58
11 60
12 13
12 17
12 18
12 19
12 20
12 21
12 23
12 24
12 26
12 28
12 29
12 31
12 33
12 35
12 36
12 37
12 40
12 41
12 44
12 45
12 49
12 51
12 52
12 54
12 57
12 62
13 15
13 17
13 18
13 19
13 20
13 21
13 22
13 23
13 24
13 25
13 26
13 28
13 29
13 30
13 31
13 32
13 33
13 34
13 35
13 36
13 37
13 40
13 41
13 44
13 45
13 47
13 49
13 51
13 52
13 54
13 55
13 57
13 58
13 65
14 15
14 16
14 17
14 19
14 20
14 22
14 23
14 24
14 25
14 26
14 27
14 29
14 30
14 32
14 34
14 37
14 38
14 39
14 42
14 43
14 46
14 47
14 48
14 50
14 53
14 55
14 56
14 59
14 63
14 64
14 66
15 16
15 17
15 18
15 19
15 20
15 21
15 22
15 23
15 24
15 25
15 26
15 27
15 28
15 29
15 30
15 31
15 32
15 34
15 35
15 37
15 38
15 39
15 40
15 41
15 42
15 43
15 44
15 45
15 46
15 47
15 48
15 49
15 50
15 51
15 52
15 53
15 54
15 55
15 58
15 60
15 61
15 63
16 17
16 19
16 20
16 22
16 23
16 24
16 25
16 26
16 27
16 29
16 30
16 32
16 34
16 37
16 38
16 39
16 42
16 43
16 46
16 47
16 48
16 50
16 53
16 55
16 56
16 59
16 61
16 63
16 64
16 66
17 18
17 19
17 20
17 21
17 22
17 23
17 24
17 25
17 26
17 28
17 29
17 30
17 31
17 32
17 33
17 34
17 35
17 36
17 37
17 40
17 41
17 43
17 44
17 45
17 46
17 47
17 49
17 51
17 52
17 53
17 54
17 55
17 57
17 58
17 60
17 67
18 19
18 20
18 21
18 22
18 23
18 24
18 25
18 26
18 28
18 29
18 30
18 31
18 32
18 33
18 34
18 35
18 36
18 37
18 40
18 41
18 44
18 45
18 47
18 49
18 51
18 52
18 54
18 55
18 57
18 58
18 60
18 65
18 67
19 20
19 21
19 22
19 23
19 24
19 25
19 26
19 28
19 29
19 30
19 31
19 32
19 33
19 34
19 35
19 36
19 37
19 40
19 41
19 43
19 44
19 45
19 46
19 47
19 49
19 51
19 52
19 53
19 54
19 55
19 57
19 58
19 60
19 61
19 67
19 69
20 21
20 22
20 23
20 24
20 25
20 26
20 27
20 28
20 29
20 30
20 31
20 32
20 33
20 34
20 35
20 36
20 37
20 38
20 39
20 40
20 41
20 42
20 43
20 44
20 45
20 46
20 47
20 49
20 51
20 52
20 53
20 54
20 55
20 57
20 58
20 60
20 61
20 67
20 68
21 22
21 23
21 24
21 25
21 26
21 28
21 29
21 30
21 31
21 32
21 33
21 34
21 35
21 36
21 37
21 40
21 41
21 44
21 45
21 47
21 49
21 51
21 52
21 54
21 55
21 57
21 58
21 62
21 65
21 67
22 23
22 24
22 25
22 26
22 27
22 28
22 29
22 30
22 31
22 32
22 34
22 35
22 36
22 37
22 38
22 39
22 40
22 41
22 42
22 43
22 44
22 45
22 46
22 47
22 48
22 49
22 50
22 51
22 52
22 53
22 54
22 55
22 57
22 58
22 60
22 61
22 63
22 66
22 68
22 70
23 24
23 25
23 26
23 27
23 28
23 29
23 30
23 31
23 32
23 33
23 34
23 35
23 36
23 37
23 38
23 39
23 40
23 41
23 42
23 43
23 44
23 45
23 46
23 47
23 48
23 49
23 50
23 51
23 52
23 53
23 54
23 55
23 57
23 58
23 60
23 61
23 63
23 67
23 68
23 69
23 70
24 25
24 26
24 27
24 28
24 29
24 30
24 31
24 32
24 33
24 34
24 35
24 36
24 37
24 38
24 39
24 40
24 41
24 43
24 44
24 45
24 46
24 47
24 49
24 51
24 52
24 53
24 54
24 55
24 57
24 58
24 60
24 61
24 67
24 68
24 69
24 70
25 26
25 27
25 28
25 29
25 30
25 31
25 32
25 34
25 35
25 36
25 37
25 38
25 39
25 40
25 41
25 42
25 43
25 44
25 45
25 46
25 47
25 48
25 49
25 50
25 51
25 52
25 53
25 54
25 55
25 56
25 57
25 58
25 60
25 61
25 63
25 66
25 68
25 70
25 73
26 27
26 28
26 29
26 30
26 31
26 32
26 33
26 34
26 35
26 36
26 37
26 38
26 39
26 40
26 41
26 43
26 44
26 45
26 46
26 47
26 49
26 51
26 52
26 53
26 54
26 55
26 57
26 58
26 60
26 61
26 65
26 67
26 68
26 69
26 70
26 73
27 29
27 30
27 32
27 34
27 37
27 38
27 39
27 42
27 43
27 46
27 47
27 48
27 50
27 53
27 55
27 56
27 59
27 60
27 61
27 63
27 64
27 66
27 71
27 72
28 29
28 30
28 31
28 32
28 33
28 34
28 35
28 36
28 37
28 40
28 41
28 44
28 45
28 47
28 49
28 51
28 52
28 54
28 55
28 57
28 58
28 60
28 62
28 65
28 67
28 68
28 69
28 75
29 30
29 31
29 32
29 33
29 34
29 35
29 36
29 37
29 38
29 39
29 40
29 41
29 42
29 43
29 44
29 45
29 46
29 47
29 49
29 50
29 51
29 52
29 53
29 54
29 55
29 57
29 58
29 60
29 61
29 63
29 66
29 67
29 68
29 69
29 70
29 73
30 31
30 32
30 34
30 37
30 38
30 39
30 40
30 41
30 42
30 43
30 44
30 45
30 46
30 47
30 48
30 50
30 51
30 52
30 53
30 54
30 55
30 56
30 57
30 58
30 59
30 60
30 61
30 63
30 64
30 66
30 68
30 70
30 72
30 73
31 32
31 33
31 34
31 35
31 36
31 37
31 40
31 41
31 44
31 45
31 47
31 49
31 51
31 52
31 54
31 55
31 57
31 58
31 60
31 62
31 65
31 67
31 68
31 69
31 74
31 75
31 77
32 34
32 35
32 36
32 37
32 38
32 39
32 40
32 41
32 42
32 43
32 44
32 45
32 46
32 47
32 48
32 49
32 50
32 51
32 52
32 53
32 54
32 55
32 56
32 57
32 58
32 59
32 60
32 61
32 63
32 64
32 66
32 67
32 68
32 69
32 70
32 72
32 73
32 76
32 78
32 79
33 35
33 36
33 37
33 40
33 41
33 44
33 45
33 49
33 51
33 52
33 54
33 57
33 58
33 62
33 65
33 67
33 69
33 74
33 75
33 77
34 37
34 38
34 39
34 40
34 41
34 42
34 43
34 44
34 45
34 46
34 47
34 48
34 49
34 50
34 51
34 52
34 53
34 54
34 55
34 56
34 57
34 58
34 59
34 60
34 61
34 63
34 64
34 66
34 67
34 68
34 69
34 70
34 71
34 72
34 73
34 76
34 78
34 79
35 36
35 37
35 40
35 41
35 44
35 45
35 47
35 49
35 51
35 52
35 54
35 55
35 57
35 58
35 60
35 62
35 65
35 67
35 69
35 74
35 75
35 77
36 37
36 40
36 41
36 44
36 45
36 47
36 49
36 51
36 52
36 54
36 55
36 57
36 58
36 62
36 65
36 67
36 69
36 74
36 75
36 77
36 80
37 38
37 39
37 40
37 41
37 42
37 43
37 44
37 45
37 46
37 47
37 48
37 49
37 50
37 51
37 52
37 53
37 54
37 55
37 57
37 58
37 60
37 61
37 63
37 65
37 66
37 67
37 68
37 69
37 70
37 73
37 75
37 76
37 78
37 79
37 81
37 84
38 39
38 41
38 42
38 43
38 45
38 46
38 47
38 48
38 50
38 53
38 55
38 56
38 59
38 60
38 61
38 63
38 64
38 66
38 68
38 70
38 71
38 72
38 73
38 82
38 83
39 41
39 42
39 43
39 45
39 46
39 47
39 48
39 50
39 53
39 55
39 56
39 59
39 60
39 61
39 63
39 64
39 66
39 68
39 70
39 71
39 72
39 73
39 79
39 82
39 83
39 85
39 88
40 41
40 44
40 45
40 47
40 49
40 51
40 52
40 54
40 55
40 57
40 58
40 60
40 61
40 62
40 65
40 67
40 68
40 69
40 70
40 73
40 74
40 75
40 76
40 77
40 80
40 81
41 43
41 44
41 45
41 46
41 47
41 49
41 51
41 52
41 53
41 54
41 55
41 57
41 58
41 60
41 61
41 62
41 63
41 65
41 66
41 67
41 68
41 69
41 70
41 73
41 74
41 75
41 76
41 77
41 78
41 79
41 80
41 81
41 84
42 43
42 46
42 47
42 48
42 50
42 53
42 55
42 56
42 59
42 60
42 61
42 63
42 64
42 66
42 68
42 70
42 71
42 72
42 73
42 79
42 82
42 83
42 85
42 88
43 45
43 46
43 47
43 48
43 50
43 51
43 52
43 53
43 55
43 56
43 58
43 59
43 60
43 61
43 63
43 64
43 66
43 68
43 69
43 70
43 71
43 72
43 73
43 76
43 78
43 79
43 82
43 83
43 85
43 86
43 88
43 89
44 45
44 47
44 49
44 51
44 52
44 54
44 55
44 57
44 58
44 60
44 61
44 62
44 65
44 67
44 68
44 69
44 70
44 73
44 74
44 75
44 76
44 77
44 78
44 80
44 81
44 84
45 46
45 47
45 49
45 51
45 52
45 53
45 54
45 55
45 57
45 58
45 60
45 61
45 62
45 63
45 65
45 66
45 67
45 68
45 69
45 70
45 73
45 74
45 75
45 76
45 77
45 78
45 79
45 80
45 81
45 84
45 86
46 47
46 48
46 50
46 51
46 52
46 53
46 55
46 56
46 58
46 59
46 60
46 61
46 63
46 64
46 66
46 67
46 68
46 69
46 70
46 71
46 72
46 73
46 76
46 78
46 79
46 81
46 82
46 83
46 84
46 85
46 86
46 88
46 89
47 48
47 49
47 50
47 51
47 52
47 53
47 54
47 55
47 56
47 57
47 58
47 59
47 60
47 61
47 63
47 64
47 65
47 66
47 67
47 68
47 69
47 70
47 71
47 72
47 73
47 75
47 76
47 78
47 79
47 80
47 81
47 84
47 85
47 86
47 89
48 50
48 53
48 55
48 56
48 59
48 60
48 61
48 63
48 64
48 66
48 68
48 70
48 71
48 72
48 73
48 79
48 82
48 83
48 85
48 86
48 88
48 89
48 90
49 51
49 52
49 54
49 55
49 57
49 58
49 60
49 61
49 62
49 65
49 67
49 68
49 69
49 70
49 73
49 74
49 75
49 76
49 77
49 78
49 80
49 81
49 87
50 53
50 55
50 56
50 59
50 60
50 61
50 63
50 64
50 66
50 68
50 70
50 71
50 72
50 73
50 79
50 82
50 83
50 85
50 86
50 88
50 89
50 90
50 94
51 52
51 53
51 54
51 55
51 57
51 58
51 60
51 61
51 62
51 63
51 65
51 67
51 68
51 69
51 70
51 73
51 74
51 75
51 76
51 77
51 78
51 79
51 80
51 81
51 84
51 92
52 53
52 54
52 55
52 57
52 58
52 60
52 61
52 62
52 63
52 65
52 66
52 67
52 68
52 69
52 70
52 73
52 74
52 75
52 76
52 77
52 78
52 79
52 80
52 81
52 84
52 86
52 92
53 54
53 55
53 56
53 57
53 58
53 59
53 60
53 61
53 63
53 64
53 66
53 67
53 68
53 69
53 70
53 71
53 72
53 73
53 76
53 78
53 79
53 81
53 82
53 83
53 84
53 85
53 86
53 88
53 89
53 90
53 93
53 94
54 55
54 57
54 58
54 60
54 61
54 62
54 65
54 67
54 68
54 69
54 70
54 73
54 74
54 75
54 76
54 77
54 78
54 79
54 80
54 81
54 84
54 87
54 92
54 95
54 98
55 56
55 57
55 58
55 59
55 60
55 61
55 63
55 64
55 65
55 66
55 67
55 68
55 69
55 70
55 71
55 72
55 73
55 74
55 75
55 76
55 78
55 79
55 80
55 81
55 82
55 84
55 85
55 86
55 89
55 92
55 93
55 96
55 100
56 59
56 60
56 61
56 63
56 64
56 66
56 68
56 70
56 71
56 72
56 73
56 79
56 82
56 83
56 85
56 86
56 88
56 89
56 90
56 94
57 58
57 60
57 61
57 62
57 65
57 67
57 68
57 69
57 70
57 73
57 74
57 75
57 76
57 77
57 78
57 79
57 80
57 81
57 84
57 87
57 91
57 92
57 95
57 97
57 98
58 60
58 61
58 62
58 63
58 65
58 66
58 67
58 68
58 69
58 70
58 73
58 74
58 75
58 76
58 77
58 78
58 79
58 80
58 81
58 84
58 85
58 86
58 87
58 89
58 92
58 95
58 96
58 98
58 100
59 60
59 61
59 63
59 64
59 66
59 68
59 70
59 71
59 72
59 73
59 78
59 79
59 82
59 83
59 85
59 86
59 88
59 89
59 90
59 93
59 94
60 61
60 63
60 64
60 65
60 66
60 67
60 68
60 69
60 70
60 71
60 72
60 73
60 74
60 75
60 76
60 77
60 78
60 79
60 80
60 81
60 82
60 83
60 84
60 85
60 86
60 88
60 89
60 92
60 93
60 94
60 95
60 96
60 98
60 100
61 63
61 64
61 66
61 67
61 68
61 69
61 70
61 71
61 72
61 73
61 75
61 76
61 78
61 79
61 80
61 81
61 82
61 83
61 84
61 85
61 86
61 88
61 89
61 90
61 92
61 93
61 94
61 96
61 100
62 65
62 67
62 69
62 74
62 75
62 76
62 77
62 80
62 81
62 87
62 91
62 95
62 97
62 98
62 99
63 64
63 66
63 67
63 68
63 69
63 70
63 71
63 72
63 73
63 76
63 78
63 79
63 81
63 82
63 83
63 84
63 85
63 86
63 88
63 89
63 90
63 93
63 94
63 96
63 100
64 66
64 68
64 70
64 71
64 72
64 73
64 78
64 79
64 82
64 83
64 85
64 86
64 88
64 89
64 90
64 93
64 94
65 67
65 68
65 69
65 70
65 73
65 74
65 75
65 76
65 77
65 78
65 80
65 81
65 84
65 87
65 91
65 92
65 95
65 97
65 98
65 99
66 67
66 68
66 69
66 70
66 71
66 72
66 73
66 76
66 78
66 79
66 81
66 82
66 83
66 84
66 85
66 86
66 88
66 89
66 90
66 93
66 94
66 96
66 100
67 68
67 69
67 70
67 73
67 74
67 75
67 76
67 77
67 78
67 79
67 80
67 81
67 84
67 85
67 86
67 87
67 89
67 91
67 92
67 93
67 95
67 96
67 97
67 98
67 99
67 100
68 69
68 70
68 71
68 72
68 73
68 74
68 75
68 76
68 77
68 78
68 79
68 80
68 81
68 82
68 83
68 84
68 85
68 86
68 88
68 89
68 90
68 92
68 93
68 94
68 95
68 96
68 98
68 100
69 70
69 73
69 74
69 75
69 76
69 77
69 78
69 79
69 80
69 81
69 84
69 85
69 86
69 87
69 89
69 91
69 92
69 93
69 95
69 96
69 97
69 98
69 99
69 100
70 71
70 72
70 73
70 74
70 75
70 76
70 77
70 78
70 79
70 80
70 81
70 82
70 83
70 84
70 85
70 86
70 88
70 89
70 90
70 92
70 93
70 94
70 95
70 96
70 98
70 100
71 72
71 73
71 76
71 78
71 79
71 82
71 83
71 84
71 85
71 86
71 88
71 89
71 90
71 93
71 94
72 73
72 76
72 78
72 79
72 81
72 82
72 83
72 84
72 85
72 86
72 88
72 89
72 90
72 93
72 94
72 96
72 100
73 74
73 75
73 76
73 77
73 78
73 79
73 80
73 81
73 82
73 83
73 84
73 85
73 86
73 88
73 89
73 90
73 92
73 93
73 94
73 95
73 96
73 98
73 100
74 75
74 76
74 77
74 78
74 80
74 81
74 84
74 87
74 91
74 92
74 95
74 97
74 98
74 99
74 100
75 76
75 77
75 78
75 79
75 80
75 81
75 84
75 85
75 86
75 87
75 89
75 91
75 92
75 93
75 95
75 96
75 97
75 98
75 99
75 100
76 77
76 78
76 79
76 80
76 81
76 82
76 83
76 84
76 85
76 86
76 87
76 88
76 89
76 90
76 92
76 93
76 94
76 95
76 96
76 97
76 98
76 99
76 100
77 78
77 80
77 81
77 84
77 87
77 91
77 92
77 95
77 96
77 97
77 98
77 99
77 100
78 79
78 80
78 81
78 82
78 83
78 84
78 85
78 86
78 88
78 89
78 90
78 92
78 93
78 94
78 95
78 96
78 97
78 98
78 100
79 80
79 81
79 82
79 83
79 84
79 85
79 86
79 88
79 89
79 90
79 92
79 93
79 94
79 95
79 96
79 98
79 100
80 81
80 84
80 85
80 86
80 87
80 89
80 91
80 92
80 93
80 95
80 96
80 97
80 98
80 99
80 100
81 82
81 83
81 84
81 85
81 86
81 87
81 88
81 89
81 90
81 91
81 92
81 93
81 94
81 95
81 96
81 97
81 98
81 99
81 100
82 83
82 84
82 85
82 86
82 88
82 89
82 90
82 93
82 94
82 96
82 100
83 84
83 85
83 86
83 88
83 89
83 90
83 93
83 94
83 96
83 100
84 85
84 86
84 88
84 89
84 90
84 92
84 93
84 94
84 95
84 96
84 97
84 98
84 99
84 100
85 86
85 88
85 89
85 90
85 92
85 93
85 94
85 96
85 98
85 100
86 88
86 89
86 90
86 92
86 93
86 94
86 95
86 96
86 98
86 100
87 91
87 92
87 95
87 97
87 98
87 99
88 89
88 90
88 93
88 94
88 96
88 100
89 90
89 92
89 93
89 94
89 95
89 96
89 98
89 100
90 93
90 94
90 96
90 100
91 92
91 95
91 97
91 98
91 99
92 93
92 94
92 95
92 96
92 97
92 98
92 99
92 100
93 94
93 95
93 96
93 98
93 100
94 96
94 100
95 96
95 97
95 98
95 99
95 100
96 97
96 98
96 99
96 100
97 98
97 99
97 100
98 99
98 100
99 100
