0 2
0 4
0 17
1 12
1 13
1 18
1 21
2 4
2 5
2 6
2 7
2 8
2 17
3 5
3 6
3 7
3 8
3 11
3 14
3 15
3 16
3 19
3 20
3 23
4 17
4 21
4 22
5 6
5 7
5 8
5 11
5 15
5 16
5 20
5 23
6 7
6 8
6 11
6 15
6 16
6 19
6 20
6 23
6 26
7 8
7 11
7 15
7 16
7 19
7 20
7 23
7 26
8 11
8 15
8 17
8 20
8 23
9 10
9 11
9 14
9 16
9 19
9 20
10 11
10 14
10 16
10 19
10 20
11 14
11 15
11 16
11 19
11 20
11 23
11 26
12 13
12 18
12 21
12 22
12 24
13 18
13 21
13 22
13 24
13 25
14 15
14 16
14 19
14 20
15 16
15 19
15 20
15 23
15 26
15 27
15 28
15 29
15 30
16 19
16 20
16 23
16 26
18 21
18 22
18 24
18 25
18 33
19 20
19 23
19 26
19 29
19 32
20 23
20 26
20 27
20 28
20 29
20 30
20 37
21 22
21 24
21 25
21 31
21 33
21 38
22 24
22 25
22 31
22 33
22 38
23 26
23 27
23 28
23 29
23 30
23 37
24 25
24 31
24 33
24 36
24 38
24 40
25 31
25 33
25 35
25 36
25 38
25 39
26 27
26 28
26 29
26 30
26 37
26 41
26 42
27 28
27 29
27 30
27 37
27 41
27 42
27 43
27 50
28 29
28 30
28 37
28 41
28 43
28 50
29 30
29 37
29 41
29 42
29 43
29 48
29 50
30 37
30 41
30 42
30 43
30 50
31 33
31 35
31 36
31 38
31 39
31 40
31 44
31 45
31 46
31 47
32 34
32 37
32 42
32 48
32 49
33 35
33 36
33 38
33 40
33 44
33 45
33 46
33 47
34 42
34 48
34 49
35 36
35 38
35 39
35 46
35 52
35 54
36 38
36 39
36 46
36 52
36 54
37 41
37 42
37 43
37 48
37 50
37 56
38 39
38 40
38 44
38 45
38 46
38 47
38 52
38 55
39 46
39 52
39 54
40 44
40 45
40 47
40 51
40 57
41 42
41 43
41 48
41 50
41 53
41 56
42 43
42 48
42 49
42 50
42 53
42 56
43 50
43 56
44 45
44 46
44 47
44 51
44 52
44 55
44 57
44 58
44 61
45 46
45 47
45 51
45 52
45 55
45 57
45 58
45 61
46 47
46 52
46 54
46 55
46 59
46 61
47 51
47 52
47 55
47 57
47 58
47 61
48 49
48 50
48 53
48 56
48 60
48 62
49 53
49 64
50 56
50 60
50 62
50 63
50 69
51 57
51 58
51 61
51 66
51 67
52 54
52 55
52 57
52 59
52 61
52 71
53 56
53 60
53 62
53 64
53 68
54 55
54 59
54 65
55 57
55 58
55 59
55 61
55 71
55 73
56 60
56 62
56 63
56 68
56 69
56 70
56 74
57 58
57 61
57 66
57 67
57 71
57 72
58 61
58 66
58 67
58 72
59 61
59 71
59 73
60 62
60 63
60 65
60 68
60 69
60 70
60 74
60 79
61 66
61 67
61 71
61 72
61 73
61 80
62 63
62 68
62 69
62 70
62 74
62 79
63 65
63 69
63 70
63 76
63 79
64 68
64 74
64 75
64 77
65 69
65 70
65 76
65 82
65 85
66 67
66 72
66 78
66 80
67 72
67 78
67 80
68 69
68 70
68 74
68 75
68 77
68 79
68 83
69 70
69 74
69 79
69 83
69 86
70 74
70 76
70 79
70 83
70 86
70 90
71 72
71 73
71 80
71 81
71 82
71 84
71 88
71 89
72 78
72 80
72 84
72 87
72 88
73 80
73 81
73 82
73 84
73 88
73 89
73 92
74 75
74 77
74 79
74 83
74 86
74 91
74 95
75 77
76 81
76 82
76 85
76 90
76 94
77 83
77 96
78 80
78 84
78 87
78 88
79 83
79 86
79 90
79 91
79 95
80 84
80 87
80 88
80 89
80 92
80 97
80 98
80 99
81 82
81 84
81 85
81 89
81 92
81 93
81 94
81 97
82 85
82 89
82 92
82 93
82 94
83 86
83 90
83 91
83 95
83 96
84 87
84 88
84 89
84 92
84 93
84 97
84 98
84 99
85 89
85 90
85 94
86 90
86 91
86 95
86 96
87 88
87 97
87 98
87 99
88 89
88 92
88 93
88 97
88 98
88 99
89 92
89 93
89 94
89 97
89 98
89 99
90 91
90 95
91 95
91 96
92 93
92 94
92 97
92 98
92 99
93 94
93 97
93 98
93 99
94 97
95 96
97 98
97 99
98 99
