0 2
0 14
0 20
1 3
1 4
1 5
1 6
1 7
1 8
1 13
1 16
1 18
1 21
2 9
2 14
2 20
3 4
3 6
3 7
3 8
3 9
3 11
3 16
3 21
4 6
4 7
4 8
4 13
4 16
4 21
5 6
5 7
5 8
5 10
5 12
5 13
5 15
5 17
5 18
5 25
6 7
6 8
6 13
6 16
6 17
6 18
6 21
7 8
7 13
7 16
7 17
7 18
7 21
8 13
8 16
8 17
8 18
8 21
9 11
9 16
9 23
10 12
10 13
10 15
10 17
10 18
10 19
10 22
10 24
10 25
11 16
11 23
12 13
12 15
12 17
12 18
12 19
12 22
12 24
12 25
13 17
13 18
13 21
13 25
14 20
15 17
15 18
15 19
15 22
15 24
15 25
16 21
16 23
16 26
16 27
17 18
17 19
17 21
17 24
17 25
18 21
18 24
18 25
19 22
19 24
19 25
20 28
20 29
20 30
20 31
20 34
21 26
21 27
22 24
22 25
23 27
23 28
23 29
23 32
23 33
23 35
24 25
26 27
26 35
26 37
26 39
26 40
26 41
27 35
27 37
27 39
27 40
27 41
27 42
28 29
28 30
28 31
28 32
28 33
28 34
28 36
28 38
28 44
29 30
29 31
29 32
29 33
29 36
29 38
29 44
30 31
30 32
30 34
30 36
30 38
30 44
30 45
30 47
31 32
31 34
31 36
31 38
31 45
31 47
32 33
32 34
32 36
32 38
32 44
32 50
33 35
33 36
33 37
33 38
33 39
33 42
33 44
33 48
34 36
34 38
34 44
34 45
34 47
35 37
35 39
35 40
35 41
35 42
35 46
35 48
35 52
36 38
36 44
36 45
36 47
36 50
36 53
37 39
37 40
37 41
37 42
37 46
37 48
37 54
38 42
38 44
38 45
38 47
38 48
38 50
38 53
38 55
38 57
39 40
39 41
39 42
39 46
39 48
39 52
39 54
40 41
40 46
40 49
40 51
40 54
40 56
41 42
41 46
41 49
41 51
41 54
41 56
42 46
42 48
42 52
42 54
42 55
42 59
43 58
44 45
44 47
44 48
44 50
44 53
44 55
44 57
45 47
45 50
45 53
45 57
46 48
46 49
46 51
46 52
46 54
46 56
46 62
46 63
47 50
47 53
47 57
48 50
48 52
48 53
48 54
48 55
48 57
48 59
49 51
49 54
49 56
49 60
49 61
49 62
49 64
50 52
50 53
50 55
50 57
50 59
50 66
51 56
51 58
51 60
51 61
51 62
51 64
51 65
52 54
52 55
52 57
52 59
52 63
53 55
53 57
53 59
53 66
54 56
54 59
54 62
54 63
55 57
55 59
55 66
55 67
56 60
56 61
56 62
56 63
56 64
57 59
57 66
57 67
58 60
58 61
58 65
58 68
59 63
59 67
60 61
60 62
60 64
60 65
60 68
61 62
61 64
61 65
61 68
62 64
62 65
62 69
62 72
62 74
62 75
63 69
63 71
63 72
63 75
64 65
64 68
64 69
64 72
64 74
65 68
65 69
65 73
65 74
65 76
65 77
66 67
66 70
66 71
66 78
66 82
66 83
66 86
67 70
67 71
67 78
67 79
67 82
67 83
68 73
68 74
68 76
68 77
68 80
69 72
69 74
69 75
69 81
69 84
69 88
69 89
69 92
69 94
70 71
70 78
70 79
70 82
70 83
70 86
70 91
70 96
71 78
71 79
71 82
71 83
71 85
71 86
71 91
71 95
72 74
72 75
72 79
72 81
72 84
72 88
72 92
72 94
73 74
73 76
73 77
73 80
73 90
73 93
73 97
74 75
74 77
74 81
74 84
74 88
74 89
74 94
75 81
75 84
75 88
75 89
75 92
75 94
76 77
76 80
76 90
76 93
76 97
77 80
77 90
77 93
77 97
78 79
78 82
78 83
78 85
78 86
78 91
78 95
78 96
78 98
78 100
79 81
79 82
79 83
79 84
79 85
79 86
79 91
79 92
79 95
79 96
79 98
79 100
80 90
80 93
80 97
81 84
81 85
81 88
81 89
81 92
81 94
81 98
82 83
82 85
82 86
82 91
82 95
82 96
82 100
83 85
83 86
83 91
83 95
83 96
83 100
84 85
84 88
84 89
84 92
84 94
84 98
85 86
85 91
85 92
85 95
85 96
85 98
85 100
86 87
86 91
86 95
86 96
86 99
86 100
87 91
87 99
88 89
88 92
88 94
89 92
89 94
89 97
90 93
90 97
91 95
91 96
91 99
91 100
92 94
92 95
92 98
92 100
93 97
94 98
95 96
95 98
95 100
96 100
98 100
