0 4
0 6
0 8
0 17
0 19
1 2
1 3
1 4
1 5
1 9
1 10
1 11
1 12
1 13
1 15
1 16
1 24
1 26
1 28
2 3
2 4
2 5
2 6
2 8
2 10
2 11
2 12
2 15
2 16
2 17
2 23
2 24
2 26
2 28
2 29
3 4
3 5
3 8
3 9
3 10
3 11
3 12
3 13
3 15
3 16
3 24
3 26
3 28
4 5
4 6
4 8
4 11
4 12
4 15
4 17
4 23
4 24
4 26
4 29
4 30
5 8
5 10
5 11
5 12
5 15
5 16
5 24
5 26
5 28
5 32
6 8
6 12
6 15
6 17
6 19
6 23
6 31
7 9
7 10
7 13
7 14
7 16
7 18
7 20
7 21
7 22
7 25
7 27
8 12
8 15
8 17
8 19
8 23
8 24
8 29
8 30
8 31
9 10
9 11
9 13
9 14
9 16
9 18
9 20
9 21
9 22
9 25
9 27
10 11
10 12
10 13
10 14
10 16
10 18
10 20
10 21
10 22
10 24
10 26
10 27
10 32
11 12
11 13
11 15
11 16
11 22
11 24
11 26
11 28
11 29
11 32
12 15
12 16
12 17
12 23
12 24
12 26
12 28
12 29
12 30
12 32
12 34
13 14
13 16
13 18
13 20
13 21
13 22
13 25
13 27
14 18
14 20
14 21
14 22
14 25
14 27
15 16
15 17
15 19
15 23
15 24
15 26
15 28
15 29
15 30
15 34
15 35
16 21
16 22
16 24
16 26
16 28
16 32
16 36
16 37
17 19
17 23
17 29
17 30
17 31
17 33
18 20
18 21
18 22
18 25
18 27
19 23
19 31
19 33
20 21
20 22
20 25
20 27
20 43
20 44
21 22
21 25
21 27
21 43
21 44
21 45
21 48
22 25
22 27
22 32
22 37
22 43
22 48
23 24
23 26
23 28
23 29
23 30
23 31
23 33
23 34
23 35
23 38
23 39
23 40
23 41
24 26
24 28
24 29
24 30
24 32
24 34
24 35
24 36
24 37
24 38
24 39
24 41
24 42
24 47
25 27
25 43
25 44
25 45
26 28
26 29
26 30
26 32
26 34
26 35
26 36
26 37
26 38
26 39
26 41
26 42
26 47
26 53
27 37
27 43
27 44
27 45
27 48
27 51
28 29
28 30
28 32
28 34
28 35
28 36
28 37
28 38
28 39
28 41
28 42
28 47
28 53
28 55
29 30
29 31
29 32
29 34
29 35
29 36
29 38
29 39
29 40
29 41
29 42
29 47
29 53
29 54
30 31
30 32
30 33
30 34
30 35
30 36
30 38
30 39
30 40
30 41
30 42
30 47
30 53
30 54
30 59
31 33
31 35
31 38
31 39
31 40
31 41
31 46
31 49
31 54
31 58
32 34
32 36
32 37
32 42
32 47
32 50
32 51
32 52
32 53
32 55
32 57
33 35
33 38
33 39
33 40
33 41
33 46
33 49
33 58
34 35
34 36
34 37
34 38
34 39
34 40
34 41
34 42
34 47
34 52
34 53
34 54
34 55
34 59
34 60
35 36
35 38
35 39
35 40
35 41
35 42
35 46
35 47
35 49
35 53
35 54
35 58
35 59
35 60
35 63
35 65
36 37
36 38
36 39
36 41
36 42
36 47
36 48
36 50
36 51
36 52
36 53
36 55
36 56
36 57
36 60
36 61
36 64
37 42
37 43
37 47
37 48
37 50
37 51
37 52
37 53
37 55
37 56
37 57
37 60
37 61
37 64
38 39
38 40
38 41
38 42
38 46
38 47
38 49
38 53
38 54
38 55
38 58
38 59
38 60
38 63
38 65
38 66
38 69
39 40
39 41
39 42
39 46
39 47
39 49
39 53
39 54
39 55
39 58
39 59
39 60
39 63
39 65
39 66
39 69
40 41
40 46
40 49
40 54
40 58
40 59
40 63
40 65
40 66
41 42
41 46
41 47
41 49
41 53
41 54
41 55
41 58
41 59
41 60
41 63
41 65
41 66
41 69
42 47
42 50
42 51
42 52
42 53
42 54
42 55
42 56
42 57
42 59
42 60
42 61
42 64
43 44
43 45
43 48
43 50
43 51
43 52
43 56
43 57
43 61
43 62
43 67
43 68
43 70
44 45
44 48
44 50
44 51
44 56
44 62
44 67
44 68
44 70
45 48
45 50
45 51
45 52
45 56
45 61
45 62
45 67
45 68
45 70
46 49
46 54
46 58
46 59
46 63
46 65
46 66
46 74
47 50
47 51
47 52
47 53
47 54
47 55
47 56
47 57
47 59
47 60
47 61
47 64
47 69
47 72
48 50
48 51
48 52
48 55
48 56
48 57
48 61
48 62
48 64
48 67
48 68
48 70
48 73
49 54
49 58
49 59
49 63
49 65
49 66
49 71
49 74
50 51
50 52
50 53
50 55
50 56
50 57
50 60
50 61
50 62
50 64
50 67
50 68
50 73
50 76
51 52
51 53
51 55
51 56
51 57
51 60
51 61
51 62
51 64
51 67
51 68
51 73
51 76
51 77
52 53
52 55
52 56
52 57
52 60
52 61
52 62
52 64
52 67
52 68
52 73
52 76
53 54
53 55
53 56
53 57
53 59
53 60
53 61
53 64
53 69
53 72
54 55
54 58
54 59
54 60
54 63
54 65
54 66
54 69
54 71
54 72
54 75
55 56
55 57
55 60
55 61
55 64
55 68
55 69
55 72
55 73
56 57
56 60
56 61
56 62
56 64
56 67
56 68
56 70
56 73
56 76
56 77
56 79
57 60
57 61
57 62
57 64
57 67
57 68
57 73
57 76
57 77
57 79
57 85
57 86
58 59
58 63
58 65
58 66
58 69
58 71
58 72
58 74
58 75
58 82
58 84
59 60
59 63
59 65
59 66
59 69
59 71
59 72
59 74
59 75
59 81
59 84
60 61
60 63
60 64
60 65
60 69
60 72
60 75
60 81
60 85
60 86
60 90
61 62
61 64
61 67
61 68
61 70
61 73
61 76
61 77
61 79
61 83
61 85
61 86
61 89
61 91
62 64
62 67
62 68
62 70
62 73
62 76
62 77
62 78
62 79
62 80
62 83
62 87
62 88
62 92
62 93
63 65
63 66
63 69
63 71
63 72
63 74
63 75
63 81
63 82
63 84
64 67
64 68
64 69
64 72
64 73
64 76
64 77
64 79
64 81
64 83
64 85
64 86
64 89
64 91
64 94
64 95
65 66
65 69
65 71
65 72
65 74
65 75
65 81
65 82
65 84
65 96
66 69
66 71
66 72
66 74
66 75
66 82
66 84
66 96
67 68
67 70
67 73
67 76
67 77
67 78
67 79
67 80
67 83
67 87
67 88
67 92
67 93
67 97
68 70
68 73
68 76
68 77
68 78
68 79
68 80
68 83
68 85
68 86
68 87
68 88
68 89
68 91
68 92
68 93
68 97
68 98
69 71
69 72
69 74
69 75
69 81
69 84
69 85
69 86
69 90
69 96
70 73
70 76
70 77
70 78
70 79
70 80
70 83
70 87
70 88
70 92
70 93
70 97
71 72
71 74
71 75
71 81
71 82
71 84
71 90
71 96
71 100
72 75
72 81
72 84
72 85
72 86
72 90
72 94
72 95
72 96
73 76
73 77
73 78
73 79
73 80
73 83
73 85
73 86
73 87
73 88
73 89
73 91
73 92
73 93
73 94
73 95
73 97
73 98
73 99
74 75
74 82
74 84
74 96
74 100
75 81
75 82
75 84
75 90
75 96
76 77
76 78
76 79
76 80
76 83
76 85
76 86
76 87
76 88
76 89
76 91
76 92
76 93
76 94
76 95
76 97
76 98
76 99
77 78
77 79
77 80
77 83
77 85
77 86
77 87
77 88
77 89
77 91
77 92
77 93
77 94
77 95
77 97
77 98
78 79
78 80
78 83
78 87
78 88
78 92
78 93
78 97
78 98
79 80
79 83
79 85
79 86
79 87
79 88
79 89
79 91
79 92
79 93
79 94
79 95
79 97
79 98
79 99
80 83
80 87
80 88
80 92
80 93
80 97
80 98
81 84
81 85
81 86
81 89
81 90
81 91
81 94
81 95
81 96
81 99
82 84
82 96
82 100
83 85
83 86
83 87
83 88
83 89
83 91
83 92
83 93
83 94
83 95
83 97
83 98
83 99
84 90
84 96
84 100
85 86
85 89
85 90
85 91
85 92
85 93
85 94
85 95
85 98
85 99
86 89
86 90
86 91
86 92
86 93
86 94
86 95
86 98
86 99
87 88
87 92
87 93
87 97
87 98
88 92
88 93
88 97
88 98
89 90
89 91
89 92
89 93
89 94
89 95
89 97
89 98
89 99
90 91
90 94
90 95
90 96
90 99
91 92
91 93
91 94
91 95
91 97
91 98
91 99
92 93
92 94
92 95
92 97
92 98
92 99
93 94
93 95
93 97
93 98
93 99
94 95
94 98
94 99
95 98
95 99
96 100
97 98
98 99
