0 3
0 8
0 9
0 14
0 16
0 22
1 2
1 3
1 4
1 7
1 11
1 12
1 13
1 23
1 26
2 3
2 4
2 7
2 8
2 11
2 12
2 23
2 26
3 7
3 8
3 11
3 12
3 22
3 25
4 5
4 7
4 11
4 12
4 13
4 17
4 19
4 20
4 23
4 26
5 13
5 17
5 19
5 20
5 28
6 10
6 15
6 18
6 21
7 11
7 12
7 13
7 23
7 26
8 11
8 12
8 14
8 16
8 22
8 25
9 10
9 14
9 15
9 16
9 18
9 21
9 24
9 27
9 31
10 15
10 18
10 21
10 24
10 30
11 12
11 23
11 26
12 23
12 25
12 26
13 17
13 19
13 20
13 23
13 26
13 28
13 29
14 15
14 16
14 18
14 22
14 24
14 27
14 31
15 16
15 18
15 21
15 24
15 27
15 30
15 33
15 35
16 18
16 22
16 24
16 25
16 27
16 31
17 19
17 20
17 28
17 29
18 21
18 24
18 27
18 30
18 31
18 33
18 35
19 20
19 28
19 29
20 28
20 29
21 24
21 27
21 30
21 31
21 33
21 35
22 25
22 31
22 32
22 34
22 38
22 40
23 26
23 34
23 36
23 37
23 39
23 43
24 27
24 30
24 31
24 33
24 35
24 41
25 32
25 34
25 37
25 38
25 40
25 42
25 44
25 45
26 28
26 29
26 34
26 36
26 37
26 39
26 43
26 46
27 30
27 31
27 33
27 35
27 41
28 29
28 36
28 39
29 36
29 39
30 31
30 33
30 35
30 41
30 50
31 32
31 33
31 35
31 40
31 41
31 48
31 52
32 34
32 37
32 38
32 40
32 42
32 44
32 45
32 48
33 35
33 41
33 50
33 52
34 36
34 37
34 38
34 40
34 42
34 44
34 45
34 53
34 55
35 41
35 49
35 50
36 37
36 39
36 42
36 43
36 46
36 47
36 51
36 53
36 57
37 38
37 39
37 40
37 42
37 43
37 44
37 45
37 51
37 53
37 55
38 40
38 42
38 44
38 45
38 48
38 55
39 42
39 43
39 46
39 47
39 51
39 53
39 57
39 59
40 41
40 42
40 44
40 45
40 48
40 52
40 55
40 56
41 48
41 50
41 52
41 56
41 58
42 43
42 44
42 45
42 46
42 47
42 51
42 53
42 55
42 57
42 59
43 46
43 47
43 51
43 53
43 57
43 59
43 61
44 45
44 48
44 53
44 55
44 56
45 48
45 53
45 55
45 56
45 62
46 47
46 51
46 53
46 57
46 59
46 61
47 51
47 53
47 57
47 59
47 61
48 52
48 55
48 56
48 58
49 50
49 60
50 52
50 56
50 58
50 60
50 63
51 53
51 55
51 57
51 59
51 61
51 62
52 56
52 58
52 63
53 55
53 57
53 59
53 61
53 62
53 64
55 57
55 59
55 61
55 62
55 64
56 58
56 63
57 59
57 61
57 62
57 64
57 66
58 63
58 65
59 61
59 62
59 64
59 66
60 67
61 62
61 64
61 66
61 68
61 72
61 73
62 64
62 66
62 68
62 69
62 72
62 73
62 76
63 65
63 67
63 71
63 74
64 66
64 68
64 69
64 72
64 73
64 76
64 77
64 80
64 81
64 85
65 67
65 71
65 74
65 86
66 68
66 69
66 72
66 73
66 76
66 79
66 80
66 81
66 85
67 74
67 78
67 86
68 69
68 72
68 73
68 76
68 77
68 79
68 80
68 81
68 85
68 91
69 71
69 72
69 73
69 76
69 77
69 80
69 81
69 82
69 84
69 88
69 89
69 91
70 75
70 83
70 87
71 72
71 77
71 81
71 82
71 84
71 88
71 89
72 73
72 76
72 77
72 79
72 80
72 81
72 84
72 85
72 91
73 76
73 77
73 79
73 80
73 81
73 83
73 85
73 90
73 92
74 78
74 86
74 93
75 79
75 83
75 87
76 77
76 79
76 80
76 81
76 85
76 90
76 91
76 92
77 80
77 81
77 82
77 84
77 88
77 89
77 91
78 86
78 93
79 80
79 83
79 85
79 87
79 90
79 92
79 94
80 81
80 83
80 85
80 87
80 90
80 91
80 92
81 82
81 84
81 85
81 88
81 91
81 92
82 84
82 88
82 89
82 91
83 85
83 87
83 90
83 92
83 94
84 88
84 89
84 91
85 87
85 90
85 92
86 93
87 90
87 92
87 94
88 89
88 91
89 91
90 92
90 94
90 97
90 98
91 92
91 95
91 96
92 94
92 97
92 98
93 99
94 97
94 98
95 96
96 99
97 98
