0 6
1 5
3 8
5 12
6 9
7 9
7 13
8 10
9 13
10 11
11 17
11 19
12 16
13 18
14 20
18 24
20 27
20 28
21 26
22 23
22 27
22 28
23 27
24 29
27 28
27 30
28 30
28 33
30 33
31 37
32 34
32 35
32 36
34 35
34 36
35 36
37 41
38 41
38 47
40 43
42 44
42 48
43 54
44 48
45 47
45 51
45 52
46 56
47 51
47 52
47 53
48 55
48 58
49 50
51 52
51 53
52 53
54 57
55 58
55 62
57 58
57 60
57 68
58 60
58 62
58 64
59 65
59 67
59 69
60 64
60 68
60 72
61 63
61 70
62 64
62 73
63 70
63 71
64 68
64 72
65 67
65 69
65 74
65 75
65 76
67 69
67 76
67 77
68 72
69 71
69 74
69 76
69 77
70 71
70 78
70 79
71 77
71 78
71 79
74 75
74 76
74 80
75 76
75 80
76 80
77 78
77 84
77 85
77 86
78 79
78 84
79 84
81 83
82 87
82 91
84 85
84 86
85 86
85 90
86 90
87 91
87 96
88 89
90 94
90 98
91 96
92 95
93 95
94 100
98 99
