1 2
1 4
2 4
3 6
7 11
7 14
8 9
8 12
9 12
11 14
11 15
12 22
13 17
13 18
13 20
14 15
14 19
15 19
16 21
16 25
17 18
17 20
18 20
18 24
20 23
21 25
21 28
21 29
23 28
24 30
25 28
25 29
28 33
30 34
32 35
33 36
33 41
34 37
34 42
35 40
35 45
36 43
36 46
37 42
37 47
38 39
38 50
39 50
40 45
40 51
41 44
42 47
42 48
43 46
43 49
43 52
45 51
46 48
46 49
46 52
48 49
49 52
51 53
51 55
52 54
54 60
55 66
56 62
56 68
57 58
57 59
57 64
57 65
58 64
58 65
59 61
59 67
59 70
61 67
61 70
62 66
62 68
63 69
63 71
64 65
66 76
67 70
67 73
67 74
68 72
68 75
69 71
72 75
72 78
73 74
73 79
74 78
74 79
76 80
76 83
77 81
77 82
79 90
80 83
80 85
80 89
81 82
81 84
82 84
82 86
82 94
82 96
83 85
83 89
83 93
83 95
84 86
84 94
84 96
86 94
87 91
88 90
88 92
88 97
89 93
89 95
90 97
92 97
93 95
94 96
94 98
96 98
