0 1
0 2
1 2
1 3
2 3
3 10
3 12
4 5
4 8
5 8
7 14
7 15
8 17
9 13
9 16
10 12
10 13
10 20
12 13
12 19
12 20
14 15
14 24
15 18
15 24
17 22
17 26
18 21
19 20
19 23
19 25
20 23
20 25
20 27
20 32
22 26
22 28
23 25
24 31
25 27
25 32
26 28
27 32
28 34
29 30
29 33
30 33
31 40
34 40
35 38
35 39
35 41
36 37
38 39
38 41
39 41
40 42
42 49
43 45
44 46
44 48
46 48
47 50
47 53
48 50
48 52
49 56
50 53
52 59
52 60
53 54
53 57
54 57
55 58
56 61
56 63
57 62
58 65
59 60
59 67
61 63
61 66
63 66
65 68
65 73
66 70
67 71
67 74
68 72
68 73
69 71
69 74
71 74
72 73
74 77
75 79
75 80
76 81
79 80
79 82
79 85
80 85
81 88
81 90
82 89
82 93
82 94
83 84
83 86
84 86
84 95
85 93
86 95
87 92
88 90
89 93
89 94
89 97
91 96
91 98
91 99
92 95
93 94
93 97
94 97
96 98
96 99
98 99
