0 1
0 2
0 4
0 6
0 7
0 8
0 9
0 10
0 11
0 12
0 23
0 24
0 35
1 2
1 4
1 6
1 8
1 12
1 23
1 24
1 27
1 30
1 35
2 4
2 6
2 8
2 12
2 23
2 24
2 27
2 30
3 5
3 7
3 9
3 10
3 13
3 14
3 15
3 16
3 18
3 19
3 20
3 21
3 22
3 25
3 26
3 29
3 31
3 32
3 33
3 38
3 39
4 6
4 7
4 8
4 9
4 10
4 11
4 12
4 23
4 24
4 26
4 27
4 35
4 40
5 13
5 14
5 15
5 16
5 17
5 18
5 19
5 20
5 21
5 22
5 25
5 28
5 29
5 33
5 34
5 36
5 37
5 38
6 8
6 12
6 23
6 24
6 27
6 30
6 35
6 40
7 9
7 10
7 11
7 15
7 18
7 19
7 20
7 22
7 24
7 26
7 29
7 31
7 32
7 39
7 41
7 44
8 12
8 23
8 24
8 27
8 30
8 35
8 40
9 10
9 11
9 13
9 15
9 16
9 18
9 19
9 20
9 21
9 22
9 24
9 26
9 29
9 31
9 32
9 33
9 39
9 41
9 44
10 11
10 15
10 18
10 19
10 20
10 21
10 22
10 24
10 26
10 29
10 31
10 32
10 39
10 41
10 44
11 18
11 19
11 20
11 22
11 23
11 24
11 26
11 31
11 32
11 35
11 39
11 40
11 41
11 43
11 44
11 50
12 23
12 24
12 27
12 30
12 35
12 40
12 48
13 14
13 15
13 16
13 17
13 18
13 19
13 20
13 21
13 22
13 25
13 28
13 29
13 31
13 32
13 33
13 34
13 36
13 37
13 38
13 39
13 42
13 45
13 46
13 47
13 49
14 15
14 16
14 17
14 18
14 19
14 20
14 21
14 22
14 25
14 28
14 29
14 31
14 33
14 34
14 36
14 37
14 38
14 39
14 42
14 45
14 46
14 47
14 49
14 54
15 16
15 17
15 18
15 19
15 20
15 21
15 22
15 25
15 26
15 28
15 29
15 31
15 32
15 33
15 34
15 36
15 37
15 38
15 39
15 41
15 46
15 47
15 49
15 55
15 56
16 17
16 18
16 19
16 20
16 21
16 22
16 25
16 28
16 29
16 31
16 32
16 33
16 34
16 36
16 37
16 38
16 39
16 42
16 45
16 46
16 47
16 49
16 54
16 57
17 21
17 25
17 28
17 29
17 33
17 34
17 36
17 37
17 38
17 42
17 45
17 47
17 49
17 53
18 19
18 20
18 21
18 22
18 25
18 26
18 29
18 31
18 32
18 33
18 37
18 38
18 39
18 41
18 44
18 46
18 47
18 58
19 20
19 21
19 22
19 25
19 26
19 28
19 29
19 31
19 32
19 33
19 34
19 36
19 37
19 38
19 39
19 41
19 46
19 47
19 49
19 55
19 56
20 21
20 22
20 25
20 26
20 29
20 31
20 32
20 33
20 36
20 37
20 38
20 39
20 41
20 44
20 46
20 47
20 49
20 56
20 58
21 22
21 25
21 26
21 28
21 29
21 31
21 32
21 33
21 34
21 36
21 37
21 38
21 39
21 42
21 45
21 46
21 47
21 49
21 54
21 55
21 56
21 57
21 59
22 25
22 26
22 29
22 31
22 32
22 33
22 36
22 37
22 38
22 39
22 41
22 44
22 46
22 47
22 49
22 55
22 56
22 58
22 60
23 24
23 27
23 30
23 35
23 40
23 43
23 44
23 48
23 50
23 51
23 52
24 26
24 27
24 30
24 32
24 35
24 40
24 41
24 43
24 44
24 48
24 50
24 51
24 52
25 28
25 29
25 31
25 32
25 33
25 34
25 36
25 37
25 38
25 39
25 42
25 45
25 46
25 47
25 49
25 53
25 54
25 55
25 56
25 57
25 59
26 29
26 31
26 32
26 33
26 35
26 39
26 41
26 43
26 44
26 46
26 50
26 58
27 30
27 35
27 40
27 48
27 52
28 29
28 33
28 34
28 36
28 37
28 38
28 42
28 45
28 46
28 47
28 49
28 53
28 54
28 59
29 31
29 32
29 33
29 34
29 36
29 37
29 38
29 39
29 41
29 42
29 45
29 46
29 47
29 49
29 54
29 55
29 56
29 57
29 58
29 59
29 60
30 35
30 40
30 48
30 51
30 52
31 32
31 33
31 36
31 37
31 38
31 39
31 41
31 43
31 44
31 46
31 47
31 49
31 50
31 55
31 56
31 58
31 60
31 62
32 33
32 38
32 39
32 41
32 43
32 44
32 46
32 47
32 50
32 55
32 56
32 58
32 60
32 62
33 34
33 36
33 37
33 38
33 39
33 41
33 42
33 45
33 46
33 47
33 49
33 53
33 54
33 55
33 56
33 57
33 58
33 59
33 60
33 61
34 36
34 37
34 38
34 42
34 45
34 46
34 47
34 49
34 53
34 54
34 55
34 57
34 59
34 61
35 40
35 41
35 43
35 44
35 48
35 50
35 51
35 52
36 37
36 38
36 39
36 42
36 45
36 46
36 47
36 49
36 53
36 54
36 55
36 56
36 57
36 59
36 60
36 61
36 63
37 38
37 39
37 42
37 45
37 46
37 47
37 49
37 53
37 54
37 55
37 56
37 57
37 59
37 60
37 61
37 63
38 39
38 42
38 45
38 46
38 47
38 49
38 53
38 54
38 55
38 56
38 57
38 58
38 59
38 60
38 61
39 41
39 43
39 44
39 46
39 47
39 49
39 50
39 55
39 56
39 57
39 58
39 59
39 60
39 62
40 41
40 43
40 44
40 48
40 50
40 51
40 52
40 64
41 43
41 44
41 46
41 50
41 51
41 55
41 56
41 58
41 60
41 62
42 45
42 46
42 47
42 49
42 53
42 54
42 55
42 56
42 57
42 59
42 61
42 63
43 44
43 48
43 50
43 51
43 52
43 64
43 66
43 68
43 69
43 70
44 50
44 51
44 52
44 58
44 60
44 62
44 68
45 46
45 47
45 49
45 53
45 54
45 55
45 57
45 59
45 61
45 63
46 47
46 49
46 53
46 54
46 55
46 56
46 57
46 58
46 59
46 60
46 61
46 62
46 63
46 65
46 71
47 49
47 53
47 54
47 55
47 56
47 57
47 58
47 59
47 60
47 61
47 62
47 63
47 65
47 71
47 73
48 51
48 52
48 64
48 66
48 67
49 53
49 54
49 55
49 56
49 57
49 58
49 59
49 60
49 61
49 62
49 63
49 65
49 71
49 72
49 73
50 51
50 52
50 58
50 60
50 62
50 64
50 66
50 68
50 69
50 70
51 52
51 64
51 66
51 68
51 69
51 70
52 64
52 66
52 67
52 68
52 69
52 70
53 54
53 55
53 56
53 57
53 59
53 61
53 63
53 65
54 55
54 56
54 57
54 58
54 59
54 60
54 61
54 62
54 63
54 65
54 71
54 72
54 73
55 56
55 57
55 58
55 59
55 60
55 61
55 62
55 63
55 65
55 71
55 72
55 73
56 57
56 58
56 59
56 60
56 61
56 62
56 63
56 65
56 71
56 72
56 73
57 58
57 59
57 60
57 61
57 62
57 63
57 65
57 71
57 72
57 73
58 59
58 60
58 61
58 62
58 65
58 71
58 72
58 73
58 74
59 60
59 61
59 62
59 63
59 65
59 71
59 72
59 73
60 61
60 62
60 63
60 65
60 71
60 72
60 73
60 74
61 62
61 63
61 65
61 71
61 72
61 73
62 65
62 71
62 72
62 73
62 74
62 75
62 80
63 65
63 71
63 72
63 73
64 66
64 67
64 68
64 69
64 70
64 75
64 76
64 77
64 78
64 79
64 81
64 82
64 83
65 71
65 72
65 73
65 74
65 80
65 84
65 86
65 90
66 67
66 68
66 69
66 70
66 74
66 75
66 76
66 77
66 78
66 79
66 81
66 82
66 83
66 88
66 89
66 91
66 92
67 69
67 70
67 78
67 79
67 88
68 69
68 70
68 74
68 75
68 76
68 77
68 78
68 79
68 80
68 81
68 82
68 83
68 85
68 87
68 89
69 70
69 74
69 75
69 76
69 77
69 78
69 79
69 81
69 82
69 83
69 87
69 89
69 91
69 92
70 74
70 75
70 76
70 77
70 78
70 79
70 81
70 82
70 83
70 87
70 88
70 89
70 91
70 92
71 72
71 73
71 74
71 75
71 80
71 84
71 85
71 86
71 90
72 73
72 74
72 75
72 80
72 84
72 85
72 86
72 90
72 94
73 74
73 80
73 84
73 85
73 86
73 90
73 94
74 75
74 76
74 77
74 78
74 80
74 81
74 82
74 83
74 84
74 85
74 86
74 87
74 89
74 95
75 76
75 77
75 78
75 79
75 80
75 81
75 82
75 83
75 85
75 86
75 87
75 89
75 91
75 92
75 95
76 77
76 78
76 79
76 80
76 81
76 82
76 83
76 85
76 87
76 88
76 89
76 91
76 92
76 95
76 97
77 78
77 79
77 80
77 81
77 82
77 83
77 85
77 86
77 87
77 88
77 89
77 91
77 92
77 95
77 97
78 79
78 80
78 81
78 82
78 83
78 85
78 87
78 88
78 89
78 91
78 92
78 95
78 96
78 97
78 98
78 99
79 81
79 82
79 83
79 87
79 88
79 89
79 91
79 92
79 95
79 96
79 97
79 98
79 99
80 81
80 82
80 83
80 84
80 85
80 86
80 87
80 89
80 90
80 94
80 95
81 82
81 83
81 85
81 87
81 88
81 89
81 91
81 92
81 95
81 97
81 99
82 83
82 85
82 87
82 88
82 89
82 91
82 92
82 95
82 96
82 97
82 98
82 99
83 85
83 87
83 88
83 89
83 91
83 92
83 95
83 96
83 97
83 98
83 99
84 85
84 86
84 87
84 90
84 93
84 94
84 95
85 86
85 87
85 89
85 90
85 94
85 95
86 87
86 90
86 93
86 94
86 95
87 89
87 91
87 92
87 95
87 97
88 89
88 91
88 92
88 95
88 96
88 97
88 98
88 99
89 91
89 92
89 95
89 96
89 97
89 98
89 99
90 93
90 94
91 92
91 95
91 96
91 97
91 98
91 99
92 95
92 96
92 97
92 98
92 99
93 94
95 97
95 99
96 97
96 98
96 99
97 98
97 99
98 99
