0 2
0 3
0 4
0 5
0 7
0 8
0 11
0 12
0 13
0 14
0 15
0 16
0 18
0 19
0 20
0 21
0 23
0 24
0 26
0 30
0 33
0 34
0 35
0 36
0 37
0 40
0 41
0 42
0 43
0 48
1 2
1 6
1 9
1 10
1 14
1 17
1 22
1 25
1 27
1 28
1 29
1 31
1 32
1 38
1 39
1 44
1 45
1 46
1 47
1 49
2 3
2 4
2 5
2 6
2 8
2 9
2 10
2 11
2 12
2 13
2 14
2 17
2 18
2 19
2 21
2 22
2 23
2 24
2 25
2 26
2 27
2 28
2 29
2 31
2 32
2 33
2 34
2 35
2 36
2 37
2 38
2 39
2 40
2 44
2 45
2 46
2 49
2 50
2 51
3 4
3 5
3 7
3 8
3 11
3 12
3 13
3 14
3 15
3 16
3 18
3 19
3 20
3 21
3 23
3 24
3 26
3 30
3 33
3 34
3 35
3 36
3 37
3 40
3 41
3 42
3 43
3 48
3 50
3 53
4 5
4 7
4 8
4 11
4 12
4 13
4 14
4 15
4 16
4 18
4 19
4 20
4 21
4 23
4 24
4 26
4 30
4 33
4 34
4 35
4 36
4 37
4 40
4 41
4 42
4 43
4 48
4 50
4 53
5 7
5 8
5 9
5 11
5 12
5 13
5 14
5 15
5 16
5 18
5 19
5 20
5 21
5 23
5 24
5 26
5 30
5 32
5 33
5 34
5 35
5 36
5 37
5 40
5 41
5 42
5 43
5 48
5 50
5 53
5 55
6 9
6 10
6 14
6 17
6 22
6 25
6 27
6 28
6 29
6 31
6 32
6 38
6 39
6 44
6 45
6 46
6 47
6 49
6 51
6 52
7 8
7 11
7 12
7 13
7 14
7 15
7 16
7 18
7 19
7 20
7 21
7 23
7 24
7 26
7 30
7 33
7 34
7 35
7 36
7 37
7 40
7 41
7 42
7 43
7 48
7 50
7 53
7 55
7 56
8 9
8 10
8 11
8 12
8 13
8 14
8 15
8 16
8 18
8 19
8 20
8 21
8 22
8 23
8 24
8 26
8 27
8 29
8 30
8 32
8 33
8 34
8 35
8 36
8 37
8 39
8 40
8 41
8 42
8 43
8 44
8 46
8 48
8 50
8 53
8 54
8 55
8 56
8 58
8 59
8 60
9 10
9 11
9 12
9 13
9 14
9 17
9 18
9 21
9 22
9 24
9 25
9 26
9 27
9 28
9 29
9 31
9 32
9 33
9 34
9 36
9 37
9 38
9 39
9 40
9 44
9 45
9 46
9 47
9 49
9 50
9 51
9 52
9 54
9 57
9 60
9 61
10 11
10 13
10 14
10 17
10 22
10 24
10 25
10 27
10 28
10 29
10 31
10 32
10 34
10 37
10 38
10 39
10 44
10 45
10 46
10 47
10 49
10 51
10 52
10 54
10 57
10 61
11 12
11 13
11 14
11 15
11 16
11 18
11 19
11 20
11 21
11 22
11 23
11 24
11 26
11 27
11 29
11 30
11 31
11 32
11 33
11 34
11 35
11 36
11 37
11 39
11 40
11 41
11 42
11 43
11 44
11 45
11 46
11 48
11 50
11 51
11 53
11 54
11 55
11 56
11 58
11 59
11 60
12 13
12 14
12 15
12 16
12 18
12 19
12 20
12 21
12 23
12 24
12 26
12 29
12 30
12 32
12 33
12 34
12 35
12 36
12 37
12 40
12 41
12 42
12 43
12 44
12 48
12 50
12 53
12 55
12 56
12 58
12 59
12 64
13 14
13 15
13 16
13 18
13 19
13 20
13 21
13 22
13 23
13 24
13 26
13 27
13 29
13 30
13 31
13 32
13 33
13 34
13 35
13 36
13 37
13 39
13 40
13 41
13 42
13 43
13 44
13 45
13 46
13 48
13 50
13 51
13 53
13 54
13 55
13 56
13 58
13 59
13 60
14 17
14 18
14 19
14 21
14 22
14 23
14 24
14 25
14 26
14 27
14 28
14 29
14 30
14 31
14 32
14 33
14 34
14 35
14 36
14 37
14 38
14 39
14 40
14 42
14 43
14 44
14 45
14 46
14 47
14 49
14 50
14 51
14 52
14 53
14 54
14 55
14 56
14 57
14 58
14 59
14 60
14 61
14 62
14 63
15 16
15 18
15 19
15 20
15 21
15 23
15 24
15 26
15 30
15 33
15 34
15 35
15 36
15 37
15 40
15 41
15 42
15 43
15 48
15 50
15 53
15 55
15 56
15 58
15 59
15 64
16 18
16 19
16 20
16 21
16 23
16 24
16 26
16 30
16 33
16 35
16 36
16 37
16 40
16 41
16 42
16 43
16 48
16 50
16 53
16 55
16 56
16 58
16 59
16 64
17 22
17 24
17 25
17 27
17 28
17 29
17 31
17 32
17 34
17 38
17 39
17 44
17 45
17 46
17 47
17 49
17 51
17 52
17 54
17 57
17 61
17 62
17 63
17 65
17 66
17 67
18 19
18 20
18 21
18 23
18 24
18 26
18 29
18 30
18 32
18 33
18 34
18 35
18 36
18 37
18 40
18 41
18 42
18 43
18 44
18 48
18 50
18 53
18 54
18 55
18 56
18 58
18 59
18 60
18 64
18 70
18 71
19 20
19 21
19 23
19 24
19 26
19 30
19 32
19 33
19 34
19 35
19 36
19 37
19 40
19 41
19 42
19 43
19 48
19 50
19 53
19 55
19 56
19 58
19 59
19 64
19 70
20 21
20 23
20 24
20 26
20 30
20 33
20 34
20 35
20 36
20 37
20 40
20 41
20 42
20 43
20 48
20 50
20 53
20 55
20 56
20 58
20 59
20 64
21 23
21 24
21 26
21 29
21 30
21 32
21 33
21 34
21 35
21 36
21 37
21 40
21 41
21 42
21 43
21 44
21 48
21 50
21 53
21 54
21 55
21 56
21 58
21 59
21 60
21 64
21 69
21 70
21 71
22 24
22 25
22 27
22 28
22 29
22 31
22 32
22 34
22 37
22 38
22 39
22 44
22 45
22 46
22 47
22 49
22 50
22 51
22 52
22 54
22 57
22 60
22 61
22 62
22 63
22 65
22 66
22 67
22 68
23 24
23 26
23 30
23 32
23 33
23 34
23 35
23 36
23 37
23 40
23 41
23 42
23 43
23 48
23 50
23 53
23 55
23 56
23 58
23 59
23 60
23 64
23 70
23 71
23 72
24 25
24 26
24 27
24 28
24 29
24 30
24 31
24 32
24 33
24 34
24 35
24 36
24 37
24 38
24 39
24 40
24 41
24 42
24 43
24 44
24 45
24 46
24 48
24 49
24 50
24 51
24 52
24 53
24 54
24 55
24 56
24 57
24 58
24 59
24 60
24 61
24 62
24 63
24 68
24 69
24 71
24 75
25 27
25 28
25 29
25 31
25 32
25 34
25 38
25 39
25 44
25 45
25 46
25 47
25 49
25 51
25 52
25 54
25 57
25 61
25 62
25 63
25 65
25 66
25 67
25 68
25 73
26 29
26 30
26 32
26 33
26 34
26 35
26 36
26 37
26 40
26 41
26 42
26 43
26 44
26 46
26 48
26 50
26 51
26 53
26 54
26 55
26 56
26 58
26 59
26 60
26 64
26 69
26 70
26 71
26 72
26 74
26 75
27 28
27 29
27 31
27 32
27 34
27 36
27 37
27 38
27 39
27 40
27 44
27 45
27 46
27 47
27 49
27 50
27 51
27 52
27 54
27 57
27 60
27 61
27 62
27 63
27 65
27 66
27 67
27 68
27 73
27 77
27 79
28 29
28 31
28 32
28 34
28 38
28 39
28 44
28 45
28 46
28 47
28 49
28 51
28 52
28 54
28 57
28 61
28 62
28 63
28 65
28 66
28 67
28 68
28 73
29 31
29 32
29 33
29 34
29 35
29 36
29 37
29 38
29 39
29 40
29 42
29 44
29 45
29 46
29 47
29 49
29 50
29 51
29 52
29 54
29 57
29 59
29 60
29 61
29 62
29 63
29 65
29 66
29 67
29 68
29 69
29 73
29 77
29 79
30 33
30 34
30 35
30 36
30 37
30 40
30 41
30 42
30 43
30 48
30 50
30 53
30 55
30 56
30 58
30 59
30 64
30 69
30 70
30 71
30 72
30 74
30 76
31 32
31 34
31 37
31 38
31 39
31 40
31 44
31 45
31 46
31 47
31 49
31 50
31 51
31 52
31 54
31 57
31 60
31 61
31 62
31 63
31 65
31 66
31 67
31 68
31 73
31 77
31 79
31 81
32 33
32 34
32 35
32 36
32 37
32 38
32 39
32 40
32 42
32 43
32 44
32 45
32 46
32 47
32 49
32 50
32 51
32 52
32 53
32 54
32 55
32 56
32 57
32 58
32 59
32 60
32 61
32 62
32 63
32 65
32 66
32 67
32 68
32 69
32 71
32 74
32 75
32 77
32 78
32 79
32 83
33 34
33 35
33 36
33 37
33 39
33 40
33 41
33 42
33 43
33 44
33 45
33 46
33 48
33 50
33 51
33 53
33 54
33 55
33 56
33 58
33 59
33 60
33 61
33 63
33 64
33 69
33 70
33 71
33 72
33 74
33 75
33 76
33 78
33 80
34 35
34 36
34 37
34 38
34 39
34 40
34 41
34 42
34 43
34 44
34 45
34 46
34 47
34 48
34 49
34 50
34 51
34 52
34 53
34 54
34 55
34 56
34 57
34 58
34 59
34 60
34 61
34 62
34 63
34 64
34 66
34 68
34 69
34 70
34 71
34 74
34 75
34 77
34 78
34 79
34 80
35 36
35 37
35 40
35 41
35 42
35 43
35 44
35 48
35 50
35 53
35 54
35 55
35 56
35 58
35 59
35 60
35 64
35 69
35 70
35 71
35 72
35 74
35 75
35 76
35 78
35 80
36 37
36 39
36 40
36 41
36 42
36 43
36 44
36 45
36 46
36 48
36 49
36 50
36 51
36 52
36 53
36 54
36 55
36 56
36 58
36 59
36 60
36 61
36 62
36 63
36 64
36 69
36 70
36 71
36 72
36 74
36 75
36 76
36 78
36 80
37 39
37 40
37 41
37 42
37 43
37 44
37 45
37 46
37 48
37 49
37 50
37 51
37 52
37 53
37 54
37 55
37 56
37 58
37 59
37 60
37 61
37 62
37 63
37 64
37 68
37 69
37 70
37 71
37 72
37 74
37 75
37 77
37 78
37 80
38 39
38 44
38 45
38 46
38 47
38 49
38 51
38 52
38 54
38 57
38 60
38 61
38 62
38 63
38 65
38 66
38 67
38 68
38 73
38 77
38 79
38 81
39 40
39 44
39 45
39 46
39 47
39 49
39 50
39 51
39 52
39 54
39 57
39 60
39 61
39 62
39 63
39 65
39 66
39 67
39 68
39 69
39 73
39 77
39 79
39 81
39 83
40 41
40 42
40 43
40 44
40 45
40 46
40 48
40 49
40 50
40 51
40 52
40 53
40 54
40 55
40 56
40 58
40 59
40 60
40 61
40 62
40 63
40 64
40 68
40 69
40 70
40 71
40 72
40 74
40 75
40 77
40 78
40 80
41 42
41 43
41 48
41 50
41 53
41 55
41 56
41 58
41 59
41 64
41 69
41 70
41 71
41 72
41 74
41 76
41 82
41 84
41 85
42 43
42 44
42 46
42 48
42 50
42 51
42 53
42 54
42 55
42 56
42 58
42 59
42 60
42 63
42 64
42 69
42 70
42 71
42 72
42 74
42 75
42 76
42 78
42 80
42 82
42 84
42 85
43 48
43 50
43 53
43 55
43 56
43 58
43 59
43 60
43 64
43 69
43 70
43 71
43 72
43 74
43 75
43 76
43 78
43 80
43 82
43 84
43 85
43 87
44 45
44 46
44 47
44 49
44 50
44 51
44 52
44 53
44 54
44 55
44 56
44 57
44 58
44 59
44 60
44 61
44 62
44 63
44 65
44 66
44 67
44 68
44 69
44 71
44 73
44 74
44 75
44 77
44 78
44 79
44 80
44 81
44 83
44 86
44 88
45 46
45 47
45 49
45 50
45 51
45 52
45 54
45 57
45 59
45 60
45 61
45 62
45 63
45 65
45 66
45 67
45 68
45 69
45 73
45 75
45 77
45 78
45 79
45 81
45 83
45 88
46 47
46 49
46 50
46 51
46 52
46 54
46 55
46 57
46 58
46 59
46 60
46 61
46 62
46 63
46 65
46 66
46 67
46 68
46 69
46 73
46 75
46 77
46 78
46 79
46 81
46 83
46 88
47 49
47 51
47 52
47 54
47 57
47 60
47 61
47 62
47 63
47 65
47 66
47 67
47 68
47 73
47 77
47 79
47 81
47 83
48 50
48 53
48 55
48 56
48 58
48 59
48 64
48 69
48 70
48 71
48 72
48 74
48 75
48 76
48 80
48 82
48 84
48 85
48 87
48 89
48 90
49 50
49 51
49 52
49 54
49 57
49 60
49 61
49 62
49 63
49 65
49 66
49 67
49 68
49 69
49 73
49 77
49 78
49 79
49 81
49 83
49 88
49 91
49 92
50 51
50 52
50 53
50 54
50 55
50 56
50 57
50 58
50 59
50 60
50 61
50 62
50 63
50 64
50 68
50 69
50 70
50 71
50 72
50 74
50 75
50 76
50 77
50 78
50 79
50 80
50 83
50 85
50 86
50 87
51 52
51 53
51 54
51 55
51 56
51 57
51 58
51 59
51 60
51 61
51 62
51 63
51 65
51 66
51 67
51 68
51 69
51 71
51 73
51 75
51 77
51 78
51 79
51 80
51 81
51 83
51 86
51 88
51 91
51 92
52 54
52 57
52 59
52 60
52 61
52 62
52 63
52 65
52 66
52 67
52 68
52 69
52 73
52 75
52 77
52 78
52 79
52 81
52 83
52 86
52 88
52 91
52 92
52 96
52 98
53 54
53 55
53 56
53 58
53 59
53 60
53 61
53 63
53 64
53 68
53 69
53 70
53 71
53 72
53 74
53 75
53 76
53 77
53 78
53 80
53 82
53 84
53 85
53 86
53 87
53 89
53 90
53 93
53 94
53 95
53 97
54 55
54 56
54 57
54 58
54 59
54 60
54 61
54 62
54 63
54 65
54 66
54 67
54 68
54 69
54 70
54 71
54 73
54 74
54 75
54 77
54 78
54 79
54 80
54 81
54 83
54 86
54 88
54 91
54 92
54 98
54 99
55 56
55 58
55 59
55 60
55 61
55 62
55 63
55 64
55 68
55 69
55 70
55 71
55 72
55 74
55 75
55 76
55 77
55 78
55 80
55 82
55 84
55 85
55 86
55 87
55 89
55 90
55 93
55 94
55 95
55 97
56 58
56 59
56 60
56 61
56 63
56 64
56 68
56 69
56 70
56 71
56 72
56 74
56 75
56 76
56 77
56 78
56 80
56 82
56 84
56 85
56 86
56 87
56 89
56 90
56 93
56 94
56 95
56 97
57 60
57 61
57 62
57 63
57 65
57 66
57 67
57 68
57 69
57 73
57 75
57 77
57 78
57 79
57 81
57 83
57 86
57 88
57 91
57 92
57 96
57 98
58 59
58 60
58 61
58 62
58 63
58 64
58 68
58 69
58 70
58 71
58 72
58 74
58 75
58 76
58 77
58 78
58 80
58 82
58 84
58 85
58 86
58 87
58 89
58 90
58 93
58 94
58 95
58 97
59 60
59 61
59 62
59 63
59 64
59 68
59 69
59 70
59 71
59 72
59 74
59 75
59 76
59 77
59 78
59 79
59 80
59 82
59 83
59 84
59 85
59 86
59 87
59 89
59 90
59 93
59 94
59 95
59 97
59 99
60 61
60 62
60 63
60 64
60 65
60 66
60 67
60 68
60 69
60 70
60 71
60 72
60 73
60 74
60 75
60 77
60 78
60 79
60 80
60 81
60 83
60 85
60 86
60 87
60 88
60 89
60 91
60 92
60 94
60 95
60 96
60 97
60 98
60 99
61 62
61 63
61 65
61 66
61 67
61 68
61 69
61 71
61 73
61 74
61 75
61 77
61 78
61 79
61 80
61 81
61 83
61 86
61 88
61 91
61 92
61 96
61 98
61 99
62 63
62 65
62 66
62 67
62 68
62 69
62 71
62 73
62 74
62 75
62 77
62 78
62 79
62 80
62 81
62 83
62 86
62 88
62 91
62 92
62 96
62 98
62 99
63 65
63 66
63 67
63 68
63 69
63 70
63 71
63 73
63 74
63 75
63 77
63 78
63 79
63 80
63 81
63 83
63 86
63 88
63 91
63 92
63 96
63 97
63 98
63 99
64 69
64 70
64 71
64 72
64 74
64 75
64 76
64 78
64 80
64 82
64 84
64 85
64 86
64 87
64 89
64 90
64 93
64 94
64 95
64 97
65 66
65 67
65 68
65 73
65 75
65 77
65 78
65 79
65 81
65 83
65 86
65 88
65 91
65 92
65 96
65 98
65 99
66 67
66 68
66 69
66 73
66 75
66 77
66 78
66 79
66 81
66 83
66 86
66 88
66 91
66 92
66 96
66 98
66 99
67 68
67 69
67 73
67 75
67 77
67 78
67 79
67 81
67 83
67 86
67 88
67 91
67 92
67 96
67 98
67 99
68 69
68 70
68 71
68 73
68 74
68 75
68 77
68 78
68 79
68 80
68 81
68 83
68 86
68 88
68 91
68 92
68 96
68 97
68 98
68 99
69 70
69 71
69 72
69 74
69 75
69 76
69 77
69 78
69 79
69 80
69 81
69 82
69 83
69 84
69 85
69 86
69 87
69 88
69 89
69 90
69 91
69 92
69 93
69 94
69 95
69 97
69 98
69 99
70 71
70 72
70 74
70 75
70 76
70 77
70 78
70 80
70 82
70 84
70 85
70 86
70 87
70 89
70 90
70 93
70 94
70 95
70 97
70 99
71 72
71 74
71 75
71 76
71 77
71 78
71 79
71 80
71 82
71 83
71 84
71 85
71 86
71 87
71 88
71 89
71 90
71 92
71 93
71 94
71 95
71 97
71 99
72 74
72 75
72 76
72 78
72 80
72 82
72 84
72 85
72 86
72 87
72 89
72 90
72 93
72 94
72 95
72 97
72 99
73 75
73 77
73 78
73 79
73 81
73 83
73 86
73 88
73 91
73 92
73 96
73 98
73 99
74 75
74 76
74 77
74 78
74 79
74 80
74 82
74 83
74 84
74 85
74 86
74 87
74 88
74 89
74 90
74 92
74 93
74 94
74 95
74 97
74 99
75 76
75 77
75 78
75 79
75 80
75 81
75 82
75 83
75 84
75 85
75 86
75 87
75 88
75 89
75 90
75 91
75 92
75 93
75 94
75 95
75 96
75 97
75 98
75 99
76 78
76 80
76 82
76 84
76 85
76 86
76 87
76 89
76 90
76 93
76 94
76 95
76 97
77 78
77 79
77 80
77 81
77 83
77 86
77 88
77 91
77 92
77 94
77 95
77 96
77 97
77 98
77 99
78 79
78 80
78 81
78 82
78 83
78 84
78 85
78 86
78 87
78 88
78 89
78 90
78 91
78 92
78 93
78 94
78 95
78 96
78 97
78 98
78 99
79 80
79 81
79 83
79 86
79 88
79 91
79 92
79 96
79 97
79 98
79 99
80 81
80 82
80 83
80 84
80 85
80 86
80 87
80 88
80 89
80 90
80 91
80 92
80 93
80 94
80 95
80 97
80 98
80 99
81 83
81 86
81 88
81 91
81 92
81 96
81 97
81 98
81 99
82 84
82 85
82 86
82 87
82 89
82 90
82 93
82 94
82 95
82 97
83 86
83 88
83 91
83 92
83 94
83 95
83 96
83 97
83 98
83 99
84 85
84 86
84 87
84 89
84 90
84 93
84 94
84 95
84 97
85 86
85 87
85 89
85 90
85 93
85 94
85 95
85 97
85 99
86 87
86 88
86 89
86 90
86 91
86 92
86 93
86 94
86 95
86 96
86 97
86 98
86 99
87 89
87 90
87 93
87 94
87 95
87 97
87 99
88 91
88 92
88 94
88 96
88 97
88 98
88 99
89 90
89 93
89 94
89 95
89 97
89 99
90 93
90 94
90 95
90 97
90 99
91 92
91 96
91 97
91 98
91 99
92 94
92 96
92 97
92 98
92 99
93 94
93 95
93 97
93 99
94 95
94 97
94 99
95 97
95 99
96 97
96 98
96 99
97 98
97 99
98 99
