0 9
0 11
0 12
1 2
1 6
2 6
3 5
3 7
3 8
3 10
4 16
5 7
5 10
5 13
7 10
7 11
7 13
9 11
9 12
10 11
10 13
11 12
11 13
12 19
14 16
17 22
19 21
19 22
19 25
21 22
21 25
22 25
22 29
22 31
23 24
23 26
23 27
23 28
24 26
24 27
24 28
24 30
25 29
25 31
26 27
26 28
27 28
28 30
29 31
30 38
32 35
32 37
33 42
33 44
35 37
36 39
36 45
39 40
39 41
39 45
40 41
40 45
40 51
41 45
41 51
42 44
43 46
43 52
44 48
45 51
46 52
47 49
47 54
48 55
48 56
49 53
49 54
50 51
53 54
53 57
53 58
54 57
55 56
55 59
55 60
56 59
56 60
57 58
57 61
57 62
58 61
58 62
59 60
61 62
61 66
62 66
62 70
63 73
64 69
64 71
64 72
66 75
67 68
67 76
68 76
68 78
69 70
69 71
69 72
70 71
70 74
70 75
71 72
73 77
74 75
76 78
76 82
78 82
79 80
79 83
79 84
79 91
80 83
80 84
81 87
82 88
83 84
83 91
84 91
84 92
84 95
85 89
85 90
88 89
89 90
89 94
89 98
90 94
90 98
91 93
91 97
92 95
93 96
93 97
94 98
96 97
