0 2
0 3
0 5
0 9
0 10
0 11
0 13
0 14
0 17
0 25
0 26
0 27
0 28
0 32
0 33
0 36
0 40
0 41
0 43
0 47
1 2
1 4
1 6
1 7
1 8
1 10
1 11
1 12
1 13
1 15
1 16
1 18
1 19
1 20
1 21
1 22
1 23
1 24
1 27
1 29
1 30
1 31
1 34
1 35
1 37
1 38
1 39
1 42
1 44
1 45
1 46
2 3
2 4
2 5
2 6
2 7
2 9
2 10
2 11
2 12
2 13
2 14
2 15
2 16
2 17
2 18
2 19
2 21
2 22
2 23
2 24
2 25
2 26
2 27
2 28
2 29
2 31
2 32
2 33
2 34
2 36
2 38
2 39
2 40
2 43
2 46
2 47
2 48
2 51
3 5
3 9
3 10
3 11
3 13
3 14
3 15
3 17
3 18
3 19
3 25
3 26
3 27
3 28
3 29
3 32
3 33
3 36
3 38
3 40
3 41
3 43
3 47
4 6
4 7
4 8
4 10
4 12
4 15
4 16
4 18
4 19
4 20
4 21
4 22
4 23
4 24
4 27
4 29
4 30
4 31
4 34
4 35
4 37
4 39
4 42
4 44
4 45
4 46
4 49
4 52
4 53
5 9
5 10
5 11
5 13
5 14
5 15
5 17
5 25
5 26
5 27
5 28
5 32
5 33
5 36
5 40
5 41
5 43
5 47
6 7
6 8
6 10
6 11
6 12
6 13
6 15
6 16
6 17
6 18
6 19
6 20
6 21
6 22
6 23
6 24
6 27
6 29
6 30
6 31
6 34
6 35
6 37
6 38
6 39
6 42
6 44
6 45
6 46
6 50
6 52
6 53
6 55
7 8
7 10
7 11
7 12
7 15
7 16
7 18
7 19
7 20
7 21
7 22
7 23
7 24
7 27
7 29
7 30
7 31
7 34
7 35
7 37
7 38
7 39
7 42
7 44
7 45
7 46
7 49
7 50
7 52
7 53
7 58
7 61
8 10
8 12
8 15
8 16
8 18
8 19
8 20
8 21
8 22
8 23
8 24
8 29
8 30
8 31
8 34
8 35
8 37
8 39
8 42
8 44
8 45
8 46
8 49
8 50
8 52
8 53
8 58
8 60
9 10
9 11
9 13
9 14
9 15
9 17
9 18
9 19
9 25
9 26
9 27
9 28
9 29
9 32
9 33
9 36
9 38
9 40
9 41
9 43
9 47
9 48
9 51
9 56
10 11
10 12
10 13
10 15
10 16
10 17
10 18
10 19
10 20
10 21
10 22
10 23
10 24
10 25
10 27
10 28
10 29
10 30
10 31
10 32
10 33
10 34
10 35
10 36
10 37
10 38
10 39
10 40
10 42
10 43
10 44
10 45
10 46
10 47
10 48
10 50
10 51
10 53
10 54
10 55
10 57
11 12
11 13
11 14
11 15
11 16
11 17
11 18
11 19
11 22
11 24
11 25
11 26
11 27
11 28
11 29
11 31
11 32
11 33
11 34
11 36
11 38
11 39
11 40
11 41
11 43
11 46
11 47
11 48
11 51
11 54
11 57
12 13
12 15
12 16
12 18
12 19
12 20
12 21
12 22
12 23
12 24
12 27
12 29
12 30
12 31
12 34
12 35
12 37
12 38
12 39
12 42
12 44
12 45
12 46
12 49
12 50
12 52
12 53
12 55
12 58
12 60
12 61
13 14
13 15
13 16
13 17
13 18
13 19
13 24
13 25
13 26
13 27
13 28
13 29
13 31
13 32
13 33
13 34
13 36
13 38
13 39
13 40
13 41
13 43
13 46
13 47
13 48
13 51
13 54
13 57
13 62
14 17
14 25
14 26
14 27
14 28
14 32
14 33
14 36
14 40
14 41
14 43
14 47
14 56
14 62
15 16
15 17
15 18
15 19
15 20
15 21
15 22
15 23
15 24
15 25
15 27
15 28
15 29
15 30
15 31
15 32
15 33
15 34
15 35
15 36
15 37
15 38
15 39
15 40
15 42
15 43
15 44
15 45
15 46
15 47
15 48
15 50
15 51
15 53
15 54
15 55
15 57
15 58
15 63
16 17
16 18
16 19
16 20
16 21
16 22
16 23
16 24
16 27
16 29
16 30
16 31
16 34
16 35
16 37
16 38
16 39
16 42
16 44
16 45
16 46
16 48
16 49
16 50
16 51
16 52
16 53
16 54
16 55
16 57
16 58
16 59
16 60
16 61
16 63
17 18
17 19
17 24
17 25
17 26
17 27
17 28
17 29
17 32
17 33
17 34
17 36
17 38
17 39
17 40
17 41
17 43
17 46
17 47
17 48
17 51
17 54
17 56
17 57
17 62
17 64
18 19
18 20
18 21
18 22
18 23
18 24
18 25
18 27
18 28
18 29
18 30
18 31
18 32
18 33
18 34
18 35
18 36
18 37
18 38
18 39
18 40
18 42
18 43
18 44
18 45
18 46
18 48
18 49
18 50
18 51
18 52
18 53
18 54
18 55
18 57
18 58
18 60
18 61
18 63
19 20
19 21
19 22
19 23
19 24
19 25
19 27
19 28
19 29
19 30
19 31
19 32
19 33
19 34
19 35
19 36
19 37
19 38
19 39
19 40
19 42
19 43
19 44
19 45
19 46
19 47
19 48
19 50
19 51
19 52
19 53
19 54
19 55
19 57
19 58
19 61
19 63
20 21
20 22
20 23
20 24
20 29
20 30
20 31
20 34
20 35
20 37
20 39
20 42
20 44
20 45
20 46
20 49
20 50
20 52
20 53
20 55
20 58
20 59
20 60
20 61
20 65
21 22
21 23
21 24
21 27
21 29
21 30
21 31
21 34
21 35
21 37
21 38
21 39
21 42
21 44
21 45
21 46
21 49
21 50
21 52
21 53
21 54
21 55
21 57
21 58
21 59
21 60
21 61
21 63
21 65
21 67
21 68
21 69
22 23
22 24
22 27
22 29
22 30
22 31
22 34
22 35
22 37
22 38
22 39
22 42
22 44
22 45
22 46
22 48
22 49
22 50
22 52
22 53
22 54
22 55
22 57
22 58
22 59
22 60
22 61
22 63
22 65
22 67
22 68
22 69
23 24
23 27
23 29
23 30
23 31
23 34
23 35
23 37
23 38
23 39
23 42
23 44
23 45
23 46
23 49
23 50
23 52
23 53
23 54
23 55
23 57
23 58
23 59
23 60
23 61
23 63
23 65
23 67
23 68
23 69
24 25
24 27
24 28
24 29
24 30
24 31
24 32
24 33
24 34
24 35
24 36
24 37
24 38
24 39
24 40
24 42
24 43
24 44
24 45
24 46
24 48
24 49
24 50
24 51
24 52
24 53
24 54
24 55
24 57
24 58
24 59
24 60
24 61
24 63
24 65
24 67
24 68
24 69
24 70
25 26
25 27
25 28
25 29
25 32
25 33
25 34
25 36
25 38
25 40
25 41
25 43
25 46
25 47
25 48
25 51
25 54
25 56
25 57
25 62
25 64
25 66
25 71
25 73
25 74
26 27
26 28
26 32
26 33
26 36
26 38
26 40
26 41
26 43
26 47
26 48
26 51
26 56
26 62
26 64
26 71
26 73
26 74
27 28
27 29
27 30
27 31
27 32
27 33
27 34
27 35
27 36
27 38
27 39
27 40
27 41
27 42
27 43
27 44
27 45
27 46
27 47
27 48
27 50
27 51
27 53
27 54
27 55
27 57
27 58
27 62
27 63
27 64
27 66
27 67
27 68
27 70
27 71
27 72
27 75
27 76
28 29
28 32
28 33
28 34
28 36
28 38
28 39
28 40
28 41
28 43
28 46
28 47
28 48
28 50
28 51
28 54
28 55
28 56
28 57
28 62
28 63
28 64
28 66
28 71
28 72
28 73
28 74
29 30
29 31
29 32
29 33
29 34
29 35
29 36
29 37
29 38
29 39
29 40
29 42
29 43
29 44
29 45
29 46
29 47
29 48
29 49
29 50
29 51
29 52
29 53
29 54
29 55
29 57
29 58
29 59
29 60
29 61
29 63
29 65
29 67
29 68
29 69
29 70
29 76
30 31
30 34
30 35
30 37
30 38
30 39
30 42
30 44
30 45
30 46
30 49
30 50
30 52
30 53
30 54
30 55
30 57
30 58
30 59
30 60
30 61
30 63
30 65
30 67
30 68
30 69
31 34
31 35
31 37
31 38
31 39
31 42
31 44
31 45
31 46
31 48
31 49
31 50
31 51
31 52
31 53
31 54
31 55
31 57
31 58
31 59
31 60
31 61
31 63
31 65
31 67
31 68
31 69
31 70
32 33
32 34
32 36
32 38
32 39
32 40
32 41
32 43
32 46
32 47
32 48
32 50
32 51
32 54
32 55
32 56
32 57
32 62
32 63
32 64
32 66
32 71
32 72
32 73
32 74
32 75
32 78
32 79
33 34
33 36
33 38
33 39
33 40
33 41
33 43
33 46
33 47
33 48
33 50
33 51
33 54
33 55
33 56
33 57
33 62
33 63
33 64
33 66
33 71
33 72
33 73
33 74
33 75
33 77
33 78
33 79
34 35
34 36
34 37
34 38
34 39
34 40
34 42
34 43
34 44
34 45
34 46
34 48
34 49
34 50
34 51
34 52
34 53
34 54
34 55
34 57
34 58
34 59
34 60
34 61
34 63
34 65
34 67
34 68
34 69
34 70
34 76
35 37
35 38
35 39
35 42
35 44
35 45
35 46
35 48
35 49
35 50
35 51
35 52
35 53
35 54
35 55
35 57
35 58
35 59
35 60
35 61
35 63
35 65
35 67
35 68
35 69
35 70
35 80
35 82
36 38
36 39
36 40
36 41
36 43
36 46
36 47
36 48
36 50
36 51
36 54
36 55
36 56
36 57
36 62
36 63
36 64
36 66
36 70
36 71
36 72
36 73
36 74
36 75
36 77
36 78
36 79
37 38
37 39
37 42
37 44
37 45
37 46
37 49
37 50
37 52
37 53
37 54
37 55
37 57
37 58
37 59
37 60
37 61
37 63
37 65
37 67
37 68
37 69
37 70
37 80
37 82
38 39
38 40
38 41
38 42
38 43
38 44
38 45
38 46
38 47
38 48
38 50
38 51
38 52
38 53
38 54
38 55
38 57
38 58
38 60
38 61
38 62
38 63
38 64
38 65
38 66
38 67
38 68
38 69
38 70
38 71
38 72
38 75
38 76
38 81
38 84
38 86
38 88
39 40
39 42
39 43
39 44
39 45
39 46
39 47
39 48
39 49
39 50
39 51
39 52
39 53
39 54
39 55
39 57
39 58
39 59
39 60
39 61
39 63
39 65
39 66
39 67
39 68
39 69
39 70
39 72
39 75
39 76
39 80
39 84
39 85
39 87
40 41
40 43
40 46
40 47
40 48
40 50
40 51
40 54
40 55
40 56
40 57
40 62
40 63
40 64
40 66
40 67
40 70
40 71
40 72
40 73
40 74
40 75
40 76
40 77
40 78
40 79
40 81
40 83
40 86
41 43
41 47
41 48
41 51
41 54
41 56
41 62
41 64
41 66
41 71
41 72
41 73
41 74
41 77
41 78
41 79
41 83
42 44
42 45
42 46
42 49
42 50
42 52
42 53
42 54
42 55
42 57
42 58
42 59
42 60
42 61
42 63
42 65
42 67
42 68
42 69
42 70
42 80
42 82
42 85
42 87
42 89
43 46
43 47
43 48
43 50
43 51
43 54
43 55
43 56
43 57
43 62
43 63
43 64
43 66
43 67
43 70
43 71
43 72
43 73
43 74
43 75
43 76
43 77
43 78
43 79
43 81
43 83
43 86
44 45
44 46
44 48
44 49
44 50
44 51
44 52
44 53
44 54
44 55
44 57
44 58
44 59
44 60
44 61
44 63
44 65
44 67
44 68
44 69
44 70
44 72
44 75
44 76
44 80
44 82
44 84
44 85
44 87
44 89
44 90
45 46
45 48
45 49
45 50
45 51
45 52
45 53
45 54
45 55
45 57
45 58
45 59
45 60
45 61
45 63
45 65
45 67
45 68
45 69
45 70
45 76
45 80
45 82
45 84
45 85
45 87
45 89
45 90
46 47
46 48
46 49
46 50
46 51
46 52
46 53
46 54
46 55
46 57
46 58
46 59
46 60
46 61
46 63
46 64
46 65
46 66
46 67
46 68
46 69
46 70
46 72
46 75
46 76
46 80
46 81
46 82
46 84
46 85
46 86
46 87
46 88
46 90
47 48
47 50
47 51
47 54
47 55
47 56
47 57
47 62
47 63
47 64
47 66
47 67
47 70
47 71
47 72
47 73
47 74
47 75
47 76
47 77
47 78
47 79
47 81
47 83
47 86
47 88
47 91
47 93
48 50
48 51
48 52
48 53
48 54
48 55
48 56
48 57
48 58
48 60
48 61
48 62
48 63
48 64
48 65
48 66
48 67
48 68
48 69
48 70
48 71
48 72
48 73
48 74
48 75
48 76
48 77
48 78
48 79
48 81
48 83
48 84
48 85
48 86
48 88
48 91
48 93
48 96
49 50
49 52
49 53
49 55
49 57
49 58
49 59
49 60
49 61
49 63
49 65
49 67
49 68
49 69
49 70
49 80
49 82
49 84
49 85
49 87
49 89
49 90
50 51
50 52
50 53
50 54
50 55
50 57
50 58
50 59
50 60
50 61
50 63
50 64
50 65
50 66
50 67
50 68
50 69
50 70
50 71
50 72
50 75
50 76
50 80
50 81
50 82
50 84
50 85
50 86
50 87
50 88
50 89
50 90
50 98
51 53
51 54
51 55
51 56
51 57
51 58
51 61
51 62
51 63
51 64
51 65
51 66
51 67
51 68
51 69
51 70
51 71
51 72
51 73
51 74
51 75
51 76
51 77
51 78
51 79
51 81
51 83
51 84
51 85
51 86
51 88
51 91
51 93
51 96
52 53
52 54
52 55
52 57
52 58
52 59
52 60
52 61
52 63
52 65
52 67
52 68
52 69
52 70
52 76
52 80
52 82
52 84
52 85
52 87
52 89
52 90
52 97
53 54
53 55
53 57
53 58
53 59
53 60
53 61
53 63
53 65
53 66
53 67
53 68
53 69
53 70
53 72
53 75
53 76
53 80
53 81
53 82
53 84
53 85
53 86
53 87
53 88
53 89
53 90
53 97
54 55
54 56
54 57
54 58
54 60
54 61
54 62
54 63
54 64
54 65
54 66
54 67
54 68
54 69
54 70
54 71
54 72
54 73
54 74
54 75
54 76
54 78
54 79
54 81
54 84
54 85
54 86
54 87
54 88
54 90
54 91
54 96
54 98
55 57
55 58
55 59
55 60
55 61
55 62
55 63
55 64
55 65
55 66
55 67
55 68
55 69
55 70
55 71
55 72
55 75
55 76
55 80
55 81
55 82
55 84
55 85
55 86
55 87
55 88
55 89
55 90
55 97
55 98
56 62
56 64
56 66
56 71
56 72
56 73
56 74
56 75
56 77
56 78
56 79
56 81
56 83
56 91
56 92
56 93
56 94
56 95
56 99
57 58
57 59
57 60
57 61
57 62
57 63
57 64
57 65
57 66
57 67
57 68
57 69
57 70
57 71
57 72
57 73
57 74
57 75
57 76
57 78
57 79
57 80
57 81
57 84
57 85
57 86
57 87
57 88
57 89
57 90
57 91
57 96
57 98
58 59
58 60
58 61
58 63
58 65
58 66
58 67
58 68
58 69
58 70
58 72
58 75
58 76
58 80
58 81
58 82
58 84
58 85
58 86
58 87
58 88
58 89
58 90
58 97
58 98
59 60
59 61
59 63
59 65
59 67
59 68
59 69
59 70
59 76
59 80
59 82
59 84
59 85
59 87
59 89
59 90
59 97
60 61
60 63
60 65
60 67
60 68
60 69
60 70
60 76
60 80
60 82
60 84
60 85
60 87
60 89
60 90
60 97
61 63
61 65
61 67
61 68
61 69
61 70
61 72
61 75
61 76
61 80
61 81
61 82
61 84
61 85
61 86
61 87
61 88
61 89
61 90
61 97
61 98
62 63
62 64
62 66
62 67
62 70
62 71
62 72
62 73
62 74
62 75
62 76
62 77
62 78
62 79
62 81
62 83
62 86
62 88
62 91
62 92
62 93
62 94
62 95
62 96
62 99
63 64
63 65
63 66
63 67
63 68
63 69
63 70
63 71
63 72
63 75
63 76
63 78
63 79
63 80
63 81
63 82
63 84
63 85
63 86
63 87
63 88
63 89
63 90
63 91
63 96
63 97
63 98
64 66
64 67
64 68
64 70
64 71
64 72
64 73
64 74
64 75
64 76
64 77
64 78
64 79
64 81
64 83
64 84
64 86
64 88
64 91
64 92
64 93
64 94
64 95
64 96
64 99
65 67
65 68
65 69
65 70
65 72
65 75
65 76
65 80
65 81
65 82
65 84
65 85
65 86
65 87
65 88
65 89
65 90
65 97
65 98
66 67
66 68
66 69
66 70
66 71
66 72
66 73
66 74
66 75
66 76
66 77
66 78
66 79
66 81
66 83
66 84
66 85
66 86
66 88
66 90
66 91
66 92
66 93
66 94
66 95
66 96
66 98
66 99
67 68
67 69
67 70
67 71
67 72
67 75
67 76
67 80
67 81
67 82
67 84
67 85
67 86
67 87
67 88
67 89
67 90
67 91
67 96
67 97
67 98
68 69
68 70
68 71
68 72
68 75
68 76
68 80
68 81
68 82
68 84
68 85
68 86
68 87
68 88
68 89
68 90
68 96
68 97
68 98
69 70
69 72
69 75
69 76
69 80
69 81
69 82
69 84
69 85
69 86
69 87
69 88
69 89
69 90
69 97
69 98
70 71
70 72
70 74
70 75
70 76
70 78
70 79
70 80
70 81
70 82
70 84
70 85
70 86
70 87
70 88
70 89
70 90
70 91
70 93
70 96
70 97
70 98
71 72
71 73
71 74
71 75
71 76
71 77
71 78
71 79
71 81
71 83
71 84
71 86
71 88
71 91
71 92
71 93
71 94
71 95
71 96
71 98
71 99
72 73
72 74
72 75
72 76
72 77
72 78
72 79
72 81
72 83
72 84
72 85
72 86
72 87
72 88
72 90
72 91
72 92
72 93
72 94
72 95
72 96
72 98
72 99
73 74
73 75
73 76
73 77
73 78
73 79
73 81
73 83
73 86
73 88
73 91
73 92
73 93
73 94
73 95
73 96
73 99
74 75
74 76
74 77
74 78
74 79
74 81
74 83
74 86
74 88
74 91
74 92
74 93
74 94
74 95
74 96
74 99
75 76
75 77
75 78
75 79
75 81
75 83
75 84
75 85
75 86
75 87
75 88
75 89
75 90
75 91
75 92
75 93
75 94
75 95
75 96
75 97
75 98
75 99
76 78
76 79
76 80
76 81
76 82
76 83
76 84
76 85
76 86
76 87
76 88
76 89
76 90
76 91
76 92
76 93
76 94
76 96
76 97
76 98
77 78
77 79
77 81
77 83
77 86
77 88
77 91
77 92
77 93
77 94
77 95
77 96
77 99
78 79
78 81
78 83
78 86
78 88
78 91
78 92
78 93
78 94
78 95
78 96
78 99
79 81
79 83
79 84
79 86
79 88
79 91
79 92
79 93
79 94
79 95
79 96
79 98
79 99
80 82
80 84
80 85
80 87
80 88
80 89
80 90
80 97
80 98
81 83
81 84
81 85
81 86
81 87
81 88
81 89
81 90
81 91
81 92
81 93
81 94
81 95
81 96
81 97
81 98
81 99
82 84
82 85
82 87
82 89
82 90
82 97
82 98
83 86
83 88
83 91
83 92
83 93
83 94
83 95
83 96
83 99
84 85
84 86
84 87
84 88
84 89
84 90
84 91
84 93
84 96
84 97
84 98
85 86
85 87
85 88
85 89
85 90
85 91
85 96
85 97
85 98
86 87
86 88
86 89
86 90
86 91
86 92
86 93
86 94
86 95
86 96
86 97
86 98
86 99
87 88
87 89
87 90
87 97
87 98
88 89
88 90
88 91
88 92
88 93
88 94
88 95
88 96
88 97
88 98
88 99
89 90
89 97
89 98
90 91
90 96
90 97
90 98
91 92
91 93
91 94
91 95
91 96
91 98
91 99
92 93
92 94
92 95
92 96
92 99
93 94
93 95
93 96
93 98
93 99
94 95
94 96
94 98
94 99
95 96
95 99
96 97
96 98
96 99
97 98
