0 3
0 6
0 7
0 8
0 9
0 10
0 11
0 13
0 14
0 20
0 21
0 22
0 30
0 33
1 2
1 4
1 5
1 12
1 15
1 16
1 19
1 23
1 24
1 25
1 27
1 29
1 34
2 4
2 5
2 12
2 15
2 16
2 19
2 23
2 24
2 25
2 26
2 27
2 29
2 31
2 34
2 35
2 36
3 4
3 5
3 6
3 7
3 8
3 9
3 10
3 11
3 13
3 14
3 15
3 17
3 18
3 20
3 21
3 22
3 25
3 26
3 27
3 28
3 30
3 32
3 38
4 5
4 8
4 12
4 14
4 15
4 16
4 17
4 18
4 19
4 23
4 24
4 25
4 26
4 27
4 29
4 31
4 34
4 35
4 36
5 8
5 12
5 13
5 14
5 15
5 16
5 17
5 18
5 19
5 20
5 22
5 23
5 24
5 25
5 26
5 27
5 29
5 31
5 32
5 34
6 7
6 8
6 9
6 10
6 11
6 13
6 14
6 20
6 21
6 22
6 28
6 30
6 33
6 40
7 8
7 9
7 10
7 11
7 13
7 14
7 17
7 20
7 21
7 22
7 28
7 30
7 33
7 40
8 9
8 10
8 11
8 13
8 14
8 15
8 16
8 17
8 18
8 20
8 21
8 22
8 25
8 26
8 27
8 28
8 30
8 31
8 32
8 38
8 39
9 10
9 11
9 13
9 14
9 20
9 21
9 22
9 28
9 30
9 33
9 40
10 11
10 13
10 14
10 17
10 18
10 20
10 21
10 22
10 28
10 30
10 33
10 37
10 40
10 41
11 13
11 14
11 17
11 18
11 20
11 21
11 22
11 26
11 28
11 30
11 32
11 33
11 37
11 38
11 39
11 40
11 41
11 42
11 43
11 44
12 15
12 16
12 19
12 23
12 24
12 25
12 27
12 29
12 34
12 35
12 36
13 14
13 17
13 18
13 20
13 21
13 22
13 25
13 26
13 27
13 28
13 30
13 32
13 33
13 37
13 38
13 39
13 40
13 41
13 42
13 43
13 44
14 15
14 17
14 18
14 20
14 21
14 22
14 25
14 26
14 27
14 28
14 30
14 31
14 32
14 33
14 37
14 38
14 39
14 41
14 42
14 43
14 44
15 16
15 17
15 18
15 19
15 20
15 23
15 24
15 25
15 26
15 27
15 29
15 31
15 32
15 34
15 35
15 36
15 39
15 46
15 48
15 50
16 17
16 18
16 19
16 23
16 24
16 25
16 26
16 27
16 29
16 31
16 32
16 34
16 35
16 36
16 48
16 50
17 18
17 19
17 20
17 21
17 22
17 24
17 25
17 26
17 27
17 28
17 30
17 31
17 32
17 33
17 37
17 38
17 39
17 42
17 43
17 44
17 46
18 19
18 20
18 21
18 22
18 24
18 25
18 26
18 27
18 28
18 30
18 31
18 32
18 33
18 37
18 38
18 39
18 42
18 43
18 44
18 46
18 49
19 23
19 24
19 25
19 26
19 27
19 29
19 31
19 32
19 34
19 35
19 36
19 48
19 50
19 53
20 21
20 22
20 25
20 26
20 27
20 28
20 30
20 31
20 32
20 33
20 37
20 38
20 39
20 40
20 41
20 42
20 43
20 44
20 46
20 47
20 49
20 51
20 57
21 22
21 25
21 26
21 27
21 28
21 30
21 32
21 33
21 37
21 38
21 39
21 40
21 41
21 42
21 43
21 44
21 45
21 47
21 49
21 51
21 52
21 57
22 25
22 26
22 27
22 28
22 30
22 31
22 32
22 33
22 37
22 38
22 39
22 40
22 41
22 42
22 43
22 44
22 46
22 47
22 49
22 51
22 52
22 57
22 58
22 62
23 24
23 25
23 26
23 27
23 29
23 31
23 34
23 35
23 36
23 48
23 50
23 53
23 55
23 60
23 61
24 25
24 26
24 27
24 29
24 31
24 32
24 34
24 35
24 36
24 39
24 46
24 48
24 50
24 53
24 55
24 60
24 61
25 26
25 27
25 28
25 29
25 31
25 32
25 34
25 35
25 36
25 38
25 39
25 42
25 44
25 46
25 48
25 50
25 55
25 63
26 27
26 28
26 29
26 30
26 31
26 32
26 34
26 35
26 36
26 37
26 38
26 39
26 42
26 43
26 44
26 46
26 48
26 49
26 50
26 55
26 57
26 58
26 62
26 63
27 28
27 29
27 31
27 32
27 34
27 35
27 36
27 38
27 39
27 42
27 43
27 44
27 46
27 48
27 50
27 53
27 55
27 58
27 63
27 65
28 30
28 31
28 32
28 33
28 37
28 38
28 39
28 40
28 41
28 42
28 43
28 44
28 45
28 46
28 47
28 49
28 51
28 52
28 54
28 56
28 57
28 58
28 59
28 62
28 64
28 67
29 31
29 32
29 34
29 35
29 36
29 46
29 48
29 50
29 53
29 55
29 60
29 61
29 63
29 65
29 72
29 75
30 32
30 33
30 37
30 38
30 39
30 40
30 41
30 42
30 43
30 44
30 45
30 46
30 47
30 49
30 51
30 52
30 54
30 56
30 57
30 58
30 59
30 62
30 64
30 66
30 67
30 76
31 32
31 34
31 35
31 36
31 38
31 39
31 42
31 43
31 44
31 46
31 48
31 50
31 53
31 55
31 57
31 58
31 60
31 61
31 62
31 63
31 65
31 68
31 69
31 73
32 33
32 34
32 35
32 36
32 37
32 38
32 39
32 41
32 42
32 43
32 44
32 46
32 47
32 48
32 49
32 50
32 51
32 55
32 57
32 58
32 62
32 63
32 64
32 65
32 67
32 68
32 69
32 71
32 74
32 77
33 37
33 38
33 39
33 40
33 41
33 42
33 43
33 44
33 45
33 47
33 49
33 51
33 52
33 54
33 56
33 57
33 58
33 59
33 62
33 64
33 66
33 67
33 70
33 76
34 35
34 36
34 39
34 46
34 48
34 50
34 53
34 55
34 60
34 61
34 63
34 65
34 72
34 73
34 75
35 36
35 39
35 46
35 48
35 50
35 53
35 55
35 60
35 61
35 63
35 65
35 72
35 73
35 75
36 39
36 46
36 48
36 50
36 53
36 55
36 60
36 61
36 63
36 65
36 72
36 73
36 75
37 38
37 39
37 40
37 41
37 42
37 43
37 44
37 45
37 46
37 47
37 49
37 51
37 52
37 54
37 56
37 57
37 58
37 59
37 62
37 64
37 66
37 67
37 68
37 69
37 70
37 71
37 74
37 76
38 39
38 40
38 41
38 42
38 43
38 44
38 45
38 46
38 47
38 48
38 49
38 50
38 51
38 52
38 55
38 56
38 57
38 58
38 59
38 62
38 63
38 64
38 67
38 68
38 69
38 71
38 74
38 76
38 77
38 81
39 40
39 41
39 42
39 43
39 44
39 46
39 47
39 48
39 49
39 50
39 51
39 55
39 57
39 58
39 59
39 62
39 63
39 64
39 65
39 67
39 68
39 69
39 71
39 73
39 74
39 76
39 77
39 81
40 41
40 42
40 43
40 44
40 45
40 47
40 49
40 51
40 52
40 54
40 56
40 57
40 58
40 59
40 62
40 64
40 66
40 67
40 70
40 76
40 78
40 79
40 80
40 84
41 42
41 43
41 44
41 45
41 47
41 49
41 51
41 52
41 54
41 56
41 57
41 58
41 59
41 62
41 64
41 66
41 67
41 70
41 74
41 76
41 78
41 79
41 80
41 84
42 43
42 44
42 45
42 46
42 47
42 48
42 49
42 50
42 51
42 52
42 54
42 55
42 56
42 57
42 58
42 59
42 62
42 63
42 64
42 66
42 67
42 68
42 69
42 71
42 74
42 76
42 77
42 81
43 44
43 45
43 46
43 47
43 49
43 51
43 52
43 54
43 56
43 57
43 58
43 59
43 62
43 64
43 66
43 67
43 68
43 69
43 70
43 71
43 74
43 76
43 77
43 78
43 81
43 84
44 45
44 46
44 47
44 48
44 49
44 50
44 51
44 52
44 54
44 55
44 56
44 57
44 58
44 59
44 62
44 63
44 64
44 66
44 67
44 68
44 69
44 71
44 74
44 76
44 77
44 81
44 85
44 87
45 47
45 49
45 51
45 52
45 54
45 56
45 57
45 59
45 64
45 66
45 70
45 76
45 78
45 79
45 80
45 84
46 47
46 48
46 49
46 50
46 51
46 53
46 55
46 57
46 58
46 60
46 61
46 62
46 63
46 64
46 65
46 67
46 68
46 69
46 71
46 73
46 74
46 75
46 77
46 81
46 82
46 83
46 85
46 86
46 87
47 49
47 51
47 52
47 54
47 56
47 57
47 58
47 59
47 62
47 64
47 66
47 67
47 68
47 69
47 70
47 71
47 74
47 76
47 78
47 79
47 80
47 84
47 89
48 50
48 53
48 55
48 57
48 58
48 60
48 61
48 62
48 63
48 65
48 67
48 68
48 69
48 71
48 72
48 73
48 74
48 75
48 77
48 82
48 83
48 86
49 51
49 52
49 54
49 56
49 57
49 58
49 59
49 62
49 63
49 64
49 66
49 67
49 68
49 69
49 70
49 71
49 74
49 76
49 77
49 78
49 79
49 80
49 81
49 84
49 85
49 88
50 53
50 55
50 57
50 58
50 60
50 61
50 62
50 63
50 65
50 67
50 68
50 69
50 71
50 72
50 73
50 74
50 75
50 77
50 81
50 82
50 83
50 85
50 86
50 87
51 52
51 54
51 56
51 57
51 58
51 59
51 62
51 64
51 66
51 67
51 68
51 69
51 70
51 71
51 74
51 76
51 77
51 78
51 79
51 80
51 81
51 84
51 89
51 90
51 92
52 54
52 56
52 57
52 58
52 59
52 62
52 64
52 66
52 67
52 70
52 76
52 78
52 79
52 80
52 84
52 89
52 90
52 91
52 92
53 55
53 60
53 61
53 63
53 65
53 72
53 73
53 75
53 83
53 94
54 56
54 57
54 59
54 64
54 66
54 67
54 70
54 76
54 78
54 79
54 80
54 84
54 89
54 90
54 91
54 92
55 57
55 58
55 60
55 61
55 62
55 63
55 65
55 67
55 68
55 69
55 71
55 72
55 73
55 74
55 75
55 77
55 81
55 82
55 83
55 85
55 86
55 87
55 93
55 94
55 96
55 97
56 57
56 58
56 59
56 62
56 64
56 66
56 67
56 70
56 76
56 78
56 79
56 80
56 84
56 89
56 90
56 91
56 92
57 58
57 59
57 62
57 63
57 64
57 66
57 67
57 68
57 69
57 70
57 71
57 73
57 74
57 76
57 77
57 78
57 81
57 82
57 84
57 85
57 86
57 87
57 88
57 89
57 95
57 98
57 99
58 59
58 62
58 63
58 64
58 65
58 66
58 67
58 68
58 69
58 70
58 71
58 73
58 74
58 76
58 77
58 78
58 81
58 82
58 84
58 85
58 86
58 87
58 88
58 93
58 95
58 96
58 98
58 99
59 62
59 64
59 66
59 67
59 68
59 69
59 70
59 71
59 74
59 76
59 77
59 78
59 79
59 80
59 81
59 84
59 85
59 88
59 89
59 90
59 91
59 92
60 61
60 63
60 65
60 68
60 72
60 73
60 75
60 82
60 83
60 86
60 94
60 97
60 100
61 63
61 65
61 68
61 72
61 73
61 75
61 77
61 82
61 83
61 86
61 93
61 94
61 97
61 100
62 63
62 64
62 65
62 66
62 67
62 68
62 69
62 70
62 71
62 73
62 74
62 76
62 77
62 78
62 81
62 82
62 84
62 85
62 86
62 87
62 88
62 89
62 93
62 95
62 96
62 98
62 99
63 64
63 65
63 67
63 68
63 69
63 71
63 72
63 73
63 74
63 75
63 77
63 81
63 82
63 83
63 85
63 86
63 87
63 88
63 93
63 94
63 95
63 96
63 97
63 98
63 100
64 66
64 67
64 68
64 69
64 70
64 71
64 74
64 76
64 77
64 78
64 79
64 80
64 81
64 82
64 84
64 85
64 86
64 87
64 88
64 89
64 90
64 91
64 92
64 95
64 96
64 98
64 99
65 67
65 68
65 69
65 71
65 72
65 73
65 74
65 75
65 77
65 81
65 82
65 83
65 85
65 86
65 87
65 93
65 94
65 95
65 96
65 97
65 100
66 67
66 70
66 74
66 76
66 78
66 79
66 80
66 81
66 84
66 88
66 89
66 90
66 91
66 92
67 68
67 69
67 70
67 71
67 73
67 74
67 76
67 77
67 78
67 79
67 80
67 81
67 82
67 84
67 85
67 86
67 87
67 88
67 89
67 90
67 92
67 93
67 95
67 96
67 98
67 99
68 69
68 71
68 73
68 74
68 75
68 76
68 77
68 81
68 82
68 83
68 84
68 85
68 86
68 87
68 88
68 93
68 95
68 96
68 97
68 98
68 99
69 71
69 73
69 74
69 75
69 76
69 77
69 81
69 82
69 83
69 84
69 85
69 86
69 87
69 88
69 93
69 95
69 96
69 97
69 98
69 99
70 76
70 78
70 79
70 80
70 84
70 89
70 90
70 91
70 92
71 73
71 74
71 75
71 76
71 77
71 81
71 82
71 83
71 84
71 85
71 86
71 87
71 88
71 93
71 95
71 96
71 97
71 98
71 99
72 73
72 75
72 82
72 83
72 86
72 93
72 94
72 97
72 100
73 74
73 75
73 77
73 81
73 82
73 83
73 85
73 86
73 87
73 88
73 93
73 94
73 95
73 96
73 97
73 98
73 100
74 75
74 76
74 77
74 78
74 81
74 82
74 83
74 84
74 85
74 86
74 87
74 88
74 89
74 92
74 93
74 95
74 96
74 97
74 98
74 99
75 77
75 81
75 82
75 83
75 85
75 86
75 87
75 93
75 94
75 95
75 96
75 97
75 100
76 77
76 78
76 79
76 80
76 81
76 82
76 84
76 85
76 87
76 88
76 89
76 90
76 91
76 92
76 95
76 96
76 98
76 99
77 81
77 82
77 83
77 84
77 85
77 86
77 87
77 88
77 93
77 94
77 95
77 96
77 97
77 98
77 99
77 100
78 79
78 80
78 81
78 84
78 88
78 89
78 90
78 91
78 92
78 98
78 99
79 80
79 84
79 89
79 90
79 91
79 92
80 84
80 88
80 89
80 90
80 91
80 92
80 99
81 82
81 83
81 84
81 85
81 86
81 87
81 88
81 89
81 90
81 92
81 93
81 95
81 96
81 97
81 98
81 99
82 83
82 85
82 86
82 87
82 88
82 93
82 94
82 95
82 96
82 97
82 98
82 99
82 100
83 85
83 86
83 87
83 93
83 94
83 95
83 96
83 97
83 100
84 85
84 87
84 88
84 89
84 90
84 91
84 92
84 95
84 96
84 98
84 99
85 86
85 87
85 88
85 89
85 92
85 93
85 94
85 95
85 96
85 97
85 98
85 99
85 100
86 87
86 88
86 93
86 94
86 95
86 96
86 97
86 98
86 99
86 100
87 88
87 89
87 92
87 93
87 94
87 95
87 96
87 97
87 98
87 99
87 100
88 89
88 90
88 92
88 93
88 95
88 96
88 97
88 98
88 99
89 90
89 91
89 92
89 98
89 99
90 91
90 92
90 98
90 99
91 92
91 99
92 98
92 99
93 94
93 95
93 96
93 97
93 98
93 99
93 100
94 95
94 96
94 97
94 100
95 96
95 97
95 98
95 99
95 100
96 97
96 98
96 99
96 100
97 98
97 99
97 100
98 99
98 100
