0 3
0 4
0 5
0 6
0 7
0 15
0 19
0 21
0 22
0 26
0 31
0 32
1 2
1 15
1 19
1 21
1 22
1 26
1 27
2 15
2 19
2 21
2 22
2 26
2 27
3 4
3 5
3 6
3 7
3 8
3 9
3 10
3 11
3 12
3 16
3 17
3 19
3 20
3 21
3 28
3 30
3 31
3 32
3 36
4 5
4 6
4 7
4 8
4 9
4 10
4 11
4 19
4 20
4 21
4 22
4 26
4 28
4 30
4 31
4 32
4 36
5 6
5 7
5 8
5 9
5 10
5 11
5 19
5 20
5 21
5 22
5 26
5 28
5 30
5 31
5 32
5 36
6 7
6 10
6 11
6 15
6 19
6 21
6 22
6 26
6 28
6 30
6 31
6 32
6 36
7 8
7 9
7 10
7 11
7 12
7 13
7 16
7 17
7 20
7 23
7 24
7 25
7 28
7 29
7 30
7 31
7 32
7 33
7 34
7 36
7 37
7 38
8 9
8 10
8 11
8 12
8 13
8 14
8 16
8 17
8 18
8 20
8 23
8 24
8 25
8 28
8 29
8 30
8 31
8 32
8 33
8 34
8 35
8 37
8 38
8 39
9 10
9 11
9 12
9 13
9 14
9 16
9 17
9 18
9 20
9 23
9 24
9 25
9 28
9 29
9 30
9 32
9 33
9 34
9 35
9 37
9 38
9 39
10 11
10 12
10 13
10 16
10 17
10 20
10 23
10 24
10 25
10 28
10 29
10 30
10 31
10 32
10 33
10 34
10 37
10 38
10 39
11 12
11 13
11 14
11 16
11 17
11 18
11 20
11 23
11 24
11 25
11 28
11 29
11 30
11 31
11 32
11 33
11 34
11 35
11 37
11 38
11 39
11 40
12 13
12 14
12 16
12 17
12 18
12 20
12 23
12 24
12 25
12 28
12 29
12 30
12 33
12 34
12 35
12 37
12 39
13 14
13 16
13 17
13 18
13 20
13 23
13 24
13 25
13 28
13 29
13 30
13 33
13 34
13 35
13 37
14 16
14 17
14 18
14 20
14 23
14 24
14 25
14 29
14 33
14 34
14 35
15 19
15 21
15 22
15 26
15 27
15 41
16 17
16 18
16 20
16 23
16 24
16 25
16 28
16 29
16 30
16 32
16 33
16 34
16 35
16 37
16 38
16 39
16 40
17 18
17 20
17 23
17 24
17 25
17 28
17 29
17 30
17 32
17 33
17 34
17 35
17 37
17 38
17 39
17 40
18 20
18 23
18 24
18 25
18 29
18 33
18 34
18 35
18 42
19 21
19 22
19 26
19 27
19 31
19 32
19 36
20 23
20 24
20 25
20 28
20 29
20 30
20 31
20 32
20 33
20 34
20 35
20 36
20 37
20 38
20 39
20 40
20 43
21 22
21 26
21 27
21 31
21 32
21 36
21 41
22 26
22 27
22 31
22 41
23 24
23 25
23 28
23 29
23 30
23 33
23 34
23 35
23 37
23 39
23 42
23 44
23 45
24 25
24 28
24 29
24 30
24 33
24 34
24 35
24 37
24 38
24 39
24 40
24 42
24 43
24 44
24 46
25 28
25 29
25 30
25 33
25 34
25 35
25 37
25 38
25 39
25 40
25 42
25 43
25 44
25 46
26 27
26 31
26 32
26 36
26 41
27 41
28 29
28 30
28 31
28 32
28 33
28 34
28 35
28 36
28 37
28 38
28 39
28 40
28 43
29 30
29 32
29 33
29 34
29 35
29 37
29 38
29 39
29 40
29 42
29 43
29 44
29 46
30 31
30 32
30 33
30 34
30 35
30 36
30 37
30 38
30 39
30 40
30 43
30 50
31 32
31 36
31 37
31 38
31 39
31 40
31 49
32 34
32 36
32 37
32 38
32 39
32 40
32 43
32 49
32 50
33 34
33 35
33 37
33 38
33 39
33 40
33 42
33 43
33 44
33 45
33 46
33 47
33 48
34 35
34 36
34 37
34 38
34 39
34 40
34 42
34 43
34 44
34 45
34 46
34 47
34 50
34 54
34 55
34 56
34 57
35 37
35 38
35 39
35 40
35 42
35 43
35 44
35 45
35 46
35 47
35 48
35 52
35 54
35 56
36 37
36 38
36 39
36 40
36 43
36 49
36 50
36 53
37 38
37 39
37 40
37 42
37 43
37 44
37 45
37 46
37 50
37 54
37 55
37 56
37 57
37 61
38 39
38 40
38 43
38 44
38 46
38 50
38 55
38 56
38 57
38 61
39 40
39 42
39 43
39 44
39 45
39 46
39 50
39 54
39 55
39 56
39 57
39 58
39 61
40 42
40 43
40 44
40 45
40 46
40 50
40 54
40 55
40 56
40 57
40 58
40 61
41 49
41 51
41 53
41 60
41 63
41 66
41 67
42 43
42 44
42 45
42 46
42 47
42 48
42 52
42 54
42 56
42 57
42 58
42 62
42 64
42 68
43 44
43 45
43 46
43 47
43 50
43 54
43 55
43 56
43 57
43 58
43 61
43 62
43 64
43 68
43 71
44 45
44 46
44 47
44 48
44 50
44 52
44 54
44 55
44 56
44 57
44 58
44 62
44 64
44 68
45 46
45 47
45 48
45 52
45 54
45 56
45 58
45 62
45 64
45 68
45 73
46 47
46 48
46 50
46 52
46 54
46 55
46 56
46 57
46 58
46 61
46 62
46 64
46 68
46 71
46 72
47 48
47 52
47 54
47 56
47 58
47 62
47 68
47 73
48 52
48 54
48 56
48 58
48 62
48 68
48 73
48 76
49 50
49 51
49 53
49 59
49 60
49 63
49 65
49 66
49 67
49 69
49 70
49 78
50 53
50 54
50 55
50 56
50 57
50 58
50 59
50 61
50 62
50 64
50 65
50 68
50 69
50 70
50 71
50 75
50 79
51 53
51 59
51 60
51 63
51 65
51 66
51 67
51 69
51 74
51 78
52 54
52 56
52 58
52 62
52 68
52 73
52 76
53 55
53 59
53 60
53 61
53 63
53 65
53 66
53 67
53 69
53 70
53 75
53 77
53 78
53 79
53 81
54 55
54 56
54 57
54 58
54 61
54 62
54 64
54 68
54 71
54 72
54 73
54 76
54 84
55 56
55 57
55 58
55 61
55 62
55 64
55 68
55 69
55 70
55 71
55 72
55 75
55 77
55 79
55 83
55 84
56 57
56 58
56 61
56 62
56 64
56 68
56 70
56 71
56 72
56 73
56 75
56 76
56 84
57 58
57 61
57 62
57 64
57 68
57 69
57 70
57 71
57 72
57 75
57 77
57 79
57 83
57 84
58 61
58 62
58 64
58 68
58 71
58 72
58 73
58 76
58 82
58 84
58 86
59 60
59 61
59 63
59 65
59 66
59 67
59 69
59 70
59 75
59 77
59 78
59 79
59 81
59 85
60 63
60 65
60 66
60 67
60 69
60 74
60 77
60 78
60 80
60 81
60 89
60 90
61 62
61 64
61 65
61 68
61 69
61 70
61 71
61 72
61 75
61 77
61 78
61 79
61 83
61 84
61 85
61 87
62 64
62 68
62 71
62 72
62 73
62 76
62 82
62 84
62 86
62 91
63 65
63 66
63 67
63 69
63 70
63 74
63 77
63 78
63 79
63 80
63 81
63 85
63 89
63 90
64 68
64 70
64 71
64 72
64 73
64 75
64 76
64 79
64 83
64 84
64 86
64 87
64 91
64 93
64 94
65 66
65 67
65 69
65 70
65 74
65 75
65 77
65 78
65 79
65 80
65 81
65 85
65 88
65 89
65 90
65 92
65 95
66 67
66 74
66 78
66 80
66 81
66 89
66 90
67 74
67 78
67 80
67 81
67 89
67 90
68 70
68 71
68 72
68 73
68 75
68 76
68 82
68 83
68 84
68 86
68 87
68 91
68 93
68 94
69 70
69 71
69 75
69 77
69 78
69 79
69 81
69 83
69 85
69 87
69 88
69 92
69 95
69 97
70 71
70 72
70 75
70 77
70 78
70 79
70 81
70 83
70 84
70 85
70 87
70 88
70 92
70 93
71 72
71 73
71 75
71 76
71 79
71 83
71 84
71 86
71 87
71 91
71 93
71 94
72 73
72 75
72 76
72 82
72 83
72 84
72 86
72 87
72 91
72 93
72 94
73 76
73 82
73 84
73 86
73 91
73 94
73 96
73 98
74 78
74 80
74 81
74 89
74 90
75 77
75 78
75 79
75 81
75 83
75 84
75 85
75 86
75 87
75 88
75 92
75 93
75 94
75 97
76 82
76 84
76 86
76 91
76 94
76 96
76 98
77 78
77 79
77 81
77 83
77 85
77 87
77 88
77 89
77 90
77 92
77 93
77 95
77 97
77 99
78 79
78 80
78 81
78 83
78 85
78 87
78 88
78 89
78 90
78 92
78 95
78 97
78 99
79 81
79 83
79 84
79 85
79 87
79 88
79 92
79 93
79 95
79 97
79 99
80 81
80 89
80 90
81 85
81 87
81 88
81 89
81 90
81 92
81 95
81 97
81 99
82 84
82 86
82 91
82 94
82 96
82 98
83 84
83 85
83 86
83 87
83 88
83 91
83 92
83 93
83 94
83 97
84 86
84 87
84 91
84 93
84 94
85 87
85 88
85 89
85 90
85 92
85 93
85 95
85 97
85 99
86 87
86 91
86 93
86 94
86 96
86 98
87 88
87 92
87 93
87 94
87 95
87 97
87 99
88 89
88 90
88 92
88 93
88 95
88 97
88 99
89 90
89 92
89 95
89 97
89 99
90 92
90 95
90 97
90 99
91 93
91 94
91 96
91 98
92 93
92 95
92 97
92 99
93 94
93 97
94 96
94 98
95 97
95 99
96 98
97 99
