0 3
0 4
0 5
0 6
1 3
1 5
1 10
1 11
1 12
1 13
1 14
1 15
1 21
2 7
2 8
2 9
2 11
2 16
3 4
3 5
3 6
3 10
3 12
3 13
3 14
3 20
3 21
4 5
4 6
4 12
4 13
4 14
4 20
4 24
5 6
5 10
5 12
5 13
5 14
5 20
5 21
6 13
6 14
6 20
6 24
6 28
7 8
7 9
7 11
7 15
7 16
7 23
7 27
8 9
8 17
8 18
8 19
8 22
8 31
9 11
9 15
9 16
9 23
9 27
10 11
10 12
10 13
10 14
10 15
10 16
10 20
10 21
10 23
10 25
10 29
11 12
11 13
11 14
11 15
11 16
11 21
11 23
11 25
11 27
11 29
11 37
12 13
12 14
12 15
12 20
12 21
12 23
12 25
12 29
12 35
12 38
12 40
13 14
13 15
13 20
13 21
13 23
13 25
13 29
13 30
13 35
13 38
13 40
14 15
14 20
14 21
14 23
14 25
14 29
14 30
14 35
14 38
14 40
15 16
15 21
15 23
15 25
15 27
15 29
15 37
16 21
16 23
16 25
16 27
16 31
16 37
17 18
17 19
17 22
17 31
17 33
17 34
17 36
18 19
18 22
18 31
18 33
18 34
18 36
19 22
19 31
19 33
19 34
19 36
20 21
20 24
20 25
20 28
20 29
20 30
20 35
20 38
20 40
20 42
21 23
21 25
21 27
21 29
21 30
21 35
21 38
21 40
22 31
22 33
22 34
22 36
23 25
23 27
23 29
23 37
23 38
23 43
23 44
24 26
24 28
24 30
24 32
24 35
24 39
24 41
24 42
25 27
25 29
25 35
25 37
25 38
25 40
25 43
25 46
26 28
26 30
26 32
26 39
26 41
26 45
27 29
27 31
27 37
27 43
27 44
28 30
28 32
28 35
28 39
28 41
28 42
28 45
29 30
29 35
29 38
29 40
29 42
29 43
29 46
29 48
30 32
30 35
30 38
30 40
30 41
30 42
30 46
30 47
30 48
31 33
31 36
31 37
31 44
31 49
31 51
32 39
32 41
32 45
32 52
33 34
33 36
33 50
34 36
34 50
35 38
35 40
35 41
35 42
35 46
35 47
35 48
36 44
36 49
36 50
36 51
36 54
37 43
37 44
37 49
37 51
38 40
38 42
38 43
38 46
38 47
38 48
39 41
39 45
39 52
40 41
40 42
40 46
40 47
40 48
40 53
41 42
41 45
41 47
41 48
41 52
41 53
41 56
42 46
42 47
42 48
42 53
42 60
43 44
43 46
43 49
43 51
44 49
44 51
44 55
44 57
45 52
45 56
45 58
46 47
46 48
46 53
46 60
46 61
47 48
47 53
47 56
47 60
47 61
47 66
48 53
48 60
48 61
48 66
49 51
49 54
49 55
49 57
49 63
49 64
50 54
50 59
50 62
50 67
51 54
51 55
51 57
51 62
51 63
51 64
52 56
52 58
52 65
53 56
53 58
53 60
53 61
53 66
54 55
54 57
54 59
54 62
54 67
55 57
55 62
55 63
55 64
55 68
55 69
55 70
56 58
56 60
56 65
57 62
57 63
57 64
57 68
57 69
57 70
58 65
58 73
58 77
59 62
59 67
59 71
59 72
60 61
60 66
61 66
61 75
62 67
62 68
62 71
62 72
62 74
62 78
63 64
63 68
63 69
63 70
64 68
64 69
64 70
65 73
65 77
66 75
66 80
67 71
67 72
67 78
67 79
67 84
68 69
68 70
68 71
68 72
68 74
69 70
69 76
69 83
69 86
69 91
70 74
70 83
70 86
70 91
70 95
71 72
71 74
71 78
71 79
71 81
71 84
71 85
71 88
71 92
71 94
72 74
72 78
72 79
72 81
72 84
72 85
72 88
72 94
73 77
73 89
73 96
74 78
74 79
74 81
74 84
74 85
74 88
74 92
74 94
75 76
75 80
75 82
75 83
75 86
75 90
75 93
76 80
76 82
76 83
76 86
76 90
76 93
76 98
77 87
77 89
77 96
77 97
78 79
78 81
78 84
78 85
78 88
78 92
78 94
79 81
79 84
79 85
79 88
79 92
79 94
80 82
80 83
80 87
80 90
80 93
80 98
81 84
81 85
81 88
81 92
81 94
82 83
82 86
82 87
82 90
82 91
82 93
82 98
82 99
83 86
83 90
83 91
83 93
83 95
83 98
83 99
84 85
84 88
84 92
84 94
85 88
85 92
85 94
86 90
86 91
86 93
86 95
86 98
86 99
87 89
87 90
87 93
87 97
88 92
88 94
89 96
89 97
90 91
90 93
90 98
90 99
91 92
91 95
91 98
92 94
92 95
93 98
93 99
96 97
98 99
