0 1
0 2
0 4
0 7
0 12
0 15
0 19
0 20
0 21
0 22
0 24
0 27
0 33
0 36
0 38
1 2
1 4
1 7
1 12
1 15
1 19
1 20
1 21
1 22
1 24
1 27
1 36
1 38
2 3
2 4
2 7
2 10
2 12
2 15
2 16
2 18
2 19
2 20
2 21
2 22
2 24
2 27
2 28
2 29
2 30
2 33
2 36
2 37
2 38
2 41
3 4
3 5
3 6
3 7
3 10
3 11
3 12
3 13
3 14
3 15
3 16
3 17
3 18
3 19
3 20
3 21
3 22
3 24
3 25
3 26
3 28
3 29
3 30
3 31
3 33
3 34
3 36
3 37
3 39
4 7
4 12
4 15
4 19
4 20
4 21
4 22
4 24
4 27
4 30
4 33
4 36
4 37
4 38
4 41
5 6
5 7
5 8
5 9
5 10
5 11
5 12
5 13
5 14
5 16
5 17
5 18
5 23
5 25
5 26
5 28
5 29
5 30
5 31
5 32
5 34
5 35
5 39
5 40
5 43
6 7
6 8
6 9
6 10
6 11
6 12
6 13
6 14
6 16
6 17
6 18
6 20
6 21
6 23
6 25
6 26
6 28
6 29
6 30
6 31
6 32
6 33
6 34
6 35
6 39
6 42
7 10
7 11
7 12
7 13
7 15
7 16
7 17
7 18
7 19
7 20
7 21
7 22
7 24
7 25
7 26
7 27
7 28
7 29
7 30
7 31
7 33
7 34
7 36
7 37
8 9
8 10
8 11
8 13
8 14
8 16
8 17
8 18
8 23
8 25
8 26
8 31
8 32
8 34
8 35
8 40
9 10
9 11
9 13
9 14
9 16
9 17
9 18
9 23
9 25
9 26
9 31
9 32
9 34
9 35
9 40
9 43
10 11
10 12
10 13
10 14
10 15
10 16
10 17
10 18
10 19
10 20
10 21
10 23
10 25
10 26
10 28
10 29
10 30
10 31
10 32
10 33
10 34
10 35
10 39
10 42
10 43
11 12
11 13
11 14
11 16
11 17
11 18
11 23
11 25
11 26
11 28
11 29
11 30
11 31
11 32
11 34
11 35
11 39
11 40
11 42
11 43
11 47
12 13
12 15
12 16
12 17
12 18
12 19
12 20
12 21
12 22
12 24
12 25
12 26
12 27
12 28
12 29
12 30
12 31
12 33
12 34
12 36
12 37
12 38
12 39
12 41
12 42
13 14
13 15
13 16
13 17
13 18
13 19
13 20
13 21
13 23
13 25
13 26
13 28
13 29
13 30
13 31
13 32
13 33
13 34
13 35
13 37
13 39
13 40
13 42
13 43
13 49
14 16
14 17
14 18
14 23
14 25
14 26
14 28
14 29
14 31
14 32
14 34
14 35
14 39
14 40
14 43
14 47
15 16
15 18
15 19
15 20
15 21
15 22
15 24
15 27
15 28
15 29
15 30
15 33
15 34
15 36
15 37
15 38
15 41
15 44
15 45
15 48
15 50
15 53
16 17
16 18
16 19
16 20
16 21
16 23
16 25
16 26
16 28
16 29
16 30
16 31
16 32
16 33
16 34
16 35
16 36
16 37
16 39
16 40
16 42
16 43
16 47
16 49
16 51
17 18
17 20
17 21
17 23
17 25
17 26
17 28
17 29
17 30
17 31
17 32
17 33
17 34
17 35
17 39
17 40
17 42
17 43
17 47
17 49
17 51
18 19
18 20
18 21
18 23
18 25
18 26
18 28
18 29
18 30
18 31
18 32
18 33
18 34
18 35
18 36
18 37
18 39
18 40
18 42
18 43
18 47
18 49
18 51
19 20
19 21
19 22
19 24
19 27
19 28
19 29
19 30
19 33
19 34
19 36
19 37
19 38
19 41
19 44
19 45
19 46
19 48
19 50
19 53
19 54
19 55
20 21
20 22
20 24
20 26
20 27
20 28
20 29
20 30
20 31
20 33
20 34
20 36
20 37
20 38
20 39
20 41
20 42
20 44
20 45
20 48
20 50
20 53
20 55
20 56
21 22
21 24
21 25
21 26
21 27
21 28
21 29
21 30
21 31
21 33
21 34
21 36
21 37
21 38
21 39
21 41
21 42
21 44
21 45
21 48
21 50
21 53
21 55
21 56
22 24
22 27
22 29
22 30
22 33
22 36
22 37
22 38
22 41
22 44
22 45
22 46
22 48
22 50
22 53
22 54
22 55
22 57
23 25
23 26
23 28
23 29
23 31
23 32
23 34
23 35
23 39
23 40
23 43
23 47
23 49
23 52
24 27
24 29
24 30
24 33
24 36
24 37
24 38
24 41
24 44
24 45
24 46
24 48
24 50
24 53
24 54
24 55
24 57
25 26
25 28
25 29
25 30
25 31
25 32
25 33
25 34
25 35
25 39
25 40
25 42
25 43
25 47
25 49
25 51
25 52
26 28
26 29
26 30
26 31
26 32
26 33
26 34
26 35
26 36
26 37
26 39
26 40
26 42
26 43
26 47
26 49
26 51
26 52
26 62
27 30
27 33
27 36
27 37
27 38
27 41
27 44
27 45
27 46
27 48
27 50
27 53
27 54
27 55
27 57
27 58
27 60
28 29
28 30
28 31
28 32
28 33
28 34
28 35
28 36
28 37
28 39
28 40
28 41
28 42
28 43
28 47
28 49
28 51
28 56
28 61
29 30
29 31
29 32
29 33
29 34
29 35
29 36
29 37
29 39
29 40
29 41
29 42
29 43
29 47
29 49
29 51
29 56
29 61
30 31
30 32
30 33
30 34
30 35
30 36
30 37
30 38
30 39
30 41
30 42
30 43
30 44
30 45
30 48
30 49
30 50
30 51
30 53
30 54
30 55
30 56
30 61
31 32
31 33
31 34
31 35
31 37
31 39
31 40
31 42
31 43
31 47
31 49
31 51
31 52
31 62
32 34
32 35
32 39
32 40
32 42
32 43
32 47
32 49
32 51
32 52
32 59
32 62
33 34
33 36
33 37
33 38
33 39
33 41
33 42
33 44
33 45
33 46
33 48
33 50
33 51
33 53
33 54
33 55
33 56
33 57
33 58
33 61
33 63
33 68
34 35
34 36
34 37
34 39
34 40
34 42
34 43
34 47
34 49
34 51
34 52
34 56
34 61
34 62
34 66
35 39
35 40
35 42
35 43
35 47
35 49
35 51
35 52
35 59
35 62
35 66
36 37
36 38
36 39
36 41
36 42
36 44
36 45
36 46
36 48
36 50
36 51
36 53
36 54
36 55
36 56
36 57
36 58
36 60
36 61
36 63
36 64
36 67
36 68
36 69
37 38
37 39
37 41
37 42
37 44
37 45
37 46
37 48
37 50
37 51
37 53
37 54
37 55
37 56
37 57
37 58
37 60
37 61
37 63
37 64
37 67
37 68
37 69
38 41
38 44
38 45
38 46
38 48
38 50
38 53
38 54
38 55
38 56
38 57
38 58
38 60
38 63
38 64
38 65
38 67
38 68
38 71
38 72
38 73
39 40
39 42
39 43
39 47
39 49
39 51
39 52
39 56
39 59
39 61
39 62
39 63
39 66
39 70
39 75
39 76
39 77
39 79
40 42
40 43
40 47
40 49
40 51
40 52
40 59
40 62
40 66
40 70
40 77
41 42
41 44
41 45
41 46
41 48
41 50
41 53
41 54
41 55
41 56
41 57
41 58
41 60
41 61
41 63
41 64
41 65
41 67
41 68
41 69
41 71
41 73
41 74
41 78
42 43
42 44
42 47
42 48
42 49
42 50
42 51
42 52
42 53
42 55
42 56
42 58
42 59
42 61
42 62
42 63
42 66
42 68
42 69
42 70
42 75
42 76
42 77
42 79
43 47
43 49
43 51
43 52
43 59
43 61
43 62
43 66
43 70
43 75
43 76
43 77
43 79
44 45
44 46
44 48
44 50
44 53
44 54
44 55
44 56
44 57
44 58
44 60
44 61
44 63
44 64
44 65
44 67
44 68
44 69
44 71
44 72
44 73
44 74
44 78
44 80
45 46
45 48
45 50
45 53
45 54
45 55
45 56
45 57
45 58
45 60
45 63
45 64
45 65
45 67
45 68
45 69
45 71
45 72
45 73
45 74
45 78
45 80
46 48
46 50
46 53
46 54
46 55
46 57
46 58
46 60
46 64
46 65
46 67
46 68
46 71
46 72
46 73
46 74
46 80
47 49
47 51
47 52
47 56
47 59
47 61
47 62
47 66
47 70
47 75
47 76
47 77
47 79
47 83
47 84
47 86
48 50
48 53
48 54
48 55
48 56
48 57
48 58
48 60
48 61
48 63
48 64
48 65
48 67
48 68
48 69
48 71
48 72
48 73
48 74
48 78
48 80
48 81
48 82
48 85
49 51
49 52
49 56
49 59
49 61
49 62
49 63
49 66
49 69
49 70
49 75
49 76
49 77
49 79
49 83
49 84
49 86
49 88
50 53
50 54
50 55
50 56
50 57
50 58
50 60
50 61
50 63
50 64
50 65
50 67
50 68
50 69
50 71
50 72
50 73
50 74
50 78
50 80
50 81
50 82
50 85
51 52
51 55
51 56
51 59
51 61
51 62
51 63
51 66
51 68
51 69
51 70
51 75
51 76
51 77
51 78
51 79
51 81
51 86
51 88
51 89
52 59
52 62
52 66
52 70
52 75
52 77
52 79
52 83
52 84
52 86
53 54
53 55
53 56
53 57
53 58
53 60
53 61
53 63
53 64
53 65
53 67
53 68
53 69
53 71
53 72
53 73
53 74
53 78
53 80
53 81
53 82
53 85
53 90
53 92
54 55
54 56
54 57
54 58
54 60
54 61
54 63
54 64
54 65
54 67
54 68
54 69
54 71
54 72
54 73
54 74
54 78
54 80
54 82
54 85
54 87
54 90
54 92
54 93
55 56
55 57
55 58
55 60
55 61
55 63
55 64
55 65
55 66
55 67
55 68
55 69
55 71
55 72
55 73
55 74
55 76
55 78
55 80
55 81
55 82
55 85
55 90
55 91
55 92
55 93
56 57
56 58
56 60
56 61
56 62
56 63
56 64
56 66
56 67
56 68
56 69
56 70
56 71
56 74
56 75
56 76
56 77
56 78
56 79
56 80
56 81
56 82
56 88
56 89
56 91
56 92
56 94
57 58
57 60
57 61
57 63
57 64
57 65
57 67
57 68
57 69
57 71
57 72
57 73
57 74
57 78
57 80
57 81
57 82
57 85
57 87
57 90
57 91
57 92
57 93
57 97
58 60
58 61
58 63
58 64
58 65
58 67
58 68
58 69
58 71
58 72
58 73
58 74
58 76
58 78
58 80
58 81
58 82
58 85
58 87
58 89
58 90
58 91
58 92
58 93
58 94
58 97
58 98
59 62
59 66
59 70
59 75
59 76
59 77
59 79
59 83
59 84
59 86
59 88
59 95
59 96
59 100
60 63
60 64
60 65
60 67
60 68
60 69
60 71
60 72
60 73
60 74
60 78
60 80
60 81
60 82
60 85
60 87
60 90
60 91
60 92
60 93
60 97
60 98
61 62
61 63
61 66
61 67
61 68
61 69
61 70
61 74
61 75
61 76
61 77
61 78
61 79
61 81
61 82
61 86
61 88
61 89
61 91
61 92
61 94
61 99
62 63
62 66
62 69
62 70
62 75
62 76
62 77
62 78
62 79
62 81
62 83
62 84
62 86
62 88
62 89
62 95
62 96
62 99
62 100
63 64
63 65
63 66
63 67
63 68
63 69
63 70
63 71
63 73
63 74
63 75
63 76
63 77
63 78
63 79
63 80
63 81
63 82
63 85
63 88
63 89
63 90
63 91
63 92
63 93
63 94
63 97
63 98
64 65
64 67
64 68
64 69
64 71
64 72
64 73
64 74
64 78
64 80
64 81
64 82
64 85
64 87
64 90
64 91
64 92
64 93
64 94
64 97
64 98
65 67
65 68
65 69
65 71
65 72
65 73
65 74
65 78
65 80
65 82
65 85
65 87
65 90
65 92
65 93
65 97
65 98
66 68
66 69
66 70
66 74
66 75
66 76
66 77
66 78
66 79
66 81
66 82
66 83
66 84
66 86
66 88
66 89
66 91
66 94
66 95
66 99
66 100
67 68
67 69
67 71
67 72
67 73
67 74
67 75
67 76
67 78
67 80
67 81
67 82
67 85
67 87
67 89
67 90
67 91
67 92
67 93
67 94
67 97
67 98
68 69
68 70
68 71
68 72
68 73
68 74
68 75
68 76
68 78
68 79
68 80
68 81
68 82
68 85
68 87
68 88
68 89
68 90
68 91
68 92
68 93
68 94
68 97
68 98
69 70
69 71
69 73
69 74
69 75
69 76
69 77
69 78
69 79
69 80
69 81
69 82
69 85
69 88
69 89
69 90
69 91
69 92
69 93
69 94
69 97
69 98
70 74
70 75
70 76
70 77
70 78
70 79
70 81
70 82
70 83
70 84
70 86
70 88
70 89
70 91
70 94
70 95
70 96
70 99
70 100
71 72
71 73
71 74
71 78
71 80
71 81
71 82
71 85
71 87
71 90
71 91
71 92
71 93
71 94
71 97
71 98
72 73
72 74
72 78
72 80
72 82
72 85
72 87
72 90
72 92
72 93
72 97
72 98
73 74
73 78
73 80
73 82
73 85
73 87
73 90
73 91
73 92
73 93
73 97
73 98
74 75
74 76
74 78
74 79
74 80
74 81
74 82
74 85
74 87
74 88
74 89
74 90
74 91
74 92
74 93
74 94
74 97
74 98
75 76
75 77
75 78
75 79
75 81
75 82
75 83
75 84
75 86
75 88
75 89
75 91
75 92
75 94
75 95
75 96
75 99
75 100
76 77
76 78
76 79
76 81
76 82
76 83
76 84
76 86
76 88
76 89
76 91
76 92
76 94
76 95
76 96
76 98
76 99
76 100
77 78
77 79
77 81
77 83
77 84
77 86
77 88
77 89
77 94
77 95
77 96
77 99
77 100
78 79
78 80
78 81
78 82
78 85
78 87
78 88
78 89
78 90
78 91
78 92
78 93
78 94
78 97
78 98
79 81
79 82
79 83
79 84
79 86
79 88
79 89
79 91
79 92
79 94
79 95
79 96
79 99
79 100
80 81
80 82
80 85
80 87
80 89
80 90
80 91
80 92
80 93
80 94
80 97
80 98
81 82
81 85
81 86
81 88
81 89
81 90
81 91
81 92
81 93
81 94
81 95
81 97
81 98
81 99
82 85
82 87
82 88
82 89
82 90
82 91
82 92
82 93
82 94
82 97
82 98
83 84
83 86
83 88
83 89
83 95
83 96
83 99
83 100
84 86
84 88
84 95
84 96
84 99
84 100
85 87
85 89
85 90
85 91
85 92
85 93
85 94
85 97
85 98
86 88
86 89
86 94
86 95
86 96
86 99
86 100
87 90
87 91
87 92
87 93
87 97
87 98
88 89
88 91
88 92
88 94
88 95
88 96
88 98
88 99
88 100
89 91
89 92
89 93
89 94
89 95
89 97
89 98
89 99
89 100
90 91
90 92
90 93
90 94
90 97
90 98
91 92
91 93
91 94
91 97
91 98
91 99
92 93
92 94
92 97
92 98
93 94
93 97
93 98
94 97
94 98
94 99
95 96
95 99
95 100
96 99
96 100
97 98
99 100
