0 6
0 8
0 9
0 10
1 4
1 11
2 5
2 8
2 9
3 7
3 12
4 11
4 13
5 9
6 10
7 12
8 9
8 10
10 17
11 13
11 20
12 18
12 19
13 20
14 23
15 16
17 23
18 19
19 22
20 22
20 24
21 24
22 24
23 26
24 28
25 33
28 31
28 38
29 32
29 39
30 34
32 33
32 35
32 39
33 35
36 41
37 38
39 44
42 45
42 46
42 48
43 47
44 47
45 46
45 48
46 48
47 52
47 56
51 54
52 56
53 58
55 63
56 59
56 60
56 66
57 67
58 68
58 69
59 60
59 64
59 66
60 66
60 67
60 71
61 62
61 73
63 65
63 70
64 66
65 70
66 71
68 69
69 75
70 72
71 77
72 73
72 83
74 80
74 84
75 79
76 78
79 87
80 82
80 84
80 85
81 83
82 84
82 85
83 89
84 85
84 91
85 91
86 92
87 93
90 94
91 95
91 98
92 95
92 97
93 100
95 97
95 98
97 98
