0 5
0 6
0 9
0 10
0 11
0 17
0 21
0 23
1 6
1 9
1 25
1 27
1 30
2 8
2 11
2 17
2 18
2 20
2 24
2 26
2 28
3 4
3 7
3 8
3 12
3 13
3 14
3 15
3 16
3 19
4 7
4 12
4 13
4 14
4 15
4 16
4 19
5 6
5 9
5 10
5 11
5 17
5 21
5 23
6 9
6 10
6 11
6 23
6 25
6 27
6 32
7 14
7 15
7 16
7 19
7 33
8 12
8 13
8 14
8 15
8 16
8 19
8 20
8 22
8 24
8 26
8 29
9 10
9 11
9 23
9 25
9 27
9 32
9 37
10 11
10 17
10 18
10 21
10 23
10 28
10 32
10 36
11 17
11 18
11 21
11 23
11 28
11 32
11 36
12 13
12 14
12 15
12 16
12 19
12 20
12 22
12 24
12 26
12 29
13 14
13 15
13 16
13 19
13 20
13 22
13 24
13 26
13 29
14 15
14 16
14 19
14 20
14 22
14 24
14 29
15 16
15 19
15 20
15 22
15 24
15 29
16 19
16 22
16 33
16 39
17 18
17 21
17 23
17 28
17 36
17 38
18 20
18 21
18 23
18 24
18 26
18 28
18 29
18 34
18 36
18 38
19 22
19 33
19 39
19 45
20 22
20 24
20 26
20 28
20 29
20 34
20 38
21 23
21 28
21 32
21 36
21 38
22 24
22 26
22 29
22 34
22 39
22 47
23 28
23 32
23 36
23 37
23 38
23 40
24 26
24 28
24 29
24 34
24 38
25 27
25 30
25 31
25 32
25 35
25 37
25 40
25 41
25 42
25 43
25 44
26 28
26 29
26 34
26 38
27 30
27 31
27 32
27 35
27 37
27 40
27 41
27 42
27 43
27 44
28 29
28 34
28 36
28 38
28 48
28 50
28 51
29 34
29 38
29 47
30 31
30 35
30 40
30 41
30 42
30 43
30 44
31 35
31 37
31 40
31 41
31 42
31 43
31 44
32 35
32 36
32 37
32 40
32 42
32 43
32 44
32 49
33 39
33 45
33 46
34 38
34 47
34 50
35 37
35 40
35 41
35 42
35 43
35 44
36 37
36 38
36 40
36 48
36 49
36 51
36 54
36 57
37 40
37 41
37 42
37 43
37 44
37 49
37 56
38 48
38 50
38 51
38 53
38 54
38 59
38 62
39 45
39 46
39 47
39 52
39 58
40 41
40 42
40 43
40 44
40 49
40 56
40 63
41 42
41 43
41 44
41 56
42 43
42 44
42 49
42 56
42 63
43 44
43 49
43 56
43 63
44 49
44 56
44 63
45 46
45 47
45 52
45 58
46 52
46 58
47 50
47 52
47 55
47 58
47 61
48 49
48 50
48 51
48 53
48 54
48 57
48 59
48 60
48 62
48 64
49 54
49 56
49 57
49 60
49 63
50 51
50 53
50 54
50 55
50 57
50 59
50 62
50 64
51 53
51 54
51 57
51 59
51 60
51 62
51 64
52 55
52 58
52 61
53 54
53 57
53 59
53 60
53 62
53 64
54 57
54 59
54 60
54 62
54 64
55 58
55 61
56 63
56 65
57 59
57 60
57 62
57 63
57 64
57 65
57 66
58 61
59 60
59 62
59 64
60 62
60 63
60 64
60 65
60 66
60 68
62 64
63 65
63 66
63 68
63 69
64 70
64 74
65 66
65 68
65 69
65 72
66 68
66 69
66 72
67 71
67 73
67 75
67 76
67 77
68 69
68 72
69 72
69 78
69 79
69 81
70 74
70 80
70 82
70 84
71 73
71 75
71 76
71 77
71 83
72 78
72 79
72 81
72 85
72 86
73 75
73 76
73 77
73 83
74 80
74 82
74 84
74 87
75 76
75 77
75 83
76 77
76 83
77 83
78 79
78 81
78 85
78 86
79 81
79 85
79 86
79 96
80 82
80 84
80 87
80 88
80 89
80 92
80 93
80 94
80 95
81 85
81 86
81 96
82 84
82 87
82 88
82 89
82 92
82 93
82 94
82 95
83 90
84 87
84 88
84 89
84 91
84 92
84 93
84 94
84 95
84 98
84 99
85 86
85 91
85 96
85 97
86 91
86 96
86 97
86 99
87 88
87 89
87 92
87 93
87 94
87 95
88 89
88 91
88 92
88 93
88 94
88 95
88 97
88 98
88 99
89 91
89 92
89 93
89 94
89 95
89 98
89 99
91 92
91 93
91 94
91 95
91 97
91 98
91 99
92 93
92 94
92 95
92 97
92 98
92 99
93 94
93 95
93 98
93 99
94 95
94 98
95 97
95 98
95 99
96 97
96 99
97 98
97 99
98 99
