0 1
0 4
0 5
0 6
0 8
0 9
0 10
0 11
0 13
0 14
0 15
0 17
0 18
0 20
0 21
0 24
0 25
0 26
0 29
0 30
0 35
0 41
0 42
0 43
1 3
1 4
1 5
1 6
1 7
1 8
1 9
1 10
1 11
1 13
1 14
1 15
1 17
1 18
1 20
1 21
1 24
1 25
1 26
1 29
1 30
1 31
1 33
1 34
1 35
1 37
1 40
1 41
2 3
2 4
2 5
2 6
2 7
2 9
2 11
2 12
2 16
2 17
2 19
2 22
2 23
2 24
2 26
2 27
2 28
2 31
2 32
2 33
2 34
2 36
2 37
2 38
2 39
2 45
2 46
3 4
3 5
3 6
3 7
3 8
3 9
3 10
3 11
3 12
3 16
3 17
3 19
3 22
3 23
3 24
3 26
3 27
3 28
3 30
3 31
3 32
3 33
3 34
3 35
3 36
3 37
3 38
3 39
3 40
3 44
3 45
4 5
4 6
4 7
4 8
4 9
4 10
4 11
4 13
4 14
4 15
4 17
4 18
4 20
4 21
4 22
4 23
4 24
4 25
4 26
4 27
4 28
4 29
4 30
4 31
4 32
4 33
4 34
4 35
4 36
4 37
4 40
4 41
4 44
5 6
5 7
5 8
5 9
5 10
5 11
5 13
5 14
5 15
5 17
5 18
5 20
5 21
5 23
5 24
5 25
5 26
5 27
5 28
5 29
5 30
5 31
5 32
5 33
5 34
5 35
5 36
5 37
5 40
5 41
5 44
6 7
6 8
6 9
6 10
6 11
6 13
6 14
6 15
6 16
6 17
6 18
6 20
6 21
6 22
6 23
6 24
6 25
6 26
6 27
6 28
6 30
6 31
6 32
6 33
6 34
6 35
6 36
6 37
6 38
6 40
6 41
6 44
6 47
6 48
7 8
7 9
7 10
7 11
7 13
7 14
7 16
7 17
7 18
7 21
7 22
7 23
7 24
7 26
7 27
7 28
7 30
7 31
7 32
7 33
7 34
7 35
7 36
7 37
7 38
7 39
7 40
7 41
7 44
7 47
7 48
8 9
8 10
8 11
8 13
8 14
8 15
8 17
8 18
8 20
8 21
8 24
8 25
8 26
8 29
8 30
8 31
8 33
8 34
8 35
8 37
8 40
8 41
8 42
9 10
9 11
9 13
9 14
9 15
9 16
9 17
9 18
9 21
9 22
9 23
9 24
9 25
9 26
9 27
9 28
9 30
9 31
9 32
9 33
9 34
9 35
9 36
9 37
9 38
9 40
9 41
9 44
9 47
9 48
10 11
10 13
10 14
10 15
10 17
10 18
10 20
10 21
10 24
10 25
10 26
10 27
10 29
10 30
10 31
10 33
10 34
10 35
10 37
10 40
10 41
11 13
11 14
11 15
11 16
11 17
11 18
11 20
11 21
11 22
11 23
11 24
11 25
11 26
11 27
11 28
11 30
11 31
11 32
11 33
11 34
11 35
11 36
11 37
11 38
11 40
11 41
11 44
11 47
11 48
12 16
12 19
12 22
12 23
12 27
12 28
12 32
12 36
12 38
12 39
12 49
13 14
13 15
13 17
13 18
13 20
13 21
13 24
13 25
13 26
13 29
13 30
13 31
13 33
13 34
13 35
13 37
13 40
13 41
13 42
13 43
14 15
14 17
14 18
14 20
14 21
14 24
14 25
14 26
14 29
14 30
14 31
14 33
14 35
14 40
14 41
14 42
14 43
15 17
15 18
15 20
15 21
15 24
15 25
15 26
15 29
15 30
15 31
15 33
15 35
15 40
15 41
15 42
15 43
16 19
16 22
16 23
16 27
16 28
16 31
16 32
16 33
16 34
16 36
16 37
16 38
16 39
16 45
16 46
16 49
16 50
16 51
16 54
17 18
17 20
17 21
17 23
17 24
17 25
17 26
17 27
17 28
17 29
17 30
17 31
17 32
17 33
17 34
17 35
17 36
17 37
17 40
17 41
17 44
17 47
17 48
17 52
18 20
18 21
18 24
18 25
18 26
18 29
18 30
18 31
18 33
18 34
18 35
18 37
18 40
18 41
18 42
18 43
18 52
19 22
19 23
19 27
19 28
19 32
19 36
19 38
19 39
19 45
19 46
19 49
19 50
19 54
20 21
20 24
20 25
20 26
20 29
20 30
20 35
20 40
20 41
20 42
20 43
21 24
21 25
21 26
21 29
21 30
21 31
21 33
21 35
21 40
21 41
21 42
21 43
21 52
22 23
22 26
22 27
22 28
22 31
22 32
22 33
22 34
22 36
22 37
22 38
22 39
22 44
22 45
22 46
22 47
22 49
22 50
22 51
22 53
22 54
22 55
22 57
23 24
23 26
23 27
23 28
23 31
23 32
23 33
23 34
23 36
23 37
23 38
23 39
23 40
23 44
23 45
23 46
23 47
23 48
23 49
23 50
23 51
23 53
23 54
23 55
23 57
24 25
24 26
24 27
24 28
24 29
24 30
24 31
24 32
24 33
24 34
24 35
24 36
24 37
24 40
24 41
24 44
24 47
24 48
24 52
24 56
25 26
25 29
25 30
25 31
25 33
25 35
25 40
25 41
25 42
25 43
25 52
26 27
26 28
26 29
26 30
26 31
26 32
26 33
26 34
26 35
26 36
26 37
26 38
26 40
26 41
26 44
26 45
26 47
26 48
26 52
26 53
26 56
27 28
27 30
27 31
27 32
27 33
27 34
27 35
27 36
27 37
27 38
27 39
27 40
27 41
27 44
27 45
27 46
27 47
27 48
27 49
27 50
27 51
27 53
27 54
27 55
27 56
27 57
27 58
28 30
28 31
28 32
28 33
28 34
28 36
28 37
28 38
28 39
28 40
28 41
28 44
28 45
28 46
28 47
28 48
28 49
28 50
28 51
28 53
28 54
28 55
28 56
28 57
28 58
29 30
29 35
29 40
29 41
29 42
29 43
29 52
30 31
30 32
30 33
30 34
30 35
30 37
30 40
30 41
30 42
30 43
30 44
30 47
30 48
30 52
30 53
30 56
30 60
30 62
31 32
31 33
31 34
31 35
31 36
31 37
31 38
31 39
31 40
31 41
31 44
31 45
31 46
31 47
31 48
31 50
31 51
31 52
31 53
31 56
31 58
31 59
31 60
32 33
32 34
32 36
32 37
32 38
32 39
32 40
32 41
32 44
32 45
32 46
32 47
32 48
32 49
32 50
32 51
32 53
32 54
32 55
32 56
32 57
32 58
32 61
33 34
33 35
33 36
33 37
33 38
33 39
33 40
33 41
33 44
33 45
33 46
33 47
33 48
33 50
33 51
33 52
33 53
33 56
33 58
33 59
33 60
34 35
34 36
34 37
34 38
34 39
34 40
34 41
34 44
34 45
34 46
34 47
34 48
34 49
34 50
34 51
34 52
34 53
34 54
34 55
34 56
34 57
34 58
34 59
34 60
34 61
34 63
35 37
35 40
35 41
35 42
35 43
35 44
35 47
35 48
35 52
35 53
35 56
35 59
35 60
35 62
35 64
36 37
36 38
36 39
36 40
36 41
36 44
36 45
36 46
36 47
36 48
36 49
36 50
36 51
36 53
36 54
36 55
36 56
36 57
36 58
36 59
36 61
36 65
36 66
37 38
37 39
37 40
37 41
37 44
37 45
37 46
37 47
37 48
37 49
37 50
37 51
37 52
37 53
37 54
37 55
37 56
37 57
37 58
37 59
37 60
37 61
37 63
38 39
38 40
38 44
38 45
38 46
38 47
38 48
38 49
38 50
38 51
38 53
38 54
38 55
38 56
38 57
38 58
38 59
38 61
38 65
38 66
39 44
39 45
39 46
39 47
39 48
39 49
39 50
39 51
39 53
39 54
39 55
39 56
39 57
39 58
39 59
39 61
39 63
39 65
39 66
39 67
39 68
40 41
40 42
40 44
40 45
40 46
40 47
40 48
40 50
40 51
40 52
40 53
40 56
40 58
40 59
40 60
40 61
40 62
40 63
40 64
40 69
41 42
41 43
41 44
41 45
41 47
41 48
41 51
41 52
41 53
41 56
41 58
41 59
41 60
41 62
41 63
41 64
41 69
41 70
41 72
42 43
42 52
42 62
42 64
42 70
42 73
42 74
42 75
42 77
42 78
43 52
43 62
43 64
43 70
43 73
43 74
43 75
43 77
43 78
44 45
44 46
44 47
44 48
44 49
44 50
44 51
44 52
44 53
44 54
44 55
44 56
44 57
44 58
44 59
44 60
44 61
44 62
44 63
44 64
44 65
44 66
44 69
44 71
44 72
45 46
45 47
45 48
45 49
45 50
45 51
45 53
45 54
45 55
45 56
45 57
45 58
45 59
45 60
45 61
45 63
45 65
45 66
45 67
45 68
45 71
46 47
46 48
46 49
46 50
46 51
46 53
46 54
46 55
46 56
46 57
46 58
46 59
46 60
46 61
46 63
46 65
46 66
46 67
46 68
46 71
46 82
47 48
47 49
47 50
47 51
47 52
47 53
47 54
47 55
47 56
47 57
47 58
47 59
47 60
47 61
47 62
47 63
47 64
47 65
47 66
47 69
47 71
47 72
47 81
47 83
47 85
48 49
48 50
48 51
48 52
48 53
48 54
48 55
48 56
48 57
48 58
48 59
48 60
48 61
48 62
48 63
48 64
48 65
48 66
48 69
48 70
48 71
48 72
48 81
48 85
49 50
49 51
49 53
49 54
49 55
49 56
49 57
49 58
49 61
49 63
49 65
49 66
49 67
49 68
49 71
49 82
50 51
50 53
50 54
50 55
50 56
50 57
50 58
50 59
50 60
50 61
50 63
50 65
50 66
50 67
50 68
50 71
50 82
50 83
51 52
51 53
51 54
51 55
51 56
51 57
51 58
51 59
51 60
51 61
51 63
51 65
51 66
51 67
51 68
51 71
51 82
51 83
52 53
52 56
52 58
52 59
52 60
52 61
52 62
52 63
52 64
52 69
52 70
52 72
52 73
52 75
52 76
52 77
52 79
52 81
53 54
53 55
53 56
53 57
53 58
53 59
53 60
53 61
53 62
53 63
53 64
53 65
53 66
53 67
53 68
53 69
53 71
53 72
53 81
53 83
53 85
54 55
54 56
54 57
54 58
54 59
54 60
54 61
54 63
54 65
54 66
54 67
54 68
54 71
54 82
54 83
54 86
55 56
55 57
55 58
55 59
55 60
55 61
55 63
55 65
55 66
55 67
55 68
55 71
55 82
55 83
55 86
56 57
56 58
56 59
56 60
56 61
56 62
56 63
56 64
56 65
56 66
56 68
56 69
56 70
56 71
56 72
56 81
56 83
56 85
57 58
57 59
57 60
57 61
57 63
57 65
57 66
57 67
57 68
57 71
57 81
57 82
57 83
57 85
57 86
58 59
58 60
58 61
58 62
58 63
58 64
58 65
58 66
58 67
58 68
58 69
58 71
58 72
58 81
58 82
58 83
58 85
58 89
58 93
58 94
59 60
59 61
59 62
59 63
59 64
59 65
59 66
59 68
59 69
59 70
59 71
59 72
59 76
59 81
59 83
59 85
59 89
59 92
59 94
60 61
60 62
60 63
60 64
60 65
60 66
60 69
60 70
60 71
60 72
60 76
60 81
60 83
60 85
60 89
60 92
60 94
61 62
61 63
61 64
61 65
61 66
61 67
61 68
61 69
61 71
61 72
61 81
61 82
61 83
61 85
61 86
61 89
61 93
61 94
62 63
62 64
62 69
62 70
62 71
62 72
62 73
62 74
62 75
62 76
62 77
62 78
62 79
62 80
62 81
62 83
62 84
62 85
62 87
62 88
62 89
62 92
62 94
62 96
63 64
63 65
63 66
63 67
63 68
63 69
63 70
63 71
63 72
63 76
63 81
63 82
63 83
63 85
63 89
63 92
63 93
63 94
63 98
64 69
64 70
64 71
64 72
64 73
64 74
64 75
64 76
64 77
64 78
64 79
64 80
64 81
64 83
64 84
64 85
64 87
64 88
64 89
64 90
64 92
64 94
64 95
64 96
64 100
65 66
65 67
65 68
65 71
65 81
65 82
65 83
65 85
65 86
65 93
65 99
66 67
66 68
66 69
66 71
66 81
66 82
66 83
66 85
66 86
66 89
66 93
66 94
66 98
66 99
67 68
67 71
67 82
67 83
67 86
67 93
67 99
68 71
68 82
68 83
68 85
68 86
68 93
68 99
69 70
69 71
69 72
69 73
69 74
69 75
69 76
69 77
69 78
69 79
69 80
69 81
69 83
69 84
69 85
69 87
69 88
69 89
69 90
69 92
69 94
69 95
69 96
69 98
69 100
70 72
70 73
70 74
70 75
70 76
70 77
70 78
70 79
70 80
70 81
70 84
70 85
70 87
70 88
70 89
70 90
70 91
70 92
70 94
70 95
70 96
70 97
70 100
71 72
71 81
71 82
71 83
71 85
71 86
71 89
71 92
71 93
71 94
71 96
71 98
71 99
72 73
72 74
72 75
72 76
72 77
72 78
72 79
72 80
72 81
72 83
72 84
72 85
72 87
72 88
72 89
72 90
72 91
72 92
72 94
72 95
72 96
72 97
72 98
72 100
73 74
73 75
73 76
73 77
73 78
73 79
73 80
73 84
73 87
73 88
73 90
73 91
73 92
73 95
73 96
73 97
73 100
74 75
74 76
74 77
74 78
74 79
74 80
74 84
74 87
74 88
74 90
74 91
74 95
74 97
74 100
75 76
75 77
75 78
75 79
75 80
75 84
75 87
75 88
75 90
75 91
75 95
75 96
75 97
75 100
76 77
76 78
76 79
76 80
76 81
76 84
76 85
76 87
76 88
76 89
76 90
76 91
76 92
76 94
76 95
76 96
76 97
76 98
76 100
77 78
77 79
77 80
77 81
77 84
77 87
77 88
77 90
77 91
77 92
77 95
77 96
77 97
77 100
78 79
78 80
78 84
78 87
78 88
78 90
78 91
78 95
78 97
78 100
79 80
79 81
79 84
79 87
79 88
79 89
79 90
79 91
79 92
79 95
79 96
79 97
79 100
80 84
80 87
80 88
80 90
80 91
80 92
80 95
80 96
80 97
80 100
81 82
81 83
81 84
81 85
81 87
81 88
81 89
81 92
81 93
81 94
81 95
81 96
81 98
81 99
81 100
82 83
82 85
82 86
82 89
82 93
82 94
82 98
82 99
83 85
83 86
83 89
83 92
83 93
83 94
83 96
83 98
83 99
84 87
84 88
84 90
84 91
84 92
84 95
84 96
84 97
84 100
85 87
85 88
85 89
85 92
85 93
85 94
85 96
85 98
85 99
85 100
86 93
86 99
87 88
87 89
87 90
87 91
87 92
87 94
87 95
87 96
87 97
87 98
87 100
88 89
88 90
88 91
88 92
88 94
88 95
88 96
88 97
88 98
88 100
89 92
89 93
89 94
89 95
89 96
89 98
89 99
89 100
90 91
90 92
90 95
90 96
90 97
90 100
91 95
91 96
91 97
91 100
92 93
92 94
92 95
92 96
92 98
92 99
92 100
93 94
93 98
93 99
94 95
94 96
94 98
94 99
94 100
95 96
95 97
95 100
96 97
96 98
96 99
96 100
97 100
98 99
98 100
