0 3
0 5
0 6
0 8
0 11
0 14
1 4
1 10
1 13
1 18
2 9
2 12
2 16
3 5
3 6
3 7
3 8
3 11
3 14
3 19
4 10
4 13
4 15
4 18
5 6
5 8
5 11
5 14
5 15
5 17
5 19
6 8
6 10
6 11
6 14
6 15
6 17
6 19
7 20
8 11
8 14
8 19
8 22
9 12
9 16
9 23
10 13
10 15
10 17
10 18
11 14
11 15
11 17
11 19
11 27
11 29
12 16
12 23
13 15
13 18
13 21
13 24
13 28
14 17
14 19
14 22
14 27
14 29
15 17
15 18
15 19
15 31
16 23
16 30
17 18
17 19
17 27
17 31
17 32
18 28
18 31
19 22
19 27
19 29
19 31
19 32
20 22
20 25
20 26
20 33
20 35
20 40
21 23
21 24
21 28
21 30
21 34
21 43
22 25
22 26
22 27
22 29
22 35
22 36
22 40
22 44
22 48
23 24
23 30
23 37
23 41
23 45
24 28
24 30
24 34
24 38
24 41
24 43
24 50
25 26
25 33
25 35
25 40
25 46
25 52
26 33
26 35
26 40
26 46
26 52
27 29
27 31
27 32
27 36
27 42
27 44
27 47
27 48
27 49
27 51
28 30
28 34
28 38
28 43
28 50
29 31
29 32
29 36
29 40
29 42
29 44
29 47
29 48
29 49
29 51
30 34
30 37
30 41
30 43
30 45
30 54
30 55
31 32
31 39
31 42
31 47
31 51
31 53
31 56
32 36
32 39
32 42
32 44
32 47
32 49
32 51
32 56
33 35
33 40
33 46
33 52
33 57
34 38
34 41
34 43
34 45
34 50
34 54
34 60
35 36
35 40
35 44
35 46
35 48
35 52
35 57
36 40
36 42
36 44
36 47
36 48
36 49
36 51
36 52
36 56
36 57
36 59
36 61
37 41
37 43
37 45
37 54
37 55
37 63
38 39
38 43
38 50
38 53
38 60
39 47
39 50
39 53
39 58
39 62
39 65
40 42
40 44
40 46
40 48
40 49
40 51
40 52
40 57
40 59
40 61
40 64
41 43
41 45
41 54
41 55
41 63
42 44
42 47
42 48
42 49
42 51
42 56
42 59
42 61
43 45
43 50
43 54
43 55
43 60
44 47
44 48
44 49
44 51
44 52
44 56
44 57
44 59
44 61
44 64
44 66
45 54
45 55
45 63
46 52
46 57
47 48
47 49
47 51
47 53
47 56
47 58
47 59
47 61
47 62
47 65
48 49
48 51
48 52
48 56
48 57
48 59
48 61
48 64
48 66
49 51
49 52
49 56
49 57
49 59
49 61
49 64
49 66
50 53
50 54
50 60
51 56
51 58
51 59
51 61
52 57
52 61
52 64
52 66
52 67
53 56
53 58
53 60
53 62
53 65
54 55
54 60
54 63
54 68
55 63
55 68
56 58
56 59
56 61
56 62
56 65
56 71
56 72
56 74
57 59
57 61
57 64
57 66
57 67
57 69
58 59
58 62
58 65
58 71
58 72
58 74
59 61
59 64
59 66
59 69
59 74
60 68
60 70
60 73
60 75
60 77
61 64
61 66
61 69
61 74
61 76
61 80
61 81
62 65
62 71
62 72
62 73
62 74
62 82
63 68
63 79
64 66
64 67
64 69
64 76
64 78
64 80
64 81
65 71
65 72
65 73
65 74
65 75
65 82
66 67
66 69
66 76
66 78
66 80
66 81
67 69
67 76
67 78
67 80
68 70
68 77
68 79
69 76
69 78
69 80
69 81
70 73
70 75
70 77
70 84
70 85
71 72
71 73
71 74
71 75
71 82
71 83
71 87
72 73
72 74
72 82
72 83
72 87
73 75
73 77
73 82
73 83
73 84
74 76
74 80
74 81
74 82
74 83
74 87
75 77
75 82
75 84
75 89
76 78
76 80
76 81
76 88
77 82
77 84
77 85
77 89
77 90
78 80
78 81
78 92
79 86
79 91
80 81
80 88
81 88
81 93
81 96
82 83
82 84
82 87
82 97
83 84
83 87
83 94
83 97
83 98
83 99
83 100
84 85
84 89
84 90
85 86
85 89
85 90
85 91
86 90
86 91
87 93
87 94
87 96
87 97
87 98
87 99
87 100
88 92
88 93
88 94
88 95
88 96
88 98
89 90
89 91
90 91
92 95
92 96
93 94
93 95
93 96
93 98
93 100
94 96
94 97
94 98
94 99
94 100
95 96
96 98
96 100
97 98
97 99
97 100
98 99
98 100
99 100
