0 4
0 5
1 8
2 6
2 10
3 13
4 5
6 10
8 17
9 11
9 12
9 14
9 16
9 18
11 12
11 14
11 16
11 18
12 14
12 16
12 18
13 15
13 22
14 16
14 18
14 19
14 26
14 29
15 22
15 24
16 18
16 26
16 29
17 20
17 33
17 34
18 19
18 26
18 29
19 26
19 28
19 29
19 35
20 33
20 34
21 23
21 27
22 32
22 36
23 27
23 30
24 25
24 32
25 27
26 29
26 30
28 35
30 37
30 38
30 39
31 36
32 36
33 34
37 38
37 39
37 40
38 39
38 40
39 40
41 42
41 43
42 43
44 50
44 51
45 46
45 48
45 52
46 48
46 49
46 52
47 50
48 52
49 52
50 51
53 55
54 55
55 61
56 58
56 59
56 60
56 63
57 58
57 59
58 59
58 60
58 63
59 60
59 63
60 63
60 66
61 65
61 69
61 71
62 64
62 68
63 66
63 70
64 68
64 76
65 69
65 71
66 68
66 70
66 73
67 74
67 77
67 80
67 81
68 73
68 76
68 78
69 71
69 83
70 84
71 83
72 75
73 78
74 77
74 82
75 85
76 78
77 80
77 81
77 82
78 89
79 87
80 81
80 82
80 91
81 86
81 91
84 88
84 92
85 86
85 91
86 91
87 90
87 94
87 98
88 93
88 96
90 94
92 97
93 96
94 98
96 98
