0 1
0 2
0 4
0 5
0 6
0 8
0 9
0 12
0 13
0 15
0 18
0 23
0 26
1 2
1 4
1 5
1 6
1 8
1 9
1 12
1 13
1 14
1 15
1 18
1 19
1 22
1 23
1 26
2 4
2 5
2 6
2 8
2 9
2 12
2 13
2 15
2 16
2 18
2 23
2 26
3 4
3 7
3 10
3 11
3 16
3 17
3 20
3 21
3 24
3 25
3 27
3 28
4 5
4 6
4 7
4 10
4 12
4 16
4 17
4 18
4 20
4 21
5 6
5 8
5 9
5 12
5 13
5 15
5 16
5 18
5 23
5 26
6 12
6 13
6 16
6 17
6 18
6 20
6 23
6 26
6 35
7 10
7 11
7 16
7 17
7 20
7 21
7 24
7 25
7 27
7 28
7 32
7 38
8 9
8 12
8 13
8 14
8 15
8 18
8 19
8 22
8 23
8 26
8 29
8 31
8 36
8 37
9 12
9 13
9 14
9 15
9 18
9 19
9 22
9 23
9 26
9 29
9 31
9 34
9 36
9 37
10 11
10 16
10 17
10 20
10 21
10 24
10 25
10 27
10 28
10 30
10 32
10 33
10 38
10 39
10 41
10 43
10 45
11 16
11 17
11 20
11 21
11 24
11 25
11 27
11 28
11 30
11 32
11 33
11 38
11 39
11 41
11 43
11 45
12 13
12 14
12 15
12 18
12 19
12 22
12 23
12 26
12 29
12 31
12 34
12 36
12 37
12 40
13 14
13 15
13 18
13 19
13 22
13 23
13 26
13 29
13 31
13 34
13 36
13 37
13 40
14 15
14 19
14 22
14 26
14 29
14 31
14 36
14 37
14 42
15 18
15 19
15 22
15 23
15 26
15 29
15 31
15 34
15 36
15 37
15 40
15 42
16 17
16 18
16 20
16 21
16 23
16 24
16 25
16 27
16 32
16 35
16 38
16 41
16 46
17 20
17 21
17 24
17 25
17 27
17 28
17 30
17 32
17 33
17 38
17 39
17 41
17 43
17 45
17 46
17 47
18 20
18 22
18 23
18 26
18 31
18 32
18 34
18 35
18 40
18 48
19 22
19 23
19 26
19 29
19 31
19 36
19 37
19 42
19 50
20 21
20 24
20 25
20 27
20 28
20 32
20 33
20 35
20 38
20 39
20 41
20 43
20 45
20 46
20 47
21 24
21 25
21 27
21 28
21 30
21 32
21 33
21 35
21 38
21 39
21 41
21 43
21 44
21 45
21 46
21 47
21 49
22 23
22 26
22 29
22 31
22 34
22 36
22 37
22 40
22 42
22 50
23 26
23 29
23 31
23 34
23 35
23 36
23 37
23 40
23 48
23 51
24 25
24 27
24 28
24 30
24 32
24 33
24 38
24 39
24 41
24 43
24 44
24 45
24 46
24 47
24 49
24 52
25 27
25 28
25 30
25 32
25 33
25 38
25 39
25 41
25 43
25 44
25 45
25 46
25 47
25 49
25 52
26 29
26 31
26 34
26 35
26 36
26 37
26 40
26 42
26 48
26 51
27 28
27 30
27 32
27 33
27 38
27 39
27 41
27 43
27 44
27 45
27 46
27 47
27 49
27 52
27 55
28 30
28 32
28 33
28 38
28 39
28 41
28 43
28 44
28 45
28 46
28 47
28 49
28 52
28 53
28 55
28 57
29 31
29 34
29 36
29 37
29 40
29 42
29 48
29 50
29 59
29 60
30 33
30 38
30 39
30 41
30 43
30 44
30 45
30 46
30 47
30 49
30 52
30 53
30 57
31 34
31 35
31 36
31 37
31 40
31 42
31 48
31 50
31 51
31 56
31 60
32 33
32 35
32 38
32 39
32 41
32 43
32 45
32 46
32 47
32 49
32 51
32 54
32 55
32 58
33 38
33 39
33 41
33 43
33 44
33 45
33 46
33 47
33 49
33 52
33 53
33 55
33 57
34 35
34 36
34 37
34 40
34 48
34 51
34 56
34 60
34 61
34 62
35 40
35 41
35 46
35 48
35 51
35 54
35 56
35 61
36 37
36 40
36 42
36 48
36 50
36 56
36 59
36 60
36 65
37 40
37 42
37 48
37 50
37 56
37 59
37 60
37 65
38 39
38 41
38 43
38 44
38 45
38 46
38 47
38 49
38 52
38 53
38 54
38 55
38 57
38 58
38 63
39 41
39 43
39 44
39 45
39 46
39 47
39 49
39 52
39 53
39 54
39 55
39 57
39 58
39 63
40 48
40 51
40 54
40 56
40 60
40 61
40 62
40 64
41 43
41 44
41 45
41 46
41 47
41 49
41 52
41 53
41 54
41 55
41 57
41 58
41 63
42 50
42 59
42 60
42 65
43 44
43 45
43 46
43 47
43 49
43 52
43 53
43 54
43 55
43 57
43 58
43 63
43 67
44 45
44 46
44 47
44 49
44 52
44 53
44 55
44 57
44 58
44 67
45 46
45 47
45 49
45 52
45 53
45 54
45 55
45 57
45 58
45 63
45 67
46 47
46 49
46 52
46 53
46 54
46 55
46 57
46 58
46 63
46 67
47 49
47 52
47 53
47 54
47 55
47 57
47 58
47 63
47 67
47 70
48 50
48 51
48 54
48 56
48 60
48 61
48 62
48 64
48 65
48 66
48 68
48 71
49 52
49 53
49 54
49 55
49 57
49 58
49 63
49 67
49 70
50 56
50 59
50 60
50 64
50 65
50 66
51 54
51 56
51 60
51 61
51 62
51 64
51 66
51 68
51 71
51 72
51 74
52 53
52 55
52 57
52 58
52 63
52 67
52 70
53 55
53 57
53 58
53 63
53 67
53 70
54 55
54 58
54 61
54 62
54 63
54 68
54 69
54 72
54 73
54 74
54 75
54 76
55 57
55 58
55 63
55 67
55 69
55 70
55 73
55 75
55 76
56 59
56 60
56 61
56 62
56 64
56 65
56 66
56 68
56 71
56 72
56 74
56 78
56 81
57 58
57 63
57 67
57 70
58 63
58 67
58 68
58 69
58 70
58 73
58 74
58 75
58 76
58 85
59 60
59 64
59 65
59 66
59 77
59 80
59 84
60 61
60 62
60 64
60 65
60 66
60 68
60 71
60 72
60 77
60 78
60 84
60 88
61 62
61 64
61 66
61 68
61 69
61 71
61 72
61 73
61 74
61 76
61 78
61 79
61 81
61 82
61 83
61 87
61 88
61 90
62 64
62 65
62 66
62 68
62 71
62 72
62 74
62 77
62 78
62 79
62 81
62 82
62 83
62 87
62 88
62 90
62 93
63 67
63 69
63 70
63 73
63 74
63 75
63 76
63 85
63 86
63 89
64 65
64 66
64 68
64 71
64 72
64 77
64 78
64 81
64 83
64 84
64 87
64 88
64 90
64 94
65 66
65 71
65 77
65 78
65 80
65 84
65 88
66 68
66 71
66 72
66 77
66 78
66 80
66 81
66 84
66 87
66 88
66 94
67 69
67 70
67 73
67 75
68 69
68 71
68 72
68 73
68 74
68 75
68 76
68 78
68 79
68 81
68 82
68 83
68 85
68 86
68 87
68 88
68 89
68 90
68 91
68 92
68 93
68 94
68 95
68 96
69 70
69 71
69 72
69 73
69 74
69 75
69 76
69 79
69 81
69 82
69 83
69 85
69 86
69 89
69 90
69 91
69 92
69 96
69 97
70 73
70 75
70 76
70 85
70 89
71 72
71 73
71 74
71 75
71 76
71 77
71 78
71 79
71 81
71 82
71 83
71 84
71 86
71 87
71 88
71 90
71 91
71 92
71 93
71 94
71 95
71 96
71 100
72 73
72 74
72 75
72 76
72 78
72 79
72 81
72 82
72 83
72 85
72 86
72 87
72 88
72 89
72 90
72 91
72 92
72 93
72 94
72 95
72 96
72 97
72 100
73 74
73 75
73 76
73 79
73 81
73 82
73 83
73 85
73 86
73 87
73 89
73 90
73 91
73 92
73 95
73 96
73 97
74 75
74 76
74 78
74 79
74 81
74 82
74 83
74 85
74 86
74 87
74 88
74 89
74 90
74 91
74 92
74 93
74 94
74 95
74 96
74 97
75 76
75 79
75 81
75 82
75 83
75 85
75 86
75 87
75 89
75 90
75 91
75 92
75 93
75 95
75 96
75 97
76 79
76 81
76 82
76 83
76 85
76 86
76 87
76 89
76 90
76 91
76 92
76 93
76 95
76 96
76 97
77 78
77 80
77 81
77 84
77 87
77 88
77 90
77 93
77 94
77 98
77 99
77 100
78 79
78 80
78 81
78 82
78 83
78 84
78 86
78 87
78 88
78 90
78 91
78 92
78 93
78 94
78 95
78 99
78 100
79 81
79 82
79 83
79 85
79 86
79 87
79 88
79 89
79 90
79 91
79 92
79 93
79 94
79 95
79 96
79 97
79 100
80 84
80 98
80 99
81 82
81 83
81 84
81 85
81 86
81 87
81 88
81 89
81 90
81 91
81 92
81 93
81 94
81 95
81 96
81 97
81 100
82 83
82 85
82 86
82 87
82 88
82 89
82 90
82 91
82 92
82 93
82 94
82 95
82 96
82 97
82 100
83 84
83 85
83 86
83 87
83 88
83 89
83 90
83 91
83 92
83 93
83 94
83 95
83 96
83 97
83 100
84 87
84 88
84 90
84 93
84 94
84 95
84 98
84 99
84 100
85 86
85 87
85 89
85 90
85 91
85 92
85 93
85 95
85 96
85 97
86 87
86 88
86 89
86 90
86 91
86 92
86 93
86 94
86 95
86 96
86 97
87 88
87 89
87 90
87 91
87 92
87 93
87 94
87 95
87 96
87 97
87 100
88 90
88 91
88 92
88 93
88 94
88 95
88 96
88 99
88 100
89 90
89 91
89 92
89 93
89 95
89 96
89 97
90 91
90 92
90 93
90 94
90 95
90 96
90 97
90 100
91 92
91 93
91 94
91 95
91 96
91 97
91 100
92 93
92 94
92 95
92 96
92 97
92 100
93 94
93 95
93 96
93 97
93 100
94 95
94 96
94 98
94 99
94 100
95 96
95 97
95 100
96 97
96 100
98 99
98 100
99 100
