0 1
0 2
0 3
0 4
0 7
0 9
0 11
0 12
0 13
0 14
0 15
0 16
0 17
0 18
0 19
0 21
0 22
0 23
0 24
0 28
0 29
0 30
0 31
0 32
0 33
0 34
0 38
1 2
1 3
1 4
1 7
1 11
1 12
1 13
1 14
1 15
1 16
1 17
1 18
1 19
1 21
1 22
1 23
1 24
1 28
1 29
1 30
1 31
1 32
1 33
1 34
1 38
2 3
2 4
2 5
2 6
2 8
2 9
2 10
2 11
2 12
2 13
2 14
2 16
2 17
2 19
2 20
2 21
2 22
2 24
2 25
2 27
2 28
2 29
2 30
2 31
2 32
2 33
2 34
2 35
2 36
3 4
3 5
3 6
3 7
3 8
3 9
3 10
3 11
3 12
3 13
3 14
3 16
3 17
3 19
3 20
3 21
3 22
3 24
3 25
3 27
3 28
3 29
3 30
3 31
3 32
3 33
3 34
3 35
3 38
4 5
4 6
4 8
4 9
4 10
4 11
4 12
4 13
4 14
4 16
4 17
4 19
4 20
4 21
4 22
4 24
4 25
4 27
4 28
4 29
4 30
4 31
4 32
4 33
4 34
4 35
4 36
5 6
5 8
5 9
5 10
5 11
5 12
5 13
5 14
5 16
5 20
5 24
5 25
5 26
5 27
5 32
5 35
5 36
5 43
6 8
6 9
6 10
6 11
6 12
6 13
6 14
6 20
6 24
6 25
6 26
6 27
6 32
6 35
6 36
6 43
7 11
7 14
7 15
7 16
7 17
7 18
7 19
7 21
7 22
7 23
7 28
7 30
7 33
7 34
7 37
7 38
7 39
7 40
7 41
7 42
7 44
7 46
7 47
8 9
8 10
8 12
8 13
8 20
8 24
8 25
8 26
8 27
8 32
8 35
8 36
8 43
9 10
9 11
9 12
9 13
9 14
9 16
9 17
9 19
9 20
9 21
9 24
9 25
9 26
9 27
9 28
9 29
9 31
9 32
9 35
9 36
9 43
10 12
10 13
10 14
10 20
10 24
10 25
10 26
10 27
10 32
10 35
10 36
10 43
11 12
11 13
11 14
11 15
11 16
11 17
11 18
11 19
11 20
11 21
11 22
11 24
11 25
11 27
11 28
11 29
11 30
11 31
11 32
11 33
11 34
11 35
11 36
11 38
11 42
11 44
11 45
11 49
11 50
12 13
12 14
12 16
12 17
12 19
12 20
12 21
12 22
12 24
12 25
12 27
12 28
12 29
12 30
12 31
12 32
12 33
12 34
12 35
12 36
12 38
12 49
12 50
13 14
13 16
13 17
13 19
13 20
13 21
13 22
13 24
13 25
13 27
13 28
13 29
13 30
13 31
13 32
13 33
13 34
13 35
13 36
13 38
13 49
13 50
14 16
14 17
14 18
14 19
14 20
14 21
14 22
14 23
14 24
14 25
14 27
14 28
14 29
14 30
14 31
14 32
14 33
14 34
14 35
14 36
14 37
14 38
14 42
14 44
14 45
14 46
14 49
14 50
14 55
15 16
15 17
15 18
15 19
15 21
15 22
15 23
15 28
15 30
15 33
15 34
15 37
15 38
15 39
15 40
15 41
15 42
15 44
15 45
15 46
15 47
15 48
15 51
15 52
15 54
15 56
15 58
16 17
16 18
16 19
16 20
16 21
16 22
16 23
16 24
16 25
16 27
16 28
16 29
16 30
16 31
16 32
16 33
16 34
16 35
16 36
16 37
16 38
16 42
16 44
16 45
16 46
16 49
16 50
16 51
16 55
17 18
17 19
17 20
17 21
17 22
17 23
17 24
17 25
17 27
17 28
17 29
17 30
17 31
17 32
17 33
17 34
17 35
17 36
17 37
17 38
17 41
17 42
17 44
17 45
17 46
17 49
17 50
17 51
17 55
18 19
18 21
18 22
18 23
18 28
18 30
18 31
18 33
18 34
18 37
18 38
18 39
18 40
18 41
18 42
18 44
18 45
18 46
18 47
18 48
18 51
18 52
18 54
18 56
18 58
19 20
19 21
19 22
19 23
19 24
19 25
19 27
19 28
19 29
19 30
19 31
19 32
19 33
19 34
19 35
19 36
19 37
19 38
19 40
19 41
19 42
19 44
19 45
19 46
19 47
19 48
19 49
19 50
19 51
19 54
19 55
20 21
20 24
20 25
20 26
20 27
20 28
20 29
20 30
20 31
20 32
20 34
20 35
20 36
20 43
20 50
20 53
20 57
20 59
20 60
21 22
21 23
21 24
21 25
21 27
21 28
21 29
21 30
21 31
21 32
21 33
21 34
21 35
21 36
21 37
21 38
21 40
21 41
21 42
21 44
21 45
21 46
21 47
21 48
21 49
21 50
21 51
21 54
21 55
21 56
21 64
22 23
22 24
22 28
22 29
22 30
22 31
22 32
22 33
22 34
22 35
22 37
22 38
22 39
22 40
22 41
22 42
22 44
22 45
22 46
22 47
22 48
22 49
22 50
22 51
22 52
22 54
22 55
22 56
22 61
22 64
23 28
23 29
23 30
23 31
23 33
23 34
23 37
23 38
23 39
23 40
23 41
23 42
23 44
23 45
23 46
23 47
23 48
23 49
23 51
23 52
23 54
23 55
23 56
23 58
23 61
23 63
24 25
24 26
24 27
24 28
24 29
24 30
24 31
24 32
24 33
24 34
24 35
24 36
24 38
24 42
24 43
24 44
24 45
24 46
24 49
24 50
24 51
24 55
24 57
24 62
25 26
25 27
25 28
25 29
25 30
25 31
25 32
25 33
25 34
25 35
25 36
25 43
25 50
25 53
25 57
25 59
25 62
26 27
26 32
26 35
26 36
26 43
26 50
26 53
26 57
26 59
26 60
26 66
27 28
27 29
27 30
27 31
27 32
27 33
27 34
27 35
27 36
27 43
27 50
27 53
27 57
27 59
27 60
27 62
27 67
28 29
28 30
28 31
28 32
28 33
28 34
28 35
28 36
28 37
28 38
28 40
28 41
28 42
28 44
28 45
28 46
28 47
28 48
28 49
28 50
28 51
28 52
28 54
28 55
28 56
28 64
28 65
29 30
29 31
29 32
29 33
29 34
29 35
29 36
29 37
29 38
29 41
29 42
29 44
29 45
29 46
29 49
29 50
29 51
29 54
29 55
29 56
29 57
29 62
29 64
29 65
29 69
30 31
30 32
30 33
30 34
30 35
30 36
30 37
30 38
30 39
30 40
30 41
30 42
30 44
30 45
30 46
30 47
30 48
30 49
30 50
30 51
30 52
30 54
30 55
30 56
30 61
30 62
30 64
30 65
31 32
31 33
31 34
31 35
31 36
31 37
31 38
31 40
31 41
31 42
31 44
31 45
31 46
31 47
31 48
31 49
31 50
31 51
31 54
31 55
31 56
31 57
31 62
31 64
31 65
31 69
32 33
32 34
32 35
32 36
32 38
32 43
32 44
32 45
32 46
32 49
32 50
32 55
32 57
32 62
32 68
32 69
33 34
33 35
33 36
33 37
33 38
33 39
33 40
33 41
33 42
33 44
33 45
33 46
33 47
33 48
33 49
33 50
33 51
33 52
33 54
33 55
33 56
33 61
33 62
33 64
33 65
33 69
34 35
34 36
34 37
34 38
34 40
34 41
34 42
34 44
34 45
34 46
34 47
34 48
34 49
34 50
34 51
34 52
34 54
34 55
34 56
34 57
34 61
34 62
34 64
34 65
34 69
35 36
35 38
35 43
35 44
35 49
35 50
35 53
35 55
35 57
35 59
35 60
35 62
35 67
35 68
35 69
35 70
35 71
36 43
36 49
36 50
36 53
36 57
36 59
36 60
36 62
36 66
36 67
36 68
36 69
36 70
36 71
37 38
37 39
37 40
37 41
37 42
37 44
37 45
37 46
37 47
37 48
37 49
37 51
37 52
37 54
37 55
37 56
37 58
37 61
37 63
37 64
37 65
37 72
38 39
38 40
38 41
38 42
38 44
38 45
38 46
38 47
38 48
38 49
38 50
38 51
38 52
38 54
38 55
38 56
38 58
38 61
38 63
38 64
38 65
38 69
38 72
39 40
39 41
39 42
39 44
39 45
39 46
39 47
39 48
39 49
39 51
39 52
39 54
39 55
39 56
39 58
39 61
39 63
39 73
40 41
40 42
40 44
40 45
40 46
40 47
40 48
40 49
40 51
40 52
40 54
40 55
40 56
40 58
40 61
40 63
40 64
40 65
40 72
40 73
41 42
41 44
41 45
41 46
41 47
41 48
41 49
41 51
41 52
41 54
41 55
41 56
41 58
41 61
41 63
41 64
41 65
41 72
41 73
41 78
42 44
42 45
42 46
42 47
42 48
42 49
42 51
42 52
42 54
42 55
42 56
42 58
42 61
42 63
42 64
42 65
42 72
42 73
42 78
43 50
43 53
43 57
43 59
43 60
43 62
43 66
43 67
43 68
43 70
43 71
43 76
44 45
44 46
44 47
44 48
44 49
44 50
44 51
44 52
44 54
44 55
44 56
44 58
44 61
44 63
44 64
44 65
44 69
44 72
44 73
44 78
44 80
45 46
45 47
45 48
45 49
45 50
45 51
45 52
45 54
45 55
45 56
45 58
45 61
45 63
45 64
45 65
45 69
45 72
45 73
45 78
45 80
45 83
46 47
46 48
46 49
46 50
46 51
46 52
46 54
46 55
46 56
46 58
46 61
46 63
46 64
46 65
46 69
46 72
46 73
46 78
46 80
46 83
47 48
47 49
47 51
47 52
47 54
47 55
47 56
47 58
47 61
47 63
47 64
47 65
47 72
47 73
47 78
47 80
47 86
48 49
48 51
48 52
48 54
48 55
48 56
48 58
48 61
48 63
48 64
48 65
48 72
48 73
48 78
48 80
48 86
49 50
49 51
49 52
49 54
49 55
49 56
49 57
49 58
49 61
49 62
49 63
49 64
49 65
49 68
49 69
49 72
49 74
49 77
49 78
49 79
49 80
49 82
49 83
50 51
50 53
50 55
50 57
50 59
50 60
50 62
50 64
50 65
50 67
50 68
50 69
50 70
50 71
50 74
50 75
50 77
50 79
50 81
50 82
50 83
50 84
50 87
51 52
51 54
51 55
51 56
51 58
51 61
51 63
51 64
51 65
51 69
51 72
51 73
51 78
51 80
51 82
51 83
51 86
51 89
52 54
52 55
52 56
52 58
52 61
52 63
52 64
52 65
52 72
52 73
52 78
52 80
52 86
52 91
53 57
53 59
53 60
53 62
53 66
53 67
53 68
53 70
53 71
53 76
53 85
54 55
54 56
54 58
54 61
54 63
54 64
54 65
54 72
54 73
54 78
54 80
54 83
54 86
54 89
54 93
55 56
55 58
55 61
55 62
55 63
55 64
55 65
55 69
55 72
55 73
55 74
55 77
55 78
55 79
55 80
55 82
55 83
55 86
55 88
55 89
56 58
56 61
56 63
56 64
56 65
56 69
56 72
56 73
56 78
56 80
56 82
56 83
56 86
56 89
56 91
56 93
56 95
57 59
57 60
57 62
57 64
57 66
57 67
57 68
57 69
57 70
57 71
57 74
57 75
57 76
57 77
57 79
57 81
57 82
57 84
57 85
57 87
57 90
57 92
58 61
58 63
58 64
58 65
58 72
58 73
58 78
58 80
58 86
58 91
58 93
58 95
59 60
59 62
59 66
59 67
59 68
59 70
59 71
59 75
59 76
59 81
59 84
59 85
59 87
59 92
59 96
60 62
60 66
60 67
60 68
60 70
60 71
60 75
60 76
60 84
60 85
60 92
61 63
61 64
61 65
61 69
61 72
61 73
61 77
61 78
61 80
61 82
61 83
61 86
61 89
61 91
61 93
61 95
61 100
62 64
62 65
62 66
62 67
62 68
62 69
62 70
62 71
62 74
62 75
62 76
62 77
62 79
62 81
62 82
62 83
62 84
62 85
62 87
62 88
62 90
62 92
62 94
62 96
62 97
62 98
62 99
63 64
63 65
63 72
63 73
63 78
63 80
63 83
63 86
63 89
63 91
63 93
63 95
63 100
64 65
64 68
64 69
64 72
64 73
64 74
64 75
64 77
64 78
64 79
64 80
64 81
64 82
64 83
64 86
64 88
64 89
64 90
64 93
64 94
64 95
64 99
65 68
65 69
65 72
65 73
65 74
65 75
65 77
65 78
65 79
65 80
65 81
65 82
65 83
65 86
65 87
65 88
65 89
65 90
65 91
65 93
65 94
65 95
65 99
66 67
66 68
66 70
66 71
66 75
66 76
66 81
66 84
66 85
66 87
66 92
66 96
66 97
67 68
67 69
67 70
67 71
67 74
67 75
67 76
67 77
67 79
67 81
67 82
67 84
67 85
67 87
67 90
67 92
67 94
67 96
67 97
67 98
68 69
68 70
68 71
68 74
68 75
68 76
68 77
68 79
68 81
68 82
68 83
68 84
68 85
68 87
68 88
68 90
68 92
68 94
68 96
68 97
68 98
69 70
69 71
69 72
69 74
69 75
69 77
69 79
69 80
69 81
69 82
69 83
69 84
69 85
69 87
69 88
69 89
69 90
69 94
69 96
69 97
69 98
69 99
70 71
70 74
70 75
70 76
70 77
70 79
70 81
70 82
70 84
70 85
70 87
70 88
70 90
70 92
70 94
70 96
70 97
70 98
71 74
71 75
71 76
71 77
71 79
71 81
71 82
71 84
71 85
71 87
71 88
71 90
71 92
71 94
71 96
71 97
71 98
72 73
72 74
72 77
72 78
72 79
72 80
72 82
72 83
72 86
72 88
72 89
72 90
72 91
72 93
72 95
72 99
72 100
73 78
73 80
73 82
73 83
73 86
73 89
73 91
73 93
73 95
73 100
74 75
74 77
74 79
74 80
74 81
74 82
74 83
74 84
74 85
74 87
74 88
74 89
74 90
74 92
74 94
74 96
74 97
74 98
74 99
75 76
75 77
75 79
75 81
75 82
75 83
75 84
75 85
75 87
75 88
75 89
75 90
75 92
75 94
75 96
75 97
75 98
75 99
76 81
76 84
76 85
76 87
76 92
76 96
76 97
77 78
77 79
77 80
77 81
77 82
77 83
77 84
77 85
77 86
77 87
77 88
77 89
77 90
77 93
77 94
77 96
77 97
77 98
77 99
78 80
78 82
78 83
78 86
78 88
78 89
78 91
78 93
78 95
78 99
78 100
79 80
79 81
79 82
79 83
79 84
79 85
79 87
79 88
79 89
79 90
79 92
79 94
79 96
79 97
79 98
79 99
80 81
80 82
80 83
80 86
80 88
80 89
80 90
80 91
80 93
80 94
80 95
80 98
80 99
80 100
81 82
81 83
81 84
81 85
81 87
81 88
81 89
81 90
81 92
81 94
81 96
81 97
81 98
81 99
82 83
82 84
82 85
82 86
82 87
82 88
82 89
82 90
82 93
82 94
82 95
82 96
82 97
82 98
82 99
83 84
83 86
83 87
83 88
83 89
83 90
83 91
83 93
83 94
83 95
83 97
83 98
83 99
83 100
84 85
84 87
84 88
84 90
84 92
84 94
84 96
84 97
84 98
84 99
85 87
85 88
85 90
85 92
85 94
85 96
85 97
85 98
86 88
86 89
86 91
86 93
86 95
86 99
86 100
87 88
87 89
87 90
87 92
87 94
87 96
87 97
87 98
87 99
88 89
88 90
88 93
88 94
88 95
88 96
88 97
88 98
88 99
88 100
89 90
89 91
89 93
89 94
89 95
89 98
89 99
89 100
90 92
90 93
90 94
90 96
90 97
90 98
90 99
91 93
91 95
91 100
92 94
92 96
92 97
92 98
93 95
93 99
93 100
94 96
94 97
94 98
94 99
95 99
95 100
96 97
96 98
96 99
97 98
97 99
98 99
99 100
