0 7
0 8
0 13
1 3
1 5
2 4
2 10
2 12
2 14
3 5
4 10
4 12
4 14
6 9
7 8
7 13
8 13
10 12
10 14
10 18
12 14
13 16
13 20
14 18
15 19
16 20
16 21
16 26
17 23
19 24
19 27
20 21
20 26
21 26
21 31
22 28
23 32
24 27
24 37
25 34
25 35
26 31
27 30
27 37
29 30
31 33
31 36
33 36
33 38
34 35
34 40
36 38
38 48
38 51
40 46
41 53
42 43
42 47
43 47
44 46
44 52
45 48
46 54
46 56
48 51
48 55
48 58
49 52
49 57
49 59
50 51
50 55
51 55
51 58
52 59
52 60
54 56
55 58
55 63
56 60
58 63
59 60
59 62
60 62
63 66
64 65
64 67
65 67
66 67
67 73
68 72
68 74
70 72
70 80
71 81
72 74
72 80
72 82
72 87
73 76
73 79
73 85
73 88
74 78
76 85
76 88
77 83
77 86
78 84
79 85
79 88
79 90
80 82
80 87
80 92
81 91
81 93
82 87
82 92
83 86
84 89
85 88
85 90
87 92
88 90
89 95
90 91
91 93
91 94
93 94
96 99
