0 3
0 4
0 7
0 10
0 11
0 13
0 14
0 16
0 18
0 19
0 21
1 2
1 6
1 8
1 9
1 12
1 15
1 17
1 20
1 23
1 24
1 25
2 6
2 8
2 9
2 12
2 15
2 17
2 20
2 23
2 24
2 25
2 30
3 7
3 10
3 11
3 12
3 13
3 14
3 16
3 18
3 19
3 21
3 28
3 29
4 5
4 7
4 10
4 11
4 16
4 22
4 26
4 27
4 33
4 34
4 37
4 38
5 7
5 10
5 22
5 26
5 27
5 33
5 34
5 37
5 38
5 40
6 8
6 15
6 17
6 20
6 23
6 24
6 25
6 30
7 10
7 11
7 13
7 16
7 22
7 26
7 27
7 33
7 34
7 37
7 38
7 39
7 40
8 9
8 12
8 14
8 15
8 17
8 20
8 23
8 24
8 25
8 30
8 31
8 32
8 36
8 41
8 44
9 12
9 13
9 14
9 15
9 18
9 19
9 20
9 21
9 23
9 24
9 25
9 28
9 29
9 31
9 32
9 35
9 36
9 43
9 44
10 11
10 13
10 16
10 22
10 26
10 27
10 33
10 34
10 37
10 38
10 39
10 40
10 42
11 13
11 14
11 16
11 18
11 19
11 21
11 22
11 26
11 28
11 29
11 34
11 39
11 42
11 45
11 48
12 13
12 14
12 15
12 18
12 19
12 20
12 21
12 23
12 24
12 25
12 28
12 29
12 31
12 32
12 35
12 36
12 41
12 43
12 44
12 45
13 14
13 16
13 18
13 19
13 21
13 28
13 29
13 31
13 35
13 39
13 42
13 45
13 48
14 15
14 16
14 18
14 19
14 20
14 21
14 23
14 24
14 25
14 28
14 29
14 31
14 32
14 35
14 36
14 43
14 44
14 45
14 50
15 17
15 20
15 23
15 24
15 25
15 30
15 31
15 32
15 36
15 41
15 44
15 46
15 49
16 18
16 19
16 21
16 22
16 26
16 27
16 28
16 29
16 34
16 39
16 42
16 45
16 48
17 20
17 23
17 24
17 25
17 30
17 32
17 41
17 46
17 49
18 19
18 21
18 28
18 29
18 31
18 35
18 36
18 39
18 42
18 43
18 44
18 45
18 48
18 51
18 54
19 21
19 28
19 29
19 31
19 32
19 35
19 36
19 39
19 42
19 43
19 44
19 45
19 48
19 51
19 54
20 23
20 24
20 25
20 28
20 29
20 30
20 31
20 32
20 35
20 36
20 41
20 43
20 44
20 46
20 49
20 50
20 52
20 53
20 55
21 23
21 25
21 28
21 29
21 31
21 32
21 35
21 36
21 39
21 42
21 43
21 44
21 45
21 48
21 51
21 54
22 26
22 27
22 33
22 34
22 37
22 38
22 39
22 40
22 42
22 47
23 24
23 25
23 28
23 29
23 30
23 31
23 32
23 35
23 36
23 41
23 43
23 44
23 46
23 49
23 50
23 52
23 53
23 55
24 25
24 29
24 30
24 31
24 32
24 35
24 36
24 41
24 43
24 44
24 46
24 49
24 50
24 52
24 53
24 55
25 28
25 29
25 30
25 31
25 32
25 35
25 36
25 41
25 43
25 44
25 46
25 49
25 50
25 52
25 53
25 55
26 27
26 33
26 34
26 37
26 38
26 39
26 40
26 42
26 47
27 33
27 34
27 37
27 38
27 39
27 40
27 42
27 47
28 29
28 31
28 32
28 35
28 36
28 39
28 42
28 43
28 44
28 45
28 48
28 50
28 51
28 52
28 54
28 57
29 31
29 32
29 35
29 36
29 42
29 43
29 44
29 45
29 48
29 50
29 51
29 52
29 54
29 55
29 57
29 58
29 63
30 32
30 41
30 46
30 49
30 53
31 32
31 35
31 36
31 41
31 43
31 44
31 45
31 46
31 48
31 50
31 51
31 52
31 53
31 54
31 55
31 58
31 61
32 35
32 36
32 41
32 43
32 44
32 45
32 46
32 49
32 50
32 52
32 53
32 55
32 58
32 61
33 34
33 37
33 38
33 39
33 40
33 47
33 59
33 60
34 37
34 38
34 39
34 40
34 42
34 47
34 48
34 56
34 59
34 60
34 64
35 36
35 41
35 42
35 43
35 44
35 45
35 48
35 50
35 51
35 52
35 54
35 55
35 57
35 58
35 61
35 63
36 41
36 43
36 44
36 45
36 46
36 48
36 49
36 50
36 51
36 52
36 53
36 54
36 55
36 58
36 61
36 63
36 67
37 38
37 39
37 40
37 42
37 47
37 56
37 59
37 60
37 64
38 39
38 40
38 42
38 47
38 56
38 59
38 60
38 64
39 40
39 42
39 45
39 47
39 48
39 51
39 54
39 56
39 57
39 59
39 60
39 62
39 64
39 66
39 70
40 42
40 47
40 56
40 59
40 60
40 64
41 43
41 44
41 46
41 49
41 50
41 52
41 53
41 55
41 58
41 61
41 65
41 67
41 68
42 43
42 45
42 47
42 48
42 51
42 54
42 56
42 57
42 59
42 60
42 62
42 63
42 64
42 66
42 70
43 44
43 45
43 46
43 48
43 50
43 51
43 52
43 53
43 54
43 55
43 57
43 58
43 61
43 62
43 63
43 67
43 69
44 45
44 46
44 48
44 49
44 50
44 51
44 52
44 53
44 54
44 55
44 58
44 61
44 63
44 67
44 68
44 69
45 48
45 50
45 51
45 52
45 54
45 55
45 56
45 57
45 58
45 61
45 62
45 63
45 66
45 69
45 72
46 49
46 50
46 52
46 53
46 55
46 58
46 61
46 65
46 67
46 68
47 56
47 59
47 60
47 64
47 71
48 50
48 51
48 52
48 54
48 56
48 57
48 60
48 62
48 63
48 66
48 70
48 72
49 50
49 52
49 53
49 55
49 58
49 61
49 65
49 67
49 68
49 73
49 76
50 51
50 52
50 53
50 54
50 55
50 58
50 61
50 63
50 65
50 67
50 68
50 69
50 72
51 52
51 54
51 56
51 57
51 58
51 61
51 62
51 63
51 66
51 69
51 70
51 72
51 74
51 75
52 53
52 54
52 55
52 57
52 58
52 61
52 62
52 63
52 65
52 67
52 68
52 69
52 72
52 78
52 79
53 55
53 58
53 61
53 65
53 67
53 68
53 73
53 76
54 55
54 56
54 57
54 58
54 61
54 62
54 63
54 66
54 67
54 69
54 70
54 72
54 74
54 75
55 58
55 61
55 63
55 65
55 67
55 68
55 69
55 73
55 76
55 78
56 57
56 59
56 60
56 62
56 63
56 64
56 66
56 70
56 71
56 74
56 77
56 81
57 60
57 62
57 63
57 64
57 66
57 69
57 70
57 72
57 74
57 75
57 79
57 81
57 84
58 61
58 62
58 63
58 65
58 67
58 68
58 69
58 72
58 75
58 76
58 78
58 79
59 60
59 64
59 66
59 70
59 71
59 77
59 83
59 85
60 62
60 64
60 66
60 70
60 71
60 74
60 77
60 83
60 85
61 62
61 63
61 65
61 67
61 68
61 69
61 72
61 73
61 75
61 76
61 78
61 79
62 63
62 64
62 66
62 69
62 70
62 72
62 74
62 75
62 79
62 81
62 84
62 89
63 66
63 67
63 69
63 70
63 72
63 74
63 75
63 78
63 79
63 81
63 84
64 66
64 70
64 71
64 74
64 77
64 81
64 83
64 84
64 85
65 67
65 68
65 69
65 73
65 76
65 78
65 80
65 82
65 86
65 87
65 88
65 90
66 69
66 70
66 71
66 72
66 74
66 75
66 77
66 81
66 84
66 89
67 68
67 69
67 72
67 73
67 75
67 76
67 78
67 79
67 80
67 86
67 87
67 90
68 69
68 73
68 76
68 78
68 79
68 80
68 82
68 86
68 87
68 88
68 90
69 72
69 74
69 75
69 76
69 78
69 79
69 81
69 90
69 91
69 92
70 71
70 72
70 74
70 75
70 77
70 81
70 83
70 84
70 85
70 89
70 93
70 94
70 95
71 74
71 77
71 83
71 84
71 85
71 94
71 95
71 96
72 74
72 75
72 78
72 79
72 81
72 84
72 89
72 91
72 92
72 93
73 76
73 78
73 80
73 82
73 86
73 87
73 88
73 90
73 97
73 98
74 75
74 77
74 79
74 81
74 84
74 85
74 89
74 91
74 93
74 94
74 95
74 99
74 100
75 78
75 79
75 81
75 84
75 89
75 91
75 92
75 93
75 99
76 78
76 80
76 82
76 86
76 87
76 88
76 90
76 97
76 98
77 81
77 83
77 84
77 85
77 89
77 94
77 95
77 96
78 79
78 80
78 82
78 86
78 87
78 88
78 90
78 91
78 92
78 97
78 98
79 81
79 84
79 89
79 90
79 91
79 92
79 93
79 99
80 82
80 86
80 87
80 88
80 90
80 97
80 98
81 84
81 85
81 89
81 91
81 92
81 93
81 94
81 95
81 99
81 100
82 86
82 87
82 88
82 90
82 97
82 98
83 84
83 85
83 89
83 94
83 95
83 96
84 85
84 89
84 91
84 92
84 93
84 94
84 95
84 99
84 100
85 89
85 93
85 94
85 95
85 96
85 100
86 87
86 88
86 90
86 97
86 98
87 88
87 90
87 97
87 98
88 90
88 97
88 98
89 91
89 92
89 93
89 94
89 95
89 96
89 99
89 100
90 91
90 92
90 97
90 98
91 92
91 93
91 99
91 100
92 93
92 97
92 99
93 94
93 95
93 96
93 99
93 100
94 95
94 96
94 99
94 100
95 96
95 99
95 100
96 100
97 98
99 100
