0 2
0 3
0 7
0 9
0 10
0 13
1 4
1 5
1 8
1 11
1 12
2 3
2 10
2 13
2 14
2 16
2 17
3 10
3 13
4 5
4 14
4 18
5 14
5 18
6 8
6 11
6 12
6 15
7 9
8 11
8 12
8 15
10 13
10 14
10 16
10 17
10 19
10 20
11 12
11 15
12 15
12 24
13 16
13 17
13 20
14 16
14 17
14 18
14 19
14 20
15 24
15 26
15 27
15 28
16 17
16 18
16 19
16 20
17 18
17 19
17 20
17 33
18 19
18 20
18 24
18 27
18 29
18 34
19 20
19 33
19 34
19 39
20 33
20 38
20 39
20 42
21 22
21 23
21 25
21 30
21 35
21 36
21 40
22 23
22 25
22 30
22 35
22 36
22 40
23 25
23 30
23 35
23 36
23 40
24 27
24 29
24 32
24 34
24 37
24 45
25 30
25 35
25 36
25 49
26 28
26 31
26 43
26 46
26 50
26 51
27 28
27 29
27 31
27 32
27 34
27 37
27 43
27 45
27 46
27 48
28 31
28 32
28 37
28 43
28 46
28 48
28 50
28 51
29 31
29 32
29 34
29 37
29 39
29 41
29 43
29 44
29 45
29 46
29 48
29 52
30 35
30 36
30 40
30 49
30 54
31 32
31 37
31 43
31 46
31 48
31 50
31 51
32 34
32 37
32 43
32 44
32 45
32 46
32 48
32 52
33 35
33 38
33 39
33 40
33 41
33 42
33 47
33 53
34 37
34 39
34 41
34 42
34 44
34 45
34 52
34 56
35 36
35 38
35 40
35 47
35 49
36 40
36 49
36 54
36 55
37 41
37 43
37 44
37 45
37 46
37 48
37 52
38 39
38 40
38 41
38 42
38 47
38 53
39 41
39 42
39 44
39 47
39 52
39 53
39 56
40 47
40 49
40 53
40 54
41 42
41 44
41 45
41 47
41 52
41 53
41 56
42 44
42 47
42 52
42 53
42 56
43 45
43 46
43 48
43 50
43 51
44 45
44 47
44 52
44 53
44 56
45 46
45 48
45 51
45 52
45 59
46 48
46 50
46 51
47 53
47 56
47 58
47 61
48 50
48 51
48 52
48 59
49 54
49 55
49 57
49 64
50 51
50 63
51 63
52 56
52 59
53 56
53 58
53 60
53 61
53 72
54 55
54 57
54 60
54 62
54 64
54 65
54 66
54 69
54 70
54 71
55 57
55 62
55 64
55 65
55 66
55 69
55 70
55 71
56 58
56 61
56 67
56 68
57 60
57 62
57 64
57 65
57 66
57 69
57 70
57 71
57 75
57 77
58 60
58 61
58 62
58 68
58 72
58 73
59 63
59 67
59 74
59 78
60 61
60 62
60 65
60 66
60 70
60 71
60 72
60 75
60 77
61 62
61 68
61 72
61 73
62 64
62 65
62 66
62 69
62 70
62 71
62 72
62 75
62 77
63 76
63 79
63 80
63 81
63 82
64 65
64 66
64 69
64 70
64 71
64 75
64 77
65 66
65 69
65 70
65 71
65 75
65 77
65 86
66 69
66 70
66 71
66 75
66 77
66 89
67 68
67 74
67 78
67 83
67 84
67 85
67 88
68 72
68 73
68 74
69 70
69 71
69 75
69 77
69 86
69 89
70 71
70 75
70 77
70 86
70 89
71 75
71 77
71 86
71 89
72 73
72 91
72 93
73 91
73 93
74 78
74 83
74 84
74 85
74 87
74 88
74 90
74 92
75 77
75 86
75 89
75 95
76 79
76 80
76 81
76 82
76 87
76 94
76 99
77 86
77 89
77 95
78 81
78 83
78 84
78 85
78 87
78 88
78 90
78 92
78 96
78 97
79 80
79 81
79 82
79 84
79 85
79 87
79 94
79 99
80 81
80 82
80 84
80 85
80 87
80 94
80 99
81 82
81 83
81 84
81 85
81 87
81 94
81 99
82 83
82 84
82 85
82 87
82 94
82 99
83 84
83 85
83 87
83 88
83 90
83 92
83 96
83 97
84 85
84 87
84 88
84 90
84 92
84 96
84 97
85 87
85 88
85 90
85 92
85 94
85 96
85 97
86 89
86 93
86 95
87 90
87 94
87 97
87 99
88 90
88 92
88 96
88 97
89 95
90 92
90 96
90 97
91 93
91 95
91 96
91 98
92 96
92 97
92 98
93 95
93 98
94 99
96 97
96 98
