0 5
0 6
0 7
0 8
0 9
0 10
0 11
0 12
0 14
0 16
0 17
0 18
0 22
0 26
0 28
1 2
1 3
1 4
1 13
1 15
1 19
1 20
1 21
1 23
1 27
2 3
2 4
2 13
2 15
2 19
2 20
2 21
2 23
2 27
3 4
3 13
3 15
3 19
3 20
3 21
3 23
3 27
4 5
4 6
4 9
4 13
4 15
4 19
4 20
4 21
4 23
4 24
5 6
5 8
5 9
5 12
5 17
5 24
5 30
6 7
6 8
6 9
6 12
6 14
6 17
6 24
6 28
6 30
7 8
7 10
7 11
7 12
7 14
7 16
7 17
7 18
7 22
7 25
7 26
7 28
7 29
7 31
7 32
7 33
7 34
7 36
7 38
8 9
8 10
8 11
8 12
8 14
8 17
8 18
8 22
8 26
8 28
8 31
8 33
8 34
8 36
9 12
9 13
9 17
9 21
9 24
9 28
9 30
10 11
10 12
10 14
10 16
10 17
10 18
10 22
10 25
10 26
10 28
10 29
10 31
10 32
10 33
10 34
10 37
10 38
11 14
11 16
11 17
11 18
11 22
11 25
11 26
11 28
11 29
11 31
11 32
11 33
11 37
12 14
12 17
12 18
12 22
12 24
12 26
12 28
12 31
12 33
12 34
12 36
13 15
13 19
13 20
13 21
13 23
13 24
13 27
13 30
13 35
13 39
14 16
14 17
14 18
14 22
14 25
14 26
14 28
14 29
14 31
14 32
14 33
14 34
14 36
14 37
14 38
14 42
14 43
15 19
15 20
15 21
15 23
15 27
15 35
15 41
15 46
16 17
16 18
16 22
16 25
16 26
16 28
16 29
16 31
16 32
16 33
16 37
16 38
16 48
17 18
17 22
17 26
17 28
17 29
17 31
17 33
17 34
17 36
17 38
17 42
17 43
17 45
17 50
18 22
18 25
18 26
18 28
18 29
18 31
18 32
18 33
18 34
18 36
18 37
18 38
18 42
18 43
18 48
19 20
19 21
19 23
19 24
19 27
19 30
19 35
19 39
19 41
19 44
19 46
19 47
20 21
20 23
20 27
20 35
20 41
20 46
20 47
20 52
20 53
21 23
21 24
21 27
21 30
21 35
21 39
21 41
21 44
21 46
21 47
22 25
22 26
22 28
22 29
22 31
22 32
22 33
22 34
22 36
22 37
22 38
22 42
22 43
22 45
22 48
22 50
22 51
22 55
22 56
22 58
22 59
23 24
23 27
23 35
23 39
23 41
23 44
23 46
23 47
23 52
23 53
23 57
24 30
24 39
24 40
24 44
24 47
24 49
24 57
24 60
25 26
25 28
25 29
25 31
25 32
25 33
25 37
25 38
25 42
25 43
25 48
25 55
25 56
25 58
25 59
26 28
26 29
26 31
26 32
26 33
26 34
26 36
26 37
26 38
26 42
26 43
26 45
26 48
26 50
26 51
26 54
26 55
26 56
26 58
26 59
26 61
26 62
26 63
27 35
27 39
27 41
27 44
27 46
27 47
27 52
27 53
28 29
28 31
28 32
28 33
28 34
28 36
28 37
28 38
28 40
28 42
28 43
28 45
28 50
28 51
28 54
28 61
28 62
28 63
28 64
29 31
29 32
29 33
29 34
29 36
29 37
29 38
29 42
29 43
29 45
29 48
29 50
29 51
29 55
29 56
29 58
29 59
29 61
29 62
30 36
30 39
30 40
30 44
30 47
30 49
30 54
30 57
30 60
31 32
31 33
31 34
31 36
31 37
31 38
31 42
31 43
31 45
31 48
31 50
31 51
31 54
31 55
31 56
31 58
31 59
31 61
31 62
31 63
31 64
32 33
32 34
32 37
32 38
32 42
32 43
32 45
32 48
32 55
32 56
32 58
32 59
32 61
32 62
33 34
33 36
33 37
33 38
33 42
33 43
33 45
33 48
33 50
33 51
33 54
33 55
33 56
33 58
33 59
33 61
33 62
33 63
33 64
34 36
34 37
34 38
34 40
34 42
34 43
34 45
34 48
34 50
34 51
34 54
34 56
34 58
34 61
34 62
34 63
34 64
35 39
35 41
35 44
35 46
35 47
35 52
35 53
35 57
35 65
35 68
36 37
36 38
36 40
36 42
36 43
36 45
36 48
36 50
36 51
36 54
36 56
36 58
36 61
36 62
36 63
36 64
37 38
37 42
37 43
37 45
37 48
37 50
37 51
37 55
37 56
37 58
37 59
37 61
37 62
37 63
37 64
37 69
37 72
38 42
38 43
38 45
38 48
38 50
38 51
38 54
38 55
38 56
38 58
38 59
38 61
38 62
38 63
38 64
38 69
38 71
39 40
39 41
39 44
39 46
39 47
39 49
39 52
39 53
39 57
39 60
39 65
39 66
39 67
39 68
39 70
40 42
40 43
40 44
40 45
40 47
40 49
40 50
40 51
40 54
40 57
40 60
40 63
40 64
40 70
40 73
41 44
41 46
41 47
41 52
41 53
41 57
41 65
41 66
41 67
41 68
41 74
42 43
42 45
42 48
42 50
42 51
42 54
42 55
42 56
42 58
42 59
42 61
42 62
42 63
42 64
42 69
42 71
43 45
43 48
43 50
43 51
43 54
43 55
43 56
43 58
43 59
43 61
43 62
43 63
43 64
43 69
43 71
44 46
44 47
44 49
44 52
44 53
44 57
44 60
44 65
44 66
44 67
44 68
44 70
45 48
45 50
45 51
45 54
45 55
45 56
45 58
45 59
45 61
45 62
45 63
45 64
45 69
45 71
45 73
46 47
46 49
46 52
46 53
46 57
46 65
46 66
46 67
46 68
46 74
47 49
47 52
47 53
47 57
47 60
47 65
47 66
47 67
47 68
47 74
48 50
48 51
48 55
48 56
48 58
48 59
48 61
48 62
48 63
48 64
48 69
48 71
48 72
49 50
49 54
49 57
49 60
49 65
49 66
49 67
49 70
49 75
49 77
49 78
49 79
50 51
50 54
50 55
50 56
50 58
50 59
50 60
50 61
50 62
50 63
50 64
50 69
50 71
50 73
50 76
51 54
51 55
51 56
51 58
51 59
51 61
51 62
51 63
51 64
51 69
51 71
51 73
51 76
52 53
52 57
52 65
52 66
52 67
52 68
52 74
53 57
53 65
53 66
53 67
53 68
53 74
54 56
54 60
54 61
54 62
54 63
54 64
54 69
54 70
54 71
54 73
54 75
54 76
55 56
55 58
55 59
55 61
55 62
55 63
55 64
55 69
55 71
55 72
56 58
56 59
56 61
56 62
56 63
56 64
56 69
56 71
56 72
56 82
57 60
57 65
57 66
57 67
57 68
57 70
57 74
57 75
57 77
57 78
57 79
57 80
58 59
58 61
58 62
58 63
58 64
58 69
58 71
58 72
58 82
58 83
59 61
59 62
59 63
59 64
59 69
59 71
59 72
59 81
59 82
59 83
60 65
60 66
60 67
60 68
60 70
60 73
60 75
60 77
60 78
60 79
61 62
61 63
61 64
61 69
61 71
61 72
61 73
61 76
61 81
61 82
61 83
61 86
62 63
62 64
62 69
62 71
62 72
62 73
62 76
62 81
62 82
62 83
62 86
62 88
63 64
63 69
63 71
63 72
63 73
63 76
63 81
63 82
63 86
64 69
64 70
64 71
64 72
64 73
64 76
64 81
64 82
64 84
64 86
64 87
65 66
65 67
65 68
65 70
65 74
65 77
65 78
65 79
65 80
65 85
65 89
65 91
66 67
66 68
66 70
66 74
66 75
66 77
66 78
66 79
66 80
66 85
66 91
66 94
67 68
67 70
67 74
67 75
67 77
67 78
67 79
67 80
67 85
67 91
68 74
68 77
68 78
68 79
68 80
68 85
68 89
68 91
69 71
69 72
69 73
69 76
69 81
69 82
69 83
69 86
69 88
69 90
69 92
70 73
70 75
70 76
70 77
70 78
70 79
70 84
70 87
70 93
70 94
70 95
71 72
71 73
71 76
71 81
71 82
71 83
71 84
71 86
71 87
71 88
71 90
71 92
71 98
71 99
72 81
72 82
72 83
72 86
72 88
72 90
72 92
73 75
73 76
73 77
73 78
73 79
73 81
73 82
73 84
73 86
73 87
73 93
73 95
74 77
74 78
74 79
74 80
74 85
74 89
74 91
74 96
74 97
75 76
75 77
75 78
75 79
75 80
75 84
75 87
75 93
75 94
75 95
76 78
76 79
76 81
76 82
76 84
76 86
76 87
76 88
76 90
76 92
76 93
76 95
76 98
76 99
77 78
77 79
77 80
77 84
77 85
77 89
77 91
77 94
77 96
78 79
78 80
78 84
78 87
78 91
78 93
78 94
78 95
79 80
79 84
79 87
79 91
79 93
79 94
79 95
80 85
80 89
80 91
80 94
80 96
80 97
81 82
81 83
81 84
81 86
81 87
81 88
81 90
81 92
81 93
81 95
81 98
81 99
82 83
82 86
82 87
82 88
82 90
82 92
82 93
82 98
82 99
83 86
83 88
83 90
83 92
83 98
83 99
84 86
84 87
84 92
84 93
84 94
84 95
84 98
84 99
85 89
85 91
85 94
85 96
85 97
86 87
86 88
86 90
86 92
86 93
86 95
86 98
86 99
87 88
87 90
87 92
87 93
87 94
87 95
87 98
87 99
88 90
88 92
88 98
88 99
89 91
89 96
89 97
90 92
90 98
90 99
91 94
91 96
91 97
92 93
92 95
92 98
92 99
93 94
93 95
93 98
93 99
94 95
94 96
94 97
95 98
95 99
96 97
98 99
