0 1
0 2
0 3
0 4
0 5
0 7
0 8
0 9
0 12
0 13
0 14
0 17
0 18
0 20
0 22
0 23
0 24
0 25
0 26
0 28
0 29
0 30
0 35
0 37
0 39
1 2
1 3
1 4
1 5
1 7
1 8
1 9
1 12
1 13
1 14
1 17
1 18
1 20
1 22
1 23
1 25
1 26
1 28
1 29
1 30
1 32
1 34
1 35
1 39
1 42
2 4
2 9
2 13
2 20
2 22
2 23
2 28
2 30
2 32
2 34
2 35
2 38
2 41
2 42
2 46
3 5
3 6
3 7
3 8
3 10
3 11
3 12
3 13
3 14
3 15
3 16
3 17
3 18
3 19
3 20
3 21
3 24
3 25
3 26
3 27
3 28
3 29
3 30
3 33
3 35
3 37
3 39
3 40
3 44
4 9
4 13
4 20
4 22
4 23
4 28
4 30
4 32
4 34
4 35
4 38
4 41
4 42
4 46
5 6
5 7
5 8
5 10
5 11
5 12
5 13
5 14
5 15
5 16
5 17
5 18
5 19
5 21
5 24
5 25
5 26
5 27
5 28
5 29
5 31
5 33
5 36
5 37
5 40
5 44
6 7
6 8
6 10
6 11
6 12
6 14
6 15
6 16
6 17
6 18
6 19
6 21
6 24
6 25
6 26
6 27
6 29
6 31
6 33
6 36
6 37
6 40
6 43
6 45
7 8
7 10
7 11
7 12
7 13
7 14
7 15
7 16
7 17
7 18
7 19
7 21
7 24
7 25
7 26
7 27
7 28
7 29
7 31
7 33
7 36
7 37
7 40
7 44
7 45
7 47
8 10
8 11
8 12
8 13
8 14
8 15
8 16
8 17
8 18
8 19
8 21
8 24
8 25
8 26
8 27
8 28
8 29
8 31
8 33
8 35
8 36
8 37
8 39
8 40
8 44
8 45
8 47
9 13
9 20
9 22
9 23
9 28
9 30
9 32
9 34
9 35
9 38
9 39
9 41
9 42
9 46
9 49
10 11
10 12
10 14
10 15
10 16
10 17
10 18
10 19
10 21
10 24
10 25
10 27
10 29
10 31
10 33
10 36
10 37
10 40
10 43
10 45
10 48
11 12
11 15
11 16
11 17
11 19
11 21
11 24
11 27
11 31
11 33
11 36
11 43
11 45
11 48
12 13
12 14
12 15
12 16
12 17
12 18
12 19
12 21
12 24
12 25
12 26
12 27
12 28
12 29
12 31
12 33
12 36
12 37
12 39
12 40
12 44
12 45
12 47
13 14
13 17
13 18
13 20
13 22
13 23
13 24
13 25
13 26
13 28
13 29
13 30
13 32
13 34
13 35
13 37
13 38
13 39
13 41
13 42
13 46
13 50
13 51
14 16
14 17
14 18
14 19
14 20
14 21
14 24
14 25
14 26
14 27
14 28
14 29
14 30
14 33
14 35
14 37
14 39
14 40
14 44
14 47
15 16
15 17
15 19
15 21
15 24
15 25
15 27
15 31
15 33
15 36
15 37
15 40
15 43
15 45
15 48
15 53
15 54
16 17
16 18
16 19
16 21
16 24
16 25
16 27
16 29
16 31
16 33
16 36
16 37
16 40
16 43
16 45
16 48
16 53
16 54
16 55
17 18
17 19
17 21
17 24
17 25
17 26
17 27
17 28
17 29
17 30
17 31
17 33
17 35
17 36
17 37
17 39
17 40
17 44
17 45
17 47
17 48
18 19
18 20
18 21
18 23
18 24
18 25
18 26
18 27
18 28
18 29
18 30
18 33
18 35
18 37
18 39
18 40
18 42
18 44
18 47
19 21
19 24
19 25
19 26
19 27
19 29
19 31
19 33
19 36
19 37
19 40
19 43
19 44
19 45
19 48
19 53
19 54
19 55
20 22
20 23
20 25
20 26
20 28
20 29
20 30
20 32
20 34
20 35
20 38
20 39
20 41
20 42
20 46
20 49
20 50
20 51
20 52
21 24
21 25
21 26
21 27
21 29
21 31
21 33
21 36
21 37
21 40
21 43
21 44
21 45
21 47
21 48
21 53
21 54
21 55
22 23
22 28
22 30
22 32
22 34
22 35
22 38
22 39
22 41
22 42
22 46
22 49
22 50
22 51
22 52
23 26
23 28
23 30
23 32
23 34
23 35
23 38
23 39
23 41
23 42
23 46
23 49
23 50
23 51
23 52
23 56
23 58
24 25
24 26
24 27
24 28
24 29
24 31
24 33
24 35
24 36
24 37
24 39
24 40
24 43
24 44
24 45
24 47
24 48
24 54
24 55
25 26
25 27
25 28
25 29
25 30
25 31
25 33
25 35
25 36
25 37
25 39
25 40
25 44
25 45
25 47
25 48
26 27
26 28
26 29
26 30
26 33
26 35
26 37
26 39
26 40
26 42
26 44
26 45
26 47
26 50
26 51
26 56
26 61
27 29
27 31
27 33
27 36
27 37
27 40
27 43
27 44
27 45
27 47
27 48
27 53
27 54
27 55
27 57
28 29
28 30
28 32
28 34
28 35
28 37
28 38
28 39
28 40
28 41
28 42
28 44
28 46
28 47
28 49
28 50
28 51
28 52
28 56
28 58
28 59
29 30
29 33
29 35
29 36
29 37
29 39
29 40
29 42
29 44
29 45
29 47
29 48
29 50
29 51
29 55
29 56
29 61
30 32
30 34
30 35
30 37
30 38
30 39
30 41
30 42
30 44
30 46
30 47
30 49
30 50
30 51
30 52
30 56
30 58
30 59
30 60
30 62
30 67
31 33
31 36
31 37
31 40
31 43
31 44
31 45
31 48
31 53
31 54
31 55
31 57
31 63
31 65
32 34
32 35
32 38
32 39
32 41
32 42
32 46
32 49
32 50
32 51
32 52
32 56
32 58
32 59
32 60
32 62
32 68
32 69
33 36
33 37
33 40
33 43
33 44
33 45
33 47
33 48
33 53
33 54
33 55
33 57
33 63
33 65
34 35
34 38
34 39
34 41
34 42
34 46
34 49
34 50
34 51
34 52
34 56
34 58
34 59
34 60
34 62
34 68
34 69
35 37
35 38
35 39
35 40
35 41
35 42
35 44
35 46
35 47
35 49
35 50
35 51
35 52
35 56
35 58
35 59
35 60
35 61
35 62
35 66
35 67
35 72
36 37
36 40
36 43
36 44
36 45
36 47
36 48
36 53
36 54
36 55
36 57
36 63
36 65
37 39
37 40
37 43
37 44
37 45
37 47
37 48
37 50
37 54
37 55
37 56
37 61
37 64
37 70
37 71
38 39
38 41
38 42
38 46
38 49
38 50
38 51
38 52
38 56
38 58
38 59
38 60
38 62
38 68
38 69
38 74
39 40
39 41
39 42
39 44
39 46
39 47
39 49
39 50
39 51
39 52
39 56
39 58
39 59
39 60
39 61
39 62
39 66
39 67
39 68
39 71
39 72
39 74
40 43
40 44
40 45
40 47
40 48
40 53
40 54
40 55
40 56
40 57
40 61
40 64
40 65
40 70
40 71
40 73
40 75
41 42
41 46
41 49
41 50
41 51
41 52
41 56
41 58
41 59
41 60
41 62
41 68
41 69
41 74
42 44
42 46
42 47
42 49
42 50
42 51
42 52
42 56
42 58
42 59
42 60
42 61
42 62
42 66
42 67
42 68
42 69
42 72
42 74
43 45
43 48
43 53
43 54
43 55
43 57
43 63
43 64
43 65
43 73
43 75
43 76
44 45
44 47
44 48
44 50
44 51
44 54
44 55
44 56
44 59
44 61
44 64
44 65
44 66
44 67
44 70
44 71
44 73
44 75
45 47
45 48
45 53
45 54
45 55
45 57
45 61
45 63
45 64
45 65
45 70
45 71
45 73
45 75
45 76
46 49
46 50
46 51
46 52
46 56
46 58
46 59
46 60
46 62
46 66
46 67
46 68
46 69
46 72
46 74
46 77
46 79
47 48
47 50
47 51
47 54
47 55
47 56
47 58
47 59
47 61
47 64
47 65
47 66
47 67
47 70
47 71
47 72
47 73
47 75
47 78
47 82
48 53
48 54
48 55
48 57
48 63
48 64
48 65
48 70
48 71
48 73
48 75
48 76
48 84
49 50
49 51
49 52
49 56
49 58
49 59
49 60
49 62
49 66
49 67
49 68
49 69
49 72
49 74
49 77
49 79
49 80
49 81
50 51
50 52
50 56
50 58
50 59
50 60
50 61
50 62
50 66
50 67
50 68
50 69
50 70
50 71
50 72
50 74
50 77
50 78
50 79
50 80
50 83
50 87
51 52
51 56
51 58
51 59
51 60
51 61
51 62
51 66
51 67
51 68
51 69
51 71
51 72
51 74
51 77
51 78
51 79
51 80
51 81
51 83
51 87
52 56
52 58
52 59
52 60
52 61
52 62
52 66
52 67
52 68
52 69
52 72
52 74
52 77
52 78
52 79
52 80
52 81
52 83
52 86
53 54
53 55
53 57
53 63
53 64
53 65
53 73
53 75
53 76
53 84
53 85
53 89
54 55
54 57
54 63
54 64
54 65
54 70
54 71
54 73
54 75
54 76
54 84
54 85
54 89
54 92
55 57
55 61
55 63
55 64
55 65
55 70
55 71
55 73
55 75
55 76
55 82
55 84
55 85
55 88
55 89
55 92
56 58
56 59
56 60
56 61
56 62
56 64
56 66
56 67
56 68
56 69
56 70
56 71
56 72
56 74
56 77
56 78
56 79
56 80
56 81
56 82
56 83
56 86
56 87
56 90
56 91
56 93
56 94
57 63
57 64
57 65
57 70
57 71
57 73
57 75
57 76
57 84
57 85
57 88
57 89
57 92
58 59
58 60
58 61
58 62
58 66
58 67
58 68
58 69
58 71
58 72
58 74
58 77
58 78
58 79
58 80
58 81
58 83
58 86
58 87
58 90
58 93
58 94
59 60
59 61
59 62
59 66
59 67
59 68
59 69
59 70
59 71
59 72
59 74
59 77
59 78
59 79
59 80
59 81
59 82
59 83
59 86
59 87
59 90
59 91
59 93
59 94
60 61
60 62
60 66
60 67
60 68
60 69
60 72
60 74
60 77
60 78
60 79
60 80
60 81
60 83
60 86
60 87
60 90
60 93
60 94
61 62
61 64
61 65
61 66
61 67
61 70
61 71
61 72
61 73
61 74
61 75
61 78
61 79
61 80
61 82
61 83
61 87
61 88
61 90
61 91
61 93
61 94
61 95
62 66
62 67
62 68
62 69
62 72
62 74
62 77
62 78
62 79
62 80
62 81
62 83
62 86
62 87
62 90
62 93
62 94
63 64
63 65
63 70
63 73
63 75
63 76
63 84
63 85
63 89
63 92
64 65
64 66
64 67
64 70
64 71
64 72
64 73
64 75
64 76
64 78
64 82
64 84
64 88
64 89
64 91
64 92
64 95
64 97
64 100
65 70
65 71
65 73
65 75
65 76
65 82
65 84
65 85
65 88
65 89
65 92
65 97
65 100
66 67
66 68
66 69
66 70
66 71
66 72
66 74
66 77
66 78
66 79
66 80
66 81
66 82
66 83
66 86
66 87
66 88
66 90
66 91
66 93
66 94
66 95
66 96
66 98
66 99
67 68
67 69
67 70
67 71
67 72
67 74
67 77
67 78
67 79
67 80
67 81
67 82
67 83
67 86
67 87
67 90
67 91
67 93
67 94
67 95
67 96
67 98
67 99
68 69
68 72
68 74
68 77
68 78
68 79
68 80
68 81
68 83
68 86
68 87
68 90
68 93
68 94
68 96
68 99
69 72
69 74
69 77
69 78
69 79
69 80
69 81
69 83
69 86
69 87
69 93
69 94
70 71
70 72
70 73
70 75
70 76
70 78
70 82
70 83
70 84
70 87
70 88
70 89
70 90
70 91
70 94
70 95
70 97
70 100
71 72
71 73
71 75
71 76
71 78
71 79
71 80
71 82
71 83
71 84
71 87
71 88
71 90
71 91
71 94
71 95
71 97
71 100
72 74
72 77
72 78
72 79
72 80
72 81
72 82
72 83
72 86
72 87
72 90
72 91
72 93
72 94
72 95
72 96
72 98
72 99
73 75
73 76
73 82
73 84
73 85
73 88
73 89
73 91
73 92
73 95
73 97
73 100
74 77
74 78
74 79
74 80
74 81
74 83
74 86
74 87
74 90
74 91
74 93
74 94
74 96
74 98
74 99
75 76
75 82
75 84
75 85
75 88
75 89
75 91
75 92
75 95
75 97
75 100
76 82
76 84
76 85
76 88
76 89
76 92
76 97
76 100
77 78
77 79
77 80
77 81
77 83
77 86
77 87
77 90
77 91
77 93
77 94
77 96
77 98
77 99
78 79
78 80
78 81
78 82
78 83
78 86
78 87
78 88
78 90
78 91
78 93
78 94
78 95
78 96
78 97
78 98
78 99
79 80
79 81
79 82
79 83
79 86
79 87
79 90
79 91
79 93
79 94
79 95
79 96
79 98
79 99
80 81
80 82
80 83
80 86
80 87
80 90
80 91
80 93
80 94
80 95
80 96
80 98
80 99
81 83
81 86
81 87
81 90
81 93
81 94
81 96
81 98
81 99
82 83
82 84
82 87
82 88
82 89
82 90
82 91
82 92
82 93
82 94
82 95
82 96
82 97
82 98
82 99
82 100
83 86
83 87
83 88
83 90
83 91
83 93
83 94
83 95
83 96
83 98
83 99
84 85
84 88
84 89
84 92
84 95
84 97
84 100
85 88
85 89
85 92
85 97
85 100
86 87
86 90
86 91
86 93
86 94
86 96
86 98
86 99
87 88
87 90
87 91
87 93
87 94
87 95
87 96
87 97
87 98
87 99
88 89
88 90
88 91
88 92
88 94
88 95
88 96
88 97
88 98
88 100
89 92
89 97
89 100
90 91
90 93
90 94
90 95
90 96
90 97
90 98
90 99
91 93
91 94
91 95
91 96
91 97
91 98
91 99
91 100
92 97
92 100
93 94
93 95
93 96
93 98
93 99
94 95
94 96
94 97
94 98
94 99
95 96
95 97
95 98
95 99
95 100
96 98
96 99
97 98
97 100
98 99
