0 1
0 2
0 6
0 11
0 14
0 17
0 19
0 22
1 2
1 4
1 6
1 7
1 8
1 11
1 13
1 14
1 17
1 18
1 22
2 4
2 6
2 7
2 8
2 11
2 13
2 14
2 17
2 18
2 22
3 4
3 5
3 7
3 9
3 10
3 12
3 15
3 16
3 20
3 21
3 23
4 5
4 7
4 8
4 9
4 12
4 13
4 15
4 16
4 18
4 24
4 25
5 7
5 9
5 10
5 12
5 15
5 16
5 20
5 21
5 23
6 11
6 14
6 17
6 19
6 22
7 8
7 9
7 12
7 13
7 15
7 16
7 18
7 24
7 25
8 9
8 11
8 12
8 13
8 15
8 16
8 18
8 24
8 25
8 31
9 10
9 12
9 13
9 15
9 16
9 20
9 21
9 23
9 24
9 25
9 26
9 31
10 12
10 15
10 16
10 20
10 21
10 23
10 26
10 30
10 36
11 13
11 14
11 17
11 18
11 19
11 22
11 24
11 28
11 29
11 32
11 33
11 35
11 37
11 39
12 15
12 16
12 20
12 21
12 23
12 24
12 25
12 26
12 30
12 31
12 34
12 36
12 42
13 15
13 16
13 18
13 24
13 25
13 32
13 35
13 37
14 17
14 19
14 22
14 27
14 28
14 29
14 40
14 41
15 16
15 18
15 20
15 21
15 23
15 24
15 25
15 26
15 31
15 34
15 38
15 42
16 18
16 20
16 24
16 25
16 26
16 31
16 34
16 38
16 42
17 18
17 19
17 22
17 27
17 28
17 29
17 32
17 33
17 39
17 40
17 41
17 43
17 45
18 22
18 24
18 25
18 28
18 29
18 32
18 33
18 35
18 37
18 39
18 44
18 47
18 48
19 22
19 27
19 28
19 29
19 33
19 39
19 40
19 41
19 43
19 45
19 50
20 21
20 23
20 25
20 26
20 30
20 31
20 34
20 36
20 42
20 46
20 49
21 23
21 26
21 30
21 36
21 42
21 46
21 49
22 27
22 28
22 29
22 32
22 33
22 35
22 37
22 39
22 40
22 41
22 43
22 44
22 45
22 47
22 50
22 54
23 26
23 30
23 36
23 42
23 46
23 49
24 25
24 26
24 31
24 32
24 33
24 34
24 35
24 37
24 38
24 42
24 44
24 48
24 51
24 52
25 26
25 31
25 32
25 34
25 35
25 37
25 38
25 42
25 44
25 46
25 48
25 51
25 52
25 55
25 57
25 58
26 30
26 31
26 34
26 36
26 38
26 42
26 46
26 49
26 51
26 52
26 55
26 57
27 28
27 29
27 33
27 39
27 40
27 41
27 43
27 45
27 47
27 50
27 53
27 54
28 29
28 32
28 33
28 35
28 37
28 39
28 40
28 41
28 43
28 44
28 45
28 47
28 50
28 53
28 54
29 32
29 33
29 35
29 37
29 39
29 40
29 41
29 43
29 44
29 45
29 47
29 50
29 53
29 54
29 56
30 31
30 34
30 36
30 38
30 42
30 46
30 49
30 51
30 52
31 34
31 35
31 36
31 37
31 38
31 42
31 46
31 48
31 49
31 51
31 52
31 55
31 56
31 57
31 58
31 59
32 33
32 35
32 37
32 39
32 40
32 41
32 43
32 44
32 47
32 48
32 50
32 54
32 56
33 35
33 37
33 39
33 40
33 41
33 43
33 44
33 45
33 47
33 48
33 50
33 53
33 54
33 56
34 35
34 36
34 37
34 38
34 42
34 46
34 48
34 49
34 51
34 52
34 55
34 56
34 57
34 58
34 59
35 37
35 38
35 39
35 43
35 44
35 47
35 48
35 51
35 52
35 54
35 55
35 56
35 58
35 59
35 66
36 38
36 42
36 46
36 49
36 51
36 52
36 55
36 57
36 61
36 64
36 67
37 38
37 39
37 41
37 43
37 44
37 47
37 48
37 54
37 56
37 59
38 42
38 44
38 46
38 48
38 49
38 51
38 52
38 55
38 56
38 57
38 58
38 59
38 61
39 40
39 41
39 43
39 44
39 45
39 47
39 50
39 53
39 54
39 56
39 60
39 62
39 63
40 41
40 43
40 45
40 47
40 50
40 53
40 54
40 60
40 62
40 63
40 65
41 43
41 44
41 45
41 47
41 50
41 53
41 54
41 60
41 62
41 63
41 65
42 46
42 48
42 49
42 51
42 52
42 55
42 57
42 58
42 61
43 44
43 45
43 47
43 50
43 53
43 54
43 56
43 60
43 62
43 63
43 65
44 47
44 48
44 50
44 54
44 56
44 59
44 66
44 68
45 47
45 50
45 53
45 54
45 60
45 62
45 63
45 65
46 48
46 49
46 51
46 52
46 55
46 57
46 58
46 61
46 64
46 67
46 69
46 70
47 48
47 50
47 53
47 54
47 56
47 60
47 62
47 63
48 51
48 52
48 55
48 56
48 57
48 58
48 59
48 66
48 68
48 69
48 71
49 51
49 52
49 55
49 57
49 58
49 61
49 64
49 67
49 69
49 70
50 53
50 54
50 60
50 62
50 63
50 65
50 72
51 52
51 55
51 56
51 57
51 58
51 59
51 61
51 66
51 68
51 69
51 70
51 71
52 55
52 56
52 57
52 58
52 59
52 61
52 66
52 68
52 69
52 70
52 71
53 54
53 60
53 62
53 63
53 65
53 72
53 77
54 56
54 60
54 62
54 63
54 65
54 72
54 78
55 56
55 57
55 58
55 59
55 61
55 66
55 68
55 69
55 70
55 71
55 75
55 76
55 79
56 57
56 58
56 59
56 66
56 68
56 71
56 73
56 75
56 84
56 85
57 58
57 59
57 61
57 66
57 68
57 69
57 70
57 71
57 74
57 75
57 76
57 79
58 59
58 61
58 66
58 68
58 69
58 70
58 71
58 73
58 75
58 76
58 79
59 61
59 66
59 68
59 69
59 71
59 73
59 75
59 76
59 79
59 84
59 85
59 86
59 87
60 62
60 63
60 65
60 72
60 77
60 78
60 81
60 82
60 83
61 64
61 67
61 69
61 70
61 71
61 74
61 75
61 76
61 79
61 80
61 89
61 90
62 63
62 65
62 72
62 77
62 78
62 81
62 82
62 83
63 65
63 72
63 77
63 78
63 81
63 82
63 83
64 67
64 70
64 74
64 80
65 72
65 77
65 78
65 81
65 82
65 83
66 68
66 69
66 71
66 73
66 75
66 76
66 79
66 82
66 84
66 85
66 86
66 87
66 91
66 92
66 97
67 69
67 70
67 74
67 80
67 89
67 95
68 69
68 71
68 73
68 75
68 76
68 79
68 82
68 84
68 85
68 86
68 87
68 91
68 92
68 97
69 70
69 71
69 73
69 74
69 75
69 76
69 79
69 84
69 86
69 87
69 89
69 90
69 91
69 92
69 97
69 98
70 71
70 74
70 75
70 76
70 79
70 80
70 89
70 90
70 95
71 73
71 74
71 75
71 76
71 79
71 84
71 85
71 86
71 87
71 89
71 90
71 91
71 92
71 97
71 98
72 73
72 77
72 78
72 81
72 82
72 83
72 84
72 85
72 88
72 93
72 94
72 96
72 99
73 75
73 76
73 78
73 79
73 82
73 83
73 84
73 85
73 86
73 87
73 88
73 91
73 92
73 93
73 96
73 97
73 99
74 75
74 76
74 79
74 80
74 87
74 89
74 90
74 91
74 92
74 95
74 98
75 76
75 79
75 84
75 85
75 86
75 87
75 89
75 90
75 91
75 92
75 97
75 98
76 79
76 84
76 85
76 86
76 87
76 89
76 90
76 91
76 92
76 95
76 97
76 98
77 78
77 81
77 82
77 83
77 88
77 93
77 94
77 96
77 99
78 81
78 82
78 83
78 85
78 88
78 93
78 94
78 96
78 99
79 84
79 85
79 86
79 87
79 89
79 90
79 91
79 92
79 95
79 97
79 98
80 89
80 90
80 95
81 82
81 83
81 88
81 93
81 94
81 96
81 99
82 83
82 84
82 85
82 86
82 88
82 93
82 94
82 96
82 99
83 84
83 85
83 88
83 93
83 94
83 96
83 99
84 85
84 86
84 87
84 88
84 91
84 92
84 93
84 96
84 97
84 98
84 99
85 86
85 87
85 88
85 91
85 92
85 93
85 94
85 96
85 97
85 98
85 99
86 87
86 88
86 89
86 90
86 91
86 92
86 93
86 97
86 98
86 99
87 89
87 90
87 91
87 92
87 97
87 98
88 93
88 94
88 96
88 99
89 90
89 91
89 92
89 95
89 97
89 98
90 91
90 92
90 95
90 97
90 98
91 92
91 97
91 98
92 95
92 97
92 98
93 94
93 96
93 97
93 99
94 96
94 99
95 98
96 99
97 98
