0 1
0 2
0 3
0 4
0 5
0 6
0 7
0 8
0 9
0 10
0 11
0 12
0 13
0 14
0 15
0 16
0 17
0 18
0 19
0 20
0 22
0 23
0 24
0 25
0 27
0 28
0 29
0 30
0 33
1 4
1 5
1 7
1 8
1 10
1 13
1 15
1 17
1 18
1 21
1 23
1 26
1 27
1 32
1 35
1 36
1 37
2 3
2 4
2 5
2 6
2 7
2 9
2 11
2 12
2 14
2 16
2 19
2 20
2 22
2 25
2 31
2 33
2 34
3 4
3 6
3 9
3 11
3 12
3 14
3 16
3 19
3 20
3 22
3 25
3 31
3 34
4 5
4 6
4 7
4 8
4 9
4 10
4 11
4 12
4 14
4 15
4 16
4 17
4 18
4 19
4 20
4 22
4 23
4 24
4 25
4 27
4 28
4 29
4 30
4 33
5 6
5 7
5 8
5 9
5 10
5 11
5 12
5 13
5 14
5 15
5 16
5 17
5 18
5 19
5 20
5 22
5 23
5 24
5 25
5 27
5 28
5 29
5 30
5 32
5 33
5 39
6 7
6 9
6 10
6 11
6 12
6 14
6 16
6 19
6 20
6 22
6 24
6 25
6 27
6 28
6 29
6 30
6 31
6 33
7 8
7 9
7 10
7 11
7 12
7 13
7 14
7 15
7 17
7 18
7 19
7 20
7 23
7 24
7 25
7 27
7 28
7 29
7 30
7 32
7 33
7 38
7 39
7 40
8 10
8 13
8 15
8 17
8 18
8 21
8 23
8 24
8 26
8 27
8 28
8 29
8 32
8 35
8 36
8 37
8 38
9 10
9 11
9 12
9 14
9 16
9 17
9 19
9 20
9 22
9 23
9 24
9 25
9 27
9 28
9 29
9 30
9 33
9 38
9 39
9 40
9 42
9 43
9 44
10 12
10 13
10 15
10 17
10 18
10 19
10 20
10 21
10 23
10 24
10 26
10 27
10 28
10 29
10 30
10 32
10 33
10 35
10 36
10 37
10 38
10 39
10 40
10 43
11 12
11 14
11 16
11 19
11 20
11 22
11 24
11 25
11 30
11 31
11 33
11 34
12 14
12 16
12 17
12 19
12 20
12 22
12 23
12 24
12 25
12 27
12 28
12 29
12 30
12 31
12 33
12 38
12 39
12 40
12 42
12 43
12 44
13 15
13 17
13 18
13 21
13 23
13 24
13 26
13 27
13 28
13 29
13 32
13 35
13 36
13 37
13 38
13 41
13 45
13 46
14 16
14 19
14 20
14 22
14 24
14 25
14 29
14 30
14 31
14 33
14 34
14 44
15 17
15 18
15 21
15 23
15 24
15 26
15 27
15 28
15 29
15 32
15 35
15 36
15 37
15 38
15 39
15 41
15 45
15 46
16 19
16 20
16 22
16 24
16 25
16 30
16 31
16 33
16 34
16 44
16 47
17 18
17 19
17 20
17 21
17 23
17 24
17 26
17 27
17 28
17 29
17 30
17 32
17 33
17 35
17 36
17 37
17 38
17 39
17 40
17 41
17 42
17 43
17 45
17 46
17 50
17 52
17 54
18 20
18 21
18 23
18 24
18 26
18 27
18 28
18 29
18 32
18 35
18 36
18 37
18 38
18 39
18 40
18 41
18 45
18 46
18 52
19 20
19 22
19 23
19 24
19 25
19 27
19 28
19 29
19 30
19 31
19 33
19 34
19 38
19 39
19 40
19 42
19 43
19 44
19 47
19 49
20 22
20 23
20 24
20 25
20 27
20 28
20 29
20 30
20 31
20 32
20 33
20 38
20 39
20 40
20 42
20 43
20 44
20 49
20 50
21 23
21 26
21 27
21 28
21 32
21 35
21 36
21 37
21 38
21 41
21 45
21 46
21 48
21 51
21 52
22 24
22 25
22 29
22 30
22 31
22 33
22 34
22 42
22 44
22 47
22 49
22 53
22 55
23 24
23 26
23 27
23 28
23 29
23 30
23 32
23 33
23 35
23 36
23 37
23 38
23 39
23 40
23 41
23 42
23 43
23 44
23 45
23 46
23 50
23 52
23 54
23 57
24 25
24 27
24 28
24 29
24 30
24 32
24 33
24 35
24 37
24 38
24 39
24 40
24 42
24 43
24 44
24 49
24 50
24 54
24 56
24 58
25 27
25 28
25 29
25 30
25 31
25 33
25 34
25 39
25 40
25 42
25 43
25 44
25 47
25 49
25 53
25 55
25 56
26 27
26 28
26 29
26 32
26 35
26 36
26 37
26 38
26 39
26 41
26 45
26 46
26 48
26 51
26 52
26 54
26 57
27 28
27 29
27 30
27 32
27 33
27 35
27 36
27 37
27 38
27 39
27 40
27 41
27 42
27 43
27 44
27 45
27 46
27 50
27 52
27 54
27 57
28 29
28 30
28 32
28 33
28 35
28 36
28 37
28 38
28 39
28 40
28 41
28 42
28 43
28 44
28 45
28 46
28 49
28 50
28 52
28 54
28 56
28 57
28 58
28 61
29 30
29 32
29 33
29 35
29 36
29 37
29 38
29 39
29 40
29 42
29 43
29 44
29 46
29 49
29 50
29 52
29 53
29 54
29 56
29 57
29 58
29 60
29 61
30 31
30 32
30 33
30 37
30 38
30 39
30 40
30 42
30 43
30 44
30 47
30 49
30 50
30 53
30 54
30 56
30 58
30 60
31 33
31 34
31 44
31 47
31 49
31 53
31 55
31 59
32 35
32 36
32 37
32 38
32 39
32 40
32 41
32 42
32 43
32 44
32 45
32 46
32 48
32 50
32 51
32 52
32 54
32 57
32 61
32 62
33 34
33 38
33 39
33 40
33 42
33 43
33 44
33 47
33 49
33 50
33 53
33 55
33 56
33 58
33 59
33 60
34 44
34 47
34 49
34 53
34 55
34 59
34 63
35 36
35 37
35 38
35 39
35 40
35 41
35 43
35 45
35 46
35 48
35 50
35 51
35 52
35 54
35 57
35 61
35 62
36 37
36 38
36 39
36 40
36 41
36 43
36 45
36 46
36 48
36 50
36 51
36 52
36 54
36 57
36 61
36 62
36 64
36 72
37 38
37 39
37 40
37 41
37 42
37 43
37 45
37 46
37 48
37 50
37 51
37 52
37 54
37 57
37 61
37 62
37 64
37 70
38 39
38 40
38 41
38 42
38 43
38 44
38 45
38 46
38 48
38 49
38 50
38 51
38 52
38 54
38 56
38 57
38 58
38 60
38 61
38 62
38 66
38 67
38 68
38 70
39 40
39 41
39 42
39 43
39 44
39 45
39 46
39 49
39 50
39 51
39 52
39 53
39 54
39 56
39 57
39 58
39 60
39 61
39 62
39 65
39 66
39 67
39 68
39 74
40 42
40 43
40 44
40 46
40 47
40 49
40 50
40 52
40 53
40 54
40 56
40 57
40 58
40 60
40 61
40 62
40 65
40 66
40 67
40 68
40 71
40 73
40 74
40 77
40 78
41 45
41 46
41 48
41 50
41 51
41 52
41 54
41 57
41 61
41 62
41 64
41 70
41 72
41 86
42 43
42 44
42 47
42 49
42 50
42 52
42 53
42 54
42 56
42 57
42 58
42 59
42 60
42 61
42 62
42 65
42 66
42 67
42 68
42 69
42 71
42 73
42 74
42 77
42 78
42 79
42 80
43 44
43 46
43 47
43 49
43 50
43 52
43 53
43 54
43 56
43 57
43 58
43 60
43 61
43 62
43 65
43 66
43 67
43 68
43 70
43 71
43 73
43 74
43 77
43 78
43 80
43 82
43 87
44 47
44 49
44 50
44 52
44 53
44 54
44 55
44 56
44 58
44 59
44 60
44 61
44 65
44 66
44 67
44 68
44 69
44 71
44 73
44 74
44 77
44 78
44 79
44 80
44 81
44 84
45 46
45 48
45 50
45 51
45 52
45 54
45 57
45 61
45 62
45 64
45 70
45 72
45 86
46 48
46 50
46 51
46 52
46 54
46 57
46 61
46 62
46 64
46 68
46 70
46 72
46 85
46 86
47 49
47 53
47 55
47 56
47 58
47 59
47 60
47 63
47 65
47 66
47 67
47 69
47 71
47 73
47 75
47 76
47 77
47 79
47 80
47 81
47 83
47 84
47 88
47 94
48 51
48 52
48 54
48 57
48 61
48 62
48 64
48 70
48 72
48 85
48 86
49 50
49 53
49 55
49 56
49 58
49 59
49 60
49 63
49 65
49 66
49 67
49 68
49 69
49 71
49 73
49 74
49 75
49 76
49 77
49 78
49 79
49 80
49 81
49 83
49 84
49 88
49 90
49 92
49 93
50 51
50 52
50 53
50 54
50 56
50 57
50 58
50 60
50 61
50 62
50 65
50 66
50 67
50 68
50 70
50 71
50 73
50 74
50 77
50 78
50 79
50 80
50 82
50 85
50 87
50 89
50 90
50 91
50 92
50 96
51 52
51 54
51 57
51 61
51 62
51 64
51 68
51 70
51 72
51 85
51 86
52 54
52 56
52 57
52 58
52 60
52 61
52 62
52 64
52 65
52 66
52 67
52 68
52 70
52 72
52 74
52 78
52 82
52 85
52 86
52 87
52 89
52 91
52 95
52 97
53 55
53 56
53 58
53 59
53 60
53 63
53 65
53 66
53 67
53 69
53 71
53 73
53 74
53 75
53 76
53 77
53 78
53 79
53 80
53 81
53 83
53 84
53 88
53 90
53 93
53 94
54 56
54 57
54 58
54 60
54 61
54 62
54 64
54 65
54 66
54 67
54 68
54 70
54 71
54 72
54 73
54 74
54 77
54 78
54 80
54 82
54 85
54 86
54 87
54 89
54 91
54 92
54 95
54 96
54 97
55 56
55 58
55 59
55 60
55 63
55 65
55 69
55 71
55 73
55 75
55 76
55 79
55 81
55 83
55 84
55 88
55 94
56 57
56 58
56 59
56 60
56 61
56 63
56 65
56 66
56 67
56 68
56 69
56 71
56 73
56 74
56 75
56 76
56 77
56 78
56 79
56 80
56 81
56 82
56 83
56 84
56 87
56 88
56 90
56 91
56 92
56 93
56 96
56 98
56 99
57 58
57 60
57 61
57 62
57 64
57 65
57 66
57 67
57 68
57 70
57 72
57 74
57 77
57 78
57 82
57 85
57 86
57 87
57 89
57 91
57 95
57 96
57 97
58 59
58 60
58 61
58 62
58 63
58 65
58 66
58 67
58 68
58 69
58 70
58 71
58 73
58 74
58 76
58 77
58 78
58 79
58 80
58 81
58 82
58 83
58 84
58 87
58 88
58 89
58 90
58 91
58 92
58 93
58 96
58 98
58 99
59 60
59 63
59 65
59 66
59 67
59 69
59 71
59 73
59 75
59 76
59 77
59 79
59 80
59 81
59 83
59 84
59 88
59 90
59 93
59 94
59 99
60 61
60 62
60 63
60 65
60 66
60 67
60 68
60 69
60 70
60 71
60 73
60 74
60 75
60 76
60 77
60 78
60 79
60 80
60 81
60 82
60 83
60 84
60 87
60 88
60 89
60 90
60 91
60 92
60 93
60 94
60 96
60 98
60 99
61 62
61 64
61 65
61 66
61 67
61 68
61 70
61 71
61 72
61 73
61 74
61 77
61 78
61 79
61 80
61 82
61 85
61 86
61 87
61 89
61 90
61 91
61 92
61 93
61 95
61 96
61 97
61 98
62 64
62 65
62 66
62 67
62 68
62 70
62 71
62 72
62 73
62 74
62 77
62 78
62 80
62 82
62 85
62 86
62 87
62 89
62 90
62 91
62 92
62 95
62 96
62 97
62 100
63 65
63 69
63 71
63 73
63 75
63 76
63 77
63 79
63 80
63 81
63 83
63 84
63 88
63 93
63 94
63 99
64 68
64 70
64 72
64 82
64 85
64 86
64 87
64 89
64 95
64 97
64 100
65 66
65 67
65 68
65 69
65 70
65 71
65 73
65 74
65 75
65 76
65 77
65 78
65 79
65 80
65 81
65 82
65 83
65 84
65 87
65 88
65 89
65 90
65 91
65 92
65 93
65 94
65 95
65 96
65 98
65 99
66 67
66 68
66 69
66 70
66 71
66 73
66 74
66 76
66 77
66 78
66 79
66 80
66 81
66 82
66 83
66 84
66 85
66 87
66 88
66 89
66 90
66 91
66 92
66 93
66 95
66 96
66 97
66 98
66 99
67 68
67 69
67 70
67 71
67 73
67 74
67 77
67 78
67 79
67 80
67 81
67 82
67 83
67 84
67 85
67 87
67 88
67 89
67 90
67 91
67 92
67 93
67 95
67 96
67 97
67 98
67 99
68 69
68 70
68 71
68 72
68 73
68 74
68 77
68 78
68 79
68 80
68 81
68 82
68 84
68 85
68 86
68 87
68 89
68 90
68 91
68 92
68 93
68 95
68 96
68 97
68 98
68 99
69 71
69 73
69 74
69 75
69 76
69 77
69 78
69 79
69 80
69 81
69 83
69 84
69 88
69 90
69 92
69 93
69 94
69 96
69 98
69 99
70 71
70 72
70 73
70 74
70 77
70 78
70 80
70 82
70 85
70 86
70 87
70 89
70 90
70 91
70 92
70 95
70 96
70 97
70 100
71 73
71 74
71 75
71 76
71 77
71 78
71 79
71 80
71 81
71 82
71 83
71 84
71 87
71 88
71 89
71 90
71 91
71 92
71 93
71 94
71 95
71 96
71 98
71 99
72 82
72 85
72 86
72 87
72 89
72 91
72 95
72 97
72 100
73 74
73 75
73 76
73 77
73 78
73 79
73 80
73 81
73 82
73 83
73 84
73 87
73 88
73 89
73 90
73 91
73 92
73 93
73 94
73 95
73 96
73 98
73 99
74 77
74 78
74 79
74 80
74 81
74 82
74 83
74 84
74 85
74 87
74 88
74 89
74 90
74 91
74 92
74 93
74 95
74 96
74 97
74 98
74 99
75 76
75 77
75 79
75 80
75 81
75 83
75 84
75 88
75 93
75 94
75 98
75 99
76 77
76 79
76 80
76 81
76 83
76 84
76 88
76 90
76 92
76 93
76 94
76 98
76 99
77 78
77 79
77 80
77 81
77 82
77 83
77 84
77 85
77 87
77 88
77 89
77 90
77 91
77 92
77 93
77 94
77 95
77 96
77 97
77 98
77 99
78 79
78 80
78 81
78 82
78 83
78 84
78 85
78 87
78 88
78 89
78 90
78 91
78 92
78 93
78 95
78 96
78 97
78 98
78 99
79 80
79 81
79 82
79 83
79 84
79 87
79 88
79 89
79 90
79 91
79 92
79 93
79 94
79 96
79 98
79 99
80 81
80 82
80 83
80 84
80 85
80 87
80 88
80 89
80 90
80 91
80 92
80 93
80 94
80 95
80 96
80 97
80 98
80 99
81 82
81 83
81 84
81 87
81 88
81 90
81 91
81 92
81 93
81 94
81 96
81 98
81 99
82 84
82 85
82 86
82 87
82 89
82 90
82 91
82 92
82 93
82 95
82 96
82 97
82 98
82 99
82 100
83 84
83 88
83 90
83 92
83 93
83 94
83 96
83 98
83 99
84 87
84 88
84 90
84 91
84 92
84 93
84 94
84 96
84 98
84 99
85 86
85 87
85 89
85 90
85 91
85 92
85 95
85 96
85 97
85 100
86 87
86 89
86 91
86 95
86 97
86 100
87 89
87 90
87 91
87 92
87 93
87 95
87 96
87 97
87 98
87 99
88 90
88 91
88 92
88 93
88 94
88 96
88 98
88 99
89 90
89 91
89 92
89 93
89 95
89 96
89 97
89 98
89 99
89 100
90 91
90 92
90 93
90 94
90 95
90 96
90 97
90 98
90 99
91 92
91 93
91 95
91 96
91 97
91 98
91 99
92 93
92 94
92 95
92 96
92 97
92 98
92 99
93 94
93 95
93 96
93 97
93 98
93 99
94 98
94 99
95 96
95 97
95 98
95 100
96 97
96 98
96 99
97 98
97 100
98 99
