0 1
0 2
0 3
0 5
0 6
0 7
0 8
0 9
0 10
0 11
0 12
0 15
0 18
0 20
0 22
0 23
0 24
0 25
0 27
0 28
0 29
0 30
0 31
0 32
1 2
1 3
1 7
1 8
1 9
1 12
1 15
1 20
1 23
1 24
1 27
1 28
1 30
2 3
2 5
2 7
2 8
2 9
2 12
2 15
2 18
2 20
2 23
2 24
2 27
2 28
2 30
2 31
2 32
2 39
3 7
3 8
3 9
3 12
3 15
3 20
3 23
3 24
3 27
3 28
3 30
3 31
3 32
3 39
4 5
4 6
4 7
4 10
4 11
4 13
4 14
4 16
4 17
4 18
4 19
4 21
4 22
4 25
4 26
4 29
4 33
4 35
4 36
4 37
4 38
4 40
5 6
5 7
5 8
5 9
5 10
5 11
5 12
5 13
5 14
5 15
5 18
5 19
5 20
5 21
5 22
5 23
5 24
5 25
5 26
5 28
5 29
5 31
5 32
5 33
5 34
5 35
5 40
5 41
6 7
6 8
6 9
6 10
6 11
6 12
6 13
6 14
6 15
6 17
6 18
6 19
6 21
6 22
6 23
6 25
6 26
6 28
6 29
6 31
6 32
6 33
6 34
6 35
6 40
6 41
6 43
6 44
7 8
7 9
7 10
7 11
7 12
7 13
7 14
7 15
7 18
7 19
7 20
7 21
7 22
7 23
7 24
7 25
7 26
7 28
7 29
7 30
7 31
7 32
7 33
7 34
7 35
7 40
7 41
7 47
8 9
8 10
8 11
8 12
8 15
8 18
8 20
8 21
8 22
8 23
8 24
8 25
8 27
8 28
8 29
8 30
8 31
8 32
8 33
8 34
8 35
8 39
8 41
8 47
9 10
9 11
9 12
9 15
9 18
9 20
9 22
9 23
9 24
9 25
9 27
9 28
9 29
9 30
9 31
9 32
9 34
9 39
9 42
9 47
10 11
10 12
10 13
10 14
10 15
10 17
10 18
10 19
10 21
10 22
10 23
10 25
10 26
10 28
10 29
10 31
10 32
10 33
10 34
10 35
10 36
10 40
10 41
10 43
10 44
10 45
11 13
11 14
11 15
11 17
11 18
11 19
11 21
11 22
11 23
11 25
11 26
11 28
11 29
11 31
11 32
11 33
11 34
11 35
11 36
11 38
11 40
11 41
11 43
11 44
11 45
12 15
12 18
12 20
12 22
12 23
12 24
12 25
12 27
12 28
12 29
12 30
12 31
12 32
12 34
12 39
12 42
12 46
12 47
12 48
12 49
13 14
13 16
13 17
13 18
13 19
13 21
13 22
13 25
13 26
13 29
13 33
13 35
13 36
13 37
13 38
13 40
13 43
13 44
13 45
14 16
14 17
14 18
14 19
14 21
14 22
14 25
14 26
14 29
14 33
14 34
14 35
14 36
14 37
14 38
14 40
14 43
14 44
14 45
15 18
15 20
15 22
15 23
15 24
15 25
15 27
15 28
15 29
15 30
15 31
15 32
15 34
15 39
15 41
15 42
15 46
15 47
15 48
15 49
15 50
16 17
16 19
16 21
16 26
16 36
16 37
16 38
17 18
17 19
17 21
17 22
17 25
17 26
17 29
17 33
17 35
17 36
17 37
17 38
17 40
17 43
17 45
18 19
18 20
18 21
18 22
18 23
18 24
18 25
18 26
18 28
18 29
18 31
18 32
18 33
18 34
18 35
18 40
18 41
18 43
18 44
18 45
18 47
19 21
19 22
19 25
19 26
19 29
19 33
19 34
19 35
19 36
19 37
19 38
19 40
19 41
19 43
19 44
19 45
19 51
20 23
20 24
20 27
20 28
20 30
20 31
20 32
20 39
20 42
20 46
20 47
20 48
20 49
20 50
20 52
20 53
21 22
21 23
21 25
21 26
21 28
21 29
21 33
21 34
21 35
21 36
21 37
21 38
21 40
21 41
21 43
21 44
21 45
21 51
22 23
22 25
22 26
22 28
22 29
22 31
22 32
22 33
22 34
22 35
22 36
22 38
22 40
22 41
22 43
22 44
22 45
22 47
22 55
23 24
23 25
23 27
23 28
23 29
23 30
23 31
23 32
23 33
23 34
23 35
23 39
23 40
23 41
23 42
23 43
23 44
23 47
23 48
23 49
23 50
23 52
23 53
24 27
24 28
24 30
24 31
24 32
24 34
24 39
24 42
24 46
24 47
24 48
24 49
24 50
24 52
24 53
25 26
25 28
25 29
25 31
25 32
25 33
25 34
25 35
25 36
25 38
25 40
25 41
25 43
25 44
25 45
25 47
25 51
25 55
25 56
25 57
25 58
25 59
26 29
26 33
26 34
26 35
26 36
26 37
26 38
26 40
26 41
26 43
26 44
26 45
26 51
26 54
26 56
26 58
27 28
27 30
27 31
27 32
27 39
27 42
27 46
27 47
27 48
27 49
27 50
27 52
27 53
27 62
28 29
28 30
28 31
28 32
28 33
28 34
28 35
28 39
28 40
28 41
28 42
28 43
28 44
28 46
28 47
28 48
28 49
28 50
28 52
28 53
28 63
29 31
29 32
29 33
29 34
29 35
29 36
29 38
29 40
29 41
29 43
29 44
29 45
29 47
29 50
29 51
29 55
29 56
29 57
29 58
29 59
29 61
29 63
30 31
30 32
30 34
30 39
30 42
30 46
30 47
30 48
30 49
30 50
30 52
30 53
30 62
30 64
30 66
31 32
31 33
31 34
31 35
31 39
31 40
31 41
31 42
31 43
31 44
31 46
31 47
31 48
31 49
31 50
31 52
31 53
31 55
31 57
31 59
31 61
31 62
31 63
31 64
31 65
31 66
32 33
32 34
32 35
32 39
32 40
32 41
32 42
32 43
32 44
32 46
32 47
32 48
32 49
32 50
32 52
32 53
32 55
32 57
32 59
32 61
32 62
32 63
32 64
32 65
32 66
33 34
33 35
33 36
33 37
33 38
33 40
33 41
33 43
33 44
33 45
33 47
33 50
33 51
33 54
33 55
33 56
33 57
33 58
33 59
33 61
33 63
33 65
33 67
33 68
33 70
33 72
33 74
34 35
34 36
34 38
34 39
34 40
34 41
34 43
34 44
34 45
34 47
34 48
34 49
34 50
34 51
34 52
34 53
34 55
34 56
34 57
34 58
34 59
34 61
34 63
34 64
34 65
34 67
34 70
34 74
34 75
35 36
35 37
35 38
35 40
35 41
35 43
35 44
35 45
35 47
35 50
35 51
35 54
35 55
35 56
35 57
35 58
35 59
35 61
35 63
35 65
35 67
35 68
35 70
35 72
35 74
36 37
36 38
36 40
36 41
36 43
36 44
36 45
36 51
36 54
36 55
36 56
36 57
36 58
36 59
36 60
36 61
36 67
36 68
36 69
36 70
36 71
36 72
37 38
37 40
37 43
37 44
37 45
37 51
37 54
37 55
37 56
37 57
37 58
37 60
37 67
37 68
37 69
37 70
37 71
37 72
37 76
38 40
38 41
38 43
38 44
38 45
38 51
38 54
38 55
38 56
38 57
38 58
38 59
38 60
38 61
38 67
38 68
38 69
38 70
38 71
38 72
38 76
38 77
39 41
39 42
39 46
39 47
39 48
39 49
39 50
39 52
39 53
39 62
39 63
39 64
39 65
39 66
39 73
40 41
40 43
40 44
40 45
40 47
40 50
40 51
40 54
40 55
40 56
40 57
40 58
40 59
40 61
40 63
40 65
40 67
40 68
40 70
40 72
40 74
41 43
41 44
41 45
41 47
41 48
41 49
41 50
41 51
41 52
41 53
41 55
41 56
41 57
41 58
41 59
41 61
41 63
41 64
41 65
41 67
41 68
41 70
41 72
41 73
41 74
41 75
42 46
42 47
42 48
42 49
42 50
42 52
42 53
42 62
42 63
42 64
42 65
42 66
42 73
42 78
43 44
43 45
43 47
43 50
43 51
43 54
43 55
43 56
43 57
43 58
43 59
43 61
43 63
43 65
43 67
43 68
43 69
43 70
43 72
43 74
43 75
43 77
43 79
44 45
44 47
44 50
44 51
44 54
44 55
44 56
44 57
44 58
44 59
44 61
44 63
44 64
44 65
44 67
44 68
44 70
44 72
44 74
44 75
44 79
45 47
45 51
45 54
45 55
45 56
45 57
45 58
45 59
45 60
45 61
45 63
45 65
45 67
45 68
45 69
45 70
45 71
45 72
45 74
45 77
45 79
45 80
46 47
46 48
46 49
46 50
46 52
46 53
46 62
46 64
46 65
46 66
46 73
46 78
46 83
46 84
47 48
47 49
47 50
47 52
47 53
47 55
47 56
47 57
47 58
47 59
47 61
47 62
47 63
47 64
47 65
47 66
47 70
47 73
47 74
47 75
47 78
47 81
47 82
48 49
48 50
48 52
48 53
48 62
48 63
48 64
48 65
48 66
48 73
48 75
48 78
48 81
48 82
48 83
48 84
49 50
49 52
49 53
49 55
49 59
49 61
49 62
49 63
49 64
49 65
49 66
49 73
49 75
49 78
49 81
49 82
49 83
49 84
50 52
50 53
50 55
50 57
50 59
50 61
50 62
50 63
50 64
50 65
50 66
50 73
50 74
50 75
50 78
50 81
50 82
50 84
50 85
51 54
51 55
51 56
51 57
51 58
51 59
51 60
51 61
51 63
51 65
51 67
51 68
51 69
51 70
51 71
51 72
51 74
51 76
51 77
51 79
51 80
51 92
52 53
52 62
52 63
52 64
52 65
52 66
52 73
52 75
52 78
52 81
52 82
52 83
52 84
52 86
53 55
53 59
53 61
53 62
53 63
53 64
53 65
53 66
53 73
53 75
53 78
53 81
53 82
53 83
53 84
53 85
53 86
54 55
54 56
54 57
54 58
54 59
54 60
54 61
54 67
54 68
54 69
54 70
54 71
54 72
54 74
54 76
54 77
54 79
54 80
54 87
54 94
55 56
55 57
55 58
55 59
55 61
55 63
55 64
55 65
55 67
55 68
55 70
55 72
55 73
55 74
55 75
55 77
55 79
55 80
55 85
55 88
55 89
55 91
55 92
55 93
56 57
56 58
56 59
56 60
56 61
56 63
56 65
56 67
56 68
56 69
56 70
56 71
56 72
56 74
56 75
56 76
56 77
56 79
56 80
56 88
56 92
56 93
57 58
57 59
57 61
57 63
57 64
57 65
57 67
57 68
57 69
57 70
57 71
57 72
57 73
57 74
57 75
57 77
57 79
57 80
57 88
57 89
57 91
57 92
57 93
58 59
58 60
58 61
58 63
58 65
58 67
58 68
58 69
58 70
58 71
58 72
58 73
58 74
58 75
58 76
58 77
58 79
58 80
58 88
58 91
58 92
58 93
59 61
59 63
59 64
59 65
59 67
59 68
59 70
59 72
59 73
59 74
59 75
59 77
59 79
59 80
59 85
59 88
59 89
59 90
59 91
59 92
59 93
59 95
59 100
60 67
60 68
60 69
60 70
60 71
60 72
60 76
60 77
60 79
60 80
60 87
60 94
60 99
61 63
61 64
61 65
61 67
61 68
61 70
61 72
61 73
61 74
61 75
61 77
61 78
61 79
61 80
61 85
61 88
61 89
61 90
61 91
61 92
61 93
61 95
61 100
62 63
62 64
62 65
62 66
62 73
62 75
62 78
62 81
62 82
62 83
62 84
62 85
62 86
62 90
62 96
62 98
63 64
63 65
63 66
63 67
63 68
63 70
63 72
63 73
63 74
63 75
63 78
63 81
63 82
63 85
63 88
63 89
63 90
63 91
63 93
63 95
63 97
63 98
63 100
64 65
64 66
64 73
64 74
64 75
64 78
64 81
64 82
64 83
64 84
64 85
64 86
64 89
64 90
64 91
64 95
64 96
64 97
64 98
65 66
65 67
65 70
65 72
65 73
65 74
65 75
65 78
65 81
65 82
65 84
65 85
65 88
65 89
65 90
65 91
65 93
65 95
65 97
65 98
65 100
66 73
66 75
66 78
66 81
66 82
66 83
66 84
66 85
66 86
66 90
66 96
66 97
66 98
67 68
67 69
67 70
67 71
67 72
67 74
67 75
67 76
67 77
67 79
67 80
67 87
67 88
67 91
67 92
67 93
67 94
67 99
68 69
68 70
68 71
68 72
68 74
68 76
68 77
68 79
68 80
68 87
68 88
68 92
68 93
68 94
68 99
69 70
69 71
69 72
69 74
69 76
69 77
69 79
69 80
69 87
69 92
69 94
69 99
70 71
70 72
70 73
70 74
70 75
70 76
70 77
70 79
70 80
70 85
70 87
70 88
70 89
70 90
70 91
70 92
70 93
70 95
70 99
70 100
71 72
71 74
71 76
71 77
71 79
71 80
71 87
71 92
71 94
71 99
72 74
72 75
72 76
72 77
72 79
72 80
72 87
72 88
72 89
72 91
72 92
72 93
72 94
72 95
72 99
72 100
73 74
73 75
73 78
73 81
73 82
73 83
73 84
73 85
73 86
73 88
73 89
73 90
73 91
73 93
73 95
73 96
73 97
73 98
73 100
74 75
74 77
74 78
74 79
74 80
74 81
74 82
74 85
74 87
74 88
74 89
74 90
74 91
74 92
74 93
74 95
74 97
74 98
74 99
74 100
75 78
75 81
75 82
75 83
75 84
75 85
75 86
75 88
75 89
75 90
75 91
75 92
75 93
75 95
75 97
75 98
75 100
76 77
76 79
76 80
76 87
76 92
76 94
76 99
77 79
77 80
77 87
77 88
77 92
77 93
77 94
77 99
78 81
78 82
78 83
78 84
78 85
78 86
78 88
78 89
78 90
78 91
78 93
78 95
78 96
78 97
78 98
78 100
79 80
79 87
79 88
79 89
79 91
79 92
79 93
79 94
79 95
79 99
79 100
80 87
80 88
80 91
80 92
80 93
80 94
80 99
80 100
81 82
81 83
81 84
81 85
81 86
81 88
81 89
81 90
81 91
81 93
81 95
81 96
81 97
81 98
81 100
82 83
82 84
82 85
82 86
82 88
82 89
82 90
82 91
82 93
82 95
82 96
82 97
82 98
82 100
83 84
83 85
83 86
83 89
83 90
83 96
83 97
83 98
84 85
84 86
84 89
84 90
84 91
84 95
84 96
84 97
84 98
85 86
85 88
85 89
85 90
85 91
85 92
85 93
85 95
85 96
85 97
85 98
85 100
86 89
86 90
86 96
86 97
86 98
87 88
87 92
87 93
87 94
87 99
88 89
88 90
88 91
88 92
88 93
88 95
88 97
88 98
88 99
88 100
89 90
89 91
89 92
89 93
89 95
89 96
89 97
89 98
89 100
90 91
90 92
90 93
90 95
90 96
90 97
90 98
90 100
91 92
91 93
91 95
91 97
91 98
91 100
92 93
92 94
92 95
92 97
92 99
92 100
93 95
93 97
93 98
93 99
93 100
94 99
95 97
95 98
95 100
96 97
96 98
97 98
97 100
98 100
99 100
