0 1
0 4
0 5
0 6
0 7
0 8
0 9
0 11
0 12
0 15
0 18
0 25
0 27
0 32
0 34
0 35
0 37
0 38
1 4
1 6
1 8
1 9
1 11
1 15
1 27
1 32
1 35
1 37
1 38
1 40
2 3
2 4
2 5
2 7
2 9
2 10
2 11
2 12
2 13
2 14
2 16
2 17
2 18
2 19
2 20
2 21
2 22
2 23
2 24
2 25
2 26
2 28
2 29
2 30
2 31
2 33
2 36
3 5
3 7
3 9
3 10
3 11
3 12
3 13
3 14
3 16
3 17
3 18
3 19
3 20
3 21
3 22
3 23
3 24
3 26
3 28
3 29
3 30
3 31
3 33
3 36
3 39
4 5
4 6
4 7
4 8
4 9
4 11
4 12
4 15
4 18
4 24
4 25
4 27
4 32
4 34
4 35
4 37
4 38
4 40
4 42
5 7
5 8
5 9
5 11
5 12
5 13
5 14
5 16
5 18
5 19
5 20
5 21
5 23
5 24
5 25
5 26
5 27
5 28
5 29
5 31
5 33
5 34
5 36
6 8
6 9
6 11
6 15
6 18
6 25
6 27
6 32
6 34
6 35
6 37
6 38
6 40
6 42
6 43
7 8
7 9
7 11
7 12
7 13
7 14
7 16
7 17
7 18
7 19
7 20
7 21
7 22
7 23
7 24
7 25
7 26
7 27
7 28
7 29
7 30
7 31
7 33
7 34
7 36
7 39
7 41
8 9
8 11
8 12
8 15
8 18
8 24
8 25
8 27
8 32
8 34
8 35
8 37
8 38
8 40
8 42
8 43
9 11
9 12
9 15
9 18
9 21
9 23
9 24
9 25
9 27
9 28
9 29
9 32
9 33
9 34
9 36
9 42
10 13
10 14
10 16
10 17
10 19
10 20
10 21
10 22
10 23
10 26
10 28
10 29
10 30
10 31
10 39
10 41
10 48
11 12
11 15
11 18
11 21
11 23
11 24
11 25
11 27
11 28
11 29
11 31
11 32
11 33
11 34
11 35
11 36
11 38
11 42
11 47
11 49
11 51
12 13
12 14
12 16
12 17
12 18
12 19
12 20
12 21
12 22
12 23
12 24
12 25
12 26
12 27
12 28
12 29
12 30
12 31
12 33
12 34
12 36
12 39
12 41
12 42
12 45
12 46
13 14
13 16
13 17
13 18
13 19
13 20
13 21
13 22
13 23
13 24
13 26
13 28
13 29
13 30
13 31
13 33
13 36
13 39
13 41
13 45
13 46
13 48
13 54
13 55
13 58
14 16
14 17
14 19
14 20
14 21
14 22
14 23
14 24
14 26
14 28
14 29
14 30
14 31
14 33
14 36
14 39
14 41
14 45
14 48
14 54
14 55
14 56
14 58
15 25
15 27
15 32
15 34
15 35
15 37
15 38
15 40
15 42
15 43
15 44
15 50
15 52
15 53
15 57
16 17
16 19
16 20
16 21
16 22
16 23
16 24
16 26
16 28
16 29
16 30
16 31
16 33
16 36
16 39
16 41
16 45
16 46
16 48
16 54
16 55
16 56
16 58
17 19
17 20
17 21
17 22
17 23
17 24
17 26
17 28
17 29
17 30
17 31
17 33
17 36
17 39
17 41
17 45
17 46
17 48
17 54
17 55
17 56
17 58
17 61
18 19
18 20
18 21
18 23
18 24
18 25
18 26
18 27
18 28
18 29
18 30
18 31
18 32
18 33
18 34
18 35
18 36
18 38
18 39
18 41
18 42
18 43
18 45
18 46
18 47
18 49
18 51
18 52
18 53
18 55
18 63
19 20
19 21
19 22
19 23
19 24
19 25
19 26
19 28
19 29
19 30
19 31
19 33
19 36
19 39
19 41
19 45
19 46
19 48
19 54
19 55
19 56
19 58
19 61
20 21
20 22
20 23
20 24
20 26
20 28
20 29
20 30
20 31
20 33
20 36
20 39
20 41
20 45
20 46
20 48
20 54
20 55
20 56
20 58
20 61
20 64
21 22
21 23
21 24
21 25
21 26
21 28
21 29
21 30
21 31
21 33
21 34
21 36
21 39
21 41
21 45
21 46
21 48
21 49
21 51
21 54
21 55
21 58
21 60
21 61
22 23
22 24
22 26
22 28
22 29
22 30
22 31
22 33
22 36
22 39
22 41
22 45
22 46
22 48
22 54
22 55
22 56
22 58
22 61
22 64
22 67
23 24
23 25
23 26
23 27
23 28
23 29
23 30
23 31
23 33
23 34
23 36
23 39
23 41
23 42
23 45
23 46
23 47
23 48
23 49
23 51
23 55
23 58
23 60
23 61
24 25
24 26
24 27
24 28
24 29
24 30
24 31
24 32
24 33
24 34
24 36
24 39
24 41
24 42
24 45
24 46
24 47
24 49
24 51
24 55
24 58
24 60
24 63
25 26
25 27
25 28
25 29
25 31
25 32
25 33
25 34
25 35
25 36
25 37
25 38
25 39
25 40
25 41
25 42
25 43
25 45
25 46
25 47
25 49
25 50
25 51
25 52
25 53
25 55
25 57
25 59
25 60
25 63
25 66
26 28
26 29
26 30
26 31
26 33
26 36
26 39
26 41
26 45
26 46
26 48
26 54
26 55
26 56
26 58
26 60
26 61
26 64
26 67
26 68
27 28
27 29
27 32
27 33
27 34
27 35
27 36
27 37
27 38
27 40
27 42
27 43
27 44
27 46
27 47
27 49
27 50
27 51
27 52
27 53
27 57
27 59
27 62
27 63
27 65
27 66
28 29
28 30
28 31
28 33
28 34
28 36
28 39
28 41
28 45
28 46
28 47
28 48
28 49
28 51
28 54
28 55
28 58
28 60
28 61
28 64
28 68
28 71
29 30
29 31
29 33
29 34
29 36
29 39
29 41
29 45
29 46
29 47
29 48
29 49
29 51
29 54
29 55
29 58
29 60
29 61
29 64
29 68
29 71
30 31
30 33
30 36
30 39
30 41
30 45
30 46
30 48
30 54
30 55
30 56
30 58
30 60
30 61
30 64
30 67
30 68
30 69
30 71
31 33
31 34
31 36
31 39
31 41
31 45
31 46
31 48
31 49
31 51
31 54
31 55
31 56
31 58
31 60
31 61
31 64
31 67
31 68
31 69
31 71
32 34
32 35
32 37
32 38
32 40
32 42
32 43
32 44
32 47
32 49
32 50
32 51
32 52
32 53
32 57
32 59
32 62
32 63
32 65
32 66
32 70
32 72
32 73
33 34
33 36
33 39
33 41
33 42
33 45
33 46
33 47
33 48
33 49
33 51
33 54
33 55
33 58
33 60
33 61
33 63
33 64
33 68
33 71
34 35
34 36
34 37
34 38
34 40
34 41
34 42
34 43
34 44
34 45
34 46
34 47
34 49
34 50
34 51
34 52
34 53
34 55
34 57
34 59
34 60
34 62
34 63
34 65
34 66
34 72
35 37
35 38
35 40
35 42
35 43
35 44
35 47
35 49
35 50
35 51
35 52
35 53
35 57
35 59
35 62
35 65
35 70
35 72
35 73
36 39
36 41
36 42
36 45
36 46
36 47
36 48
36 49
36 51
36 54
36 55
36 58
36 60
36 61
36 63
36 64
36 66
36 67
36 68
36 71
36 74
37 38
37 40
37 42
37 43
37 44
37 47
37 49
37 50
37 51
37 52
37 53
37 57
37 59
37 62
37 65
37 70
37 72
37 73
38 40
38 42
38 43
38 44
38 47
38 49
38 50
38 51
38 52
38 53
38 57
38 59
38 62
38 63
38 65
38 66
38 70
38 72
38 73
38 77
39 41
39 45
39 46
39 48
39 54
39 55
39 56
39 58
39 60
39 61
39 64
39 67
39 68
39 69
39 71
39 74
39 78
40 42
40 43
40 44
40 47
40 49
40 50
40 51
40 52
40 53
40 57
40 59
40 62
40 65
40 66
40 70
40 72
40 73
40 77
40 80
41 45
41 46
41 47
41 48
41 49
41 51
41 54
41 55
41 56
41 58
41 60
41 61
41 63
41 64
41 67
41 68
41 69
41 71
41 74
41 78
42 43
42 44
42 46
42 47
42 49
42 50
42 51
42 52
42 53
42 57
42 59
42 62
42 63
42 65
42 66
42 70
42 72
42 73
42 76
42 77
42 79
42 80
43 44
43 47
43 49
43 50
43 51
43 52
43 53
43 57
43 59
43 62
43 63
43 65
43 66
43 70
43 72
43 73
43 77
43 79
43 80
44 47
44 49
44 50
44 51
44 52
44 53
44 57
44 59
44 62
44 65
44 66
44 70
44 72
44 73
44 77
44 80
44 88
45 46
45 47
45 48
45 49
45 51
45 54
45 55
45 56
45 58
45 60
45 61
45 63
45 64
45 66
45 67
45 68
45 69
45 71
45 74
45 75
45 76
45 78
45 81
45 83
45 85
46 47
46 48
46 49
46 51
46 53
46 54
46 55
46 56
46 58
46 60
46 61
46 63
46 64
46 66
46 67
46 68
46 69
46 71
46 74
46 75
46 76
46 78
46 81
46 85
46 86
46 90
47 49
47 50
47 51
47 52
47 53
47 55
47 57
47 59
47 60
47 62
47 63
47 65
47 66
47 70
47 72
47 73
47 74
47 75
47 76
47 77
47 79
47 80
47 82
47 84
47 91
48 54
48 55
48 56
48 58
48 60
48 61
48 64
48 67
48 68
48 69
48 71
48 78
48 81
48 83
48 87
48 89
49 50
49 51
49 52
49 53
49 55
49 57
49 58
49 59
49 60
49 62
49 63
49 65
49 66
49 68
49 71
49 72
49 73
49 74
49 75
49 76
49 77
49 79
49 80
49 82
49 84
49 86
49 91
49 93
50 51
50 52
50 53
50 57
50 59
50 62
50 63
50 65
50 66
50 70
50 72
50 73
50 76
50 77
50 79
50 80
50 82
50 84
50 88
50 91
51 52
51 53
51 55
51 57
51 59
51 60
51 62
51 63
51 65
51 66
51 68
51 71
51 72
51 73
51 74
51 75
51 76
51 77
51 79
51 80
51 82
51 84
51 86
51 91
51 93
52 53
52 57
52 59
52 62
52 63
52 65
52 66
52 70
52 72
52 73
52 75
52 76
52 77
52 79
52 80
52 82
52 84
52 88
52 91
53 57
53 59
53 60
53 62
53 63
53 65
53 66
53 70
53 72
53 73
53 75
53 76
53 77
53 79
53 80
53 82
53 84
53 88
53 91
54 55
54 56
54 58
54 60
54 61
54 64
54 67
54 68
54 69
54 71
54 78
54 81
54 83
54 87
54 89
55 56
55 58
55 60
55 61
55 63
55 64
55 66
55 67
55 68
55 69
55 71
55 74
55 75
55 76
55 78
55 81
55 83
55 85
55 86
55 87
55 89
55 90
55 92
56 58
56 60
56 61
56 64
56 67
56 68
56 69
56 71
56 78
56 81
56 83
56 87
56 89
57 59
57 62
57 63
57 65
57 66
57 70
57 72
57 73
57 76
57 77
57 79
57 80
57 82
57 84
57 88
57 91
58 60
58 61
58 63
58 64
58 67
58 68
58 69
58 71
58 74
58 75
58 78
58 81
58 83
58 85
58 86
58 87
58 89
58 90
58 92
59 62
59 63
59 65
59 66
59 70
59 72
59 73
59 75
59 76
59 77
59 79
59 80
59 82
59 84
59 88
59 91
59 94
60 61
60 63
60 64
60 65
60 66
60 67
60 68
60 69
60 71
60 72
60 74
60 75
60 76
60 78
60 79
60 81
60 82
60 83
60 85
60 86
60 87
60 89
60 90
60 92
60 93
60 95
60 97
61 63
61 64
61 67
61 68
61 69
61 71
61 74
61 75
61 76
61 78
61 81
61 83
61 85
61 86
61 87
61 89
61 90
61 92
61 96
61 97
61 99
61 100
62 63
62 65
62 66
62 70
62 72
62 73
62 76
62 77
62 79
62 80
62 82
62 84
62 88
62 91
62 94
63 65
63 66
63 68
63 71
63 72
63 73
63 74
63 75
63 76
63 77
63 78
63 79
63 80
63 82
63 84
63 85
63 86
63 90
63 91
63 92
63 93
63 95
63 98
64 67
64 68
64 69
64 71
64 74
64 78
64 81
64 83
64 85
64 87
64 89
64 90
64 92
64 96
64 97
64 99
64 100
65 66
65 70
65 72
65 73
65 74
65 75
65 76
65 77
65 79
65 80
65 82
65 84
65 86
65 88
65 91
65 93
65 94
65 95
65 98
66 68
66 70
66 71
66 72
66 73
66 74
66 75
66 76
66 77
66 78
66 79
66 80
66 82
66 84
66 85
66 86
66 88
66 90
66 91
66 93
66 95
66 98
67 68
67 69
67 71
67 74
67 78
67 81
67 83
67 85
67 87
67 89
67 90
67 92
67 96
67 97
67 99
67 100
68 69
68 71
68 74
68 75
68 76
68 78
68 81
68 82
68 83
68 85
68 86
68 87
68 89
68 90
68 92
68 93
68 95
68 96
68 97
68 99
68 100
69 71
69 74
69 75
69 78
69 81
69 83
69 85
69 86
69 87
69 89
69 90
69 92
69 96
69 97
69 99
69 100
70 72
70 73
70 77
70 79
70 80
70 82
70 84
70 88
70 91
70 94
71 74
71 75
71 76
71 78
71 79
71 81
71 82
71 83
71 85
71 86
71 87
71 89
71 90
71 92
71 93
71 95
71 96
71 97
71 99
71 100
72 73
72 74
72 75
72 76
72 77
72 79
72 80
72 82
72 84
72 86
72 88
72 91
72 93
72 94
72 95
72 98
73 75
73 76
73 77
73 79
73 80
73 82
73 84
73 88
73 91
73 93
73 94
73 98
74 75
74 76
74 78
74 79
74 81
74 82
74 83
74 84
74 85
74 86
74 87
74 89
74 90
74 91
74 92
74 93
74 95
74 96
74 97
74 98
74 99
74 100
75 76
75 77
75 78
75 79
75 80
75 81
75 82
75 83
75 84
75 85
75 86
75 89
75 90
75 91
75 92
75 93
75 95
75 97
75 98
76 77
76 78
76 79
76 80
76 82
76 84
76 85
76 86
76 88
76 89
76 90
76 91
76 92
76 93
76 95
76 97
76 98
77 79
77 80
77 82
77 84
77 86
77 88
77 91
77 93
77 94
77 95
77 98
78 79
78 81
78 82
78 83
78 85
78 86
78 87
78 89
78 90
78 92
78 93
78 95
78 96
78 97
78 99
78 100
79 80
79 82
79 84
79 85
79 86
79 88
79 90
79 91
79 92
79 93
79 94
79 95
79 98
80 82
80 84
80 86
80 88
80 91
80 93
80 94
80 95
80 98
81 83
81 85
81 86
81 87
81 89
81 90
81 92
81 96
81 97
81 99
81 100
82 84
82 85
82 86
82 88
82 90
82 91
82 92
82 93
82 94
82 95
82 98
83 85
83 86
83 87
83 89
83 90
83 92
83 96
83 97
83 99
83 100
84 86
84 88
84 91
84 93
84 94
84 95
84 98
85 86
85 87
85 89
85 90
85 91
85 92
85 93
85 95
85 96
85 97
85 98
85 99
85 100
86 87
86 89
86 90
86 91
86 92
86 93
86 95
86 97
86 98
86 99
86 100
87 89
87 90
87 92
87 96
87 97
87 99
87 100
88 91
88 93
88 94
88 98
89 90
89 92
89 93
89 95
89 96
89 97
89 99
89 100
90 91
90 92
90 93
90 95
90 96
90 97
90 98
90 99
90 100
91 93
91 94
91 95
91 98
92 93
92 95
92 96
92 97
92 98
92 99
92 100
93 95
93 97
93 98
94 98
95 97
95 98
96 97
96 99
96 100
97 99
97 100
99 100
