0 2
0 10
0 15
0 18
0 19
0 20
1 3
1 5
1 8
1 9
1 14
1 21
1 22
2 4
2 6
2 15
2 17
2 24
3 5
3 8
3 9
3 14
3 21
3 22
4 6
4 7
4 11
4 15
4 17
4 27
4 28
5 8
5 9
5 12
5 13
5 14
5 23
6 15
6 17
6 24
6 28
7 11
7 16
7 17
8 9
8 12
8 13
8 14
8 23
8 26
9 14
9 18
9 21
9 22
9 26
10 15
10 18
10 19
10 20
10 22
10 25
10 29
10 32
11 16
11 17
11 27
11 33
12 13
12 14
12 23
12 30
12 31
13 14
13 23
13 26
13 30
13 31
13 35
14 21
14 23
14 26
14 30
14 31
14 35
15 17
15 19
15 20
15 24
15 25
15 27
15 28
15 29
16 17
16 27
16 33
17 24
17 27
17 28
17 33
18 19
18 20
18 21
18 22
18 25
18 29
18 32
18 34
18 36
18 37
18 38
18 40
19 20
19 24
19 25
19 28
19 29
19 32
19 34
19 37
20 24
20 25
20 29
20 32
20 34
20 37
21 22
21 23
21 26
21 32
21 34
21 36
21 38
21 40
21 42
22 26
22 32
22 34
22 36
22 37
22 38
22 40
22 42
23 26
23 30
23 31
23 35
23 41
24 25
24 27
24 28
24 29
24 33
24 39
24 43
24 44
24 48
25 28
25 29
25 32
25 34
25 37
25 44
26 30
26 31
26 35
26 41
26 46
26 47
27 28
27 33
27 39
27 43
27 45
27 48
27 49
28 29
28 33
28 39
28 43
28 44
28 45
28 48
28 49
29 32
29 34
29 37
29 44
29 50
30 31
30 35
30 41
31 35
31 41
32 34
32 36
32 37
32 38
32 40
32 42
33 39
33 43
33 45
33 48
33 49
33 51
34 36
34 37
34 38
34 40
34 42
34 47
35 41
35 46
36 37
36 38
36 40
36 42
36 46
36 47
36 53
36 54
37 38
37 40
37 42
37 47
37 50
37 54
38 40
38 41
38 42
38 46
38 47
38 53
38 54
38 56
39 43
39 44
39 45
39 48
39 49
39 50
39 51
39 52
40 41
40 42
40 46
40 47
40 53
40 54
40 56
41 42
41 46
41 47
41 53
41 55
42 46
42 47
42 53
42 54
42 56
43 44
43 45
43 48
43 49
43 50
43 51
43 52
44 48
44 49
44 50
44 51
44 52
44 57
44 59
44 60
45 48
45 49
45 51
45 63
46 47
46 53
46 54
46 55
46 61
46 66
47 53
47 54
47 56
47 66
48 49
48 50
48 51
48 52
48 59
48 60
49 51
49 52
49 62
49 63
50 52
50 57
50 58
50 59
50 60
50 70
51 52
51 62
51 63
51 65
52 57
52 59
52 60
52 70
53 54
53 56
53 58
53 61
53 64
53 66
53 68
53 72
53 75
54 56
54 57
54 58
54 64
54 66
54 68
54 71
55 61
55 66
55 67
55 68
55 69
55 72
55 74
55 75
55 78
56 57
56 58
56 64
56 66
56 68
56 71
57 58
57 59
57 60
57 64
57 70
57 71
57 77
58 59
58 60
58 64
58 70
58 71
59 60
59 70
59 71
59 73
59 77
60 70
60 71
60 73
60 77
61 66
61 67
61 68
61 69
61 72
61 74
61 75
61 78
61 79
62 63
62 65
62 73
62 76
62 82
63 65
63 73
63 76
63 77
63 82
64 70
64 71
64 81
65 76
66 67
66 68
66 69
66 72
66 74
66 75
66 78
67 68
67 69
67 72
67 74
67 75
67 78
67 79
68 69
68 72
68 74
68 75
68 78
68 79
68 81
69 72
69 74
69 75
69 78
69 79
70 71
70 73
70 77
70 80
71 77
71 84
72 74
72 75
72 78
72 79
73 77
73 80
73 82
73 83
74 75
74 78
74 79
74 81
75 78
75 79
75 81
76 82
76 83
77 80
77 82
77 83
78 79
78 86
79 86
80 82
80 83
80 85
80 88
80 89
81 84
81 87
82 83
82 85
82 88
82 91
82 92
83 85
83 88
83 89
83 91
83 92
84 90
84 96
85 88
85 89
85 91
85 92
85 94
85 99
86 87
86 93
86 95
86 97
87 90
87 93
87 97
88 89
88 91
88 92
88 94
88 98
88 99
89 92
89 94
89 98
89 99
90 96
91 92
91 99
92 94
92 98
92 99
93 95
93 97
94 98
94 99
95 97
96 98
98 99
