0 10
2 3
2 4
2 6
2 7
2 15
3 4
3 6
3 7
3 11
3 15
3 17
4 6
4 7
4 15
5 8
5 9
6 7
6 15
6 17
7 11
7 15
7 17
8 9
8 13
9 13
10 12
11 15
11 17
13 14
13 18
13 19
13 21
13 22
14 16
14 18
14 19
14 21
14 22
15 17
15 23
16 18
16 19
16 21
16 22
17 23
18 19
18 21
18 22
19 21
19 22
21 22
22 32
24 26
25 31
27 30
28 29
28 31
28 34
28 35
28 37
28 38
29 31
29 33
29 34
29 35
29 36
29 37
31 34
31 35
31 37
31 38
32 40
33 36
33 37
34 35
34 36
34 37
34 38
34 41
35 36
35 37
35 38
35 41
36 37
36 41
37 38
37 41
38 41
39 42
39 43
46 51
47 52
48 50
48 53
49 54
50 53
52 55
52 57
53 59
53 61
54 56
54 60
55 57
55 58
55 63
55 67
56 65
57 62
57 67
58 63
58 64
59 62
59 68
59 70
60 69
61 66
61 71
61 73
62 67
62 68
62 70
63 64
65 74
66 71
66 73
67 76
68 70
68 77
69 75
70 77
70 79
71 73
72 78
73 83
74 80
76 81
76 82
77 79
77 83
80 89
80 90
80 92
81 82
81 84
81 85
81 91
82 91
83 86
83 87
84 85
85 91
85 94
86 87
86 98
87 98
88 95
88 97
89 90
89 92
90 92
91 94
91 96
92 99
94 96
95 97
