0 1
0 3
0 7
0 8
1 3
1 7
1 8
1 11
1 13
2 4
2 6
2 9
3 10
3 11
3 13
4 6
4 9
5 12
5 15
6 9
6 16
6 17
6 19
7 8
7 11
7 13
7 20
8 11
8 13
8 20
9 14
9 16
9 17
9 18
9 19
9 21
9 23
10 11
10 25
10 27
10 31
11 13
11 20
11 25
11 30
12 15
12 20
12 24
12 26
12 29
12 33
13 20
13 25
13 30
14 15
14 16
14 17
14 18
14 21
14 28
14 34
14 35
15 16
15 18
15 21
15 24
15 26
15 33
16 17
16 18
16 19
16 21
16 28
16 34
16 35
17 18
17 19
17 21
17 22
17 23
17 28
17 34
17 35
18 19
18 21
18 28
18 34
18 35
19 22
19 23
19 32
20 24
20 26
20 29
20 30
20 38
20 40
21 28
21 34
21 35
21 41
22 23
22 32
22 44
22 45
23 32
23 44
23 45
24 26
24 29
24 30
24 33
24 37
24 39
24 40
25 27
25 30
25 31
25 36
25 42
26 29
26 33
26 37
26 39
26 40
26 49
26 50
27 31
27 36
27 42
27 46
28 34
28 35
28 41
28 47
28 48
29 30
29 33
29 37
29 38
29 39
29 40
29 43
29 49
29 50
30 31
30 36
30 38
30 40
30 42
30 43
30 52
31 36
31 38
31 42
31 46
31 53
32 44
32 45
32 48
32 51
33 35
33 37
33 39
33 40
33 41
33 47
33 49
33 50
33 54
33 55
34 35
34 41
34 47
34 48
35 37
35 39
35 41
35 47
35 48
36 38
36 40
36 42
36 43
36 52
36 53
36 57
37 39
37 40
37 41
37 47
37 49
37 50
37 54
37 55
38 40
38 42
38 43
38 49
38 52
38 57
39 40
39 41
39 47
39 49
39 50
39 54
39 55
39 61
40 43
40 49
40 50
40 52
40 54
40 55
40 57
40 60
41 47
41 48
41 58
41 62
42 46
42 52
42 53
43 49
43 50
43 52
43 54
43 57
43 60
44 45
44 48
44 51
44 56
44 58
44 59
45 48
45 51
45 56
45 58
45 59
46 52
46 53
47 48
47 50
47 55
47 58
47 61
47 62
47 64
48 51
48 56
48 58
48 59
49 50
49 54
49 55
49 57
49 60
49 63
50 54
50 55
50 60
50 61
50 62
50 63
51 56
51 58
51 59
52 53
52 57
52 65
54 55
54 57
54 60
54 61
54 63
54 67
55 60
55 61
55 62
55 63
55 64
55 67
56 58
56 59
56 66
56 68
56 69
57 60
57 65
57 70
57 71
57 74
58 59
58 62
58 64
58 66
58 68
58 69
58 72
58 76
59 66
59 68
59 69
59 76
60 63
60 65
60 67
60 71
60 74
61 62
61 63
61 64
61 67
61 72
61 73
61 75
62 63
62 64
62 67
62 72
62 73
62 75
63 64
63 67
63 75
63 80
63 82
64 66
64 67
64 72
64 73
64 75
64 76
64 83
65 70
65 71
65 74
65 77
65 78
65 84
65 85
65 86
66 68
66 69
66 72
66 73
66 76
66 88
67 73
67 74
67 75
67 80
67 82
67 83
67 87
68 69
68 72
68 76
68 88
69 72
69 76
69 88
70 71
70 74
70 77
70 78
70 79
70 81
70 84
70 85
70 89
70 90
71 74
71 77
71 78
71 80
71 84
71 85
71 86
71 90
72 73
72 75
72 76
72 83
72 87
72 88
73 75
73 76
73 83
73 87
74 77
74 78
74 80
74 82
74 84
74 85
74 86
74 90
75 80
75 82
75 83
75 87
75 91
75 92
76 88
76 93
76 94
76 95
77 78
77 79
77 84
77 85
77 86
77 90
78 79
78 81
78 84
78 85
78 86
78 90
79 81
79 84
79 85
79 89
79 98
80 82
80 83
80 86
80 87
80 91
80 92
80 96
81 89
81 98
82 83
82 86
82 87
82 91
82 92
82 96
82 99
83 87
83 91
83 92
83 96
83 99
84 85
84 86
84 90
85 86
85 90
86 90
86 91
86 92
86 96
87 91
87 92
87 96
87 99
88 93
88 94
88 95
88 97
89 98
91 92
91 96
91 99
92 96
92 99
93 94
93 95
93 97
94 95
94 97
95 97
96 99
