0 5
0 6
0 8
0 9
0 10
0 13
0 15
0 19
0 21
0 25
1 2
1 3
1 7
1 11
1 12
1 14
1 16
1 17
1 20
1 22
1 23
1 24
1 27
1 30
2 3
2 7
2 11
2 12
2 14
2 16
2 17
2 20
2 22
2 23
2 24
2 27
2 30
3 11
3 12
3 14
3 16
3 17
3 22
3 23
3 24
3 27
3 28
3 29
3 30
3 34
4 6
4 7
4 8
4 14
4 15
4 16
4 18
4 19
4 20
4 21
4 23
4 26
4 31
4 33
5 6
5 8
5 9
5 10
5 13
5 19
5 21
5 25
6 8
6 9
6 10
6 13
6 15
6 19
6 21
6 25
6 26
6 32
7 8
7 11
7 14
7 15
7 16
7 17
7 18
7 19
7 20
7 21
7 23
7 26
7 27
7 31
7 33
7 35
8 9
8 10
8 13
8 15
8 18
8 19
8 20
8 21
8 26
8 32
8 38
8 39
9 10
9 13
9 15
9 19
9 21
9 25
9 32
9 41
9 42
10 13
10 15
10 19
10 21
10 25
10 32
10 38
10 39
10 41
11 12
11 14
11 16
11 17
11 18
11 20
11 22
11 23
11 24
11 27
11 28
11 29
11 30
11 31
11 33
11 34
11 35
11 36
11 37
11 40
12 14
12 16
12 17
12 18
12 20
12 22
12 23
12 24
12 27
12 28
12 29
12 30
12 34
12 36
12 37
12 40
13 15
13 19
13 21
13 25
13 32
13 38
13 39
13 41
13 42
13 48
14 16
14 17
14 18
14 20
14 22
14 23
14 24
14 26
14 27
14 28
14 29
14 30
14 31
14 33
14 34
14 35
14 37
14 40
15 16
15 18
15 19
15 20
15 21
15 26
15 31
15 32
15 33
15 38
15 39
15 43
15 44
16 17
16 18
16 20
16 22
16 23
16 24
16 26
16 27
16 29
16 30
16 31
16 33
16 35
16 37
16 40
16 45
16 46
16 49
17 18
17 20
17 22
17 23
17 24
17 27
17 28
17 29
17 30
17 31
17 33
17 34
17 35
17 36
17 37
17 40
18 19
18 20
18 21
18 22
18 23
18 26
18 27
18 30
18 31
18 33
18 35
18 37
18 38
18 40
18 43
18 45
18 46
18 49
19 20
19 21
19 26
19 31
19 32
19 33
19 38
19 39
19 43
19 44
20 21
20 22
20 23
20 24
20 26
20 27
20 30
20 31
20 33
20 35
20 37
20 38
20 40
20 43
20 45
20 46
20 49
21 25
21 26
21 32
21 38
21 39
21 41
21 43
21 44
21 48
22 23
22 24
22 27
22 28
22 29
22 30
22 31
22 33
22 34
22 35
22 36
22 37
22 40
22 47
22 50
22 54
23 24
23 26
23 27
23 28
23 29
23 30
23 31
23 33
23 34
23 35
23 36
23 37
23 40
23 45
23 46
23 49
24 27
24 28
24 29
24 30
24 33
24 34
24 35
24 36
24 37
24 40
24 47
24 50
24 54
24 55
25 32
25 39
25 41
25 42
25 48
25 51
25 53
25 57
26 27
26 31
26 32
26 33
26 35
26 37
26 38
26 39
26 43
26 44
26 45
26 46
26 49
26 52
26 56
26 59
27 28
27 29
27 30
27 31
27 33
27 34
27 35
27 36
27 37
27 40
27 45
27 46
27 49
27 50
27 54
27 55
27 58
28 29
28 30
28 34
28 36
28 37
28 40
28 47
28 50
28 54
28 55
29 30
29 34
29 35
29 36
29 37
29 40
29 47
29 50
29 54
29 55
29 62
30 31
30 33
30 34
30 35
30 36
30 37
30 40
30 45
30 46
30 47
30 49
30 50
30 54
30 55
30 58
30 62
31 33
31 35
31 37
31 38
31 39
31 40
31 43
31 45
31 46
31 49
31 52
31 56
31 58
31 59
31 63
32 38
32 39
32 41
32 42
32 43
32 44
32 48
32 51
32 53
32 60
32 61
33 35
33 37
33 38
33 40
33 43
33 45
33 46
33 49
33 52
33 54
33 56
33 58
33 59
33 62
33 63
33 64
34 36
34 37
34 40
34 46
34 47
34 50
34 54
34 55
34 58
34 62
34 65
34 67
35 37
35 38
35 40
35 43
35 45
35 46
35 49
35 52
35 54
35 56
35 58
35 59
35 62
35 63
35 64
35 66
36 37
36 40
36 47
36 50
36 54
36 55
36 62
36 65
36 67
37 40
37 45
37 46
37 47
37 49
37 50
37 52
37 54
37 55
37 56
37 58
37 59
37 62
37 63
37 66
38 39
38 41
38 42
38 43
38 44
38 48
38 51
38 52
38 56
38 59
38 60
38 61
38 64
38 70
38 72
39 41
39 42
39 43
39 44
39 48
39 51
39 52
39 56
39 59
39 60
39 61
39 64
39 69
39 70
39 72
40 45
40 46
40 47
40 49
40 50
40 52
40 54
40 55
40 56
40 58
40 62
40 63
40 65
40 74
41 42
41 44
41 48
41 51
41 53
41 57
41 60
41 68
41 69
41 71
42 44
42 48
42 51
42 53
42 57
42 60
42 68
42 69
42 71
43 44
43 45
43 46
43 48
43 49
43 52
43 56
43 59
43 60
43 61
43 63
43 64
43 66
43 70
43 72
43 75
44 48
44 51
44 52
44 53
44 56
44 57
44 59
44 60
44 61
44 64
44 68
44 69
44 70
44 71
44 72
44 75
44 79
45 46
45 49
45 50
45 52
45 54
45 55
45 56
45 58
45 59
45 61
45 62
45 63
45 64
45 66
45 74
45 76
45 77
46 49
46 50
46 52
46 54
46 55
46 56
46 58
46 59
46 61
46 62
46 63
46 64
46 65
46 66
46 74
46 76
46 77
46 78
47 50
47 54
47 55
47 58
47 62
47 65
47 67
47 73
47 74
48 51
48 53
48 57
48 60
48 61
48 68
48 69
48 71
49 50
49 52
49 54
49 55
49 56
49 58
49 59
49 61
49 62
49 63
49 64
49 65
49 66
49 74
49 76
49 77
49 78
49 81
50 54
50 55
50 58
50 62
50 65
50 67
50 73
50 74
50 80
51 53
51 57
51 60
51 68
51 69
51 71
52 56
52 58
52 59
52 61
52 62
52 63
52 64
52 66
52 70
52 72
52 75
52 76
52 77
52 79
52 81
52 83
53 57
53 60
53 68
53 69
53 71
54 55
54 58
54 62
54 63
54 65
54 67
54 73
54 74
54 78
54 80
54 82
54 84
55 58
55 62
55 63
55 65
55 67
55 73
55 74
55 78
55 80
55 82
56 58
56 59
56 61
56 63
56 64
56 66
56 70
56 72
56 75
56 76
56 77
56 79
56 81
56 83
57 60
57 68
57 69
57 71
58 59
58 62
58 63
58 64
58 65
58 66
58 67
58 73
58 74
58 76
58 77
58 78
58 80
58 81
58 82
58 84
59 61
59 63
59 64
59 66
59 70
59 72
59 75
59 76
59 77
59 79
59 81
59 83
60 61
60 68
60 69
60 70
60 71
60 72
60 75
61 63
61 64
61 66
61 68
61 69
61 70
61 71
61 72
61 75
61 76
61 79
61 83
62 63
62 65
62 66
62 67
62 73
62 74
62 76
62 77
62 78
62 80
62 81
62 82
62 84
63 64
63 65
63 66
63 70
63 72
63 74
63 75
63 76
63 77
63 78
63 79
63 81
63 82
63 83
63 84
63 87
63 90
64 66
64 70
64 72
64 75
64 76
64 77
64 79
64 81
64 83
64 84
64 87
64 89
64 90
64 91
64 92
65 67
65 73
65 74
65 77
65 78
65 80
65 81
65 82
65 84
65 85
65 93
65 95
66 70
66 72
66 74
66 75
66 76
66 77
66 78
66 79
66 81
66 82
66 83
66 84
66 87
66 89
66 90
66 91
66 94
67 73
67 74
67 78
67 80
67 82
67 84
67 85
67 93
67 95
68 69
68 70
68 71
68 72
68 75
68 79
68 86
68 88
69 70
69 71
69 72
69 75
69 79
69 86
69 88
69 92
70 71
70 72
70 75
70 76
70 77
70 79
70 81
70 83
70 86
70 88
70 89
70 91
70 92
71 72
71 75
71 79
71 86
71 88
72 75
72 76
72 77
72 79
72 81
72 83
72 86
72 87
72 88
72 89
72 90
72 91
72 92
73 74
73 78
73 80
73 82
73 84
73 85
73 93
73 94
73 95
74 76
74 77
74 78
74 80
74 81
74 82
74 84
74 85
74 87
74 90
74 91
74 93
74 94
74 95
74 96
74 97
75 76
75 77
75 79
75 81
75 83
75 86
75 88
75 89
75 90
75 91
75 92
76 77
76 78
76 79
76 81
76 82
76 83
76 84
76 87
76 89
76 90
76 91
76 92
76 94
76 97
76 98
77 78
77 79
77 80
77 81
77 82
77 83
77 84
77 87
77 89
77 90
77 91
77 93
77 94
77 95
77 96
77 97
77 98
78 80
78 81
78 82
78 83
78 84
78 85
78 87
78 90
78 91
78 93
78 94
78 95
78 96
78 97
79 81
79 83
79 86
79 87
79 88
79 89
79 90
79 91
79 92
80 81
80 82
80 84
80 85
80 87
80 90
80 93
80 94
80 95
80 96
80 97
81 82
81 83
81 84
81 87
81 89
81 90
81 91
81 93
81 94
81 95
81 96
81 97
81 98
82 83
82 84
82 85
82 87
82 90
82 91
82 93
82 94
82 95
82 96
82 97
82 98
83 84
83 86
83 87
83 89
83 90
83 91
83 92
83 94
83 97
83 98
84 85
84 87
84 90
84 91
84 93
84 94
84 95
84 96
84 97
84 98
85 93
85 94
85 95
85 96
86 88
86 89
86 92
86 99
86 100
87 89
87 90
87 91
87 92
87 93
87 94
87 95
87 96
87 97
87 98
88 89
88 92
88 99
88 100
89 90
89 91
89 92
89 94
89 97
89 98
90 91
90 92
90 93
90 94
90 95
90 96
90 97
90 98
91 92
91 93
91 94
91 95
91 96
91 97
91 98
92 98
93 94
93 95
93 96
93 97
94 95
94 96
94 97
94 98
95 96
95 97
95 98
96 97
96 98
97 98
99 100
