0 1
0 2
0 4
0 5
0 6
0 8
0 9
0 10
0 11
0 12
0 13
0 14
0 16
0 17
0 19
0 20
0 23
0 24
0 29
1 2
1 4
1 6
1 8
1 9
1 10
1 11
1 12
1 13
1 14
1 16
1 19
1 22
1 25
1 27
2 4
2 5
2 6
2 8
2 9
2 10
2 11
2 12
2 13
2 14
2 16
2 17
2 19
2 20
2 23
2 24
2 29
3 7
3 15
3 18
3 21
3 28
3 30
4 5
4 6
4 8
4 9
4 10
4 11
4 12
4 13
4 14
4 16
4 17
4 19
4 20
4 23
4 24
4 26
4 29
4 32
5 8
5 10
5 11
5 13
5 14
5 16
5 17
5 19
5 20
5 23
5 24
5 26
5 29
5 31
5 40
6 7
6 8
6 9
6 10
6 11
6 12
6 14
6 19
6 21
6 22
6 25
6 27
6 32
6 33
6 35
6 36
6 38
6 39
7 9
7 15
7 18
7 21
7 22
7 25
7 30
7 34
7 37
7 41
8 9
8 10
8 11
8 12
8 13
8 14
8 16
8 17
8 19
8 22
8 23
8 24
8 25
8 27
8 29
8 32
8 33
8 35
8 36
8 39
9 10
9 11
9 12
9 13
9 14
9 19
9 21
9 22
9 25
9 27
9 32
9 33
9 35
9 36
9 37
9 38
9 39
9 43
10 11
10 12
10 13
10 14
10 16
10 17
10 19
10 20
10 23
10 24
10 25
10 27
10 29
10 32
10 33
10 35
10 36
10 39
10 42
11 12
11 13
11 14
11 16
11 17
11 19
11 20
11 22
11 23
11 24
11 25
11 27
11 29
11 32
11 33
11 35
11 36
11 38
11 39
11 42
11 43
12 13
12 14
12 16
12 17
12 19
12 22
12 23
12 24
12 25
12 27
12 29
12 32
12 33
12 35
12 36
12 38
12 39
12 43
12 47
13 14
13 16
13 17
13 19
13 20
13 23
13 24
13 26
13 27
13 29
13 31
13 32
13 40
13 42
13 44
13 46
14 16
14 17
14 19
14 20
14 22
14 23
14 24
14 25
14 27
14 29
14 32
14 33
14 35
14 36
14 38
14 39
14 42
14 43
14 47
14 49
15 18
15 21
15 22
15 28
15 30
15 34
15 37
15 41
16 17
16 19
16 20
16 23
16 24
16 26
16 27
16 29
16 31
16 32
16 40
16 42
16 44
16 46
16 49
17 19
17 20
17 23
17 24
17 26
17 29
17 31
17 40
17 42
17 44
17 46
17 52
18 21
18 22
18 28
18 30
18 34
18 37
18 41
18 54
19 20
19 23
19 24
19 25
19 26
19 27
19 29
19 31
19 32
19 33
19 35
19 36
19 39
19 40
19 42
19 43
19 44
19 46
19 47
19 49
20 23
20 24
20 26
20 29
20 31
20 40
20 42
20 44
20 46
20 52
21 22
21 25
21 27
21 28
21 30
21 33
21 34
21 35
21 36
21 37
21 38
21 39
21 41
21 43
21 45
21 48
21 50
21 53
22 25
22 27
22 30
22 32
22 33
22 34
22 35
22 36
22 37
22 38
22 39
22 41
22 43
22 45
22 47
22 48
22 50
22 51
22 53
23 24
23 26
23 29
23 31
23 32
23 40
23 42
23 44
23 46
23 49
23 52
24 26
24 29
24 31
24 32
24 40
24 42
24 44
24 46
24 49
24 52
25 27
25 32
25 33
25 34
25 35
25 36
25 37
25 38
25 39
25 41
25 43
25 45
25 47
25 48
25 49
25 50
25 51
25 55
26 29
26 31
26 40
26 42
26 44
26 46
26 52
27 32
27 33
27 35
27 36
27 37
27 38
27 39
27 41
27 42
27 43
27 45
27 47
27 48
27 49
27 50
27 51
27 55
27 56
28 30
28 34
28 37
28 54
28 57
29 31
29 32
29 40
29 42
29 44
29 46
29 49
29 52
29 59
30 34
30 37
30 41
30 53
30 54
30 57
31 40
31 42
31 44
31 46
31 52
31 59
31 62
32 33
32 35
32 36
32 37
32 38
32 39
32 40
32 41
32 42
32 43
32 44
32 45
32 46
32 47
32 48
32 49
32 50
32 51
32 55
32 56
32 63
33 34
33 35
33 36
33 37
33 38
33 39
33 41
33 42
33 43
33 45
33 47
33 48
33 49
33 50
33 51
33 55
33 56
33 58
33 61
33 63
34 35
34 36
34 37
34 38
34 39
34 41
34 43
34 45
34 48
34 50
34 53
34 54
34 57
34 58
34 60
35 36
35 37
35 38
35 39
35 41
35 43
35 45
35 47
35 48
35 49
35 50
35 51
35 53
35 55
35 56
35 58
35 60
35 61
35 63
35 65
36 37
36 38
36 39
36 41
36 42
36 43
36 45
36 47
36 48
36 49
36 50
36 51
36 53
36 55
36 56
36 58
36 61
36 63
37 38
37 39
37 41
37 43
37 45
37 47
37 48
37 50
37 51
37 53
37 54
37 55
37 58
37 60
37 61
37 65
38 39
38 41
38 43
38 45
38 47
38 48
38 49
38 50
38 51
38 53
38 55
38 56
38 58
38 60
38 61
38 63
38 65
39 41
39 42
39 43
39 44
39 45
39 47
39 48
39 49
39 50
39 51
39 53
39 55
39 56
39 58
39 60
39 61
39 63
40 42
40 44
40 46
40 49
40 52
40 59
40 62
40 64
40 67
40 69
41 43
41 45
41 47
41 48
41 50
41 51
41 53
41 54
41 55
41 58
41 60
41 61
41 65
41 68
42 43
42 44
42 46
42 47
42 49
42 51
42 52
42 56
42 59
42 62
42 64
42 66
42 69
42 71
43 45
43 47
43 48
43 49
43 50
43 51
43 53
43 55
43 56
43 58
43 60
43 61
43 63
43 65
43 68
44 46
44 47
44 49
44 51
44 52
44 56
44 59
44 62
44 64
44 66
44 67
44 69
44 71
45 47
45 48
45 49
45 50
45 51
45 53
45 55
45 56
45 58
45 60
45 61
45 63
45 65
45 68
45 74
46 47
46 49
46 51
46 52
46 56
46 59
46 62
46 64
46 66
46 67
46 69
46 71
47 48
47 49
47 50
47 51
47 55
47 56
47 58
47 60
47 61
47 63
47 65
47 66
47 71
47 74
47 75
48 49
48 50
48 51
48 53
48 54
48 55
48 56
48 58
48 60
48 61
48 63
48 65
48 68
48 70
48 74
49 50
49 51
49 52
49 55
49 56
49 58
49 61
49 63
49 64
49 66
49 71
49 75
50 51
50 53
50 54
50 55
50 56
50 58
50 60
50 61
50 63
50 65
50 68
50 74
51 53
51 55
51 56
51 58
51 60
51 61
51 63
51 65
51 66
51 68
51 71
51 74
51 75
51 76
52 59
52 62
52 64
52 66
52 67
52 69
52 71
52 72
53 54
53 55
53 56
53 57
53 58
53 60
53 61
53 63
53 65
53 68
53 70
53 73
54 57
54 58
54 60
54 61
54 65
54 68
54 70
54 73
54 78
55 56
55 58
55 60
55 61
55 63
55 65
55 66
55 68
55 70
55 71
55 74
55 75
55 76
55 79
56 58
56 60
56 61
56 63
56 64
56 65
56 66
56 68
56 71
56 74
56 75
56 76
56 77
56 79
56 83
57 60
57 70
57 73
57 78
57 80
58 60
58 61
58 63
58 65
58 68
58 70
58 73
58 74
58 76
58 79
58 83
59 62
59 64
59 66
59 67
59 69
59 71
59 72
59 77
60 61
60 63
60 65
60 68
60 70
60 73
60 74
60 76
60 79
61 63
61 65
61 68
61 70
61 73
61 74
61 75
61 76
61 79
61 83
62 64
62 66
62 67
62 69
62 71
62 72
62 77
62 82
62 84
63 64
63 65
63 66
63 68
63 70
63 71
63 74
63 75
63 76
63 79
63 83
63 85
64 66
64 67
64 69
64 71
64 72
64 75
64 77
64 81
64 82
64 84
64 86
64 87
64 88
65 68
65 70
65 73
65 74
65 76
65 79
65 83
65 85
66 67
66 69
66 71
66 72
66 74
66 75
66 76
66 77
66 79
66 81
66 82
66 83
66 84
66 85
66 86
66 87
66 88
66 89
67 69
67 71
67 72
67 75
67 77
67 82
67 84
68 70
68 73
68 74
68 76
68 78
68 79
68 80
68 83
68 85
68 90
68 91
69 71
69 72
69 75
69 77
69 81
69 82
69 84
69 86
69 87
69 88
69 94
70 73
70 74
70 78
70 79
70 80
70 90
70 91
71 72
71 74
71 75
71 76
71 77
71 79
71 81
71 82
71 83
71 84
71 85
71 86
71 87
71 88
71 89
71 92
71 93
71 95
72 75
72 77
72 81
72 82
72 84
72 88
72 93
72 94
73 78
73 80
73 90
73 97
74 75
74 76
74 77
74 79
74 81
74 83
74 85
74 86
74 89
74 90
74 91
74 92
74 95
74 98
75 76
75 77
75 79
75 81
75 82
75 83
75 84
75 85
75 86
75 87
75 88
75 89
75 92
75 93
75 95
76 77
76 79
76 81
76 83
76 85
76 86
76 87
76 89
76 90
76 91
76 92
76 95
76 98
76 99
77 79
77 81
77 82
77 83
77 84
77 85
77 86
77 87
77 88
77 89
77 92
77 93
77 94
77 95
78 80
78 90
78 91
78 96
78 97
79 81
79 83
79 85
79 86
79 87
79 89
79 90
79 91
79 92
79 95
79 96
79 98
79 99
80 90
80 91
80 96
80 97
81 82
81 83
81 84
81 85
81 86
81 87
81 88
81 89
81 92
81 93
81 94
81 95
81 98
82 84
82 86
82 87
82 88
82 89
82 92
82 93
82 94
82 95
83 85
83 86
83 87
83 89
83 90
83 91
83 92
83 95
83 96
83 98
83 99
84 86
84 87
84 88
84 89
84 92
84 93
84 94
84 95
85 86
85 87
85 88
85 89
85 90
85 91
85 92
85 95
85 96
85 98
85 99
86 87
86 88
86 89
86 92
86 93
86 94
86 95
86 98
86 99
87 88
87 89
87 92
87 93
87 94
87 95
87 98
88 89
88 92
88 93
88 94
88 95
88 98
89 92
89 93
89 94
89 95
89 98
89 99
90 91
90 96
90 97
90 98
90 99
91 92
91 95
91 96
91 97
91 98
91 99
92 93
92 94
92 95
92 98
92 99
93 94
93 95
93 98
94 95
95 98
95 99
96 97
96 98
96 99
97 99
98 99
