0 3
0 5
3 5
3 14
5 8
5 12
5 14
6 7
6 9
6 11
7 9
7 10
8 12
9 10
9 11
11 16
12 14
12 19
13 14
13 18
15 17
16 18
19 21
20 22
23 28
23 36
25 30
25 31
26 27
26 32
26 34
27 32
27 34
28 35
28 36
28 37
29 31
32 34
33 40
34 38
35 36
35 37
35 39
35 42
35 45
36 37
36 39
36 41
36 45
36 47
37 39
37 41
37 44
37 45
37 47
38 43
38 50
39 41
39 45
39 52
41 44
41 45
41 47
41 51
42 45
43 50
43 54
44 47
44 51
45 52
46 48
46 53
47 51
47 52
48 53
48 57
49 56
50 54
50 55
53 57
54 55
54 62
55 62
56 60
56 61
57 59
58 66
60 61
60 69
61 64
61 69
62 76
63 65
63 68
63 72
64 74
64 78
65 72
66 67
66 70
66 71
66 73
66 79
67 70
67 73
67 75
68 72
68 80
68 82
69 78
70 71
70 73
70 84
71 73
71 79
72 80
72 82
73 79
73 84
74 76
74 78
74 83
75 77
76 81
78 83
78 88
79 84
80 82
80 86
80 87
82 86
82 87
83 88
85 86
86 87
87 90
89 94
90 93
90 95
93 95
96 99
