0 5
0 8
0 15
0 18
0 20
0 21
0 22
0 23
0 27
0 29
0 33
1 3
1 4
1 5
1 6
1 7
1 8
1 9
1 10
1 12
1 13
1 16
1 17
1 21
1 22
1 23
1 24
1 25
1 26
1 28
1 29
1 31
1 34
2 4
2 6
2 7
2 9
2 10
2 11
2 13
2 14
2 17
2 19
2 25
2 30
2 32
3 4
3 5
3 6
3 7
3 8
3 9
3 10
3 12
3 13
3 15
3 16
3 17
3 18
3 20
3 21
3 22
3 23
3 24
3 25
3 26
3 28
3 29
3 31
3 34
3 38
4 5
4 6
4 7
4 9
4 10
4 11
4 12
4 13
4 14
4 16
4 17
4 19
4 21
4 24
4 25
4 26
4 30
4 31
4 35
4 36
4 37
4 38
4 40
5 6
5 7
5 8
5 9
5 10
5 12
5 13
5 15
5 16
5 17
5 18
5 20
5 21
5 22
5 23
5 24
5 25
5 26
5 28
5 29
5 31
5 33
5 34
5 38
5 42
5 44
5 45
6 7
6 8
6 9
6 10
6 11
6 12
6 13
6 14
6 16
6 17
6 19
6 21
6 22
6 23
6 24
6 25
6 26
6 28
6 30
6 31
6 34
6 35
6 36
6 37
6 38
6 40
6 42
6 44
6 47
7 8
7 9
7 10
7 12
7 13
7 15
7 16
7 17
7 20
7 21
7 22
7 23
7 24
7 25
7 26
7 28
7 29
7 31
7 33
7 34
7 35
7 36
7 37
7 38
7 40
7 42
7 44
7 46
7 47
7 48
7 49
8 10
8 12
8 13
8 15
8 16
8 18
8 20
8 21
8 22
8 23
8 24
8 26
8 27
8 28
8 29
8 31
8 33
8 34
8 42
8 44
8 45
9 10
9 11
9 12
9 13
9 14
9 16
9 17
9 19
9 21
9 24
9 25
9 26
9 28
9 30
9 31
9 32
9 35
9 36
9 37
9 38
9 39
9 40
9 41
9 42
9 47
9 48
9 49
9 51
10 11
10 12
10 13
10 14
10 16
10 17
10 19
10 21
10 22
10 23
10 24
10 25
10 26
10 28
10 30
10 31
10 34
10 35
10 36
10 37
10 38
10 40
10 42
10 44
10 46
10 47
10 48
10 49
10 51
11 13
11 14
11 17
11 19
11 24
11 25
11 26
11 30
11 32
11 35
11 36
11 39
11 40
11 41
12 13
12 15
12 16
12 17
12 18
12 20
12 21
12 22
12 23
12 24
12 25
12 26
12 28
12 29
12 31
12 33
12 34
12 35
12 36
12 37
12 38
12 40
12 42
12 44
12 45
12 46
12 47
12 48
12 49
12 50
12 52
12 53
12 54
13 14
13 16
13 17
13 19
13 21
13 22
13 23
13 24
13 25
13 26
13 28
13 29
13 30
13 31
13 34
13 35
13 36
13 37
13 38
13 39
13 40
13 41
13 42
13 44
13 46
13 47
13 48
13 49
13 50
13 51
13 54
14 17
14 19
14 24
14 25
14 26
14 30
14 32
14 35
14 36
14 37
14 39
14 40
14 41
14 51
14 55
15 16
15 18
15 20
15 21
15 22
15 23
15 27
15 28
15 29
15 33
15 34
15 43
15 45
15 53
16 17
16 18
16 20
16 21
16 22
16 23
16 24
16 25
16 26
16 28
16 29
16 31
16 33
16 34
16 35
16 36
16 37
16 38
16 40
16 42
16 44
16 45
16 46
16 47
16 48
16 49
16 50
16 52
16 53
16 54
17 19
17 21
17 24
17 25
17 26
17 28
17 30
17 31
17 32
17 34
17 35
17 36
17 37
17 38
17 39
17 40
17 41
17 42
17 44
17 46
17 47
17 48
17 49
17 50
17 51
17 54
18 20
18 21
18 22
18 23
18 27
18 28
18 29
18 33
18 34
18 43
18 44
18 45
18 52
18 53
18 57
19 24
19 25
19 26
19 30
19 32
19 35
19 36
19 37
19 38
19 39
19 40
19 41
19 51
19 55
19 61
20 21
20 22
20 23
20 27
20 28
20 29
20 31
20 33
20 34
20 42
20 43
20 44
20 45
20 46
20 50
20 52
20 53
20 57
20 59
21 22
21 23
21 24
21 25
21 26
21 27
21 28
21 29
21 31
21 33
21 34
21 35
21 36
21 37
21 38
21 40
21 42
21 43
21 44
21 45
21 46
21 47
21 48
21 49
21 50
21 52
21 53
21 54
21 56
21 58
21 59
21 63
22 23
22 24
22 25
22 26
22 27
22 28
22 29
22 31
22 33
22 34
22 37
22 38
22 42
22 43
22 44
22 45
22 46
22 47
22 48
22 49
22 50
22 52
22 53
22 56
22 58
22 59
22 63
23 24
23 26
23 27
23 28
23 29
23 31
23 33
23 34
23 37
23 38
23 42
23 43
23 44
23 45
23 46
23 47
23 49
23 50
23 52
23 53
23 57
23 58
23 59
23 63
24 25
24 26
24 28
24 29
24 30
24 31
24 32
24 33
24 34
24 35
24 36
24 37
24 38
24 39
24 40
24 41
24 42
24 44
24 45
24 46
24 47
24 48
24 49
24 50
24 51
24 52
24 53
24 54
24 56
24 60
25 26
25 28
25 30
25 31
25 32
25 34
25 35
25 36
25 37
25 38
25 39
25 40
25 41
25 42
25 44
25 45
25 46
25 47
25 48
25 49
25 50
25 51
25 52
25 54
25 55
25 56
25 60
25 61
25 64
26 28
26 29
26 30
26 31
26 33
26 34
26 35
26 36
26 37
26 38
26 39
26 40
26 41
26 42
26 44
26 45
26 46
26 47
26 48
26 49
26 50
26 51
26 52
26 53
26 54
26 56
26 58
26 60
26 66
27 28
27 29
27 33
27 34
27 43
27 45
27 53
27 57
27 59
27 65
27 70
28 29
28 31
28 33
28 34
28 35
28 36
28 37
28 38
28 40
28 42
28 43
28 44
28 45
28 46
28 47
28 48
28 49
28 50
28 51
28 52
28 53
28 54
28 56
28 58
28 59
28 60
28 63
28 66
28 69
29 31
29 33
29 34
29 37
29 38
29 42
29 43
29 44
29 45
29 46
29 47
29 48
29 49
29 50
29 52
29 53
29 54
29 56
29 57
29 58
29 59
29 63
29 72
30 31
30 32
30 35
30 36
30 37
30 38
30 39
30 40
30 41
30 42
30 46
30 47
30 48
30 49
30 51
30 54
30 55
30 56
30 60
30 61
30 62
30 64
30 67
30 68
30 73
30 74
30 75
31 33
31 34
31 35
31 36
31 37
31 38
31 39
31 40
31 41
31 42
31 44
31 45
31 46
31 47
31 48
31 49
31 50
31 51
31 52
31 53
31 54
31 56
31 58
31 59
31 60
31 61
31 63
31 66
31 69
31 76
31 77
32 35
32 36
32 37
32 39
32 40
32 41
32 51
32 55
32 61
32 62
32 64
32 67
32 68
32 73
32 75
32 78
33 34
33 37
33 38
33 42
33 43
33 44
33 45
33 46
33 47
33 48
33 49
33 50
33 52
33 53
33 54
33 56
33 57
33 58
33 59
33 63
33 65
33 66
33 70
33 72
34 35
34 36
34 37
34 38
34 40
34 42
34 43
34 44
34 45
34 46
34 47
34 48
34 49
34 50
34 51
34 52
34 53
34 54
34 56
34 57
34 58
34 59
34 60
34 63
34 66
34 69
34 72
34 76
34 77
35 36
35 37
35 38
35 39
35 40
35 41
35 42
35 44
35 45
35 46
35 47
35 48
35 49
35 50
35 51
35 52
35 53
35 54
35 55
35 56
35 58
35 60
35 61
35 62
35 64
35 66
35 67
35 68
35 69
35 73
35 74
35 75
35 82
36 37
36 38
36 39
36 40
36 41
36 42
36 44
36 45
36 46
36 47
36 48
36 49
36 50
36 51
36 52
36 54
36 55
36 56
36 60
36 61
36 62
36 64
36 66
36 67
36 68
36 69
36 73
36 74
36 75
36 82
37 38
37 39
37 40
37 41
37 42
37 44
37 45
37 46
37 47
37 48
37 49
37 50
37 51
37 52
37 53
37 54
37 55
37 56
37 58
37 59
37 60
37 61
37 63
37 64
37 66
37 67
37 68
37 69
37 73
37 74
37 76
37 77
37 81
37 82
37 84
38 39
38 40
38 41
38 42
38 44
38 45
38 46
38 47
38 48
38 49
38 50
38 51
38 52
38 53
38 54
38 55
38 56
38 58
38 59
38 60
38 61
38 63
38 64
38 66
38 67
38 68
38 69
38 73
38 74
38 76
38 77
38 81
38 84
39 40
39 41
39 42
39 47
39 48
39 49
39 51
39 54
39 55
39 60
39 61
39 62
39 64
39 67
39 68
39 73
39 74
39 75
39 78
39 82
39 85
40 41
40 42
40 44
40 45
40 46
40 47
40 48
40 49
40 50
40 51
40 52
40 54
40 55
40 56
40 58
40 60
40 61
40 62
40 64
40 66
40 67
40 68
40 69
40 73
40 74
40 75
40 77
40 78
40 81
40 82
41 42
41 46
41 47
41 48
41 49
41 51
41 54
41 55
41 56
41 60
41 61
41 62
41 64
41 67
41 68
41 73
41 74
41 75
41 78
41 82
41 85
42 44
42 45
42 46
42 47
42 48
42 49
42 50
42 51
42 52
42 53
42 54
42 56
42 58
42 59
42 60
42 61
42 63
42 64
42 66
42 67
42 69
42 72
42 74
42 76
42 77
42 81
42 84
43 45
43 52
43 53
43 57
43 58
43 59
43 63
43 65
43 70
43 71
43 72
43 79
43 80
44 45
44 46
44 47
44 48
44 49
44 50
44 51
44 52
44 53
44 54
44 56
44 58
44 59
44 60
44 63
44 66
44 69
44 72
44 76
44 77
44 81
44 83
44 84
45 46
45 47
45 48
45 49
45 50
45 51
45 52
45 53
45 54
45 56
45 57
45 58
45 59
45 60
45 63
45 66
45 69
45 70
45 72
45 76
45 77
45 79
45 80
45 81
45 83
45 84
46 47
46 48
46 49
46 50
46 51
46 52
46 53
46 54
46 56
46 58
46 59
46 60
46 61
46 63
46 64
46 66
46 67
46 69
46 72
46 74
46 76
46 77
46 81
46 82
46 83
46 84
47 48
47 49
47 50
47 51
47 52
47 53
47 54
47 55
47 56
47 58
47 59
47 60
47 61
47 63
47 64
47 66
47 67
47 68
47 69
47 73
47 74
47 75
47 76
47 77
47 81
47 82
47 84
48 49
48 50
48 51
48 52
48 53
48 54
48 55
48 56
48 58
48 59
48 60
48 61
48 63
48 64
48 66
48 67
48 68
48 69
48 73
48 74
48 75
48 76
48 77
48 81
48 82
48 84
49 50
49 51
49 52
49 53
49 54
49 55
49 56
49 58
49 59
49 60
49 61
49 63
49 64
49 66
49 67
49 68
49 69
49 72
49 73
49 74
49 75
49 76
49 77
49 81
49 82
49 84
50 51
50 52
50 53
50 54
50 56
50 57
50 58
50 59
50 60
50 61
50 63
50 66
50 67
50 69
50 72
50 76
50 77
50 81
50 83
50 84
50 89
51 52
51 53
51 54
51 55
51 56
51 58
51 60
51 61
51 62
51 63
51 64
51 66
51 67
51 68
51 69
51 73
51 74
51 75
51 76
51 77
51 78
51 81
51 82
51 84
51 85
52 53
52 54
52 56
52 57
52 58
52 59
52 60
52 63
52 66
52 69
52 70
52 72
52 76
52 77
52 81
52 83
52 84
52 87
52 89
53 54
53 56
53 57
53 58
53 59
53 60
53 63
53 65
53 66
53 69
53 70
53 71
53 72
53 76
53 77
53 79
53 80
53 81
53 83
53 84
53 87
53 88
53 91
54 55
54 56
54 58
54 59
54 60
54 61
54 63
54 64
54 66
54 67
54 68
54 69
54 72
54 73
54 74
54 75
54 76
54 77
54 81
54 82
54 83
54 84
54 85
54 89
55 56
55 60
55 61
55 62
55 64
55 66
55 67
55 68
55 69
55 73
55 74
55 75
55 78
55 82
55 85
55 86
55 90
55 96
56 58
56 59
56 60
56 61
56 63
56 64
56 66
56 67
56 68
56 69
56 72
56 73
56 74
56 75
56 76
56 77
56 81
56 82
56 83
56 84
56 87
56 89
56 91
56 93
56 97
57 58
57 59
57 63
57 65
57 70
57 71
57 72
57 79
57 80
57 83
57 87
57 88
57 91
57 92
57 94
57 95
57 98
58 59
58 60
58 63
58 65
58 66
58 69
58 70
58 71
58 72
58 76
58 77
58 79
58 80
58 81
58 83
58 84
58 87
58 88
58 89
58 91
58 93
58 94
58 95
58 97
58 100
59 60
59 63
59 65
59 66
59 69
59 70
59 71
59 72
59 76
59 77
59 79
59 80
59 81
59 83
59 84
59 87
59 88
59 89
59 91
59 92
59 93
59 94
59 95
59 97
59 100
60 61
60 62
60 63
60 64
60 66
60 67
60 68
60 69
60 73
60 74
60 75
60 76
60 77
60 78
60 81
60 82
60 83
60 84
60 85
60 86
60 89
60 90
60 93
60 99
61 62
61 64
61 66
61 67
61 68
61 69
61 73
61 74
61 75
61 76
61 77
61 78
61 81
61 82
61 84
61 85
61 86
61 90
61 96
61 99
62 64
62 67
62 68
62 73
62 74
62 75
62 78
62 82
62 85
62 86
62 90
62 96
62 99
63 65
63 66
63 69
63 70
63 71
63 72
63 76
63 77
63 79
63 80
63 81
63 83
63 84
63 87
63 88
63 89
63 91
63 92
63 93
63 94
63 95
63 97
63 100
64 66
64 67
64 68
64 69
64 73
64 74
64 75
64 76
64 77
64 78
64 81
64 82
64 84
64 85
64 86
64 89
64 90
64 96
64 99
65 70
65 71
65 72
65 79
65 80
65 83
65 87
65 88
65 91
65 92
65 94
65 95
65 98
66 67
66 68
66 69
66 72
66 73
66 74
66 75
66 76
66 77
66 81
66 82
66 83
66 84
66 85
66 87
66 88
66 89
66 91
66 93
66 94
66 95
66 97
66 100
67 68
67 69
67 73
67 74
67 75
67 76
67 77
67 78
67 81
67 82
67 84
67 85
67 86
67 89
67 90
67 96
67 99
68 69
68 73
68 74
68 75
68 76
68 77
68 78
68 81
68 82
68 84
68 85
68 86
68 89
68 90
68 96
68 99
69 72
69 73
69 74
69 75
69 76
69 77
69 81
69 82
69 83
69 84
69 85
69 86
69 87
69 88
69 89
69 91
69 93
69 94
69 97
69 99
69 100
70 71
70 72
70 76
70 79
70 80
70 83
70 87
70 88
70 91
70 92
70 94
70 95
70 98
70 100
71 72
71 79
71 80
71 83
71 87
71 88
71 91
71 92
71 94
71 95
71 98
72 76
72 77
72 79
72 80
72 81
72 83
72 84
72 87
72 88
72 89
72 91
72 92
72 93
72 94
72 95
72 97
72 98
72 100
73 74
73 75
73 76
73 77
73 78
73 81
73 82
73 84
73 85
73 86
73 89
73 90
73 96
73 99
74 75
74 76
74 77
74 78
74 81
74 82
74 84
74 85
74 86
74 89
74 90
74 93
74 96
74 99
75 78
75 81
75 82
75 84
75 85
75 86
75 90
75 96
75 99
76 77
76 79
76 80
76 81
76 82
76 83
76 84
76 87
76 88
76 89
76 91
76 93
76 94
76 95
76 97
76 100
77 79
77 80
77 81
77 82
77 83
77 84
77 85
77 87
77 88
77 89
77 91
77 93
77 94
77 95
77 97
77 100
78 82
78 85
78 86
78 90
78 96
78 99
79 80
79 83
79 87
79 88
79 91
79 92
79 93
79 94
79 95
79 97
79 98
79 100
80 83
80 87
80 88
80 91
80 92
80 93
80 94
80 95
80 97
80 98
80 100
81 82
81 83
81 84
81 85
81 86
81 87
81 88
81 89
81 91
81 93
81 94
81 95
81 97
81 99
81 100
82 84
82 85
82 86
82 89
82 90
82 93
82 96
82 97
82 99
83 84
83 87
83 88
83 89
83 91
83 92
83 93
83 94
83 95
83 97
83 98
83 100
84 85
84 86
84 87
84 88
84 89
84 91
84 93
84 94
84 95
84 97
84 99
84 100
85 86
85 89
85 90
85 96
85 99
86 89
86 90
86 96
86 99
87 88
87 89
87 91
87 92
87 93
87 94
87 95
87 97
87 98
87 100
88 89
88 91
88 92
88 93
88 94
88 95
88 97
88 98
88 100
89 91
89 93
89 94
89 95
89 97
89 99
89 100
90 96
90 99
91 92
91 93
91 94
91 95
91 97
91 98
91 100
92 93
92 94
92 95
92 97
92 98
92 100
93 94
93 95
93 97
93 98
93 99
93 100
94 95
94 97
94 98
94 100
95 97
95 98
95 100
96 99
97 98
97 100
98 100
